1556668800 0
1556668801 0
1556668802 0
1556668803 0
1556668804 0
1556668805 0
1556668806 0
1556668807 0
1556668808 0
1556668809 0
1556668810 0
1556668811 0
1556668812 0
1556668813 0
1556668814 0
1556668815 0
1556668816 0
1556668817 0
1556668818 0
1556668819 0
1556668820 0
1556668821 0
1556668822 0
1556668823 0
1556668824 0
1556668825 0
1556668826 0
1556668827 0
1556668828 0
1556668829 0
1556668830 0
1556668831 0
1556668832 0
1556668833 0
1556668834 0
1556668835 0
1556668836 0
1556668837 0
1556668838 0
1556668839 0
1556668840 0
1556668841 0
1556668842 0
1556668843 0
1556668844 0
1556668845 0
1556668846 0
1556668847 0
1556668848 0
1556668849 0
1556668850 0
1556668851 0
1556668852 0
1556668853 0
1556668854 0
1556668855 0
1556668856 0
1556668857 0
1556668858 0
1556668859 0
1556668860 0
1556668861 0
1556668862 0
1556668863 0
1556668864 0
1556668865 0
1556668866 0
1556668867 0
1556668868 0
1556668869 0
1556668870 0
1556668871 0
1556668872 0
1556668873 0
1556668874 0
1556668875 0
1556668876 0
1556668877 0
1556668878 0
1556668879 0
1556668880 0
1556668881 0
1556668882 0
1556668883 0
1556668884 0
1556668885 0
1556668886 0
1556668887 0
1556668888 0
1556668889 0
1556668890 0
1556668891 0
1556668892 0
1556668893 0
1556668894 0
1556668895 0
1556668896 0
1556668897 0
1556668898 0
1556668899 0
1556668900 0
1556668901 0
1556668902 0
1556668903 0
1556668904 0
1556668905 0
1556668906 0
1556668907 0
1556668908 0
1556668909 0
1556668910 0
1556668911 0
1556668912 0
1556668913 0
1556668914 0
1556668915 0
1556668916 0
1556668917 0
1556668918 0
1556668919 0
1556668920 0
1556668921 0
1556668922 0
1556668923 0
1556668924 0
1556668925 0
1556668926 0
1556668927 0
1556668928 0
1556668929 0
1556668930 0
1556668931 0
1556668932 0
1556668933 0
1556668934 0
1556668935 0
1556668936 0
1556668937 0
1556668938 0
1556668939 0
1556668940 0
1556668941 0
1556668942 0
1556668943 0
1556668944 0
1556668945 0
1556668946 0
1556668947 0
1556668948 0
1556668949 0
1556668950 0
1556668951 0
1556668952 0
1556668953 0
1556668954 0
1556668955 0
1556668956 0
1556668957 0
1556668958 0
1556668959 0
1556668960 0
1556668961 0
1556668962 0
1556668963 0
1556668964 0
1556668965 0
1556668966 0
1556668967 0
1556668968 0
1556668969 0
1556668970 0
1556668971 0
1556668972 0
1556668973 0
1556668974 0
1556668975 0
1556668976 0
1556668977 0
1556668978 0
1556668979 0
1556668980 0
1556668981 0
1556668982 0
1556668983 0
1556668984 0
1556668985 0
1556668986 0
1556668987 0
1556668988 0
1556668989 0
1556668990 0
1556668991 0
1556668992 0
1556668993 0
1556668994 0
1556668995 0
1556668996 0
1556668997 0
1556668998 0
1556668999 0
1556669000 0
1556669001 0
1556669002 0
1556669003 0
1556669004 0
1556669005 0
1556669006 0
1556669007 0
1556669008 0
1556669009 0
1556669010 0
1556669011 0
1556669012 0
1556669013 0
1556669014 0
1556669015 0
1556669016 0
1556669017 0
1556669018 0
1556669019 0
1556669020 0
1556669021 0
1556669022 0
1556669023 0
1556669024 0
1556669025 0
1556669026 0
1556669027 0
1556669028 0
1556669029 0
1556669030 0
1556669031 0
1556669032 0
1556669033 0
1556669034 0
1556669035 0
1556669036 0
1556669037 0
1556669038 0
1556669039 0
1556669040 0
1556669041 0
1556669042 0
1556669043 0
1556669044 0
1556669045 0
1556669046 0
1556669047 0
1556669048 0
1556669049 0
1556669050 0
1556669051 0
1556669052 0
1556669053 0
1556669054 0
1556669055 0
1556669056 0
1556669057 0
1556669058 0
1556669059 0
1556669060 0
1556669061 0
1556669062 0
1556669063 0
1556669064 0
1556669065 0
1556669066 0
1556669067 0
1556669068 0
1556669069 0
1556669070 0
1556669071 0
1556669072 0
1556669073 0
1556669074 0
1556669075 0
1556669076 0
1556669077 0
1556669078 0
1556669079 0
1556669080 0
1556669081 0
1556669082 0
1556669083 0
1556669084 0
1556669085 0
1556669086 0
1556669087 0
1556669088 0
1556669089 0
1556669090 0
1556669091 0
1556669092 0
1556669093 0
1556669094 0
1556669095 0
1556669096 0
1556669097 0
1556669098 0
1556669099 0
1556669100 0
1556669101 0
1556669102 0
1556669103 0
1556669104 0
1556669105 0
1556669106 0
1556669107 0
1556669108 0
1556669109 0
1556669110 0
1556669111 0
1556669112 0
1556669113 0
1556669114 0
1556669115 0
1556669116 0
1556669117 0
1556669118 0
1556669119 0
1556669120 0
1556669121 0
1556669122 0
1556669123 0
1556669124 0
1556669125 0
1556669126 0
1556669127 0
1556669128 0
1556669129 0
1556669130 0
1556669131 0
1556669132 0
1556669133 0
1556669134 0
1556669135 0
1556669136 0
1556669137 0
1556669138 0
1556669139 0
1556669140 0
1556669141 0
1556669142 0
1556669143 0
1556669144 0
1556669145 0
1556669146 0
1556669147 0
1556669148 0
1556669149 0
1556669150 0
1556669151 0
1556669152 0
1556669153 0
1556669154 0
1556669155 0
1556669156 0
1556669157 0
1556669158 0
1556669159 0
1556669160 0
1556669161 0
1556669162 0
1556669163 0
1556669164 0
1556669165 0
1556669166 0
1556669167 0
1556669168 0
1556669169 0
1556669170 0
1556669171 0
1556669172 0
1556669173 0
1556669174 0
1556669175 0
1556669176 0
1556669177 0
1556669178 0
1556669179 0
1556669180 0
1556669181 0
1556669182 0
1556669183 0
1556669184 0
1556669185 0
1556669186 0
1556669187 0
1556669188 0
1556669189 0
1556669190 0
1556669191 0
1556669192 0
1556669193 0
1556669194 0
1556669195 0
1556669196 0
1556669197 0
1556669198 0
1556669199 0
1556669200 0
1556669201 0
1556669202 0
1556669203 0
1556669204 0
1556669205 0
1556669206 0
1556669207 0
1556669208 0
1556669209 0
1556669210 0
1556669211 0
1556669212 0
1556669213 0
1556669214 0
1556669215 0
1556669216 0
1556669217 0
1556669218 0
1556669219 0
1556669220 0
1556669221 0
1556669222 0
1556669223 0
1556669224 0
1556669225 0
1556669226 0
1556669227 0
1556669228 0
1556669229 0
1556669230 0
1556669231 0
1556669232 0
1556669233 0
1556669234 0
1556669235 0
1556669236 0
1556669237 0
1556669238 0
1556669239 0
1556669240 0
1556669241 0
1556669242 0
1556669243 0
1556669244 0
1556669245 0
1556669246 0
1556669247 0
1556669248 0
1556669249 0
1556669250 0
1556669251 0
1556669252 0
1556669253 0
1556669254 0
1556669255 0
1556669256 0
1556669257 0
1556669258 0
1556669259 0
1556669260 0
1556669261 0
1556669262 0
1556669263 0
1556669264 0
1556669265 0
1556669266 0
1556669267 0
1556669268 0
1556669269 0
1556669270 0
1556669271 0
1556669272 0
1556669273 0
1556669274 0
1556669275 0
1556669276 0
1556669277 0
1556669278 0
1556669279 0
1556669280 0
1556669281 0
1556669282 0
1556669283 0
1556669284 0
1556669285 0
1556669286 0
1556669287 0
1556669288 0
1556669289 0
1556669290 0
1556669291 0
1556669292 0
1556669293 0
1556669294 0
1556669295 0
1556669296 0
1556669297 0
1556669298 0
1556669299 0
1556669300 0
1556669301 0
1556669302 0
1556669303 0
1556669304 0
1556669305 0
1556669306 0
1556669307 0
1556669308 0
1556669309 0
1556669310 0
1556669311 0
1556669312 0
1556669313 0
1556669314 0
1556669315 0
1556669316 0
1556669317 0
1556669318 0
1556669319 0
1556669320 0
1556669321 0
1556669322 0
1556669323 0
1556669324 0
1556669325 0
1556669326 0
1556669327 0
1556669328 0
1556669329 0
1556669330 0
1556669331 0
1556669332 0
1556669333 0
1556669334 0
1556669335 0
1556669336 0
1556669337 0
1556669338 0
1556669339 0
1556669340 0
1556669341 0
1556669342 0
1556669343 0
1556669344 0
1556669345 0
1556669346 0
1556669347 0
1556669348 0
1556669349 0
1556669350 0
1556669351 0
1556669352 0
1556669353 0
1556669354 0
1556669355 0
1556669356 0
1556669357 0
1556669358 0
1556669359 0
1556669360 0
1556669361 0
1556669362 0
1556669363 0
1556669364 0
1556669365 0
1556669366 0
1556669367 0
1556669368 0
1556669369 0
1556669370 0
1556669371 0
1556669372 0
1556669373 0
1556669374 0
1556669375 0
1556669376 0
1556669377 0
1556669378 0
1556669379 0
1556669380 0
1556669381 0
1556669382 0
1556669383 0
1556669384 0
1556669385 0
1556669386 0
1556669387 0
1556669388 0
1556669389 0
1556669390 0
1556669391 0
1556669392 0
1556669393 0
1556669394 0
1556669395 0
1556669396 0
1556669397 0
1556669398 0
1556669399 0
1556669400 0
1556669401 0
1556669402 0
1556669403 0
1556669404 0
1556669405 0
1556669406 0
1556669407 0
1556669408 0
1556669409 0
1556669410 0
1556669411 0
1556669412 0
1556669413 0
1556669414 0
1556669415 0
1556669416 0
1556669417 0
1556669418 0
1556669419 0
1556669420 0
1556669421 0
1556669422 0
1556669423 0
1556669424 0
1556669425 0
1556669426 0
1556669427 0
1556669428 0
1556669429 0
1556669430 0
1556669431 0
1556669432 0
1556669433 0
1556669434 0
1556669435 0
1556669436 0
1556669437 0
1556669438 0
1556669439 0
1556669440 0
1556669441 0
1556669442 0
1556669443 0
1556669444 0
1556669445 0
1556669446 0
1556669447 0
1556669448 0
1556669449 0
1556669450 0
1556669451 0
1556669452 0
1556669453 0
1556669454 0
1556669455 0
1556669456 0
1556669457 0
1556669458 0
1556669459 0
1556669460 0
1556669461 0
1556669462 0
1556669463 0
1556669464 0
1556669465 0
1556669466 0
1556669467 0
1556669468 0
1556669469 0
1556669470 0
1556669471 0
1556669472 0
1556669473 0
1556669474 0
1556669475 0
1556669476 0
1556669477 0
1556669478 0
1556669479 0
1556669480 0
1556669481 0
1556669482 0
1556669483 0
1556669484 0
1556669485 0
1556669486 0
1556669487 0
1556669488 0
1556669489 0
1556669490 0
1556669491 0
1556669492 0
1556669493 0
1556669494 0
1556669495 0
1556669496 0
1556669497 0
1556669498 0
1556669499 0
1556669500 0
1556669501 0
1556669502 0
1556669503 0
1556669504 0
1556669505 0
1556669506 0
1556669507 0
1556669508 0
1556669509 0
1556669510 0
1556669511 0
1556669512 0
1556669513 0
1556669514 0
1556669515 0
1556669516 0
1556669517 0
1556669518 0
1556669519 0
1556669520 0
1556669521 0
1556669522 0
1556669523 0
1556669524 0
1556669525 0
1556669526 0
1556669527 0
1556669528 0
1556669529 0
1556669530 0
1556669531 0
1556669532 0
1556669533 0
1556669534 0
1556669535 0
1556669536 0
1556669537 0
1556669538 0
1556669539 0
1556669540 0
1556669541 0
1556669542 0
1556669543 0
1556669544 0
1556669545 0
1556669546 0
1556669547 0
1556669548 0
1556669549 0
1556669550 0
1556669551 0
1556669552 0
1556669553 0
1556669554 0
1556669555 0
1556669556 0
1556669557 0
1556669558 0
1556669559 0
1556669560 0
1556669561 0
1556669562 0
1556669563 0
1556669564 0
1556669565 0
1556669566 0
1556669567 0
1556669568 0
1556669569 0
1556669570 0
1556669571 0
1556669572 0
1556669573 0
1556669574 0
1556669575 0
1556669576 0
1556669577 0
1556669578 0
1556669579 0
1556669580 0
1556669581 0
1556669582 0
1556669583 0
1556669584 0
1556669585 0
1556669586 0
1556669587 0
1556669588 0
1556669589 0
1556669590 0
1556669591 0
1556669592 0
1556669593 0
1556669594 0
1556669595 0
1556669596 0
1556669597 0
1556669598 0
1556669599 0
1556669600 0
1556669601 0
1556669602 0
1556669603 0
1556669604 0
1556669605 0
1556669606 0
1556669607 0
1556669608 0
1556669609 0
1556669610 0
1556669611 0
1556669612 0
1556669613 0
1556669614 0
1556669615 0
1556669616 0
1556669617 0
1556669618 0
1556669619 0
1556669620 0
1556669621 0
1556669622 0
1556669623 0
1556669624 0
1556669625 0
1556669626 0
1556669627 0
1556669628 0
1556669629 0
1556669630 0
1556669631 0
1556669632 0
1556669633 0
1556669634 0
1556669635 0
1556669636 0
1556669637 0
1556669638 0
1556669639 0
1556669640 0
1556669641 0
1556669642 0
1556669643 0
1556669644 0
1556669645 0
1556669646 0
1556669647 0
1556669648 0
1556669649 0
1556669650 0
1556669651 0
1556669652 0
1556669653 0
1556669654 0
1556669655 0
1556669656 0
1556669657 0
1556669658 0
1556669659 0
1556669660 0
1556669661 0
1556669662 0
1556669663 0
1556669664 0
1556669665 0
1556669666 0
1556669667 0
1556669668 0
1556669669 0
1556669670 0
1556669671 0
1556669672 0
1556669673 0
1556669674 0
1556669675 0
1556669676 0
1556669677 0
1556669678 0
1556669679 0
1556669680 0
1556669681 0
1556669682 0
1556669683 0
1556669684 0
1556669685 0
1556669686 0
1556669687 0
1556669688 0
1556669689 0
1556669690 0
1556669691 0
1556669692 0
1556669693 0
1556669694 0
1556669695 0
1556669696 0
1556669697 0
1556669698 0
1556669699 0
1556669700 0
1556669701 0
1556669702 0
1556669703 0
1556669704 0
1556669705 0
1556669706 0
1556669707 0
1556669708 0
1556669709 0
1556669710 0
1556669711 0
1556669712 0
1556669713 0
1556669714 0
1556669715 0
1556669716 0
1556669717 0
1556669718 0
1556669719 0
1556669720 0
1556669721 0
1556669722 0
1556669723 0
1556669724 0
1556669725 0
1556669726 0
1556669727 0
1556669728 0
1556669729 0
1556669730 0
1556669731 0
1556669732 0
1556669733 0
1556669734 0
1556669735 0
1556669736 0
1556669737 0
1556669738 0
1556669739 0
1556669740 0
1556669741 0
1556669742 0
1556669743 0
1556669744 0
1556669745 0
1556669746 0
1556669747 0
1556669748 0
1556669749 0
1556669750 0
1556669751 0
1556669752 0
1556669753 0
1556669754 0
1556669755 0
1556669756 0
1556669757 0
1556669758 0
1556669759 0
1556669760 0
1556669761 0
1556669762 0
1556669763 0
1556669764 0
1556669765 0
1556669766 0
1556669767 0
1556669768 0
1556669769 0
1556669770 0
1556669771 0
1556669772 0
1556669773 0
1556669774 0
1556669775 0
1556669776 0
1556669777 0
1556669778 0
1556669779 0
1556669780 0
1556669781 0
1556669782 0
1556669783 0
1556669784 0
1556669785 0
1556669786 0
1556669787 0
1556669788 0
1556669789 0
1556669790 0
1556669791 0
1556669792 0
1556669793 0
1556669794 0
1556669795 0
1556669796 0
1556669797 0
1556669798 0
1556669799 0
1556669800 0
1556669801 0
1556669802 0
1556669803 0
1556669804 0
1556669805 0
1556669806 0
1556669807 0
1556669808 0
1556669809 0
1556669810 0
1556669811 0
1556669812 0
1556669813 0
1556669814 0
1556669815 0
1556669816 0
1556669817 0
1556669818 0
1556669819 0
1556669820 0
1556669821 0
1556669822 0
1556669823 0
1556669824 0
1556669825 0
1556669826 0
1556669827 0
1556669828 0
1556669829 0
1556669830 0
1556669831 0
1556669832 0
1556669833 0
1556669834 0
1556669835 0
1556669836 0
1556669837 0
1556669838 0
1556669839 0
1556669840 0
1556669841 0
1556669842 0
1556669843 0
1556669844 0
1556669845 0
1556669846 0
1556669847 0
1556669848 0
1556669849 0
1556669850 0
1556669851 0
1556669852 0
1556669853 0
1556669854 0
1556669855 0
1556669856 0
1556669857 0
1556669858 0
1556669859 0
1556669860 0
1556669861 0
1556669862 0
1556669863 0
1556669864 0
1556669865 0
1556669866 0
1556669867 0
1556669868 0
1556669869 0
1556669870 0
1556669871 0
1556669872 0
1556669873 0
1556669874 0
1556669875 0
1556669876 0
1556669877 0
1556669878 0
1556669879 0
1556669880 0
1556669881 0
1556669882 0
1556669883 0
1556669884 0
1556669885 0
1556669886 0
1556669887 0
1556669888 0
1556669889 0
1556669890 0
1556669891 0
1556669892 0
1556669893 0
1556669894 0
1556669895 0
1556669896 0
1556669897 0
1556669898 0
1556669899 0
1556669900 0
1556669901 0
1556669902 0
1556669903 0
1556669904 0
1556669905 0
1556669906 0
1556669907 0
1556669908 0
1556669909 0
1556669910 0
1556669911 0
1556669912 0
1556669913 0
1556669914 0
1556669915 0
1556669916 0
1556669917 0
1556669918 0
1556669919 0
1556669920 0
1556669921 0
1556669922 0
1556669923 0
1556669924 0
1556669925 0
1556669926 0
1556669927 0
1556669928 0
1556669929 0
1556669930 0
1556669931 0
1556669932 0
1556669933 0
1556669934 0
1556669935 0
1556669936 0
1556669937 0
1556669938 0
1556669939 0
1556669940 0
1556669941 0
1556669942 0
1556669943 0
1556669944 0
1556669945 0
1556669946 0
1556669947 0
1556669948 0
1556669949 0
1556669950 0
1556669951 0
1556669952 0
1556669953 0
1556669954 0
1556669955 0
1556669956 0
1556669957 0
1556669958 0
1556669959 0
1556669960 0
1556669961 0
1556669962 0
1556669963 0
1556669964 0
1556669965 0
1556669966 0
1556669967 0
1556669968 0
1556669969 0
1556669970 0
1556669971 0
1556669972 0
1556669973 0
1556669974 0
1556669975 0
1556669976 0
1556669977 0
1556669978 0
1556669979 0
1556669980 0
1556669981 0
1556669982 0
1556669983 0
1556669984 0
1556669985 0
1556669986 0
1556669987 0
1556669988 0
1556669989 0
1556669990 0
1556669991 0
1556669992 0
1556669993 0
1556669994 0
1556669995 0
1556669996 0
1556669997 0
1556669998 0
1556669999 0
1556670000 0
1556670001 0
1556670002 0
1556670003 0
1556670004 0
1556670005 0
1556670006 0
1556670007 0
1556670008 0
1556670009 0
1556670010 0
1556670011 0
1556670012 0
1556670013 0
1556670014 0
1556670015 0
1556670016 0
1556670017 0
1556670018 0
1556670019 0
1556670020 0
1556670021 0
1556670022 0
1556670023 0
1556670024 0
1556670025 0
1556670026 0
1556670027 0
1556670028 0
1556670029 0
1556670030 0
1556670031 0
1556670032 0
1556670033 0
1556670034 0
1556670035 0
1556670036 0
1556670037 0
1556670038 0
1556670039 0
1556670040 0
1556670041 0
1556670042 0
1556670043 0
1556670044 0
1556670045 0
1556670046 0
1556670047 0
1556670048 0
1556670049 0
1556670050 0
1556670051 0
1556670052 0
1556670053 0
1556670054 0
1556670055 0
1556670056 0
1556670057 0
1556670058 0
1556670059 0
1556670060 0
1556670061 0
1556670062 0
1556670063 0
1556670064 0
1556670065 0
1556670066 0
1556670067 0
1556670068 0
1556670069 0
1556670070 0
1556670071 0
1556670072 0
1556670073 0
1556670074 0
1556670075 0
1556670076 0
1556670077 0
1556670078 0
1556670079 0
1556670080 0
1556670081 0
1556670082 0
1556670083 0
1556670084 0
1556670085 0
1556670086 0
1556670087 0
1556670088 0
1556670089 0
1556670090 0
1556670091 0
1556670092 0
1556670093 0
1556670094 0
1556670095 0
1556670096 0
1556670097 0
1556670098 0
1556670099 0
1556670100 0
1556670101 0
1556670102 0
1556670103 0
1556670104 0
1556670105 0
1556670106 0
1556670107 0
1556670108 0
1556670109 0
1556670110 0
1556670111 0
1556670112 0
1556670113 0
1556670114 0
1556670115 0
1556670116 0
1556670117 0
1556670118 0
1556670119 0
1556670120 0
1556670121 0
1556670122 0
1556670123 0
1556670124 0
1556670125 0
1556670126 0
1556670127 0
1556670128 0
1556670129 0
1556670130 0
1556670131 0
1556670132 0
1556670133 0
1556670134 0
1556670135 0
1556670136 0
1556670137 0
1556670138 0
1556670139 0
1556670140 0
1556670141 0
1556670142 0
1556670143 0
1556670144 0
1556670145 0
1556670146 0
1556670147 0
1556670148 0
1556670149 0
1556670150 0
1556670151 0
1556670152 0
1556670153 0
1556670154 0
1556670155 0
1556670156 0
1556670157 0
1556670158 0
1556670159 0
1556670160 0
1556670161 0
1556670162 0
1556670163 0
1556670164 0
1556670165 0
1556670166 0
1556670167 0
1556670168 0
1556670169 0
1556670170 0
1556670171 0
1556670172 0
1556670173 0
1556670174 0
1556670175 0
1556670176 0
1556670177 0
1556670178 0
1556670179 0
1556670180 0
1556670181 0
1556670182 0
1556670183 0
1556670184 0
1556670185 0
1556670186 0
1556670187 0
1556670188 0
1556670189 0
1556670190 0
1556670191 0
1556670192 0
1556670193 0
1556670194 0
1556670195 0
1556670196 0
1556670197 0
1556670198 0
1556670199 0
1556670200 0
1556670201 0
1556670202 0
1556670203 0
1556670204 0
1556670205 0
1556670206 0
1556670207 0
1556670208 0
1556670209 0
1556670210 0
1556670211 0
1556670212 0
1556670213 0
1556670214 0
1556670215 0
1556670216 0
1556670217 0
1556670218 0
1556670219 0
1556670220 0
1556670221 0
1556670222 0
1556670223 0
1556670224 0
1556670225 0
1556670226 0
1556670227 0
1556670228 0
1556670229 0
1556670230 0
1556670231 0
1556670232 0
1556670233 0
1556670234 0
1556670235 0
1556670236 0
1556670237 0
1556670238 0
1556670239 0
1556670240 0
1556670241 0
1556670242 0
1556670243 0
1556670244 0
1556670245 0
1556670246 0
1556670247 0
1556670248 0
1556670249 0
1556670250 0
1556670251 0
1556670252 0
1556670253 0
1556670254 0
1556670255 0
1556670256 0
1556670257 0
1556670258 0
1556670259 0
1556670260 0
1556670261 0
1556670262 0
1556670263 0
1556670264 0
1556670265 0
1556670266 0
1556670267 0
1556670268 0
1556670269 0
1556670270 0
1556670271 0
1556670272 0
1556670273 0
1556670274 0
1556670275 0
1556670276 0
1556670277 0
1556670278 0
1556670279 0
1556670280 0
1556670281 0
1556670282 0
1556670283 0
1556670284 0
1556670285 0
1556670286 0
1556670287 0
1556670288 0
1556670289 0
1556670290 0
1556670291 0
1556670292 0
1556670293 0
1556670294 0
1556670295 0
1556670296 0
1556670297 0
1556670298 0
1556670299 0
1556670300 0
1556670301 0
1556670302 0
1556670303 0
1556670304 0
1556670305 0
1556670306 0
1556670307 0
1556670308 0
1556670309 0
1556670310 0
1556670311 0
1556670312 0
1556670313 0
1556670314 0
1556670315 0
1556670316 0
1556670317 0
1556670318 0
1556670319 0
1556670320 0
1556670321 0
1556670322 0
1556670323 0
1556670324 0
1556670325 0
1556670326 0
1556670327 0
1556670328 0
1556670329 0
1556670330 0
1556670331 0
1556670332 0
1556670333 0
1556670334 0
1556670335 0
1556670336 0
1556670337 0
1556670338 0
1556670339 0
1556670340 0
1556670341 0
1556670342 0
1556670343 0
1556670344 0
1556670345 0
1556670346 0
1556670347 0
1556670348 0
1556670349 0
1556670350 0
1556670351 0
1556670352 0
1556670353 0
1556670354 0
1556670355 0
1556670356 0
1556670357 0
1556670358 0
1556670359 0
1556670360 0
1556670361 0
1556670362 0
1556670363 0
1556670364 0
1556670365 0
1556670366 0
1556670367 0
1556670368 0
1556670369 0
1556670370 0
1556670371 0
1556670372 0
1556670373 0
1556670374 0
1556670375 0
1556670376 0
1556670377 0
1556670378 0
1556670379 0
1556670380 0
1556670381 0
1556670382 0
1556670383 0
1556670384 0
1556670385 0
1556670386 0
1556670387 0
1556670388 0
1556670389 0
1556670390 0
1556670391 0
1556670392 0
1556670393 0
1556670394 0
1556670395 0
1556670396 0
1556670397 0
1556670398 0
1556670399 0
1556670400 0
1556670401 0
1556670402 0
1556670403 0
1556670404 0
1556670405 0
1556670406 0
1556670407 0
1556670408 0
1556670409 0
1556670410 0
1556670411 0
1556670412 0
1556670413 0
1556670414 0
1556670415 0
1556670416 0
1556670417 0
1556670418 0
1556670419 0
1556670420 0
1556670421 0
1556670422 0
1556670423 0
1556670424 0
1556670425 0
1556670426 0
1556670427 0
1556670428 0
1556670429 0
1556670430 0
1556670431 0
1556670432 0
1556670433 0
1556670434 0
1556670435 0
1556670436 0
1556670437 0
1556670438 0
1556670439 0
1556670440 0
1556670441 0
1556670442 0
1556670443 0
1556670444 0
1556670445 0
1556670446 0
1556670447 0
1556670448 0
1556670449 0
1556670450 0
1556670451 0
1556670452 0
1556670453 0
1556670454 0
1556670455 0
1556670456 0
1556670457 0
1556670458 0
1556670459 0
1556670460 0
1556670461 0
1556670462 0
1556670463 0
1556670464 0
1556670465 0
1556670466 0
1556670467 0
1556670468 0
1556670469 0
1556670470 0
1556670471 0
1556670472 0
1556670473 0
1556670474 0
1556670475 0
1556670476 0
1556670477 0
1556670478 0
1556670479 0
1556670480 0
1556670481 0
1556670482 0
1556670483 0
1556670484 0
1556670485 0
1556670486 0
1556670487 0
1556670488 0
1556670489 0
1556670490 0
1556670491 0
1556670492 0
1556670493 0
1556670494 0
1556670495 0
1556670496 0
1556670497 0
1556670498 0
1556670499 0
1556670500 0
1556670501 0
1556670502 0
1556670503 0
1556670504 0
1556670505 0
1556670506 0
1556670507 0
1556670508 0
1556670509 0
1556670510 0
1556670511 0
1556670512 0
1556670513 0
1556670514 0
1556670515 0
1556670516 0
1556670517 0
1556670518 0
1556670519 0
1556670520 0
1556670521 0
1556670522 0
1556670523 0
1556670524 0
1556670525 0
1556670526 0
1556670527 0
1556670528 0
1556670529 0
1556670530 0
1556670531 0
1556670532 0
1556670533 0
1556670534 0
1556670535 0
1556670536 0
1556670537 0
1556670538 0
1556670539 0
1556670540 0
1556670541 0
1556670542 0
1556670543 0
1556670544 0
1556670545 0
1556670546 0
1556670547 0
1556670548 0
1556670549 0
1556670550 0
1556670551 0
1556670552 0
1556670553 0
1556670554 0
1556670555 0
1556670556 0
1556670557 0
1556670558 0
1556670559 0
1556670560 0
1556670561 0
1556670562 0
1556670563 0
1556670564 0
1556670565 0
1556670566 0
1556670567 0
1556670568 0
1556670569 0
1556670570 0
1556670571 0
1556670572 0
1556670573 0
1556670574 0
1556670575 0
1556670576 0
1556670577 0
1556670578 0
1556670579 0
1556670580 0
1556670581 0
1556670582 0
1556670583 0
1556670584 0
1556670585 0
1556670586 0
1556670587 0
1556670588 0
1556670589 0
1556670590 0
1556670591 0
1556670592 0
1556670593 0
1556670594 0
1556670595 0
1556670596 0
1556670597 0
1556670598 0
1556670599 0
1556670600 0
1556670601 0
1556670602 0
1556670603 0
1556670604 0
1556670605 0
1556670606 0
1556670607 0
1556670608 0
1556670609 0
1556670610 0
1556670611 0
1556670612 0
1556670613 0
1556670614 0
1556670615 0
1556670616 0
1556670617 0
1556670618 0
1556670619 0
1556670620 0
1556670621 0
1556670622 0
1556670623 0
1556670624 0
1556670625 0
1556670626 0
1556670627 0
1556670628 0
1556670629 0
1556670630 0
1556670631 0
1556670632 0
1556670633 0
1556670634 0
1556670635 0
1556670636 0
1556670637 0
1556670638 0
1556670639 0
1556670640 0
1556670641 0
1556670642 0
1556670643 0
1556670644 0
1556670645 0
1556670646 0
1556670647 0
1556670648 0
1556670649 0
1556670650 0
1556670651 0
1556670652 0
1556670653 0
1556670654 0
1556670655 0
1556670656 0
1556670657 0
1556670658 0
1556670659 0
1556670660 0
1556670661 0
1556670662 0
1556670663 0
1556670664 0
1556670665 0
1556670666 0
1556670667 0
1556670668 0
1556670669 0
1556670670 0
1556670671 0
1556670672 0
1556670673 0
1556670674 0
1556670675 0
1556670676 0
1556670677 0
1556670678 0
1556670679 0
1556670680 0
1556670681 0
1556670682 0
1556670683 0
1556670684 0
1556670685 0
1556670686 0
1556670687 0
1556670688 0
1556670689 0
1556670690 0
1556670691 0
1556670692 0
1556670693 0
1556670694 0
1556670695 0
1556670696 0
1556670697 0
1556670698 0
1556670699 0
1556670700 0
1556670701 0
1556670702 0
1556670703 0
1556670704 0
1556670705 0
1556670706 0
1556670707 0
1556670708 0
1556670709 0
1556670710 0
1556670711 0
1556670712 0
1556670713 0
1556670714 0
1556670715 0
1556670716 0
1556670717 0
1556670718 0
1556670719 0
1556670720 0
1556670721 0
1556670722 0
1556670723 0
1556670724 0
1556670725 0
1556670726 0
1556670727 0
1556670728 0
1556670729 0
1556670730 0
1556670731 0
1556670732 0
1556670733 0
1556670734 0
1556670735 0
1556670736 0
1556670737 0
1556670738 0
1556670739 0
1556670740 0
1556670741 0
1556670742 0
1556670743 0
1556670744 0
1556670745 0
1556670746 0
1556670747 0
1556670748 0
1556670749 0
1556670750 0
1556670751 0
1556670752 0
1556670753 0
1556670754 0
1556670755 0
1556670756 0
1556670757 0
1556670758 0
1556670759 0
1556670760 0
1556670761 0
1556670762 0
1556670763 0
1556670764 0
1556670765 0
1556670766 0
1556670767 0
1556670768 0
1556670769 0
1556670770 0
1556670771 0
1556670772 0
1556670773 0
1556670774 0
1556670775 0
1556670776 0
1556670777 0
1556670778 0
1556670779 0
1556670780 0
1556670781 0
1556670782 0
1556670783 0
1556670784 0
1556670785 0
1556670786 0
1556670787 0
1556670788 0
1556670789 0
1556670790 0
1556670791 0
1556670792 0
1556670793 0
1556670794 0
1556670795 0
1556670796 0
1556670797 0
1556670798 0
1556670799 0
1556670800 0
1556670801 0
1556670802 0
1556670803 0
1556670804 0
1556670805 0
1556670806 0
1556670807 0
1556670808 0
1556670809 0
1556670810 0
1556670811 0
1556670812 0
1556670813 0
1556670814 0
1556670815 0
1556670816 0
1556670817 0
1556670818 0
1556670819 0
1556670820 0
1556670821 0
1556670822 0
1556670823 0
1556670824 0
1556670825 0
1556670826 0
1556670827 0
1556670828 0
1556670829 0
1556670830 0
1556670831 0
1556670832 0
1556670833 0
1556670834 0
1556670835 0
1556670836 0
1556670837 0
1556670838 0
1556670839 0
1556670840 0
1556670841 0
1556670842 0
1556670843 0
1556670844 0
1556670845 0
1556670846 0
1556670847 0
1556670848 0
1556670849 0
1556670850 0
1556670851 0
1556670852 0
1556670853 0
1556670854 0
1556670855 0
1556670856 0
1556670857 0
1556670858 0
1556670859 0
1556670860 0
1556670861 0
1556670862 0
1556670863 0
1556670864 0
1556670865 0
1556670866 0
1556670867 0
1556670868 0
1556670869 0
1556670870 0
1556670871 0
1556670872 0
1556670873 0
1556670874 0
1556670875 0
1556670876 0
1556670877 0
1556670878 0
1556670879 0
1556670880 0
1556670881 0
1556670882 0
1556670883 0
1556670884 0
1556670885 0
1556670886 0
1556670887 0
1556670888 0
1556670889 0
1556670890 0
1556670891 0
1556670892 0
1556670893 0
1556670894 0
1556670895 0
1556670896 0
1556670897 0
1556670898 0
1556670899 0
1556670900 0
1556670901 0
1556670902 0
1556670903 0
1556670904 0
1556670905 0
1556670906 0
1556670907 0
1556670908 0
1556670909 0
1556670910 0
1556670911 0
1556670912 0
1556670913 0
1556670914 0
1556670915 0
1556670916 0
1556670917 0
1556670918 0
1556670919 0
1556670920 0
1556670921 0
1556670922 0
1556670923 0
1556670924 0
1556670925 0
1556670926 0
1556670927 0
1556670928 0
1556670929 0
1556670930 0
1556670931 0
1556670932 0
1556670933 0
1556670934 0
1556670935 0
1556670936 0
1556670937 0
1556670938 0
1556670939 0
1556670940 0
1556670941 0
1556670942 0
1556670943 0
1556670944 0
1556670945 0
1556670946 0
1556670947 0
1556670948 0
1556670949 0
1556670950 0
1556670951 0
1556670952 0
1556670953 0
1556670954 0
1556670955 0
1556670956 0
1556670957 0
1556670958 0
1556670959 0
1556670960 0
1556670961 0
1556670962 0
1556670963 0
1556670964 0
1556670965 0
1556670966 0
1556670967 0
1556670968 0
1556670969 0
1556670970 0
1556670971 0
1556670972 0
1556670973 0
1556670974 0
1556670975 0
1556670976 0
1556670977 0
1556670978 0
1556670979 0
1556670980 0
1556670981 0
1556670982 0
1556670983 0
1556670984 0
1556670985 0
1556670986 0
1556670987 0
1556670988 0
1556670989 0
1556670990 0
1556670991 0
1556670992 0
1556670993 0
1556670994 0
1556670995 0
1556670996 0
1556670997 0
1556670998 0
1556670999 0
1556671000 0
1556671001 0
1556671002 0
1556671003 0
1556671004 0
1556671005 0
1556671006 0
1556671007 0
1556671008 0
1556671009 0
1556671010 0
1556671011 0
1556671012 0
1556671013 0
1556671014 0
1556671015 0
1556671016 0
1556671017 0
1556671018 0
1556671019 0
1556671020 0
1556671021 0
1556671022 0
1556671023 0
1556671024 0
1556671025 0
1556671026 0
1556671027 0
1556671028 0
1556671029 0
1556671030 0
1556671031 0
1556671032 0
1556671033 0
1556671034 0
1556671035 0
1556671036 0
1556671037 0
1556671038 0
1556671039 0
1556671040 0
1556671041 0
1556671042 0
1556671043 0
1556671044 0
1556671045 0
1556671046 0
1556671047 0
1556671048 0
1556671049 0
1556671050 0
1556671051 0
1556671052 0
1556671053 0
1556671054 0
1556671055 0
1556671056 0
1556671057 0
1556671058 0
1556671059 0
1556671060 0
1556671061 0
1556671062 0
1556671063 0
1556671064 0
1556671065 0
1556671066 0
1556671067 0
1556671068 0
1556671069 0
1556671070 0
1556671071 0
1556671072 0
1556671073 0
1556671074 0
1556671075 0
1556671076 0
1556671077 0
1556671078 0
1556671079 0
1556671080 0
1556671081 0
1556671082 0
1556671083 0
1556671084 0
1556671085 0
1556671086 0
1556671087 0
1556671088 0
1556671089 0
1556671090 0
1556671091 0
1556671092 0
1556671093 0
1556671094 0
1556671095 0
1556671096 0
1556671097 0
1556671098 0
1556671099 0
1556671100 0
1556671101 0
1556671102 0
1556671103 0
1556671104 0
1556671105 0
1556671106 0
1556671107 0
1556671108 0
1556671109 0
1556671110 0
1556671111 0
1556671112 0
1556671113 0
1556671114 0
1556671115 0
1556671116 0
1556671117 0
1556671118 0
1556671119 0
1556671120 0
1556671121 0
1556671122 0
1556671123 0
1556671124 0
1556671125 0
1556671126 0
1556671127 0
1556671128 0
1556671129 0
1556671130 0
1556671131 0
1556671132 0
1556671133 0
1556671134 0
1556671135 0
1556671136 0
1556671137 0
1556671138 0
1556671139 0
1556671140 0
1556671141 0
1556671142 0
1556671143 0
1556671144 0
1556671145 0
1556671146 0
1556671147 0
1556671148 0
1556671149 0
1556671150 0
1556671151 0
1556671152 0
1556671153 0
1556671154 0
1556671155 0
1556671156 0
1556671157 0
1556671158 0
1556671159 0
1556671160 0
1556671161 0
1556671162 0
1556671163 0
1556671164 0
1556671165 0
1556671166 0
1556671167 0
1556671168 0
1556671169 0
1556671170 0
1556671171 0
1556671172 0
1556671173 0
1556671174 0
1556671175 0
1556671176 0
1556671177 0
1556671178 0
1556671179 0
1556671180 0
1556671181 0
1556671182 0
1556671183 0
1556671184 0
1556671185 0
1556671186 0
1556671187 0
1556671188 0
1556671189 0
1556671190 0
1556671191 0
1556671192 0
1556671193 0
1556671194 0
1556671195 0
1556671196 0
1556671197 0
1556671198 0
1556671199 0
1556671200 0
1556671201 0
1556671202 0
1556671203 0
1556671204 0
1556671205 0
1556671206 0
1556671207 0
1556671208 0
1556671209 0
1556671210 0
1556671211 0
1556671212 0
1556671213 0
1556671214 0
1556671215 0
1556671216 0
1556671217 0
1556671218 0
1556671219 0
1556671220 0
1556671221 0
1556671222 0
1556671223 0
1556671224 0
1556671225 0
1556671226 0
1556671227 0
1556671228 0
1556671229 0
1556671230 0
1556671231 0
1556671232 0
1556671233 0
1556671234 0
1556671235 0
1556671236 0
1556671237 0
1556671238 0
1556671239 0
1556671240 0
1556671241 0
1556671242 0
1556671243 0
1556671244 0
1556671245 0
1556671246 0
1556671247 0
1556671248 0
1556671249 0
1556671250 0
1556671251 0
1556671252 0
1556671253 0
1556671254 0
1556671255 0
1556671256 0
1556671257 0
1556671258 0
1556671259 0
1556671260 0
1556671261 0
1556671262 0
1556671263 0
1556671264 0
1556671265 0
1556671266 0
1556671267 0
1556671268 0
1556671269 0
1556671270 0
1556671271 0
1556671272 0
1556671273 0
1556671274 0
1556671275 0
1556671276 0
1556671277 0
1556671278 0
1556671279 0
1556671280 0
1556671281 0
1556671282 0
1556671283 0
1556671284 0
1556671285 0
1556671286 0
1556671287 0
1556671288 0
1556671289 0
1556671290 0
1556671291 0
1556671292 0
1556671293 0
1556671294 0
1556671295 0
1556671296 0
1556671297 0
1556671298 0
1556671299 0
1556671300 0
1556671301 0
1556671302 0
1556671303 0
1556671304 0
1556671305 0
1556671306 0
1556671307 0
1556671308 0
1556671309 0
1556671310 0
1556671311 0
1556671312 0
1556671313 0
1556671314 0
1556671315 0
1556671316 0
1556671317 0
1556671318 0
1556671319 0
1556671320 0
1556671321 0
1556671322 0
1556671323 0
1556671324 0
1556671325 0
1556671326 0
1556671327 0
1556671328 0
1556671329 0
1556671330 0
1556671331 0
1556671332 0
1556671333 0
1556671334 0
1556671335 0
1556671336 0
1556671337 0
1556671338 0
1556671339 0
1556671340 0
1556671341 0
1556671342 0
1556671343 0
1556671344 0
1556671345 0
1556671346 0
1556671347 0
1556671348 0
1556671349 0
1556671350 0
1556671351 0
1556671352 0
1556671353 0
1556671354 0
1556671355 0
1556671356 0
1556671357 0
1556671358 0
1556671359 0
1556671360 0
1556671361 0
1556671362 0
1556671363 0
1556671364 0
1556671365 0
1556671366 0
1556671367 0
1556671368 0
1556671369 0
1556671370 0
1556671371 0
1556671372 0
1556671373 0
1556671374 0
1556671375 0
1556671376 0
1556671377 0
1556671378 0
1556671379 0
1556671380 0
1556671381 0
1556671382 0
1556671383 0
1556671384 0
1556671385 0
1556671386 0
1556671387 0
1556671388 0
1556671389 0
1556671390 0
1556671391 0
1556671392 0
1556671393 0
1556671394 0
1556671395 0
1556671396 0
1556671397 0
1556671398 0
1556671399 0
1556671400 0
1556671401 0
1556671402 0
1556671403 0
1556671404 0
1556671405 0
1556671406 0
1556671407 0
1556671408 0
1556671409 0
1556671410 0
1556671411 0
1556671412 0
1556671413 0
1556671414 0
1556671415 0
1556671416 0
1556671417 0
1556671418 0
1556671419 0
1556671420 0
1556671421 0
1556671422 0
1556671423 0
1556671424 0
1556671425 0
1556671426 0
1556671427 0
1556671428 0
1556671429 0
1556671430 0
1556671431 0
1556671432 0
1556671433 0
1556671434 0
1556671435 0
1556671436 0
1556671437 0
1556671438 0
1556671439 0
1556671440 0
1556671441 0
1556671442 0
1556671443 0
1556671444 0
1556671445 0
1556671446 0
1556671447 0
1556671448 0
1556671449 0
1556671450 0
1556671451 0
1556671452 0
1556671453 0
1556671454 0
1556671455 0
1556671456 0
1556671457 0
1556671458 0
1556671459 0
1556671460 0
1556671461 0
1556671462 0
1556671463 0
1556671464 0
1556671465 0
1556671466 0
1556671467 0
1556671468 0
1556671469 0
1556671470 0
1556671471 0
1556671472 0
1556671473 0
1556671474 0
1556671475 0
1556671476 0
1556671477 0
1556671478 0
1556671479 0
1556671480 0
1556671481 0
1556671482 0
1556671483 0
1556671484 0
1556671485 0
1556671486 0
1556671487 0
1556671488 0
1556671489 0
1556671490 0
1556671491 0
1556671492 0
1556671493 0
1556671494 0
1556671495 0
1556671496 0
1556671497 0
1556671498 0
1556671499 0
1556671500 0
1556671501 0
1556671502 0
1556671503 0
1556671504 0
1556671505 0
1556671506 0
1556671507 0
1556671508 0
1556671509 0
1556671510 0
1556671511 0
1556671512 0
1556671513 0
1556671514 0
1556671515 0
1556671516 0
1556671517 0
1556671518 0
1556671519 0
1556671520 0
1556671521 0
1556671522 0
1556671523 0
1556671524 0
1556671525 0
1556671526 0
1556671527 0
1556671528 0
1556671529 0
1556671530 0
1556671531 0
1556671532 0
1556671533 0
1556671534 0
1556671535 0
1556671536 0
1556671537 0
1556671538 0
1556671539 0
1556671540 0
1556671541 0
1556671542 0
1556671543 0
1556671544 0
1556671545 0
1556671546 0
1556671547 0
1556671548 0
1556671549 0
1556671550 0
1556671551 0
1556671552 0
1556671553 0
1556671554 0
1556671555 0
1556671556 0
1556671557 0
1556671558 0
1556671559 0
1556671560 0
1556671561 0
1556671562 0
1556671563 0
1556671564 0
1556671565 0
1556671566 0
1556671567 0
1556671568 0
1556671569 0
1556671570 0
1556671571 0
1556671572 0
1556671573 0
1556671574 0
1556671575 0
1556671576 0
1556671577 0
1556671578 0
1556671579 0
1556671580 0
1556671581 0
1556671582 0
1556671583 0
1556671584 0
1556671585 0
1556671586 0
1556671587 0
1556671588 0
1556671589 0
1556671590 0
1556671591 0
1556671592 0
1556671593 0
1556671594 0
1556671595 0
1556671596 0
1556671597 0
1556671598 0
1556671599 0
1556671600 0
1556671601 0
1556671602 0
1556671603 0
1556671604 0
1556671605 0
1556671606 0
1556671607 0
1556671608 0
1556671609 0
1556671610 0
1556671611 0
1556671612 0
1556671613 0
1556671614 0
1556671615 0
1556671616 0
1556671617 0
1556671618 0
1556671619 0
1556671620 0
1556671621 0
1556671622 0
1556671623 0
1556671624 0
1556671625 0
1556671626 0
1556671627 0
1556671628 0
1556671629 0
1556671630 0
1556671631 0
1556671632 0
1556671633 0
1556671634 0
1556671635 0
1556671636 0
1556671637 0
1556671638 0
1556671639 0
1556671640 0
1556671641 0
1556671642 0
1556671643 0
1556671644 0
1556671645 0
1556671646 0
1556671647 0
1556671648 0
1556671649 0
1556671650 0
1556671651 0
1556671652 0
1556671653 0
1556671654 0
1556671655 0
1556671656 0
1556671657 0
1556671658 0
1556671659 0
1556671660 0
1556671661 0
1556671662 0
1556671663 0
1556671664 0
1556671665 0
1556671666 0
1556671667 0
1556671668 0
1556671669 0
1556671670 0
1556671671 0
1556671672 0
1556671673 0
1556671674 0
1556671675 0
1556671676 0
1556671677 0
1556671678 0
1556671679 0
1556671680 0
1556671681 0
1556671682 0
1556671683 0
1556671684 0
1556671685 0
1556671686 0
1556671687 0
1556671688 0
1556671689 0
1556671690 0
1556671691 0
1556671692 0
1556671693 0
1556671694 0
1556671695 0
1556671696 0
1556671697 0
1556671698 0
1556671699 0
1556671700 0
1556671701 0
1556671702 0
1556671703 0
1556671704 0
1556671705 0
1556671706 0
1556671707 0
1556671708 0
1556671709 0
1556671710 0
1556671711 0
1556671712 0
1556671713 0
1556671714 0
1556671715 0
1556671716 0
1556671717 0
1556671718 0
1556671719 0
1556671720 0
1556671721 0
1556671722 0
1556671723 0
1556671724 0
1556671725 0
1556671726 0
1556671727 0
1556671728 0
1556671729 0
1556671730 0
1556671731 0
1556671732 0
1556671733 0
1556671734 0
1556671735 0
1556671736 0
1556671737 0
1556671738 0
1556671739 0
1556671740 0
1556671741 0
1556671742 0
1556671743 0
1556671744 0
1556671745 0
1556671746 0
1556671747 0
1556671748 0
1556671749 0
1556671750 0
1556671751 0
1556671752 0
1556671753 0
1556671754 0
1556671755 0
1556671756 0
1556671757 0
1556671758 0
1556671759 0
1556671760 0
1556671761 0
1556671762 0
1556671763 0
1556671764 0
1556671765 0
1556671766 0
1556671767 0
1556671768 0
1556671769 0
1556671770 0
1556671771 0
1556671772 0
1556671773 0
1556671774 0
1556671775 0
1556671776 0
1556671777 0
1556671778 0
1556671779 0
1556671780 0
1556671781 0
1556671782 0
1556671783 0
1556671784 0
1556671785 0
1556671786 0
1556671787 0
1556671788 0
1556671789 0
1556671790 0
1556671791 0
1556671792 0
1556671793 0
1556671794 0
1556671795 0
1556671796 0
1556671797 0
1556671798 0
1556671799 0
1556671800 0
1556671801 0
1556671802 0
1556671803 0
1556671804 0
1556671805 0
1556671806 0
1556671807 0
1556671808 0
1556671809 0
1556671810 0
1556671811 0
1556671812 0
1556671813 0
1556671814 0
1556671815 0
1556671816 0
1556671817 0
1556671818 0
1556671819 0
1556671820 0
1556671821 0
1556671822 0
1556671823 0
1556671824 0
1556671825 0
1556671826 0
1556671827 0
1556671828 0
1556671829 0
1556671830 0
1556671831 0
1556671832 0
1556671833 0
1556671834 0
1556671835 0
1556671836 0
1556671837 0
1556671838 0
1556671839 0
1556671840 0
1556671841 0
1556671842 0
1556671843 0
1556671844 0
1556671845 0
1556671846 0
1556671847 0
1556671848 0
1556671849 0
1556671850 0
1556671851 0
1556671852 0
1556671853 0
1556671854 0
1556671855 0
1556671856 0
1556671857 0
1556671858 0
1556671859 0
1556671860 0
1556671861 0
1556671862 0
1556671863 0
1556671864 0
1556671865 0
1556671866 0
1556671867 0
1556671868 0
1556671869 0
1556671870 0
1556671871 0
1556671872 0
1556671873 0
1556671874 0
1556671875 0
1556671876 0
1556671877 0
1556671878 0
1556671879 0
1556671880 0
1556671881 0
1556671882 0
1556671883 0
1556671884 0
1556671885 0
1556671886 0
1556671887 0
1556671888 0
1556671889 0
1556671890 0
1556671891 0
1556671892 0
1556671893 0
1556671894 0
1556671895 0
1556671896 0
1556671897 0
1556671898 0
1556671899 0
1556671900 0
1556671901 0
1556671902 0
1556671903 0
1556671904 0
1556671905 0
1556671906 0
1556671907 0
1556671908 0
1556671909 0
1556671910 0
1556671911 0
1556671912 0
1556671913 0
1556671914 0
1556671915 0
1556671916 0
1556671917 0
1556671918 0
1556671919 0
1556671920 0
1556671921 0
1556671922 0
1556671923 0
1556671924 0
1556671925 0
1556671926 0
1556671927 0
1556671928 0
1556671929 0
1556671930 0
1556671931 0
1556671932 0
1556671933 0
1556671934 0
1556671935 0
1556671936 0
1556671937 0
1556671938 0
1556671939 0
1556671940 0
1556671941 0
1556671942 0
1556671943 0
1556671944 0
1556671945 0
1556671946 0
1556671947 0
1556671948 0
1556671949 0
1556671950 0
1556671951 0
1556671952 0
1556671953 0
1556671954 0
1556671955 0
1556671956 0
1556671957 0
1556671958 0
1556671959 0
1556671960 0
1556671961 0
1556671962 0
1556671963 0
1556671964 0
1556671965 0
1556671966 0
1556671967 0
1556671968 0
1556671969 0
1556671970 0
1556671971 0
1556671972 0
1556671973 0
1556671974 0
1556671975 0
1556671976 0
1556671977 0
1556671978 0
1556671979 0
1556671980 0
1556671981 0
1556671982 0
1556671983 0
1556671984 0
1556671985 0
1556671986 0
1556671987 0
1556671988 0
1556671989 0
1556671990 0
1556671991 0
1556671992 0
1556671993 0
1556671994 0
1556671995 0
1556671996 0
1556671997 0
1556671998 0
1556671999 0
1556672000 0
1556672001 0
1556672002 0
1556672003 0
1556672004 0
1556672005 0
1556672006 0
1556672007 0
1556672008 0
1556672009 0
1556672010 0
1556672011 0
1556672012 0
1556672013 0
1556672014 0
1556672015 0
1556672016 0
1556672017 0
1556672018 0
1556672019 0
1556672020 0
1556672021 0
1556672022 0
1556672023 0
1556672024 0
1556672025 0
1556672026 0
1556672027 0
1556672028 0
1556672029 0
1556672030 0
1556672031 0
1556672032 0
1556672033 0
1556672034 0
1556672035 0
1556672036 0
1556672037 0
1556672038 0
1556672039 0
1556672040 0
1556672041 0
1556672042 0
1556672043 0
1556672044 0
1556672045 0
1556672046 0
1556672047 0
1556672048 0
1556672049 0
1556672050 0
1556672051 0
1556672052 0
1556672053 0
1556672054 0
1556672055 0
1556672056 0
1556672057 0
1556672058 0
1556672059 0
1556672060 0
1556672061 0
1556672062 0
1556672063 0
1556672064 0
1556672065 0
1556672066 0
1556672067 0
1556672068 0
1556672069 0
1556672070 0
1556672071 0
1556672072 0
1556672073 0
1556672074 0
1556672075 0
1556672076 0
1556672077 0
1556672078 0
1556672079 0
1556672080 0
1556672081 0
1556672082 0
1556672083 0
1556672084 0
1556672085 0
1556672086 0
1556672087 0
1556672088 0
1556672089 0
1556672090 0
1556672091 0
1556672092 0
1556672093 0
1556672094 0
1556672095 0
1556672096 0
1556672097 0
1556672098 0
1556672099 0
1556672100 0
1556672101 0
1556672102 0
1556672103 0
1556672104 0
1556672105 0
1556672106 0
1556672107 0
1556672108 0
1556672109 0
1556672110 0
1556672111 0
1556672112 0
1556672113 0
1556672114 0
1556672115 0
1556672116 0
1556672117 0
1556672118 0
1556672119 0
1556672120 0
1556672121 0
1556672122 0
1556672123 0
1556672124 0
1556672125 0
1556672126 0
1556672127 0
1556672128 0
1556672129 0
1556672130 0
1556672131 0
1556672132 0
1556672133 0
1556672134 0
1556672135 0
1556672136 0
1556672137 0
1556672138 0
1556672139 0
1556672140 0
1556672141 0
1556672142 0
1556672143 0
1556672144 0
1556672145 0
1556672146 0
1556672147 0
1556672148 0
1556672149 0
1556672150 0
1556672151 0
1556672152 0
1556672153 0
1556672154 0
1556672155 0
1556672156 0
1556672157 0
1556672158 0
1556672159 0
1556672160 0
1556672161 0
1556672162 0
1556672163 0
1556672164 0
1556672165 0
1556672166 0
1556672167 0
1556672168 0
1556672169 0
1556672170 0
1556672171 0
1556672172 0
1556672173 0
1556672174 0
1556672175 0
1556672176 0
1556672177 0
1556672178 0
1556672179 0
1556672180 0
1556672181 0
1556672182 0
1556672183 0
1556672184 0
1556672185 0
1556672186 0
1556672187 0
1556672188 0
1556672189 0
1556672190 0
1556672191 0
1556672192 0
1556672193 0
1556672194 0
1556672195 0
1556672196 0
1556672197 0
1556672198 0
1556672199 0
1556672200 0
1556672201 0
1556672202 0
1556672203 0
1556672204 0
1556672205 0
1556672206 0
1556672207 0
1556672208 0
1556672209 0
1556672210 0
1556672211 0
1556672212 0
1556672213 0
1556672214 0
1556672215 0
1556672216 0
1556672217 0
1556672218 0
1556672219 0
1556672220 0
1556672221 0
1556672222 0
1556672223 0
1556672224 0
1556672225 0
1556672226 0
1556672227 0
1556672228 0
1556672229 0
1556672230 0
1556672231 0
1556672232 0
1556672233 0
1556672234 0
1556672235 0
1556672236 0
1556672237 0
1556672238 0
1556672239 0
1556672240 0
1556672241 0
1556672242 0
1556672243 0
1556672244 0
1556672245 0
1556672246 0
1556672247 0
1556672248 0
1556672249 0
1556672250 0
1556672251 0
1556672252 0
1556672253 0
1556672254 0
1556672255 0
1556672256 0
1556672257 0
1556672258 0
1556672259 0
1556672260 0
1556672261 0
1556672262 0
1556672263 0
1556672264 0
1556672265 0
1556672266 0
1556672267 0
1556672268 0
1556672269 0
1556672270 0
1556672271 0
1556672272 0
1556672273 0
1556672274 0
1556672275 0
1556672276 0
1556672277 0
1556672278 0
1556672279 0
1556672280 0
1556672281 0
1556672282 0
1556672283 0
1556672284 0
1556672285 0
1556672286 0
1556672287 0
1556672288 0
1556672289 0
1556672290 0
1556672291 0
1556672292 0
1556672293 0
1556672294 0
1556672295 0
1556672296 0
1556672297 0
1556672298 0
1556672299 0
1556672300 0
1556672301 0
1556672302 0
1556672303 0
1556672304 0
1556672305 0
1556672306 0
1556672307 0
1556672308 0
1556672309 0
1556672310 0
1556672311 0
1556672312 0
1556672313 0
1556672314 0
1556672315 0
1556672316 0
1556672317 0
1556672318 0
1556672319 0
1556672320 0
1556672321 0
1556672322 0
1556672323 0
1556672324 0
1556672325 0
1556672326 0
1556672327 0
1556672328 0
1556672329 0
1556672330 0
1556672331 0
1556672332 0
1556672333 0
1556672334 0
1556672335 0
1556672336 0
1556672337 0
1556672338 0
1556672339 0
1556672340 0
1556672341 0
1556672342 0
1556672343 0
1556672344 0
1556672345 0
1556672346 0
1556672347 0
1556672348 0
1556672349 0
1556672350 0
1556672351 0
1556672352 0
1556672353 0
1556672354 0
1556672355 0
1556672356 0
1556672357 0
1556672358 0
1556672359 0
1556672360 0
1556672361 0
1556672362 0
1556672363 0
1556672364 0
1556672365 0
1556672366 0
1556672367 0
1556672368 0
1556672369 0
1556672370 0
1556672371 0
1556672372 0
1556672373 0
1556672374 0
1556672375 0
1556672376 0
1556672377 0
1556672378 0
1556672379 0
1556672380 0
1556672381 0
1556672382 0
1556672383 0
1556672384 0
1556672385 0
1556672386 0
1556672387 0
1556672388 0
1556672389 0
1556672390 0
1556672391 0
1556672392 0
1556672393 0
1556672394 0
1556672395 0
1556672396 0
1556672397 0
1556672398 0
1556672399 0
1556672400 0
1556672401 0
1556672402 0
1556672403 0
1556672404 0
1556672405 0
1556672406 0
1556672407 0
1556672408 0
1556672409 0
1556672410 0
1556672411 0
1556672412 0
1556672413 0
1556672414 0
1556672415 0
1556672416 0
1556672417 0
1556672418 0
1556672419 0
1556672420 0
1556672421 0
1556672422 0
1556672423 0
1556672424 0
1556672425 0
1556672426 0
1556672427 0
1556672428 0
1556672429 0
1556672430 0
1556672431 0
1556672432 0
1556672433 0
1556672434 0
1556672435 0
1556672436 0
1556672437 0
1556672438 0
1556672439 0
1556672440 0
1556672441 0
1556672442 0
1556672443 0
1556672444 0
1556672445 0
1556672446 0
1556672447 0
1556672448 0
1556672449 0
1556672450 0
1556672451 0
1556672452 0
1556672453 0
1556672454 0
1556672455 0
1556672456 0
1556672457 0
1556672458 0
1556672459 0
1556672460 0
1556672461 0
1556672462 0
1556672463 0
1556672464 0
1556672465 0
1556672466 0
1556672467 0
1556672468 0
1556672469 0
1556672470 0
1556672471 0
1556672472 0
1556672473 0
1556672474 0
1556672475 0
1556672476 0
1556672477 0
1556672478 0
1556672479 0
1556672480 0
1556672481 0
1556672482 0
1556672483 0
1556672484 0
1556672485 0
1556672486 0
1556672487 0
1556672488 0
1556672489 0
1556672490 0
1556672491 0
1556672492 0
1556672493 0
1556672494 0
1556672495 0
1556672496 0
1556672497 0
1556672498 0
1556672499 0
1556672500 0
1556672501 0
1556672502 0
1556672503 0
1556672504 0
1556672505 0
1556672506 0
1556672507 0
1556672508 0
1556672509 0
1556672510 0
1556672511 0
1556672512 0
1556672513 0
1556672514 0
1556672515 0
1556672516 0
1556672517 0
1556672518 0
1556672519 0
1556672520 0
1556672521 0
1556672522 0
1556672523 0
1556672524 0
1556672525 0
1556672526 0
1556672527 0
1556672528 0
1556672529 0
1556672530 0
1556672531 0
1556672532 0
1556672533 0
1556672534 0
1556672535 0
1556672536 0
1556672537 0
1556672538 0
1556672539 0
1556672540 0
1556672541 0
1556672542 0
1556672543 0
1556672544 0
1556672545 0
1556672546 0
1556672547 0
1556672548 0
1556672549 0
1556672550 0
1556672551 0
1556672552 0
1556672553 0
1556672554 0
1556672555 0
1556672556 0
1556672557 0
1556672558 0
1556672559 0
1556672560 0
1556672561 0
1556672562 0
1556672563 0
1556672564 0
1556672565 0
1556672566 0
1556672567 0
1556672568 0
1556672569 0
1556672570 0
1556672571 0
1556672572 0
1556672573 0
1556672574 0
1556672575 0
1556672576 0
1556672577 0
1556672578 0
1556672579 0
1556672580 0
1556672581 0
1556672582 0
1556672583 0
1556672584 0
1556672585 0
1556672586 0
1556672587 0
1556672588 0
1556672589 0
1556672590 0
1556672591 0
1556672592 0
1556672593 0
1556672594 0
1556672595 0
1556672596 0
1556672597 0
1556672598 0
1556672599 0
1556672600 0
1556672601 0
1556672602 0
1556672603 0
1556672604 0
1556672605 0
1556672606 0
1556672607 0
1556672608 0
1556672609 0
1556672610 0
1556672611 0
1556672612 0
1556672613 0
1556672614 0
1556672615 0
1556672616 0
1556672617 0
1556672618 0
1556672619 0
1556672620 0
1556672621 0
1556672622 0
1556672623 0
1556672624 0
1556672625 0
1556672626 0
1556672627 0
1556672628 0
1556672629 0
1556672630 0
1556672631 0
1556672632 0
1556672633 0
1556672634 0
1556672635 0
1556672636 0
1556672637 0
1556672638 0
1556672639 0
1556672640 0
1556672641 0
1556672642 0
1556672643 0
1556672644 0
1556672645 0
1556672646 0
1556672647 0
1556672648 0
1556672649 0
1556672650 0
1556672651 0
1556672652 0
1556672653 0
1556672654 0
1556672655 0
1556672656 0
1556672657 0
1556672658 0
1556672659 0
1556672660 0
1556672661 0
1556672662 0
1556672663 0
1556672664 0
1556672665 0
1556672666 0
1556672667 0
1556672668 0
1556672669 0
1556672670 0
1556672671 0
1556672672 0
1556672673 0
1556672674 0
1556672675 0
1556672676 0
1556672677 0
1556672678 0
1556672679 0
1556672680 0
1556672681 0
1556672682 0
1556672683 0
1556672684 0
1556672685 0
1556672686 0
1556672687 0
1556672688 0
1556672689 0
1556672690 0
1556672691 0
1556672692 0
1556672693 0
1556672694 0
1556672695 0
1556672696 0
1556672697 0
1556672698 0
1556672699 0
1556672700 0
1556672701 0
1556672702 0
1556672703 0
1556672704 0
1556672705 0
1556672706 0
1556672707 0
1556672708 0
1556672709 0
1556672710 0
1556672711 0
1556672712 0
1556672713 0
1556672714 0
1556672715 0
1556672716 0
1556672717 0
1556672718 0
1556672719 0
1556672720 0
1556672721 0
1556672722 0
1556672723 0
1556672724 0
1556672725 0
1556672726 0
1556672727 0
1556672728 0
1556672729 0
1556672730 0
1556672731 0
1556672732 0
1556672733 0
1556672734 0
1556672735 0
1556672736 0
1556672737 0
1556672738 0
1556672739 0
1556672740 0
1556672741 0
1556672742 0
1556672743 0
1556672744 0
1556672745 0
1556672746 0
1556672747 0
1556672748 0
1556672749 0
1556672750 0
1556672751 0
1556672752 0
1556672753 0
1556672754 0
1556672755 0
1556672756 0
1556672757 0
1556672758 0
1556672759 0
1556672760 0
1556672761 0
1556672762 0
1556672763 0
1556672764 0
1556672765 0
1556672766 0
1556672767 0
1556672768 0
1556672769 0
1556672770 0
1556672771 0
1556672772 0
1556672773 0
1556672774 0
1556672775 0
1556672776 0
1556672777 0
1556672778 0
1556672779 0
1556672780 0
1556672781 0
1556672782 0
1556672783 0
1556672784 0
1556672785 0
1556672786 0
1556672787 0
1556672788 0
1556672789 0
1556672790 0
1556672791 0
1556672792 0
1556672793 0
1556672794 0
1556672795 0
1556672796 0
1556672797 0
1556672798 0
1556672799 0
1556672800 0
1556672801 0
1556672802 0
1556672803 0
1556672804 0
1556672805 0
1556672806 0
1556672807 0
1556672808 0
1556672809 0
1556672810 0
1556672811 0
1556672812 0
1556672813 0
1556672814 0
1556672815 0
1556672816 0
1556672817 0
1556672818 0
1556672819 0
1556672820 0
1556672821 0
1556672822 0
1556672823 0
1556672824 0
1556672825 0
1556672826 0
1556672827 0
1556672828 0
1556672829 0
1556672830 0
1556672831 0
1556672832 0
1556672833 0
1556672834 0
1556672835 0
1556672836 0
1556672837 0
1556672838 0
1556672839 0
1556672840 0
1556672841 0
1556672842 0
1556672843 0
1556672844 0
1556672845 0
1556672846 0
1556672847 0
1556672848 0
1556672849 0
1556672850 0
1556672851 0
1556672852 0
1556672853 0
1556672854 0
1556672855 0
1556672856 0
1556672857 0
1556672858 0
1556672859 0
1556672860 0
1556672861 0
1556672862 0
1556672863 0
1556672864 0
1556672865 0
1556672866 0
1556672867 0
1556672868 0
1556672869 0
1556672870 0
1556672871 0
1556672872 0
1556672873 0
1556672874 0
1556672875 0
1556672876 0
1556672877 0
1556672878 0
1556672879 0
1556672880 0
1556672881 0
1556672882 0
1556672883 0
1556672884 0
1556672885 0
1556672886 0
1556672887 0
1556672888 0
1556672889 0
1556672890 0
1556672891 0
1556672892 0
1556672893 0
1556672894 0
1556672895 0
1556672896 0
1556672897 0
1556672898 0
1556672899 0
1556672900 0
1556672901 0
1556672902 0
1556672903 0
1556672904 0
1556672905 0
1556672906 0
1556672907 0
1556672908 0
1556672909 0
1556672910 0
1556672911 0
1556672912 0
1556672913 0
1556672914 0
1556672915 0
1556672916 0
1556672917 0
1556672918 0
1556672919 0
1556672920 0
1556672921 0
1556672922 0
1556672923 0
1556672924 0
1556672925 0
1556672926 0
1556672927 0
1556672928 0
1556672929 0
1556672930 0
1556672931 0
1556672932 0
1556672933 0
1556672934 0
1556672935 0
1556672936 0
1556672937 0
1556672938 0
1556672939 0
1556672940 0
1556672941 0
1556672942 0
1556672943 0
1556672944 0
1556672945 0
1556672946 0
1556672947 0
1556672948 0
1556672949 0
1556672950 0
1556672951 0
1556672952 0
1556672953 0
1556672954 0
1556672955 0
1556672956 0
1556672957 0
1556672958 0
1556672959 0
1556672960 0
1556672961 0
1556672962 0
1556672963 0
1556672964 0
1556672965 0
1556672966 0
1556672967 0
1556672968 0
1556672969 0
1556672970 0
1556672971 0
1556672972 0
1556672973 0
1556672974 0
1556672975 0
1556672976 0
1556672977 0
1556672978 0
1556672979 0
1556672980 0
1556672981 0
1556672982 0
1556672983 0
1556672984 0
1556672985 0
1556672986 0
1556672987 0
1556672988 0
1556672989 0
1556672990 0
1556672991 0
1556672992 0
1556672993 0
1556672994 0
1556672995 0
1556672996 0
1556672997 0
1556672998 0
1556672999 0
1556673000 0
1556673001 0
1556673002 0
1556673003 0
1556673004 0
1556673005 0
1556673006 0
1556673007 0
1556673008 0
1556673009 0
1556673010 0
1556673011 0
1556673012 0
1556673013 0
1556673014 0
1556673015 0
1556673016 0
1556673017 0
1556673018 0
1556673019 0
1556673020 0
1556673021 0
1556673022 0
1556673023 0
1556673024 0
1556673025 0
1556673026 0
1556673027 0
1556673028 0
1556673029 0
1556673030 0
1556673031 0
1556673032 0
1556673033 0
1556673034 0
1556673035 0
1556673036 0
1556673037 0
1556673038 0
1556673039 0
1556673040 0
1556673041 0
1556673042 0
1556673043 0
1556673044 0
1556673045 0
1556673046 0
1556673047 0
1556673048 0
1556673049 0
1556673050 0
1556673051 0
1556673052 0
1556673053 0
1556673054 0
1556673055 0
1556673056 0
1556673057 0
1556673058 0
1556673059 0
1556673060 0
1556673061 0
1556673062 0
1556673063 0
1556673064 0
1556673065 0
1556673066 0
1556673067 0
1556673068 0
1556673069 0
1556673070 0
1556673071 0
1556673072 0
1556673073 0
1556673074 0
1556673075 0
1556673076 0
1556673077 0
1556673078 0
1556673079 0
1556673080 0
1556673081 0
1556673082 0
1556673083 0
1556673084 0
1556673085 0
1556673086 0
1556673087 0
1556673088 0
1556673089 0
1556673090 0
1556673091 0
1556673092 0
1556673093 0
1556673094 0
1556673095 0
1556673096 0
1556673097 0
1556673098 0
1556673099 0
1556673100 0
1556673101 0
1556673102 0
1556673103 0
1556673104 0
1556673105 0
1556673106 0
1556673107 0
1556673108 0
1556673109 0
1556673110 0
1556673111 0
1556673112 0
1556673113 0
1556673114 0
1556673115 0
1556673116 0
1556673117 0
1556673118 0
1556673119 0
1556673120 0
1556673121 0
1556673122 0
1556673123 0
1556673124 0
1556673125 0
1556673126 0
1556673127 0
1556673128 0
1556673129 0
1556673130 0
1556673131 0
1556673132 0
1556673133 0
1556673134 0
1556673135 0
1556673136 0
1556673137 0
1556673138 0
1556673139 0
1556673140 0
1556673141 0
1556673142 0
1556673143 0
1556673144 0
1556673145 0
1556673146 0
1556673147 0
1556673148 0
1556673149 0
1556673150 0
1556673151 0
1556673152 0
1556673153 0
1556673154 0
1556673155 0
1556673156 0
1556673157 0
1556673158 0
1556673159 0
1556673160 0
1556673161 0
1556673162 0
1556673163 0
1556673164 0
1556673165 0
1556673166 0
1556673167 0
1556673168 0
1556673169 0
1556673170 0
1556673171 0
1556673172 0
1556673173 0
1556673174 0
1556673175 0
1556673176 0
1556673177 0
1556673178 0
1556673179 0
1556673180 0
1556673181 0
1556673182 0
1556673183 0
1556673184 0
1556673185 0
1556673186 0
1556673187 0
1556673188 0
1556673189 0
1556673190 0
1556673191 0
1556673192 0
1556673193 0
1556673194 0
1556673195 0
1556673196 0
1556673197 0
1556673198 0
1556673199 0
1556673200 0
1556673201 0
1556673202 0
1556673203 0
1556673204 0
1556673205 0
1556673206 0
1556673207 0
1556673208 0
1556673209 0
1556673210 0
1556673211 0
1556673212 0
1556673213 0
1556673214 0
1556673215 0
1556673216 0
1556673217 0
1556673218 0
1556673219 0
1556673220 0
1556673221 0
1556673222 0
1556673223 0
1556673224 0
1556673225 0
1556673226 0
1556673227 0
1556673228 0
1556673229 0
1556673230 0
1556673231 0
1556673232 0
1556673233 0
1556673234 0
1556673235 0
1556673236 0
1556673237 0
1556673238 0
1556673239 0
1556673240 0
1556673241 0
1556673242 0
1556673243 0
1556673244 0
1556673245 0
1556673246 0
1556673247 0
1556673248 0
1556673249 0
1556673250 0
1556673251 0
1556673252 0
1556673253 0
1556673254 0
1556673255 0
1556673256 0
1556673257 0
1556673258 0
1556673259 0
1556673260 0
1556673261 0
1556673262 0
1556673263 0
1556673264 0
1556673265 0
1556673266 0
1556673267 0
1556673268 0
1556673269 0
1556673270 0
1556673271 0
1556673272 0
1556673273 0
1556673274 0
1556673275 0
1556673276 0
1556673277 0
1556673278 0
1556673279 0
1556673280 0
1556673281 0
1556673282 0
1556673283 0
1556673284 0
1556673285 0
1556673286 0
1556673287 0
1556673288 0
1556673289 0
1556673290 0
1556673291 0
1556673292 0
1556673293 0
1556673294 0
1556673295 0
1556673296 0
1556673297 0
1556673298 0
1556673299 0
1556673300 0
1556673301 0
1556673302 0
1556673303 0
1556673304 0
1556673305 0
1556673306 0
1556673307 0
1556673308 0
1556673309 0
1556673310 0
1556673311 0
1556673312 0
1556673313 0
1556673314 0
1556673315 0
1556673316 0
1556673317 0
1556673318 0
1556673319 0
1556673320 0
1556673321 0
1556673322 0
1556673323 0
1556673324 0
1556673325 0
1556673326 0
1556673327 0
1556673328 0
1556673329 0
1556673330 0
1556673331 0
1556673332 0
1556673333 0
1556673334 0
1556673335 0
1556673336 0
1556673337 0
1556673338 0
1556673339 0
1556673340 0
1556673341 0
1556673342 0
1556673343 0
1556673344 0
1556673345 0
1556673346 0
1556673347 0
1556673348 0
1556673349 0
1556673350 0
1556673351 0
1556673352 0
1556673353 0
1556673354 0
1556673355 0
1556673356 0
1556673357 0
1556673358 0
1556673359 0
1556673360 0
1556673361 0
1556673362 0
1556673363 0
1556673364 0
1556673365 0
1556673366 0
1556673367 0
1556673368 0
1556673369 0
1556673370 0
1556673371 0
1556673372 0
1556673373 0
1556673374 0
1556673375 0
1556673376 0
1556673377 0
1556673378 0
1556673379 0
1556673380 0
1556673381 0
1556673382 0
1556673383 0
1556673384 0
1556673385 0
1556673386 0
1556673387 0
1556673388 0
1556673389 0
1556673390 0
1556673391 0
1556673392 0
1556673393 0
1556673394 0
1556673395 0
1556673396 0
1556673397 0
1556673398 0
1556673399 0
1556673400 0
1556673401 0
1556673402 0
1556673403 0
1556673404 0
1556673405 0
1556673406 0
1556673407 0
1556673408 0
1556673409 0
1556673410 0
1556673411 0
1556673412 0
1556673413 0
1556673414 0
1556673415 0
1556673416 0
1556673417 0
1556673418 0
1556673419 0
1556673420 0
1556673421 0
1556673422 0
1556673423 0
1556673424 0
1556673425 0
1556673426 0
1556673427 0
1556673428 0
1556673429 0
1556673430 0
1556673431 0
1556673432 0
1556673433 0
1556673434 0
1556673435 0
1556673436 0
1556673437 0
1556673438 0
1556673439 0
1556673440 0
1556673441 0
1556673442 0
1556673443 0
1556673444 0
1556673445 0
1556673446 0
1556673447 0
1556673448 0
1556673449 0
1556673450 0
1556673451 0
1556673452 0
1556673453 0
1556673454 0
1556673455 0
1556673456 0
1556673457 0
1556673458 0
1556673459 0
1556673460 0
1556673461 0
1556673462 0
1556673463 0
1556673464 0
1556673465 0
1556673466 0
1556673467 0
1556673468 0
1556673469 0
1556673470 0
1556673471 0
1556673472 0
1556673473 0
1556673474 0
1556673475 0
1556673476 0
1556673477 0
1556673478 0
1556673479 0
1556673480 0
1556673481 0
1556673482 0
1556673483 0
1556673484 0
1556673485 0
1556673486 0
1556673487 0
1556673488 0
1556673489 0
1556673490 0
1556673491 0
1556673492 0
1556673493 0
1556673494 0
1556673495 0
1556673496 0
1556673497 0
1556673498 0
1556673499 0
1556673500 0
1556673501 0
1556673502 0
1556673503 0
1556673504 0
1556673505 0
1556673506 0
1556673507 0
1556673508 0
1556673509 0
1556673510 0
1556673511 0
1556673512 0
1556673513 0
1556673514 0
1556673515 0
1556673516 0
1556673517 0
1556673518 0
1556673519 0
1556673520 0
1556673521 0
1556673522 0
1556673523 0
1556673524 0
1556673525 0
1556673526 0
1556673527 0
1556673528 0
1556673529 0
1556673530 0
1556673531 0
1556673532 0
1556673533 0
1556673534 0
1556673535 0
1556673536 0
1556673537 0
1556673538 0
1556673539 0
1556673540 0
1556673541 0
1556673542 0
1556673543 0
1556673544 0
1556673545 0
1556673546 0
1556673547 0
1556673548 0
1556673549 0
1556673550 0
1556673551 0
1556673552 0
1556673553 0
1556673554 0
1556673555 0
1556673556 0
1556673557 0
1556673558 0
1556673559 0
1556673560 0
1556673561 0
1556673562 0
1556673563 0
1556673564 0
1556673565 0
1556673566 0
1556673567 0
1556673568 0
1556673569 0
1556673570 0
1556673571 0
1556673572 0
1556673573 0
1556673574 0
1556673575 0
1556673576 0
1556673577 0
1556673578 0
1556673579 0
1556673580 0
1556673581 0
1556673582 0
1556673583 0
1556673584 0
1556673585 0
1556673586 0
1556673587 0
1556673588 0
1556673589 0
1556673590 0
1556673591 0
1556673592 0
1556673593 0
1556673594 0
1556673595 0
1556673596 0
1556673597 0
1556673598 0
1556673599 0
1556673600 0
1556673601 0
1556673602 0
1556673603 0
1556673604 0
1556673605 0
1556673606 0
1556673607 0
1556673608 0
1556673609 0
1556673610 0
1556673611 0
1556673612 0
1556673613 0
1556673614 0
1556673615 0
1556673616 0
1556673617 0
1556673618 0
1556673619 0
1556673620 0
1556673621 0
1556673622 0
1556673623 0
1556673624 0
1556673625 0
1556673626 0
1556673627 0
1556673628 0
1556673629 0
1556673630 0
1556673631 0
1556673632 0
1556673633 0
1556673634 0
1556673635 0
1556673636 0
1556673637 0
1556673638 0
1556673639 0
1556673640 0
1556673641 0
1556673642 0
1556673643 0
1556673644 0
1556673645 0
1556673646 0
1556673647 0
1556673648 0
1556673649 0
1556673650 0
1556673651 0
1556673652 0
1556673653 0
1556673654 0
1556673655 0
1556673656 0
1556673657 0
1556673658 0
1556673659 0
1556673660 0
1556673661 0
1556673662 0
1556673663 0
1556673664 0
1556673665 0
1556673666 0
1556673667 0
1556673668 0
1556673669 0
1556673670 0
1556673671 0
1556673672 0
1556673673 0
1556673674 0
1556673675 0
1556673676 0
1556673677 0
1556673678 0
1556673679 0
1556673680 0
1556673681 0
1556673682 0
1556673683 0
1556673684 0
1556673685 0
1556673686 0
1556673687 0
1556673688 0
1556673689 0
1556673690 0
1556673691 0
1556673692 0
1556673693 0
1556673694 0
1556673695 0
1556673696 0
1556673697 0
1556673698 0
1556673699 0
1556673700 0
1556673701 0
1556673702 0
1556673703 0
1556673704 0
1556673705 0
1556673706 0
1556673707 0
1556673708 0
1556673709 0
1556673710 0
1556673711 0
1556673712 0
1556673713 0
1556673714 0
1556673715 0
1556673716 0
1556673717 0
1556673718 0
1556673719 0
1556673720 0
1556673721 0
1556673722 0
1556673723 0
1556673724 0
1556673725 0
1556673726 0
1556673727 0
1556673728 0
1556673729 0
1556673730 0
1556673731 0
1556673732 0
1556673733 0
1556673734 0
1556673735 0
1556673736 0
1556673737 0
1556673738 0
1556673739 0
1556673740 0
1556673741 0
1556673742 0
1556673743 0
1556673744 0
1556673745 0
1556673746 0
1556673747 0
1556673748 0
1556673749 0
1556673750 0
1556673751 0
1556673752 0
1556673753 0
1556673754 0
1556673755 0
1556673756 0
1556673757 0
1556673758 0
1556673759 0
1556673760 0
1556673761 0
1556673762 0
1556673763 0
1556673764 0
1556673765 0
1556673766 0
1556673767 0
1556673768 0
1556673769 0
1556673770 0
1556673771 0
1556673772 0
1556673773 0
1556673774 0
1556673775 0
1556673776 0
1556673777 0
1556673778 0
1556673779 0
1556673780 0
1556673781 0
1556673782 0
1556673783 0
1556673784 0
1556673785 0
1556673786 0
1556673787 0
1556673788 0
1556673789 0
1556673790 0
1556673791 0
1556673792 0
1556673793 0
1556673794 0
1556673795 0
1556673796 0
1556673797 0
1556673798 0
1556673799 0
1556673800 0
1556673801 0
1556673802 0
1556673803 0
1556673804 0
1556673805 0
1556673806 0
1556673807 0
1556673808 0
1556673809 0
1556673810 0
1556673811 0
1556673812 0
1556673813 0
1556673814 0
1556673815 0
1556673816 0
1556673817 0
1556673818 0
1556673819 0
1556673820 0
1556673821 0
1556673822 0
1556673823 0
1556673824 0
1556673825 0
1556673826 0
1556673827 0
1556673828 0
1556673829 0
1556673830 0
1556673831 0
1556673832 0
1556673833 0
1556673834 0
1556673835 0
1556673836 0
1556673837 0
1556673838 0
1556673839 0
1556673840 0
1556673841 0
1556673842 0
1556673843 0
1556673844 0
1556673845 0
1556673846 0
1556673847 0
1556673848 0
1556673849 0
1556673850 0
1556673851 0
1556673852 0
1556673853 0
1556673854 0
1556673855 0
1556673856 0
1556673857 0
1556673858 0
1556673859 0
1556673860 0
1556673861 0
1556673862 0
1556673863 0
1556673864 0
1556673865 0
1556673866 0
1556673867 0
1556673868 0
1556673869 0
1556673870 0
1556673871 0
1556673872 0
1556673873 0
1556673874 0
1556673875 0
1556673876 0
1556673877 0
1556673878 0
1556673879 0
1556673880 0
1556673881 0
1556673882 0
1556673883 0
1556673884 0
1556673885 0
1556673886 0
1556673887 0
1556673888 0
1556673889 0
1556673890 0
1556673891 0
1556673892 0
1556673893 0
1556673894 0
1556673895 0
1556673896 0
1556673897 0
1556673898 0
1556673899 0
1556673900 0
1556673901 0
1556673902 0
1556673903 0
1556673904 0
1556673905 0
1556673906 0
1556673907 0
1556673908 0
1556673909 0
1556673910 0
1556673911 0
1556673912 0
1556673913 0
1556673914 0
1556673915 0
1556673916 0
1556673917 0
1556673918 0
1556673919 0
1556673920 0
1556673921 0
1556673922 0
1556673923 0
1556673924 0
1556673925 0
1556673926 0
1556673927 0
1556673928 0
1556673929 0
1556673930 0
1556673931 0
1556673932 0
1556673933 0
1556673934 0
1556673935 0
1556673936 0
1556673937 0
1556673938 0
1556673939 0
1556673940 0
1556673941 0
1556673942 0
1556673943 0
1556673944 0
1556673945 0
1556673946 0
1556673947 0
1556673948 0
1556673949 0
1556673950 0
1556673951 0
1556673952 0
1556673953 0
1556673954 0
1556673955 0
1556673956 0
1556673957 0
1556673958 0
1556673959 0
1556673960 0
1556673961 0
1556673962 0
1556673963 0
1556673964 0
1556673965 0
1556673966 0
1556673967 0
1556673968 0
1556673969 0
1556673970 0
1556673971 0
1556673972 0
1556673973 0
1556673974 0
1556673975 0
1556673976 0
1556673977 0
1556673978 0
1556673979 0
1556673980 0
1556673981 0
1556673982 0
1556673983 0
1556673984 0
1556673985 0
1556673986 0
1556673987 0
1556673988 0
1556673989 0
1556673990 0
1556673991 0
1556673992 0
1556673993 0
1556673994 0
1556673995 0
1556673996 0
1556673997 0
1556673998 0
1556673999 0
1556674000 0
1556674001 0
1556674002 0
1556674003 0
1556674004 0
1556674005 0
1556674006 0
1556674007 0
1556674008 0
1556674009 0
1556674010 0
1556674011 0
1556674012 0
1556674013 0
1556674014 0
1556674015 0
1556674016 0
1556674017 0
1556674018 0
1556674019 0
1556674020 0
1556674021 0
1556674022 0
1556674023 0
1556674024 0
1556674025 0
1556674026 0
1556674027 0
1556674028 0
1556674029 0
1556674030 0
1556674031 0
1556674032 0
1556674033 0
1556674034 0
1556674035 0
1556674036 0
1556674037 0
1556674038 0
1556674039 0
1556674040 0
1556674041 0
1556674042 0
1556674043 0
1556674044 0
1556674045 0
1556674046 0
1556674047 0
1556674048 0
1556674049 0
1556674050 0
1556674051 0
1556674052 0
1556674053 0
1556674054 0
1556674055 0
1556674056 0
1556674057 0
1556674058 0
1556674059 0
1556674060 0
1556674061 0
1556674062 0
1556674063 0
1556674064 0
1556674065 0
1556674066 0
1556674067 0
1556674068 0
1556674069 0
1556674070 0
1556674071 0
1556674072 0
1556674073 0
1556674074 0
1556674075 0
1556674076 0
1556674077 0
1556674078 0
1556674079 0
1556674080 0
1556674081 0
1556674082 0
1556674083 0
1556674084 0
1556674085 0
1556674086 0
1556674087 0
1556674088 0
1556674089 0
1556674090 0
1556674091 0
1556674092 0
1556674093 0
1556674094 0
1556674095 0
1556674096 0
1556674097 0
1556674098 0
1556674099 0
1556674100 0
1556674101 0
1556674102 0
1556674103 0
1556674104 0
1556674105 0
1556674106 0
1556674107 0
1556674108 0
1556674109 0
1556674110 0
1556674111 0
1556674112 0
1556674113 0
1556674114 0
1556674115 0
1556674116 0
1556674117 0
1556674118 0
1556674119 0
1556674120 0
1556674121 0
1556674122 0
1556674123 0
1556674124 0
1556674125 0
1556674126 0
1556674127 0
1556674128 0
1556674129 0
1556674130 0
1556674131 0
1556674132 0
1556674133 0
1556674134 0
1556674135 0
1556674136 0
1556674137 0
1556674138 0
1556674139 0
1556674140 0
1556674141 0
1556674142 0
1556674143 0
1556674144 0
1556674145 0
1556674146 0
1556674147 0
1556674148 0
1556674149 0
1556674150 0
1556674151 0
1556674152 0
1556674153 0
1556674154 0
1556674155 0
1556674156 0
1556674157 0
1556674158 0
1556674159 0
1556674160 0
1556674161 0
1556674162 0
1556674163 0
1556674164 0
1556674165 0
1556674166 0
1556674167 0
1556674168 0
1556674169 0
1556674170 0
1556674171 0
1556674172 0
1556674173 0
1556674174 0
1556674175 0
1556674176 0
1556674177 0
1556674178 0
1556674179 0
1556674180 0
1556674181 0
1556674182 0
1556674183 0
1556674184 0
1556674185 0
1556674186 0
1556674187 0
1556674188 0
1556674189 0
1556674190 0
1556674191 0
1556674192 0
1556674193 0
1556674194 0
1556674195 0
1556674196 0
1556674197 0
1556674198 0
1556674199 0
1556674200 0
1556674201 0
1556674202 0
1556674203 0
1556674204 0
1556674205 0
1556674206 0
1556674207 0
1556674208 0
1556674209 0
1556674210 0
1556674211 0
1556674212 0
1556674213 0
1556674214 0
1556674215 0
1556674216 0
1556674217 0
1556674218 0
1556674219 0
1556674220 0
1556674221 0
1556674222 0
1556674223 0
1556674224 0
1556674225 0
1556674226 0
1556674227 0
1556674228 0
1556674229 0
1556674230 0
1556674231 0
1556674232 0
1556674233 0
1556674234 0
1556674235 0
1556674236 0
1556674237 0
1556674238 0
1556674239 0
1556674240 0
1556674241 0
1556674242 0
1556674243 0
1556674244 0
1556674245 0
1556674246 0
1556674247 0
1556674248 0
1556674249 0
1556674250 0
1556674251 0
1556674252 0
1556674253 0
1556674254 0
1556674255 0
1556674256 0
1556674257 0
1556674258 0
1556674259 0
1556674260 0
1556674261 0
1556674262 0
1556674263 0
1556674264 0
1556674265 0
1556674266 0
1556674267 0
1556674268 0
1556674269 0
1556674270 0
1556674271 0
1556674272 0
1556674273 0
1556674274 0
1556674275 0
1556674276 0
1556674277 0
1556674278 0
1556674279 0
1556674280 0
1556674281 0
1556674282 0
1556674283 0
1556674284 0
1556674285 0
1556674286 0
1556674287 0
1556674288 0
1556674289 0
1556674290 0
1556674291 0
1556674292 0
1556674293 0
1556674294 0
1556674295 0
1556674296 0
1556674297 0
1556674298 0
1556674299 0
1556674300 0
1556674301 0
1556674302 0
1556674303 0
1556674304 0
1556674305 0
1556674306 0
1556674307 0
1556674308 0
1556674309 0
1556674310 0
1556674311 0
1556674312 0
1556674313 0
1556674314 0
1556674315 0
1556674316 0
1556674317 0
1556674318 0
1556674319 0
1556674320 0
1556674321 0
1556674322 0
1556674323 0
1556674324 0
1556674325 0
1556674326 0
1556674327 0
1556674328 0
1556674329 0
1556674330 0
1556674331 0
1556674332 0
1556674333 0
1556674334 0
1556674335 0
1556674336 0
1556674337 0
1556674338 0
1556674339 0
1556674340 0
1556674341 0
1556674342 0
1556674343 0
1556674344 0
1556674345 0
1556674346 0
1556674347 0
1556674348 0
1556674349 0
1556674350 0
1556674351 0
1556674352 0
1556674353 0
1556674354 0
1556674355 0
1556674356 0
1556674357 0
1556674358 0
1556674359 0
1556674360 0
1556674361 0
1556674362 0
1556674363 0
1556674364 0
1556674365 0
1556674366 0
1556674367 0
1556674368 0
1556674369 0
1556674370 0
1556674371 0
1556674372 0
1556674373 0
1556674374 0
1556674375 0
1556674376 0
1556674377 0
1556674378 0
1556674379 0
1556674380 0
1556674381 0
1556674382 0
1556674383 0
1556674384 0
1556674385 0
1556674386 0
1556674387 0
1556674388 0
1556674389 0
1556674390 0
1556674391 0
1556674392 0
1556674393 0
1556674394 0
1556674395 0
1556674396 0
1556674397 0
1556674398 0
1556674399 0
1556674400 0
1556674401 0
1556674402 0
1556674403 0
1556674404 0
1556674405 0
1556674406 0
1556674407 0
1556674408 0
1556674409 0
1556674410 0
1556674411 0
1556674412 0
1556674413 0
1556674414 0
1556674415 0
1556674416 0
1556674417 0
1556674418 0
1556674419 0
1556674420 0
1556674421 0
1556674422 0
1556674423 0
1556674424 0
1556674425 0
1556674426 0
1556674427 0
1556674428 0
1556674429 0
1556674430 0
1556674431 0
1556674432 0
1556674433 0
1556674434 0
1556674435 0
1556674436 0
1556674437 0
1556674438 0
1556674439 0
1556674440 0
1556674441 0
1556674442 0
1556674443 0
1556674444 0
1556674445 0
1556674446 0
1556674447 0
1556674448 0
1556674449 0
1556674450 0
1556674451 0
1556674452 0
1556674453 0
1556674454 0
1556674455 0
1556674456 0
1556674457 0
1556674458 0
1556674459 0
1556674460 0
1556674461 0
1556674462 0
1556674463 0
1556674464 0
1556674465 0
1556674466 0
1556674467 0
1556674468 0
1556674469 0
1556674470 0
1556674471 0
1556674472 0
1556674473 0
1556674474 0
1556674475 0
1556674476 0
1556674477 0
1556674478 0
1556674479 0
1556674480 0
1556674481 0
1556674482 0
1556674483 0
1556674484 0
1556674485 0
1556674486 0
1556674487 0
1556674488 0
1556674489 0
1556674490 0
1556674491 0
1556674492 0
1556674493 0
1556674494 0
1556674495 0
1556674496 0
1556674497 0
1556674498 0
1556674499 0
1556674500 0
1556674501 0
1556674502 0
1556674503 0
1556674504 0
1556674505 0
1556674506 0
1556674507 0
1556674508 0
1556674509 0
1556674510 0
1556674511 0
1556674512 0
1556674513 0
1556674514 0
1556674515 0
1556674516 0
1556674517 0
1556674518 0
1556674519 0
1556674520 0
1556674521 0
1556674522 0
1556674523 0
1556674524 0
1556674525 0
1556674526 0
1556674527 0
1556674528 0
1556674529 0
1556674530 0
1556674531 0
1556674532 0
1556674533 0
1556674534 0
1556674535 0
1556674536 0
1556674537 0
1556674538 0
1556674539 0
1556674540 0
1556674541 0
1556674542 0
1556674543 0
1556674544 0
1556674545 0
1556674546 0
1556674547 0
1556674548 0
1556674549 0
1556674550 0
1556674551 0
1556674552 0
1556674553 0
1556674554 0
1556674555 0
1556674556 0
1556674557 0
1556674558 0
1556674559 0
1556674560 0
1556674561 0
1556674562 0
1556674563 0
1556674564 0
1556674565 0
1556674566 0
1556674567 0
1556674568 0
1556674569 0
1556674570 0
1556674571 0
1556674572 0
1556674573 0
1556674574 0
1556674575 0
1556674576 0
1556674577 0
1556674578 0
1556674579 0
1556674580 0
1556674581 0
1556674582 0
1556674583 0
1556674584 0
1556674585 0
1556674586 0
1556674587 0
1556674588 0
1556674589 0
1556674590 0
1556674591 0
1556674592 0
1556674593 0
1556674594 0
1556674595 0
1556674596 0
1556674597 0
1556674598 0
1556674599 0
1556674600 0
1556674601 0
1556674602 0
1556674603 0
1556674604 0
1556674605 0
1556674606 0
1556674607 0
1556674608 0
1556674609 0
1556674610 0
1556674611 0
1556674612 0
1556674613 0
1556674614 0
1556674615 0
1556674616 0
1556674617 0
1556674618 0
1556674619 0
1556674620 0
1556674621 0
1556674622 0
1556674623 0
1556674624 0
1556674625 0
1556674626 0
1556674627 0
1556674628 0
1556674629 0
1556674630 0
1556674631 0
1556674632 0
1556674633 0
1556674634 0
1556674635 0
1556674636 0
1556674637 0
1556674638 0
1556674639 0
1556674640 0
1556674641 0
1556674642 0
1556674643 0
1556674644 0
1556674645 0
1556674646 0
1556674647 0
1556674648 0
1556674649 0
1556674650 0
1556674651 0
1556674652 0
1556674653 0
1556674654 0
1556674655 0
1556674656 0
1556674657 0
1556674658 0
1556674659 0
1556674660 0
1556674661 0
1556674662 0
1556674663 0
1556674664 0
1556674665 0
1556674666 0
1556674667 0
1556674668 0
1556674669 0
1556674670 0
1556674671 0
1556674672 0
1556674673 0
1556674674 0
1556674675 0
1556674676 0
1556674677 0
1556674678 0
1556674679 0
1556674680 0
1556674681 0
1556674682 0
1556674683 0
1556674684 0
1556674685 0
1556674686 0
1556674687 0
1556674688 0
1556674689 0
1556674690 0
1556674691 0
1556674692 0
1556674693 0
1556674694 0
1556674695 0
1556674696 0
1556674697 0
1556674698 0
1556674699 0
1556674700 0
1556674701 0
1556674702 0
1556674703 0
1556674704 0
1556674705 0
1556674706 0
1556674707 0
1556674708 0
1556674709 0
1556674710 0
1556674711 0
1556674712 0
1556674713 0
1556674714 0
1556674715 0
1556674716 0
1556674717 0
1556674718 0
1556674719 0
1556674720 0
1556674721 0
1556674722 0
1556674723 0
1556674724 0
1556674725 0
1556674726 0
1556674727 0
1556674728 0
1556674729 0
1556674730 0
1556674731 0
1556674732 0
1556674733 0
1556674734 0
1556674735 0
1556674736 0
1556674737 0
1556674738 0
1556674739 0
1556674740 0
1556674741 0
1556674742 0
1556674743 0
1556674744 0
1556674745 0
1556674746 0
1556674747 0
1556674748 0
1556674749 0
1556674750 0
1556674751 0
1556674752 0
1556674753 0
1556674754 0
1556674755 0
1556674756 0
1556674757 0
1556674758 0
1556674759 0
1556674760 0
1556674761 0
1556674762 0
1556674763 0
1556674764 0
1556674765 0
1556674766 0
1556674767 0
1556674768 0
1556674769 0
1556674770 0
1556674771 0
1556674772 0
1556674773 0
1556674774 0
1556674775 0
1556674776 0
1556674777 0
1556674778 0
1556674779 0
1556674780 0
1556674781 0
1556674782 0
1556674783 0
1556674784 0
1556674785 0
1556674786 0
1556674787 0
1556674788 0
1556674789 0
1556674790 0
1556674791 0
1556674792 0
1556674793 0
1556674794 0
1556674795 0
1556674796 0
1556674797 0
1556674798 0
1556674799 0
1556674800 0
1556674801 0
1556674802 0
1556674803 0
1556674804 0
1556674805 0
1556674806 0
1556674807 0
1556674808 0
1556674809 0
1556674810 0
1556674811 0
1556674812 0
1556674813 0
1556674814 0
1556674815 0
1556674816 0
1556674817 0
1556674818 0
1556674819 0
1556674820 0
1556674821 0
1556674822 0
1556674823 0
1556674824 0
1556674825 0
1556674826 0
1556674827 0
1556674828 0
1556674829 0
1556674830 0
1556674831 0
1556674832 0
1556674833 0
1556674834 0
1556674835 0
1556674836 0
1556674837 0
1556674838 0
1556674839 0
1556674840 0
1556674841 0
1556674842 0
1556674843 0
1556674844 0
1556674845 0
1556674846 0
1556674847 0
1556674848 0
1556674849 0
1556674850 0
1556674851 0
1556674852 0
1556674853 0
1556674854 0
1556674855 0
1556674856 0
1556674857 0
1556674858 0
1556674859 0
1556674860 0
1556674861 0
1556674862 0
1556674863 0
1556674864 0
1556674865 0
1556674866 0
1556674867 0
1556674868 0
1556674869 0
1556674870 0
1556674871 0
1556674872 0
1556674873 0
1556674874 0
1556674875 0
1556674876 0
1556674877 0
1556674878 0
1556674879 0
1556674880 0
1556674881 0
1556674882 0
1556674883 0
1556674884 0
1556674885 0
1556674886 0
1556674887 0
1556674888 0
1556674889 0
1556674890 0
1556674891 0
1556674892 0
1556674893 0
1556674894 0
1556674895 0
1556674896 0
1556674897 0
1556674898 0
1556674899 0
1556674900 0
1556674901 0
1556674902 0
1556674903 0
1556674904 0
1556674905 0
1556674906 0
1556674907 0
1556674908 0
1556674909 0
1556674910 0
1556674911 0
1556674912 0
1556674913 0
1556674914 0
1556674915 0
1556674916 0
1556674917 0
1556674918 0
1556674919 0
1556674920 0
1556674921 0
1556674922 0
1556674923 0
1556674924 0
1556674925 0
1556674926 0
1556674927 0
1556674928 0
1556674929 0
1556674930 0
1556674931 0
1556674932 0
1556674933 0
1556674934 0
1556674935 0
1556674936 0
1556674937 0
1556674938 0
1556674939 0
1556674940 0
1556674941 0
1556674942 0
1556674943 0
1556674944 0
1556674945 0
1556674946 0
1556674947 0
1556674948 0
1556674949 0
1556674950 0
1556674951 0
1556674952 0
1556674953 0
1556674954 0
1556674955 0
1556674956 0
1556674957 0
1556674958 0
1556674959 0
1556674960 0
1556674961 0
1556674962 0
1556674963 0
1556674964 0
1556674965 0
1556674966 0
1556674967 0
1556674968 0
1556674969 0
1556674970 0
1556674971 0
1556674972 0
1556674973 0
1556674974 0
1556674975 0
1556674976 0
1556674977 0
1556674978 0
1556674979 0
1556674980 0
1556674981 0
1556674982 0
1556674983 0
1556674984 0
1556674985 0
1556674986 0
1556674987 0
1556674988 0
1556674989 0
1556674990 0
1556674991 0
1556674992 0
1556674993 0
1556674994 0
1556674995 0
1556674996 0
1556674997 0
1556674998 0
1556674999 0
1556675000 0
1556675001 0
1556675002 0
1556675003 0
1556675004 0
1556675005 0
1556675006 0
1556675007 0
1556675008 0
1556675009 0
1556675010 0
1556675011 0
1556675012 0
1556675013 0
1556675014 0
1556675015 0
1556675016 0
1556675017 0
1556675018 0
1556675019 0
1556675020 0
1556675021 0
1556675022 0
1556675023 0
1556675024 0
1556675025 0
1556675026 0
1556675027 0
1556675028 0
1556675029 0
1556675030 0
1556675031 0
1556675032 0
1556675033 0
1556675034 0
1556675035 0
1556675036 0
1556675037 0
1556675038 0
1556675039 0
1556675040 0
1556675041 0
1556675042 0
1556675043 0
1556675044 0
1556675045 0
1556675046 0
1556675047 0
1556675048 0
1556675049 0
1556675050 0
1556675051 0
1556675052 0
1556675053 0
1556675054 0
1556675055 0
1556675056 0
1556675057 0
1556675058 0
1556675059 0
1556675060 0
1556675061 0
1556675062 0
1556675063 0
1556675064 0
1556675065 0
1556675066 0
1556675067 0
1556675068 0
1556675069 0
1556675070 0
1556675071 0
1556675072 0
1556675073 0
1556675074 0
1556675075 0
1556675076 0
1556675077 0
1556675078 0
1556675079 0
1556675080 0
1556675081 0
1556675082 0
1556675083 0
1556675084 0
1556675085 0
1556675086 0
1556675087 0
1556675088 0
1556675089 0
1556675090 0
1556675091 0
1556675092 0
1556675093 0
1556675094 0
1556675095 0
1556675096 0
1556675097 0
1556675098 0
1556675099 0
1556675100 0
1556675101 0
1556675102 0
1556675103 0
1556675104 0
1556675105 0
1556675106 0
1556675107 0
1556675108 0
1556675109 0
1556675110 0
1556675111 0
1556675112 0
1556675113 0
1556675114 0
1556675115 0
1556675116 0
1556675117 0
1556675118 0
1556675119 0
1556675120 0
1556675121 0
1556675122 0
1556675123 0
1556675124 0
1556675125 0
1556675126 0
1556675127 0
1556675128 0
1556675129 0
1556675130 0
1556675131 0
1556675132 0
1556675133 0
1556675134 0
1556675135 0
1556675136 0
1556675137 0
1556675138 0
1556675139 0
1556675140 0
1556675141 0
1556675142 0
1556675143 0
1556675144 0
1556675145 0
1556675146 0
1556675147 0
1556675148 0
1556675149 0
1556675150 0
1556675151 0
1556675152 0
1556675153 0
1556675154 0
1556675155 0
1556675156 0
1556675157 0
1556675158 0
1556675159 0
1556675160 0
1556675161 0
1556675162 0
1556675163 0
1556675164 0
1556675165 0
1556675166 0
1556675167 0
1556675168 0
1556675169 0
1556675170 0
1556675171 0
1556675172 0
1556675173 0
1556675174 0
1556675175 0
1556675176 0
1556675177 0
1556675178 0
1556675179 0
1556675180 0
1556675181 0
1556675182 0
1556675183 0
1556675184 0
1556675185 0
1556675186 0
1556675187 0
1556675188 0
1556675189 0
1556675190 0
1556675191 0
1556675192 0
1556675193 0
1556675194 0
1556675195 0
1556675196 0
1556675197 0
1556675198 0
1556675199 0
1556675200 0
1556675201 0
1556675202 0
1556675203 0
1556675204 0
1556675205 0
1556675206 0
1556675207 0
1556675208 0
1556675209 0
1556675210 0
1556675211 0
1556675212 0
1556675213 0
1556675214 0
1556675215 0
1556675216 0
1556675217 0
1556675218 0
1556675219 0
1556675220 0
1556675221 0
1556675222 0
1556675223 0
1556675224 0
1556675225 0
1556675226 0
1556675227 0
1556675228 0
1556675229 0
1556675230 0
1556675231 0
1556675232 0
1556675233 0
1556675234 0
1556675235 0
1556675236 0
1556675237 0
1556675238 0
1556675239 0
1556675240 0
1556675241 0
1556675242 0
1556675243 0
1556675244 0
1556675245 0
1556675246 0
1556675247 0
1556675248 0
1556675249 0
1556675250 0
1556675251 0
1556675252 0
1556675253 0
1556675254 0
1556675255 0
1556675256 0
1556675257 0
1556675258 0
1556675259 0
1556675260 0
1556675261 0
1556675262 0
1556675263 0
1556675264 0
1556675265 0
1556675266 0
1556675267 0
1556675268 0
1556675269 0
1556675270 0
1556675271 0
1556675272 0
1556675273 0
1556675274 0
1556675275 0
1556675276 0
1556675277 0
1556675278 0
1556675279 0
1556675280 0
1556675281 0
1556675282 0
1556675283 0
1556675284 0
1556675285 0
1556675286 0
1556675287 0
1556675288 0
1556675289 0
1556675290 0
1556675291 0
1556675292 0
1556675293 0
1556675294 0
1556675295 0
1556675296 0
1556675297 0
1556675298 0
1556675299 0
1556675300 0
1556675301 0
1556675302 0
1556675303 0
1556675304 0
1556675305 0
1556675306 0
1556675307 0
1556675308 0
1556675309 0
1556675310 0
1556675311 0
1556675312 0
1556675313 0
1556675314 0
1556675315 0
1556675316 0
1556675317 0
1556675318 0
1556675319 0
1556675320 0
1556675321 0
1556675322 0
1556675323 0
1556675324 0
1556675325 0
1556675326 0
1556675327 0
1556675328 0
1556675329 0
1556675330 0
1556675331 0
1556675332 0
1556675333 0
1556675334 0
1556675335 0
1556675336 0
1556675337 0
1556675338 0
1556675339 0
1556675340 0
1556675341 0
1556675342 0
1556675343 0
1556675344 0
1556675345 0
1556675346 0
1556675347 0
1556675348 0
1556675349 0
1556675350 0
1556675351 0
1556675352 0
1556675353 0
1556675354 0
1556675355 0
1556675356 0
1556675357 0
1556675358 0
1556675359 0
1556675360 0
1556675361 0
1556675362 0
1556675363 0
1556675364 0
1556675365 0
1556675366 0
1556675367 0
1556675368 0
1556675369 0
1556675370 0
1556675371 0
1556675372 0
1556675373 0
1556675374 0
1556675375 0
1556675376 0
1556675377 0
1556675378 0
1556675379 0
1556675380 0
1556675381 0
1556675382 0
1556675383 0
1556675384 0
1556675385 0
1556675386 0
1556675387 0
1556675388 0
1556675389 0
1556675390 0
1556675391 0
1556675392 0
1556675393 0
1556675394 0
1556675395 0
1556675396 0
1556675397 0
1556675398 0
1556675399 0
1556675400 0
1556675401 0
1556675402 0
1556675403 0
1556675404 0
1556675405 0
1556675406 0
1556675407 0
1556675408 0
1556675409 0
1556675410 0
1556675411 0
1556675412 0
1556675413 0
1556675414 0
1556675415 0
1556675416 0
1556675417 0
1556675418 0
1556675419 0
1556675420 0
1556675421 0
1556675422 0
1556675423 0
1556675424 0
1556675425 0
1556675426 0
1556675427 0
1556675428 0
1556675429 0
1556675430 0
1556675431 0
1556675432 0
1556675433 0
1556675434 0
1556675435 0
1556675436 0
1556675437 0
1556675438 0
1556675439 0
1556675440 0
1556675441 0
1556675442 0
1556675443 0
1556675444 0
1556675445 0
1556675446 0
1556675447 0
1556675448 0
1556675449 0
1556675450 0
1556675451 0
1556675452 0
1556675453 0
1556675454 0
1556675455 0
1556675456 0
1556675457 0
1556675458 0
1556675459 0
1556675460 0
1556675461 0
1556675462 0
1556675463 0
1556675464 0
1556675465 0
1556675466 0
1556675467 0
1556675468 0
1556675469 0
1556675470 0
1556675471 0
1556675472 0
1556675473 0
1556675474 0
1556675475 0
1556675476 0
1556675477 0
1556675478 0
1556675479 0
1556675480 0
1556675481 0
1556675482 0
1556675483 0
1556675484 0
1556675485 0
1556675486 0
1556675487 0
1556675488 0
1556675489 0
1556675490 0
1556675491 0
1556675492 0
1556675493 0
1556675494 0
1556675495 0
1556675496 0
1556675497 0
1556675498 0
1556675499 0
1556675500 0
1556675501 0
1556675502 0
1556675503 0
1556675504 0
1556675505 0
1556675506 0
1556675507 0
1556675508 0
1556675509 0
1556675510 0
1556675511 0
1556675512 0
1556675513 0
1556675514 0
1556675515 0
1556675516 0
1556675517 0
1556675518 0
1556675519 0
1556675520 0
1556675521 0
1556675522 0
1556675523 0
1556675524 0
1556675525 0
1556675526 0
1556675527 0
1556675528 0
1556675529 0
1556675530 0
1556675531 0
1556675532 0
1556675533 0
1556675534 0
1556675535 0
1556675536 0
1556675537 0
1556675538 0
1556675539 0
1556675540 0
1556675541 0
1556675542 0
1556675543 0
1556675544 0
1556675545 0
1556675546 0
1556675547 0
1556675548 0
1556675549 0
1556675550 0
1556675551 0
1556675552 0
1556675553 0
1556675554 0
1556675555 0
1556675556 0
1556675557 0
1556675558 0
1556675559 0
1556675560 0
1556675561 0
1556675562 0
1556675563 0
1556675564 0
1556675565 0
1556675566 0
1556675567 0
1556675568 0
1556675569 0
1556675570 0
1556675571 0
1556675572 0
1556675573 0
1556675574 0
1556675575 0
1556675576 0
1556675577 0
1556675578 0
1556675579 0
1556675580 0
1556675581 0
1556675582 0
1556675583 0
1556675584 0
1556675585 0
1556675586 0
1556675587 0
1556675588 0
1556675589 0
1556675590 0
1556675591 0
1556675592 0
1556675593 0
1556675594 0
1556675595 0
1556675596 0
1556675597 0
1556675598 0
1556675599 0
1556675600 0
1556675601 0
1556675602 0
1556675603 0
1556675604 0
1556675605 0
1556675606 0
1556675607 0
1556675608 0
1556675609 0
1556675610 0
1556675611 0
1556675612 0
1556675613 0
1556675614 0
1556675615 0
1556675616 0
1556675617 0
1556675618 0
1556675619 0
1556675620 0
1556675621 0
1556675622 0
1556675623 0
1556675624 0
1556675625 0
1556675626 0
1556675627 0
1556675628 0
1556675629 0
1556675630 0
1556675631 0
1556675632 0
1556675633 0
1556675634 0
1556675635 0
1556675636 0
1556675637 0
1556675638 0
1556675639 0
1556675640 0
1556675641 0
1556675642 0
1556675643 0
1556675644 0
1556675645 0
1556675646 0
1556675647 0
1556675648 0
1556675649 0
1556675650 0
1556675651 0
1556675652 0
1556675653 0
1556675654 0
1556675655 0
1556675656 0
1556675657 0
1556675658 0
1556675659 0
1556675660 0
1556675661 0
1556675662 0
1556675663 0
1556675664 0
1556675665 0
1556675666 0
1556675667 0
1556675668 0
1556675669 0
1556675670 0
1556675671 0
1556675672 0
1556675673 0
1556675674 0
1556675675 0
1556675676 0
1556675677 0
1556675678 0
1556675679 0
1556675680 0
1556675681 0
1556675682 0
1556675683 0
1556675684 0
1556675685 0
1556675686 0
1556675687 0
1556675688 0
1556675689 0
1556675690 0
1556675691 0
1556675692 0
1556675693 0
1556675694 0
1556675695 0
1556675696 0
1556675697 0
1556675698 0
1556675699 0
1556675700 0
1556675701 0
1556675702 0
1556675703 0
1556675704 0
1556675705 0
1556675706 0
1556675707 0
1556675708 0
1556675709 0
1556675710 0
1556675711 0
1556675712 0
1556675713 0
1556675714 0
1556675715 0
1556675716 0
1556675717 0
1556675718 0
1556675719 0
1556675720 0
1556675721 0
1556675722 0
1556675723 0
1556675724 0
1556675725 0
1556675726 0
1556675727 0
1556675728 0
1556675729 0
1556675730 0
1556675731 0
1556675732 0
1556675733 0
1556675734 0
1556675735 0
1556675736 0
1556675737 0
1556675738 0
1556675739 0
1556675740 0
1556675741 0
1556675742 0
1556675743 0
1556675744 0
1556675745 0
1556675746 0
1556675747 0
1556675748 0
1556675749 0
1556675750 0
1556675751 0
1556675752 0
1556675753 0
1556675754 0
1556675755 0
1556675756 0
1556675757 0
1556675758 0
1556675759 0
1556675760 0
1556675761 0
1556675762 0
1556675763 0
1556675764 0
1556675765 0
1556675766 0
1556675767 0
1556675768 0
1556675769 0
1556675770 0
1556675771 0
1556675772 0
1556675773 0
1556675774 0
1556675775 0
1556675776 0
1556675777 0
1556675778 0
1556675779 0
1556675780 0
1556675781 0
1556675782 0
1556675783 0
1556675784 0
1556675785 0
1556675786 0
1556675787 0
1556675788 0
1556675789 0
1556675790 0
1556675791 0
1556675792 0
1556675793 0
1556675794 0
1556675795 0
1556675796 0
1556675797 0
1556675798 0
1556675799 0
1556675800 0
1556675801 0
1556675802 0
1556675803 0
1556675804 0
1556675805 0
1556675806 0
1556675807 0
1556675808 0
1556675809 0
1556675810 0
1556675811 0
1556675812 0
1556675813 0
1556675814 0
1556675815 0
1556675816 0
1556675817 0
1556675818 0
1556675819 0
1556675820 0
1556675821 0
1556675822 0
1556675823 0
1556675824 0
1556675825 0
1556675826 0
1556675827 0
1556675828 0
1556675829 0
1556675830 0
1556675831 0
1556675832 0
1556675833 0
1556675834 0
1556675835 0
1556675836 0
1556675837 0
1556675838 0
1556675839 0
1556675840 0
1556675841 0
1556675842 0
1556675843 0
1556675844 0
1556675845 0
1556675846 0
1556675847 0
1556675848 0
1556675849 0
1556675850 0
1556675851 0
1556675852 0
1556675853 0
1556675854 0
1556675855 0
1556675856 0
1556675857 0
1556675858 0
1556675859 0
1556675860 0
1556675861 0
1556675862 0
1556675863 0
1556675864 0
1556675865 0
1556675866 0
1556675867 0
1556675868 0
1556675869 0
1556675870 0
1556675871 0
1556675872 0
1556675873 0
1556675874 0
1556675875 0
1556675876 0
1556675877 0
1556675878 0
1556675879 0
1556675880 0
1556675881 0
1556675882 0
1556675883 0
1556675884 0
1556675885 0
1556675886 0
1556675887 0
1556675888 0
1556675889 0
1556675890 0
1556675891 0
1556675892 0
1556675893 0
1556675894 0
1556675895 0
1556675896 0
1556675897 0
1556675898 0
1556675899 0
1556675900 0
1556675901 0
1556675902 0
1556675903 0
1556675904 0
1556675905 0
1556675906 0
1556675907 0
1556675908 0
1556675909 0
1556675910 0
1556675911 0
1556675912 0
1556675913 0
1556675914 0
1556675915 0
1556675916 0
1556675917 0
1556675918 0
1556675919 0
1556675920 0
1556675921 0
1556675922 0
1556675923 0
1556675924 0
1556675925 0
1556675926 0
1556675927 0
1556675928 0
1556675929 0
1556675930 0
1556675931 0
1556675932 0
1556675933 0
1556675934 0
1556675935 0
1556675936 0
1556675937 0
1556675938 0
1556675939 0
1556675940 0
1556675941 0
1556675942 0
1556675943 0
1556675944 0
1556675945 0
1556675946 0
1556675947 0
1556675948 0
1556675949 0
1556675950 0
1556675951 0
1556675952 0
1556675953 0
1556675954 0
1556675955 0
1556675956 0
1556675957 0
1556675958 0
1556675959 0
1556675960 0
1556675961 0
1556675962 0
1556675963 0
1556675964 0
1556675965 0
1556675966 0
1556675967 0
1556675968 0
1556675969 0
1556675970 0
1556675971 0
1556675972 0
1556675973 0
1556675974 0
1556675975 0
1556675976 0
1556675977 0
1556675978 0
1556675979 0
1556675980 0
1556675981 0
1556675982 0
1556675983 0
1556675984 0
1556675985 0
1556675986 0
1556675987 0
1556675988 0
1556675989 0
1556675990 0
1556675991 0
1556675992 0
1556675993 0
1556675994 0
1556675995 0
1556675996 0
1556675997 0
1556675998 0
1556675999 0
1556676000 0
1556676001 0
1556676002 0
1556676003 0
1556676004 0
1556676005 0
1556676006 0
1556676007 0
1556676008 0
1556676009 0
1556676010 0
1556676011 0
1556676012 0
1556676013 0
1556676014 0
1556676015 0
1556676016 0
1556676017 0
1556676018 0
1556676019 0
1556676020 0
1556676021 0
1556676022 0
1556676023 0
1556676024 0
1556676025 0
1556676026 0
1556676027 0
1556676028 0
1556676029 0
1556676030 0
1556676031 0
1556676032 0
1556676033 0
1556676034 0
1556676035 0
1556676036 0
1556676037 0
1556676038 0
1556676039 0
1556676040 0
1556676041 0
1556676042 0
1556676043 0
1556676044 0
1556676045 0
1556676046 0
1556676047 0
1556676048 0
1556676049 0
1556676050 0
1556676051 0
1556676052 0
1556676053 0
1556676054 0
1556676055 0
1556676056 0
1556676057 0
1556676058 0
1556676059 0
1556676060 0
1556676061 0
1556676062 0
1556676063 0
1556676064 0
1556676065 0
1556676066 0
1556676067 0
1556676068 0
1556676069 0
1556676070 0
1556676071 0
1556676072 0
1556676073 0
1556676074 0
1556676075 0
1556676076 0
1556676077 0
1556676078 0
1556676079 0
1556676080 0
1556676081 0
1556676082 0
1556676083 0
1556676084 0
1556676085 0
1556676086 0
1556676087 0
1556676088 0
1556676089 0
1556676090 0
1556676091 0
1556676092 0
1556676093 0
1556676094 0
1556676095 0
1556676096 0
1556676097 0
1556676098 0
1556676099 0
1556676100 0
1556676101 0
1556676102 0
1556676103 0
1556676104 0
1556676105 0
1556676106 0
1556676107 0
1556676108 0
1556676109 0
1556676110 0
1556676111 0
1556676112 0
1556676113 0
1556676114 0
1556676115 0
1556676116 0
1556676117 0
1556676118 0
1556676119 0
1556676120 0
1556676121 0
1556676122 0
1556676123 0
1556676124 0
1556676125 0
1556676126 0
1556676127 0
1556676128 0
1556676129 0
1556676130 0
1556676131 0
1556676132 0
1556676133 0
1556676134 0
1556676135 0
1556676136 0
1556676137 0
1556676138 0
1556676139 0
1556676140 0
1556676141 0
1556676142 0
1556676143 0
1556676144 0
1556676145 0
1556676146 0
1556676147 0
1556676148 0
1556676149 0
1556676150 0
1556676151 0
1556676152 0
1556676153 0
1556676154 0
1556676155 0
1556676156 0
1556676157 0
1556676158 0
1556676159 0
1556676160 0
1556676161 0
1556676162 0
1556676163 0
1556676164 0
1556676165 0
1556676166 0
1556676167 0
1556676168 0
1556676169 0
1556676170 0
1556676171 0
1556676172 0
1556676173 0
1556676174 0
1556676175 0
1556676176 0
1556676177 0
1556676178 0
1556676179 0
1556676180 0
1556676181 0
1556676182 0
1556676183 0
1556676184 0
1556676185 0
1556676186 0
1556676187 0
1556676188 0
1556676189 0
1556676190 0
1556676191 0
1556676192 0
1556676193 0
1556676194 0
1556676195 0
1556676196 0
1556676197 0
1556676198 0
1556676199 0
1556676200 0
1556676201 0
1556676202 0
1556676203 0
1556676204 0
1556676205 0
1556676206 0
1556676207 0
1556676208 0
1556676209 0
1556676210 0
1556676211 0
1556676212 0
1556676213 0
1556676214 0
1556676215 0
1556676216 0
1556676217 0
1556676218 0
1556676219 0
1556676220 0
1556676221 0
1556676222 0
1556676223 0
1556676224 0
1556676225 0
1556676226 0
1556676227 0
1556676228 0
1556676229 0
1556676230 0
1556676231 0
1556676232 0
1556676233 0
1556676234 0
1556676235 0
1556676236 0
1556676237 0
1556676238 0
1556676239 0
1556676240 0
1556676241 0
1556676242 0
1556676243 0
1556676244 0
1556676245 0
1556676246 0
1556676247 0
1556676248 0
1556676249 0
1556676250 0
1556676251 0
1556676252 0
1556676253 0
1556676254 0
1556676255 0
1556676256 0
1556676257 0
1556676258 0
1556676259 0
1556676260 0
1556676261 0
1556676262 0
1556676263 0
1556676264 0
1556676265 0
1556676266 0
1556676267 0
1556676268 0
1556676269 0
1556676270 0
1556676271 0
1556676272 0
1556676273 0
1556676274 0
1556676275 0
1556676276 0
1556676277 0
1556676278 0
1556676279 0
1556676280 0
1556676281 0
1556676282 0
1556676283 0
1556676284 0
1556676285 0
1556676286 0
1556676287 0
1556676288 0
1556676289 0
1556676290 0
1556676291 0
1556676292 0
1556676293 0
1556676294 0
1556676295 0
1556676296 0
1556676297 0
1556676298 0
1556676299 0
1556676300 0
1556676301 0
1556676302 0
1556676303 0
1556676304 0
1556676305 0
1556676306 0
1556676307 0
1556676308 0
1556676309 0
1556676310 0
1556676311 0
1556676312 0
1556676313 0
1556676314 0
1556676315 0
1556676316 0
1556676317 0
1556676318 0
1556676319 0
1556676320 0
1556676321 0
1556676322 0
1556676323 0
1556676324 0
1556676325 0
1556676326 0
1556676327 0
1556676328 0
1556676329 0
1556676330 0
1556676331 0
1556676332 0
1556676333 0
1556676334 0
1556676335 0
1556676336 0
1556676337 0
1556676338 0
1556676339 0
1556676340 0
1556676341 0
1556676342 0
1556676343 0
1556676344 0
1556676345 0
1556676346 0
1556676347 0
1556676348 0
1556676349 0
1556676350 0
1556676351 0
1556676352 0
1556676353 0
1556676354 0
1556676355 0
1556676356 0
1556676357 0
1556676358 0
1556676359 0
1556676360 0
1556676361 0
1556676362 0
1556676363 0
1556676364 0
1556676365 0
1556676366 0
1556676367 0
1556676368 0
1556676369 0
1556676370 0
1556676371 0
1556676372 0
1556676373 0
1556676374 0
1556676375 0
1556676376 0
1556676377 0
1556676378 0
1556676379 0
1556676380 0
1556676381 0
1556676382 0
1556676383 0
1556676384 0
1556676385 0
1556676386 0
1556676387 0
1556676388 0
1556676389 0
1556676390 0
1556676391 0
1556676392 0
1556676393 0
1556676394 0
1556676395 0
1556676396 0
1556676397 0
1556676398 0
1556676399 0
1556676400 0
1556676401 0
1556676402 0
1556676403 0
1556676404 0
1556676405 0
1556676406 0
1556676407 0
1556676408 0
1556676409 0
1556676410 0
1556676411 0
1556676412 0
1556676413 0
1556676414 0
1556676415 0
1556676416 0
1556676417 0
1556676418 0
1556676419 0
1556676420 0
1556676421 0
1556676422 0
1556676423 0
1556676424 0
1556676425 0
1556676426 0
1556676427 0
1556676428 0
1556676429 0
1556676430 0
1556676431 0
1556676432 0
1556676433 0
1556676434 0
1556676435 0
1556676436 0
1556676437 0
1556676438 0
1556676439 0
1556676440 0
1556676441 0
1556676442 0
1556676443 0
1556676444 0
1556676445 0
1556676446 0
1556676447 0
1556676448 0
1556676449 0
1556676450 0
1556676451 0
1556676452 0
1556676453 0
1556676454 0
1556676455 0
1556676456 0
1556676457 0
1556676458 0
1556676459 0
1556676460 0
1556676461 0
1556676462 0
1556676463 0
1556676464 0
1556676465 0
1556676466 0
1556676467 0
1556676468 0
1556676469 0
1556676470 0
1556676471 0
1556676472 0
1556676473 0
1556676474 0
1556676475 0
1556676476 0
1556676477 0
1556676478 0
1556676479 0
1556676480 0
1556676481 0
1556676482 0
1556676483 0
1556676484 0
1556676485 0
1556676486 0
1556676487 0
1556676488 0
1556676489 0
1556676490 0
1556676491 0
1556676492 0
1556676493 0
1556676494 0
1556676495 0
1556676496 0
1556676497 0
1556676498 0
1556676499 0
1556676500 0
1556676501 0
1556676502 0
1556676503 0
1556676504 0
1556676505 0
1556676506 0
1556676507 0
1556676508 0
1556676509 0
1556676510 0
1556676511 0
1556676512 0
1556676513 0
1556676514 0
1556676515 0
1556676516 0
1556676517 0
1556676518 0
1556676519 0
1556676520 0
1556676521 0
1556676522 0
1556676523 0
1556676524 0
1556676525 0
1556676526 0
1556676527 0
1556676528 0
1556676529 0
1556676530 0
1556676531 0
1556676532 0
1556676533 0
1556676534 0
1556676535 0
1556676536 0
1556676537 0
1556676538 0
1556676539 0
1556676540 0
1556676541 0
1556676542 0
1556676543 0
1556676544 0
1556676545 0
1556676546 0
1556676547 0
1556676548 0
1556676549 0
1556676550 0
1556676551 0
1556676552 0
1556676553 0
1556676554 0
1556676555 0
1556676556 0
1556676557 0
1556676558 0
1556676559 0
1556676560 0
1556676561 0
1556676562 0
1556676563 0
1556676564 0
1556676565 0
1556676566 0
1556676567 0
1556676568 0
1556676569 0
1556676570 0
1556676571 0
1556676572 0
1556676573 0
1556676574 0
1556676575 0
1556676576 0
1556676577 0
1556676578 0
1556676579 0
1556676580 0
1556676581 0
1556676582 0
1556676583 0
1556676584 0
1556676585 0
1556676586 0
1556676587 0
1556676588 0
1556676589 0
1556676590 0
1556676591 0
1556676592 0
1556676593 0
1556676594 0
1556676595 0
1556676596 0
1556676597 0
1556676598 0
1556676599 0
1556676600 0
1556676601 0
1556676602 0
1556676603 0
1556676604 0
1556676605 0
1556676606 0
1556676607 0
1556676608 0
1556676609 0
1556676610 0
1556676611 0
1556676612 0
1556676613 0
1556676614 0
1556676615 0
1556676616 0
1556676617 0
1556676618 0
1556676619 0
1556676620 0
1556676621 0
1556676622 0
1556676623 0
1556676624 0
1556676625 0
1556676626 0
1556676627 0
1556676628 0
1556676629 0
1556676630 0
1556676631 0
1556676632 0
1556676633 0
1556676634 0
1556676635 0
1556676636 0
1556676637 0
1556676638 0
1556676639 0
1556676640 0
1556676641 0
1556676642 0
1556676643 0
1556676644 0
1556676645 0
1556676646 0
1556676647 0
1556676648 0
1556676649 0
1556676650 0
1556676651 0
1556676652 0
1556676653 0
1556676654 0
1556676655 0
1556676656 0
1556676657 0
1556676658 0
1556676659 0
1556676660 0
1556676661 0
1556676662 0
1556676663 0
1556676664 0
1556676665 0
1556676666 0
1556676667 0
1556676668 0
1556676669 0
1556676670 0
1556676671 0
1556676672 0
1556676673 0
1556676674 0
1556676675 0
1556676676 0
1556676677 0
1556676678 0
1556676679 0
1556676680 0
1556676681 0
1556676682 0
1556676683 0
1556676684 0
1556676685 0
1556676686 0
1556676687 0
1556676688 0
1556676689 0
1556676690 0
1556676691 0
1556676692 0
1556676693 0
1556676694 0
1556676695 0
1556676696 0
1556676697 0
1556676698 0
1556676699 0
1556676700 0
1556676701 0
1556676702 0
1556676703 0
1556676704 0
1556676705 0
1556676706 0
1556676707 0
1556676708 0
1556676709 0
1556676710 0
1556676711 0
1556676712 0
1556676713 0
1556676714 0
1556676715 0
1556676716 0
1556676717 0
1556676718 0
1556676719 0
1556676720 0
1556676721 0
1556676722 0
1556676723 0
1556676724 0
1556676725 0
1556676726 0
1556676727 0
1556676728 0
1556676729 0
1556676730 0
1556676731 0
1556676732 0
1556676733 0
1556676734 0
1556676735 0
1556676736 0
1556676737 0
1556676738 0
1556676739 0
1556676740 0
1556676741 0
1556676742 0
1556676743 0
1556676744 0
1556676745 0
1556676746 0
1556676747 0
1556676748 0
1556676749 0
1556676750 0
1556676751 0
1556676752 0
1556676753 0
1556676754 0
1556676755 0
1556676756 0
1556676757 0
1556676758 0
1556676759 0
1556676760 0
1556676761 0
1556676762 0
1556676763 0
1556676764 0
1556676765 0
1556676766 0
1556676767 0
1556676768 0
1556676769 0
1556676770 0
1556676771 0
1556676772 0
1556676773 0
1556676774 0
1556676775 0
1556676776 0
1556676777 0
1556676778 0
1556676779 0
1556676780 0
1556676781 0
1556676782 0
1556676783 0
1556676784 0
1556676785 0
1556676786 0
1556676787 0
1556676788 0
1556676789 0
1556676790 0
1556676791 0
1556676792 0
1556676793 0
1556676794 0
1556676795 0
1556676796 0
1556676797 0
1556676798 0
1556676799 0
1556676800 0
1556676801 0
1556676802 0
1556676803 0
1556676804 0
1556676805 0
1556676806 0
1556676807 0
1556676808 0
1556676809 0
1556676810 0
1556676811 0
1556676812 0
1556676813 0
1556676814 0
1556676815 0
1556676816 0
1556676817 0
1556676818 0
1556676819 0
1556676820 0
1556676821 0
1556676822 0
1556676823 0
1556676824 0
1556676825 0
1556676826 0
1556676827 0
1556676828 0
1556676829 0
1556676830 0
1556676831 0
1556676832 0
1556676833 0
1556676834 0
1556676835 0
1556676836 0
1556676837 0
1556676838 0
1556676839 0
1556676840 0
1556676841 0
1556676842 0
1556676843 0
1556676844 0
1556676845 0
1556676846 0
1556676847 0
1556676848 0
1556676849 0
1556676850 0
1556676851 0
1556676852 0
1556676853 0
1556676854 0
1556676855 0
1556676856 0
1556676857 0
1556676858 0
1556676859 0
1556676860 0
1556676861 0
1556676862 0
1556676863 0
1556676864 0
1556676865 0
1556676866 0
1556676867 0
1556676868 0
1556676869 0
1556676870 0
1556676871 0
1556676872 0
1556676873 0
1556676874 0
1556676875 0
1556676876 0
1556676877 0
1556676878 0
1556676879 0
1556676880 0
1556676881 0
1556676882 0
1556676883 0
1556676884 0
1556676885 0
1556676886 0
1556676887 0
1556676888 0
1556676889 0
1556676890 0
1556676891 0
1556676892 0
1556676893 0
1556676894 0
1556676895 0
1556676896 0
1556676897 0
1556676898 0
1556676899 0
1556676900 0
1556676901 0
1556676902 0
1556676903 0
1556676904 0
1556676905 0
1556676906 0
1556676907 0
1556676908 0
1556676909 0
1556676910 0
1556676911 0
1556676912 0
1556676913 0
1556676914 0
1556676915 0
1556676916 0
1556676917 0
1556676918 0
1556676919 0
1556676920 0
1556676921 0
1556676922 0
1556676923 0
1556676924 0
1556676925 0
1556676926 0
1556676927 0
1556676928 0
1556676929 0
1556676930 0
1556676931 0
1556676932 0
1556676933 0
1556676934 0
1556676935 0
1556676936 0
1556676937 0
1556676938 0
1556676939 0
1556676940 0
1556676941 0
1556676942 0
1556676943 0
1556676944 0
1556676945 0
1556676946 0
1556676947 0
1556676948 0
1556676949 0
1556676950 0
1556676951 0
1556676952 0
1556676953 0
1556676954 0
1556676955 0
1556676956 0
1556676957 0
1556676958 0
1556676959 0
1556676960 0
1556676961 0
1556676962 0
1556676963 0
1556676964 0
1556676965 0
1556676966 0
1556676967 0
1556676968 0
1556676969 0
1556676970 0
1556676971 0
1556676972 0
1556676973 0
1556676974 0
1556676975 0
1556676976 0
1556676977 0
1556676978 0
1556676979 0
1556676980 0
1556676981 0
1556676982 0
1556676983 0
1556676984 0
1556676985 0
1556676986 0
1556676987 0
1556676988 0
1556676989 0
1556676990 0
1556676991 0
1556676992 0
1556676993 0
1556676994 0
1556676995 0
1556676996 0
1556676997 0
1556676998 0
1556676999 0
1556677000 0
1556677001 0
1556677002 0
1556677003 0
1556677004 0
1556677005 0
1556677006 0
1556677007 0
1556677008 0
1556677009 0
1556677010 0
1556677011 0
1556677012 0
1556677013 0
1556677014 0
1556677015 0
1556677016 0
1556677017 0
1556677018 0
1556677019 0
1556677020 0
1556677021 0
1556677022 0
1556677023 0
1556677024 0
1556677025 0
1556677026 0
1556677027 0
1556677028 0
1556677029 0
1556677030 0
1556677031 0
1556677032 0
1556677033 0
1556677034 0
1556677035 0
1556677036 0
1556677037 0
1556677038 0
1556677039 0
1556677040 0
1556677041 0
1556677042 0
1556677043 0
1556677044 0
1556677045 0
1556677046 0
1556677047 0
1556677048 0
1556677049 0
1556677050 0
1556677051 0
1556677052 0
1556677053 0
1556677054 0
1556677055 0
1556677056 0
1556677057 0
1556677058 0
1556677059 0
1556677060 0
1556677061 0
1556677062 0
1556677063 0
1556677064 0
1556677065 0
1556677066 0
1556677067 0
1556677068 0
1556677069 0
1556677070 0
1556677071 0
1556677072 0
1556677073 0
1556677074 0
1556677075 0
1556677076 0
1556677077 0
1556677078 0
1556677079 0
1556677080 0
1556677081 0
1556677082 0
1556677083 0
1556677084 0
1556677085 0
1556677086 0
1556677087 0
1556677088 0
1556677089 0
1556677090 0
1556677091 0
1556677092 0
1556677093 0
1556677094 0
1556677095 0
1556677096 0
1556677097 0
1556677098 0
1556677099 0
1556677100 0
1556677101 0
1556677102 0
1556677103 0
1556677104 0
1556677105 0
1556677106 0
1556677107 0
1556677108 0
1556677109 0
1556677110 0
1556677111 0
1556677112 0
1556677113 0
1556677114 0
1556677115 0
1556677116 0
1556677117 0
1556677118 0
1556677119 0
1556677120 0
1556677121 0
1556677122 0
1556677123 0
1556677124 0
1556677125 0
1556677126 0
1556677127 0
1556677128 0
1556677129 0
1556677130 0
1556677131 0
1556677132 0
1556677133 0
1556677134 0
1556677135 0
1556677136 0
1556677137 0
1556677138 0
1556677139 0
1556677140 0
1556677141 0
1556677142 0
1556677143 0
1556677144 0
1556677145 0
1556677146 0
1556677147 0
1556677148 0
1556677149 0
1556677150 0
1556677151 0
1556677152 0
1556677153 0
1556677154 0
1556677155 0
1556677156 0
1556677157 0
1556677158 0
1556677159 0
1556677160 0
1556677161 0
1556677162 0
1556677163 0
1556677164 0
1556677165 0
1556677166 0
1556677167 0
1556677168 0
1556677169 0
1556677170 0
1556677171 0
1556677172 0
1556677173 0
1556677174 0
1556677175 0
1556677176 0
1556677177 0
1556677178 0
1556677179 0
1556677180 0
1556677181 0
1556677182 0
1556677183 0
1556677184 0
1556677185 0
1556677186 0
1556677187 0
1556677188 0
1556677189 0
1556677190 0
1556677191 0
1556677192 0
1556677193 0
1556677194 0
1556677195 0
1556677196 0
1556677197 0
1556677198 0
1556677199 0
1556677200 0
1556677201 0
1556677202 0
1556677203 0
1556677204 0
1556677205 0
1556677206 0
1556677207 0
1556677208 0
1556677209 0
1556677210 0
1556677211 0
1556677212 0
1556677213 0
1556677214 0
1556677215 0
1556677216 0
1556677217 0
1556677218 0
1556677219 0
1556677220 0
1556677221 0
1556677222 0
1556677223 0
1556677224 0
1556677225 0
1556677226 0
1556677227 0
1556677228 0
1556677229 0
1556677230 0
1556677231 0
1556677232 0
1556677233 0
1556677234 0
1556677235 0
1556677236 0
1556677237 0
1556677238 0
1556677239 0
1556677240 0
1556677241 0
1556677242 0
1556677243 0
1556677244 0
1556677245 0
1556677246 0
1556677247 0
1556677248 0
1556677249 0
1556677250 0
1556677251 0
1556677252 0
1556677253 0
1556677254 0
1556677255 0
1556677256 0
1556677257 0
1556677258 0
1556677259 0
1556677260 0
1556677261 0
1556677262 0
1556677263 0
1556677264 0
1556677265 0
1556677266 0
1556677267 0
1556677268 0
1556677269 0
1556677270 0
1556677271 0
1556677272 0
1556677273 0
1556677274 0
1556677275 0
1556677276 0
1556677277 0
1556677278 0
1556677279 0
1556677280 0
1556677281 0
1556677282 0
1556677283 0
1556677284 0
1556677285 0
1556677286 0
1556677287 0
1556677288 0
1556677289 0
1556677290 0
1556677291 0
1556677292 0
1556677293 0
1556677294 0
1556677295 0
1556677296 0
1556677297 0
1556677298 0
1556677299 0
1556677300 0
1556677301 0
1556677302 0
1556677303 0
1556677304 0
1556677305 0
1556677306 0
1556677307 0
1556677308 0
1556677309 0
1556677310 0
1556677311 0
1556677312 0
1556677313 0
1556677314 0
1556677315 0
1556677316 0
1556677317 0
1556677318 0
1556677319 0
1556677320 0
1556677321 0
1556677322 0
1556677323 0
1556677324 0
1556677325 0
1556677326 0
1556677327 0
1556677328 0
1556677329 0
1556677330 0
1556677331 0
1556677332 0
1556677333 0
1556677334 0
1556677335 0
1556677336 0
1556677337 0
1556677338 0
1556677339 0
1556677340 0
1556677341 0
1556677342 0
1556677343 0
1556677344 0
1556677345 0
1556677346 0
1556677347 0
1556677348 0
1556677349 0
1556677350 0
1556677351 0
1556677352 0
1556677353 0
1556677354 0
1556677355 0
1556677356 0
1556677357 0
1556677358 0
1556677359 0
1556677360 0
1556677361 0
1556677362 0
1556677363 0
1556677364 0
1556677365 0
1556677366 0
1556677367 0
1556677368 0
1556677369 0
1556677370 0
1556677371 0
1556677372 0
1556677373 0
1556677374 0
1556677375 0
1556677376 0
1556677377 0
1556677378 0
1556677379 0
1556677380 0
1556677381 0
1556677382 0
1556677383 0
1556677384 0
1556677385 0
1556677386 0
1556677387 0
1556677388 0
1556677389 0
1556677390 0
1556677391 0
1556677392 0
1556677393 0
1556677394 0
1556677395 0
1556677396 0
1556677397 0
1556677398 0
1556677399 0
1556677400 0
1556677401 0
1556677402 0
1556677403 0
1556677404 0
1556677405 0
1556677406 0
1556677407 0
1556677408 0
1556677409 0
1556677410 0
1556677411 0
1556677412 0
1556677413 0
1556677414 0
1556677415 0
1556677416 0
1556677417 0
1556677418 0
1556677419 0
1556677420 0
1556677421 0
1556677422 0
1556677423 0
1556677424 0
1556677425 0
1556677426 0
1556677427 0
1556677428 0
1556677429 0
1556677430 0
1556677431 0
1556677432 0
1556677433 0
1556677434 0
1556677435 0
1556677436 0
1556677437 0
1556677438 0
1556677439 0
1556677440 0
1556677441 0
1556677442 0
1556677443 0
1556677444 0
1556677445 0
1556677446 0
1556677447 0
1556677448 0
1556677449 0
1556677450 0
1556677451 0
1556677452 0
1556677453 0
1556677454 0
1556677455 0
1556677456 0
1556677457 0
1556677458 0
1556677459 0
1556677460 0
1556677461 0
1556677462 0
1556677463 0
1556677464 0
1556677465 0
1556677466 0
1556677467 0
1556677468 0
1556677469 0
1556677470 0
1556677471 0
1556677472 0
1556677473 0
1556677474 0
1556677475 0
1556677476 0
1556677477 0
1556677478 0
1556677479 0
1556677480 0
1556677481 0
1556677482 0
1556677483 0
1556677484 0
1556677485 0
1556677486 0
1556677487 0
1556677488 0
1556677489 0
1556677490 0
1556677491 0
1556677492 0
1556677493 0
1556677494 0
1556677495 0
1556677496 0
1556677497 0
1556677498 0
1556677499 0
1556677500 0
1556677501 0
1556677502 0
1556677503 0
1556677504 0
1556677505 0
1556677506 0
1556677507 0
1556677508 0
1556677509 0
1556677510 0
1556677511 0
1556677512 0
1556677513 0
1556677514 0
1556677515 0
1556677516 0
1556677517 0
1556677518 0
1556677519 0
1556677520 0
1556677521 0
1556677522 0
1556677523 0
1556677524 0
1556677525 0
1556677526 0
1556677527 0
1556677528 0
1556677529 0
1556677530 0
1556677531 0
1556677532 0
1556677533 0
1556677534 0
1556677535 0
1556677536 0
1556677537 0
1556677538 0
1556677539 0
1556677540 0
1556677541 0
1556677542 0
1556677543 0
1556677544 0
1556677545 0
1556677546 0
1556677547 0
1556677548 0
1556677549 0
1556677550 0
1556677551 0
1556677552 0
1556677553 0
1556677554 0
1556677555 0
1556677556 0
1556677557 0
1556677558 0
1556677559 0
1556677560 0
1556677561 0
1556677562 0
1556677563 0
1556677564 0
1556677565 0
1556677566 0
1556677567 0
1556677568 0
1556677569 0
1556677570 0
1556677571 0
1556677572 0
1556677573 0
1556677574 0
1556677575 0
1556677576 0
1556677577 0
1556677578 0
1556677579 0
1556677580 0
1556677581 0
1556677582 0
1556677583 0
1556677584 0
1556677585 0
1556677586 0
1556677587 0
1556677588 0
1556677589 0
1556677590 0
1556677591 0
1556677592 0
1556677593 0
1556677594 0
1556677595 0
1556677596 0
1556677597 0
1556677598 0
1556677599 0
1556677600 0
1556677601 0
1556677602 0
1556677603 0
1556677604 0
1556677605 0
1556677606 0
1556677607 0
1556677608 0
1556677609 0
1556677610 0
1556677611 0
1556677612 0
1556677613 0
1556677614 0
1556677615 0
1556677616 0
1556677617 0
1556677618 0
1556677619 0
1556677620 0
1556677621 0
1556677622 0
1556677623 0
1556677624 0
1556677625 0
1556677626 0
1556677627 0
1556677628 0
1556677629 0
1556677630 0
1556677631 0
1556677632 0
1556677633 0
1556677634 0
1556677635 0
1556677636 0
1556677637 0
1556677638 0
1556677639 0
1556677640 0
1556677641 0
1556677642 0
1556677643 0
1556677644 0
1556677645 0
1556677646 0
1556677647 0
1556677648 0
1556677649 0
1556677650 0
1556677651 0
1556677652 0
1556677653 0
1556677654 0
1556677655 0
1556677656 0
1556677657 0
1556677658 0
1556677659 0
1556677660 0
1556677661 0
1556677662 0
1556677663 0
1556677664 0
1556677665 0
1556677666 0
1556677667 0
1556677668 0
1556677669 0
1556677670 0
1556677671 0
1556677672 0
1556677673 0
1556677674 0
1556677675 0
1556677676 0
1556677677 0
1556677678 0
1556677679 0
1556677680 0
1556677681 0
1556677682 0
1556677683 0
1556677684 0
1556677685 0
1556677686 0
1556677687 0
1556677688 0
1556677689 0
1556677690 0
1556677691 0
1556677692 0
1556677693 0
1556677694 0
1556677695 0
1556677696 0
1556677697 0
1556677698 0
1556677699 0
1556677700 0
1556677701 0
1556677702 0
1556677703 0
1556677704 0
1556677705 0
1556677706 0
1556677707 0
1556677708 0
1556677709 0
1556677710 0
1556677711 0
1556677712 0
1556677713 0
1556677714 0
1556677715 0
1556677716 0
1556677717 0
1556677718 0
1556677719 0
1556677720 0
1556677721 0
1556677722 0
1556677723 0
1556677724 0
1556677725 0
1556677726 0
1556677727 0
1556677728 0
1556677729 0
1556677730 0
1556677731 0
1556677732 0
1556677733 0
1556677734 0
1556677735 0
1556677736 0
1556677737 0
1556677738 0
1556677739 0
1556677740 0
1556677741 0
1556677742 0
1556677743 0
1556677744 0
1556677745 0
1556677746 0
1556677747 0
1556677748 0
1556677749 0
1556677750 0
1556677751 0
1556677752 0
1556677753 0
1556677754 0
1556677755 0
1556677756 0
1556677757 0
1556677758 0
1556677759 0
1556677760 0
1556677761 0
1556677762 0
1556677763 0
1556677764 0
1556677765 0
1556677766 0
1556677767 0
1556677768 0
1556677769 0
1556677770 0
1556677771 0
1556677772 0
1556677773 0
1556677774 0
1556677775 0
1556677776 0
1556677777 0
1556677778 0
1556677779 0
1556677780 0
1556677781 0
1556677782 0
1556677783 0
1556677784 0
1556677785 0
1556677786 0
1556677787 0
1556677788 0
1556677789 0
1556677790 0
1556677791 0
1556677792 0
1556677793 0
1556677794 0
1556677795 0
1556677796 0
1556677797 0
1556677798 0
1556677799 0
1556677800 0
1556677801 0
1556677802 0
1556677803 0
1556677804 0
1556677805 0
1556677806 0
1556677807 0
1556677808 0
1556677809 0
1556677810 0
1556677811 0
1556677812 0
1556677813 0
1556677814 0
1556677815 0
1556677816 0
1556677817 0
1556677818 0
1556677819 0
1556677820 0
1556677821 0
1556677822 0
1556677823 0
1556677824 0
1556677825 0
1556677826 0
1556677827 0
1556677828 0
1556677829 0
1556677830 0
1556677831 0
1556677832 0
1556677833 0
1556677834 0
1556677835 0
1556677836 0
1556677837 0
1556677838 0
1556677839 0
1556677840 0
1556677841 0
1556677842 0
1556677843 0
1556677844 0
1556677845 0
1556677846 0
1556677847 0
1556677848 0
1556677849 0
1556677850 0
1556677851 0
1556677852 0
1556677853 0
1556677854 0
1556677855 0
1556677856 0
1556677857 0
1556677858 0
1556677859 0
1556677860 0
1556677861 0
1556677862 0
1556677863 0
1556677864 0
1556677865 0
1556677866 0
1556677867 0
1556677868 0
1556677869 0
1556677870 0
1556677871 0
1556677872 0
1556677873 0
1556677874 0
1556677875 0
1556677876 0
1556677877 0
1556677878 0
1556677879 0
1556677880 0
1556677881 0
1556677882 0
1556677883 0
1556677884 0
1556677885 0
1556677886 0
1556677887 0
1556677888 0
1556677889 0
1556677890 0
1556677891 0
1556677892 0
1556677893 0
1556677894 0
1556677895 0
1556677896 0
1556677897 0
1556677898 0
1556677899 0
1556677900 0
1556677901 0
1556677902 0
1556677903 0
1556677904 0
1556677905 0
1556677906 0
1556677907 0
1556677908 0
1556677909 0
1556677910 0
1556677911 0
1556677912 0
1556677913 0
1556677914 0
1556677915 0
1556677916 0
1556677917 0
1556677918 0
1556677919 0
1556677920 0
1556677921 0
1556677922 0
1556677923 0
1556677924 0
1556677925 0
1556677926 0
1556677927 0
1556677928 0
1556677929 0
1556677930 0
1556677931 0
1556677932 0
1556677933 0
1556677934 0
1556677935 0
1556677936 0
1556677937 0
1556677938 0
1556677939 0
1556677940 0
1556677941 0
1556677942 0
1556677943 0
1556677944 0
1556677945 0
1556677946 0
1556677947 0
1556677948 0
1556677949 0
1556677950 0
1556677951 0
1556677952 0
1556677953 0
1556677954 0
1556677955 0
1556677956 0
1556677957 0
1556677958 0
1556677959 0
1556677960 0
1556677961 0
1556677962 0
1556677963 0
1556677964 0
1556677965 0
1556677966 0
1556677967 0
1556677968 0
1556677969 0
1556677970 0
1556677971 0
1556677972 0
1556677973 0
1556677974 0
1556677975 0
1556677976 0
1556677977 0
1556677978 0
1556677979 0
1556677980 0
1556677981 0
1556677982 0
1556677983 0
1556677984 0
1556677985 0
1556677986 0
1556677987 0
1556677988 0
1556677989 0
1556677990 0
1556677991 0
1556677992 0
1556677993 0
1556677994 0
1556677995 0
1556677996 0
1556677997 0
1556677998 0
1556677999 0
1556678000 0
1556678001 0
1556678002 0
1556678003 0
1556678004 0
1556678005 0
1556678006 0
1556678007 0
1556678008 0
1556678009 0
1556678010 0
1556678011 0
1556678012 0
1556678013 0
1556678014 0
1556678015 0
1556678016 0
1556678017 0
1556678018 0
1556678019 0
1556678020 0
1556678021 0
1556678022 0
1556678023 0
1556678024 0
1556678025 0
1556678026 0
1556678027 0
1556678028 0
1556678029 0
1556678030 0
1556678031 0
1556678032 0
1556678033 0
1556678034 0
1556678035 0
1556678036 0
1556678037 0
1556678038 0
1556678039 0
1556678040 0
1556678041 0
1556678042 0
1556678043 0
1556678044 0
1556678045 0
1556678046 0
1556678047 0
1556678048 0
1556678049 0
1556678050 0
1556678051 0
1556678052 0
1556678053 0
1556678054 0
1556678055 0
1556678056 0
1556678057 0
1556678058 0
1556678059 0
1556678060 0
1556678061 0
1556678062 0
1556678063 0
1556678064 0
1556678065 0
1556678066 0
1556678067 0
1556678068 0
1556678069 0
1556678070 0
1556678071 0
1556678072 0
1556678073 0
1556678074 0
1556678075 0
1556678076 0
1556678077 0
1556678078 0
1556678079 0
1556678080 0
1556678081 0
1556678082 0
1556678083 0
1556678084 0
1556678085 0
1556678086 0
1556678087 0
1556678088 0
1556678089 0
1556678090 0
1556678091 0
1556678092 0
1556678093 0
1556678094 0
1556678095 0
1556678096 0
1556678097 0
1556678098 0
1556678099 0
1556678100 0
1556678101 0
1556678102 0
1556678103 0
1556678104 0
1556678105 0
1556678106 0
1556678107 0
1556678108 0
1556678109 0
1556678110 0
1556678111 0
1556678112 0
1556678113 0
1556678114 0
1556678115 0
1556678116 0
1556678117 0
1556678118 0
1556678119 0
1556678120 0
1556678121 0
1556678122 0
1556678123 0
1556678124 0
1556678125 0
1556678126 0
1556678127 0
1556678128 0
1556678129 0
1556678130 0
1556678131 0
1556678132 0
1556678133 0
1556678134 0
1556678135 0
1556678136 0
1556678137 0
1556678138 0
1556678139 0
1556678140 0
1556678141 0
1556678142 0
1556678143 0
1556678144 0
1556678145 0
1556678146 0
1556678147 0
1556678148 0
1556678149 0
1556678150 0
1556678151 0
1556678152 0
1556678153 0
1556678154 0
1556678155 0
1556678156 0
1556678157 0
1556678158 0
1556678159 0
1556678160 0
1556678161 0
1556678162 0
1556678163 0
1556678164 0
1556678165 0
1556678166 0
1556678167 0
1556678168 0
1556678169 0
1556678170 0
1556678171 0
1556678172 0
1556678173 0
1556678174 0
1556678175 0
1556678176 0
1556678177 0
1556678178 0
1556678179 0
1556678180 0
1556678181 0
1556678182 0
1556678183 0
1556678184 0
1556678185 0
1556678186 0
1556678187 0
1556678188 0
1556678189 0
1556678190 0
1556678191 0
1556678192 0
1556678193 0
1556678194 0
1556678195 0
1556678196 0
1556678197 0
1556678198 0
1556678199 0
1556678200 0
1556678201 0
1556678202 0
1556678203 0
1556678204 0
1556678205 0
1556678206 0
1556678207 0
1556678208 0
1556678209 0
1556678210 0
1556678211 0
1556678212 0
1556678213 0
1556678214 0
1556678215 0
1556678216 0
1556678217 0
1556678218 0
1556678219 0
1556678220 0
1556678221 0
1556678222 0
1556678223 0
1556678224 0
1556678225 0
1556678226 0
1556678227 0
1556678228 0
1556678229 0
1556678230 0
1556678231 0
1556678232 0
1556678233 0
1556678234 0
1556678235 0
1556678236 0
1556678237 0
1556678238 0
1556678239 0
1556678240 0
1556678241 0
1556678242 0
1556678243 0
1556678244 0
1556678245 0
1556678246 0
1556678247 0
1556678248 0
1556678249 0
1556678250 0
1556678251 0
1556678252 0
1556678253 0
1556678254 0
1556678255 0
1556678256 0
1556678257 0
1556678258 0
1556678259 0
1556678260 0
1556678261 0
1556678262 0
1556678263 0
1556678264 0
1556678265 0
1556678266 0
1556678267 0
1556678268 0
1556678269 0
1556678270 0
1556678271 0
1556678272 0
1556678273 0
1556678274 0
1556678275 0
1556678276 0
1556678277 0
1556678278 0
1556678279 0
1556678280 0
1556678281 0
1556678282 0
1556678283 0
1556678284 0
1556678285 0
1556678286 0
1556678287 0
1556678288 0
1556678289 0
1556678290 0
1556678291 0
1556678292 0
1556678293 0
1556678294 0
1556678295 0
1556678296 0
1556678297 0
1556678298 0
1556678299 0
1556678300 0
1556678301 0
1556678302 0
1556678303 0
1556678304 0
1556678305 0
1556678306 0
1556678307 0
1556678308 0
1556678309 0
1556678310 0
1556678311 0
1556678312 0
1556678313 0
1556678314 0
1556678315 0
1556678316 0
1556678317 0
1556678318 0
1556678319 0
1556678320 0
1556678321 0
1556678322 0
1556678323 0
1556678324 0
1556678325 0
1556678326 0
1556678327 0
1556678328 0
1556678329 0
1556678330 0
1556678331 0
1556678332 0
1556678333 0
1556678334 0
1556678335 0
1556678336 0
1556678337 0
1556678338 0
1556678339 0
1556678340 0
1556678341 0
1556678342 0
1556678343 0
1556678344 0
1556678345 0
1556678346 0
1556678347 0
1556678348 0
1556678349 0
1556678350 0
1556678351 0
1556678352 0
1556678353 0
1556678354 0
1556678355 0
1556678356 0
1556678357 0
1556678358 0
1556678359 0
1556678360 0
1556678361 0
1556678362 0
1556678363 0
1556678364 0
1556678365 0
1556678366 0
1556678367 0
1556678368 0
1556678369 0
1556678370 0
1556678371 0
1556678372 0
1556678373 0
1556678374 0
1556678375 0
1556678376 0
1556678377 0
1556678378 0
1556678379 0
1556678380 0
1556678381 0
1556678382 0
1556678383 0
1556678384 0
1556678385 0
1556678386 0
1556678387 0
1556678388 0
1556678389 0
1556678390 0
1556678391 0
1556678392 0
1556678393 0
1556678394 0
1556678395 0
1556678396 0
1556678397 0
1556678398 0
1556678399 0
1556678400 0
1556678401 0
1556678402 0
1556678403 0
1556678404 0
1556678405 0
1556678406 0
1556678407 0
1556678408 0
1556678409 0
1556678410 0
1556678411 0
1556678412 0
1556678413 0
1556678414 0
1556678415 0
1556678416 0
1556678417 0
1556678418 0
1556678419 0
1556678420 0
1556678421 0
1556678422 0
1556678423 0
1556678424 0
1556678425 0
1556678426 0
1556678427 0
1556678428 0
1556678429 0
1556678430 0
1556678431 0
1556678432 0
1556678433 0
1556678434 0
1556678435 0
1556678436 0
1556678437 0
1556678438 0
1556678439 0
1556678440 0
1556678441 0
1556678442 0
1556678443 0
1556678444 0
1556678445 0
1556678446 0
1556678447 0
1556678448 0
1556678449 0
1556678450 0
1556678451 0
1556678452 0
1556678453 0
1556678454 0
1556678455 0
1556678456 0
1556678457 0
1556678458 0
1556678459 0
1556678460 0
1556678461 0
1556678462 0
1556678463 0
1556678464 0
1556678465 0
1556678466 0
1556678467 0
1556678468 0
1556678469 0
1556678470 0
1556678471 0
1556678472 0
1556678473 0
1556678474 0
1556678475 0
1556678476 0
1556678477 0
1556678478 0
1556678479 0
1556678480 0
1556678481 0
1556678482 0
1556678483 0
1556678484 0
1556678485 0
1556678486 0
1556678487 0
1556678488 0
1556678489 0
1556678490 0
1556678491 0
1556678492 0
1556678493 0
1556678494 0
1556678495 0
1556678496 0
1556678497 0
1556678498 0
1556678499 0
1556678500 0
1556678501 0
1556678502 0
1556678503 0
1556678504 0
1556678505 0
1556678506 0
1556678507 0
1556678508 0
1556678509 0
1556678510 0
1556678511 0
1556678512 0
1556678513 0
1556678514 0
1556678515 0
1556678516 0
1556678517 0
1556678518 0
1556678519 0
1556678520 0
1556678521 0
1556678522 0
1556678523 0
1556678524 0
1556678525 0
1556678526 0
1556678527 0
1556678528 0
1556678529 0
1556678530 0
1556678531 0
1556678532 0
1556678533 0
1556678534 0
1556678535 0
1556678536 0
1556678537 0
1556678538 0
1556678539 0
1556678540 0
1556678541 0
1556678542 0
1556678543 0
1556678544 0
1556678545 0
1556678546 0
1556678547 0
1556678548 0
1556678549 0
1556678550 0
1556678551 0
1556678552 0
1556678553 0
1556678554 0
1556678555 0
1556678556 0
1556678557 0
1556678558 0
1556678559 0
1556678560 0
1556678561 0
1556678562 0
1556678563 0
1556678564 0
1556678565 0
1556678566 0
1556678567 0
1556678568 0
1556678569 0
1556678570 0
1556678571 0
1556678572 0
1556678573 0
1556678574 0
1556678575 0
1556678576 0
1556678577 0
1556678578 0
1556678579 0
1556678580 0
1556678581 0
1556678582 0
1556678583 0
1556678584 0
1556678585 0
1556678586 0
1556678587 0
1556678588 0
1556678589 0
1556678590 0
1556678591 0
1556678592 0
1556678593 0
1556678594 0
1556678595 0
1556678596 0
1556678597 0
1556678598 0
1556678599 0
1556678600 0
1556678601 0
1556678602 0
1556678603 0
1556678604 0
1556678605 0
1556678606 0
1556678607 0
1556678608 0
1556678609 0
1556678610 0
1556678611 0
1556678612 0
1556678613 0
1556678614 0
1556678615 0
1556678616 0
1556678617 0
1556678618 0
1556678619 0
1556678620 0
1556678621 0
1556678622 0
1556678623 0
1556678624 0
1556678625 0
1556678626 0
1556678627 0
1556678628 0
1556678629 0
1556678630 0
1556678631 0
1556678632 0
1556678633 0
1556678634 0
1556678635 0
1556678636 0
1556678637 0
1556678638 0
1556678639 0
1556678640 0
1556678641 0
1556678642 0
1556678643 0
1556678644 0
1556678645 0
1556678646 0
1556678647 0
1556678648 0
1556678649 0
1556678650 0
1556678651 0
1556678652 0
1556678653 0
1556678654 0
1556678655 0
1556678656 0
1556678657 0
1556678658 0
1556678659 0
1556678660 0
1556678661 0
1556678662 0
1556678663 0
1556678664 0
1556678665 0
1556678666 0
1556678667 0
1556678668 0
1556678669 0
1556678670 0
1556678671 0
1556678672 0
1556678673 0
1556678674 0
1556678675 0
1556678676 0
1556678677 0
1556678678 0
1556678679 0
1556678680 0
1556678681 0
1556678682 0
1556678683 0
1556678684 0
1556678685 0
1556678686 0
1556678687 0
1556678688 0
1556678689 0
1556678690 0
1556678691 0
1556678692 0
1556678693 0
1556678694 0
1556678695 0
1556678696 0
1556678697 0
1556678698 0
1556678699 0
1556678700 0
1556678701 0
1556678702 0
1556678703 0
1556678704 0
1556678705 0
1556678706 0
1556678707 0
1556678708 0
1556678709 0
1556678710 0
1556678711 0
1556678712 0
1556678713 0
1556678714 0
1556678715 0
1556678716 0
1556678717 0
1556678718 0
1556678719 0
1556678720 0
1556678721 0
1556678722 0
1556678723 0
1556678724 0
1556678725 0
1556678726 0
1556678727 0
1556678728 0
1556678729 0
1556678730 0
1556678731 0
1556678732 0
1556678733 0
1556678734 0
1556678735 0
1556678736 0
1556678737 0
1556678738 0
1556678739 0
1556678740 0
1556678741 0
1556678742 0
1556678743 0
1556678744 0
1556678745 0
1556678746 0
1556678747 0
1556678748 0
1556678749 0
1556678750 0
1556678751 0
1556678752 0
1556678753 0
1556678754 0
1556678755 0
1556678756 0
1556678757 0
1556678758 0
1556678759 0
1556678760 0
1556678761 0
1556678762 0
1556678763 0
1556678764 0
1556678765 0
1556678766 0
1556678767 0
1556678768 0
1556678769 0
1556678770 0
1556678771 0
1556678772 0
1556678773 0
1556678774 0
1556678775 0
1556678776 0
1556678777 0
1556678778 0
1556678779 0
1556678780 0
1556678781 0
1556678782 0
1556678783 0
1556678784 0
1556678785 0
1556678786 0
1556678787 0
1556678788 0
1556678789 0
1556678790 0
1556678791 0
1556678792 0
1556678793 0
1556678794 0
1556678795 0
1556678796 0
1556678797 0
1556678798 0
1556678799 0
1556678800 0
1556678801 0
1556678802 0
1556678803 0
1556678804 0
1556678805 0
1556678806 0
1556678807 0
1556678808 0
1556678809 0
1556678810 0
1556678811 0
1556678812 0
1556678813 0
1556678814 0
1556678815 0
1556678816 0
1556678817 0
1556678818 0
1556678819 0
1556678820 0
1556678821 0
1556678822 0
1556678823 0
1556678824 0
1556678825 0
1556678826 0
1556678827 0
1556678828 0
1556678829 0
1556678830 0
1556678831 0
1556678832 0
1556678833 0
1556678834 0
1556678835 0
1556678836 0
1556678837 0
1556678838 0
1556678839 0
1556678840 0
1556678841 0
1556678842 0
1556678843 0
1556678844 0
1556678845 0
1556678846 0
1556678847 0
1556678848 0
1556678849 0
1556678850 0
1556678851 0
1556678852 0
1556678853 0
1556678854 0
1556678855 0
1556678856 0
1556678857 0
1556678858 0
1556678859 0
1556678860 0
1556678861 0
1556678862 0
1556678863 0
1556678864 0
1556678865 0
1556678866 0
1556678867 0
1556678868 0
1556678869 0
1556678870 0
1556678871 0
1556678872 0
1556678873 0
1556678874 0
1556678875 0
1556678876 0
1556678877 0
1556678878 0
1556678879 0
1556678880 0
1556678881 0
1556678882 0
1556678883 0
1556678884 0
1556678885 0
1556678886 0
1556678887 0
1556678888 0
1556678889 0
1556678890 0
1556678891 0
1556678892 0
1556678893 0
1556678894 0
1556678895 0
1556678896 0
1556678897 0
1556678898 0
1556678899 0
1556678900 0
1556678901 0
1556678902 0
1556678903 0
1556678904 0
1556678905 0
1556678906 0
1556678907 0
1556678908 0
1556678909 0
1556678910 0
1556678911 0
1556678912 0
1556678913 0
1556678914 0
1556678915 0
1556678916 0
1556678917 0
1556678918 0
1556678919 0
1556678920 0
1556678921 0
1556678922 0
1556678923 0
1556678924 0
1556678925 0
1556678926 0
1556678927 0
1556678928 0
1556678929 0
1556678930 0
1556678931 0
1556678932 0
1556678933 0
1556678934 0
1556678935 0
1556678936 0
1556678937 0
1556678938 0
1556678939 0
1556678940 0
1556678941 0
1556678942 0
1556678943 0
1556678944 0
1556678945 0
1556678946 0
1556678947 0
1556678948 0
1556678949 0
1556678950 0
1556678951 0
1556678952 0
1556678953 0
1556678954 0
1556678955 0
1556678956 0
1556678957 0
1556678958 0
1556678959 0
1556678960 0
1556678961 0
1556678962 0
1556678963 0
1556678964 0
1556678965 0
1556678966 0
1556678967 0
1556678968 0
1556678969 0
1556678970 0
1556678971 0
1556678972 0
1556678973 0
1556678974 0
1556678975 0
1556678976 0
1556678977 0
1556678978 0
1556678979 0
1556678980 0
1556678981 0
1556678982 0
1556678983 0
1556678984 0
1556678985 0
1556678986 0
1556678987 0
1556678988 0
1556678989 0
1556678990 0
1556678991 0
1556678992 0
1556678993 0
1556678994 0
1556678995 0
1556678996 0
1556678997 0
1556678998 0
1556678999 0
1556679000 0
1556679001 0
1556679002 0
1556679003 0
1556679004 0
1556679005 0
1556679006 0
1556679007 0
1556679008 0
1556679009 0
1556679010 0
1556679011 0
1556679012 0
1556679013 0
1556679014 0
1556679015 0
1556679016 0
1556679017 0
1556679018 0
1556679019 0
1556679020 0
1556679021 0
1556679022 0
1556679023 0
1556679024 0
1556679025 0
1556679026 0
1556679027 0
1556679028 0
1556679029 0
1556679030 0
1556679031 0
1556679032 0
1556679033 0
1556679034 0
1556679035 0
1556679036 0
1556679037 0
1556679038 0
1556679039 0
1556679040 0
1556679041 0
1556679042 0
1556679043 0
1556679044 0
1556679045 0
1556679046 0
1556679047 0
1556679048 0
1556679049 0
1556679050 0
1556679051 0
1556679052 0
1556679053 0
1556679054 0
1556679055 0
1556679056 0
1556679057 0
1556679058 0
1556679059 0
1556679060 0
1556679061 0
1556679062 0
1556679063 0
1556679064 0
1556679065 0
1556679066 0
1556679067 0
1556679068 0
1556679069 0
1556679070 0
1556679071 0
1556679072 0
1556679073 0
1556679074 0
1556679075 0
1556679076 0
1556679077 0
1556679078 0
1556679079 0
1556679080 0
1556679081 0
1556679082 0
1556679083 0
1556679084 0
1556679085 0
1556679086 0
1556679087 0
1556679088 0
1556679089 0
1556679090 0
1556679091 0
1556679092 0
1556679093 0
1556679094 0
1556679095 0
1556679096 0
1556679097 0
1556679098 0
1556679099 0
1556679100 0
1556679101 0
1556679102 0
1556679103 0
1556679104 0
1556679105 0
1556679106 0
1556679107 0
1556679108 0
1556679109 0
1556679110 0
1556679111 0
1556679112 0
1556679113 0
1556679114 0
1556679115 0
1556679116 0
1556679117 0
1556679118 0
1556679119 0
1556679120 0
1556679121 0
1556679122 0
1556679123 0
1556679124 0
1556679125 0
1556679126 0
1556679127 0
1556679128 0
1556679129 0
1556679130 0
1556679131 0
1556679132 0
1556679133 0
1556679134 0
1556679135 0
1556679136 0
1556679137 0
1556679138 0
1556679139 0
1556679140 0
1556679141 0
1556679142 0
1556679143 0
1556679144 0
1556679145 0
1556679146 0
1556679147 0
1556679148 0
1556679149 0
1556679150 0
1556679151 0
1556679152 0
1556679153 0
1556679154 0
1556679155 0
1556679156 0
1556679157 0
1556679158 0
1556679159 0
1556679160 0
1556679161 0
1556679162 0
1556679163 0
1556679164 0
1556679165 0
1556679166 0
1556679167 0
1556679168 0
1556679169 0
1556679170 0
1556679171 0
1556679172 0
1556679173 0
1556679174 0
1556679175 0
1556679176 0
1556679177 0
1556679178 0
1556679179 0
1556679180 0
1556679181 0
1556679182 0
1556679183 0
1556679184 0
1556679185 0
1556679186 0
1556679187 0
1556679188 0
1556679189 0
1556679190 0
1556679191 0
1556679192 0
1556679193 0
1556679194 0
1556679195 0
1556679196 0
1556679197 0
1556679198 0
1556679199 0
1556679200 0
1556679201 0
1556679202 0
1556679203 0
1556679204 0
1556679205 0
1556679206 0
1556679207 0
1556679208 0
1556679209 0
1556679210 0
1556679211 0
1556679212 0
1556679213 0
1556679214 0
1556679215 0
1556679216 0
1556679217 0
1556679218 0
1556679219 0
1556679220 0
1556679221 0
1556679222 0
1556679223 0
1556679224 0
1556679225 0
1556679226 0
1556679227 0
1556679228 0
1556679229 0
1556679230 0
1556679231 0
1556679232 0
1556679233 0
1556679234 0
1556679235 0
1556679236 0
1556679237 0
1556679238 0
1556679239 0
1556679240 0
1556679241 0
1556679242 0
1556679243 0
1556679244 0
1556679245 0
1556679246 0
1556679247 0
1556679248 0
1556679249 0
1556679250 0
1556679251 0
1556679252 0
1556679253 0
1556679254 0
1556679255 0
1556679256 0
1556679257 0
1556679258 0
1556679259 0
1556679260 0
1556679261 0
1556679262 0
1556679263 0
1556679264 0
1556679265 0
1556679266 0
1556679267 0
1556679268 0
1556679269 0
1556679270 0
1556679271 0
1556679272 0
1556679273 0
1556679274 0
1556679275 0
1556679276 0
1556679277 0
1556679278 0
1556679279 0
1556679280 0
1556679281 0
1556679282 0
1556679283 0
1556679284 0
1556679285 0
1556679286 0
1556679287 0
1556679288 0
1556679289 0
1556679290 0
1556679291 0
1556679292 0
1556679293 0
1556679294 0
1556679295 0
1556679296 0
1556679297 0
1556679298 0
1556679299 0
1556679300 0
1556679301 0
1556679302 0
1556679303 0
1556679304 0
1556679305 0
1556679306 0
1556679307 0
1556679308 0
1556679309 0
1556679310 0
1556679311 0
1556679312 0
1556679313 0
1556679314 0
1556679315 0
1556679316 0
1556679317 0
1556679318 0
1556679319 0
1556679320 0
1556679321 0
1556679322 0
1556679323 0
1556679324 0
1556679325 0
1556679326 0
1556679327 0
1556679328 0
1556679329 0
1556679330 0
1556679331 0
1556679332 0
1556679333 0
1556679334 0
1556679335 0
1556679336 0
1556679337 0
1556679338 0
1556679339 0
1556679340 0
1556679341 0
1556679342 0
1556679343 0
1556679344 0
1556679345 0
1556679346 0
1556679347 0
1556679348 0
1556679349 0
1556679350 0
1556679351 0
1556679352 0
1556679353 0
1556679354 0
1556679355 0
1556679356 0
1556679357 0
1556679358 0
1556679359 0
1556679360 0
1556679361 0
1556679362 0
1556679363 0
1556679364 0
1556679365 0
1556679366 0
1556679367 0
1556679368 0
1556679369 0
1556679370 0
1556679371 0
1556679372 0
1556679373 0
1556679374 0
1556679375 0
1556679376 0
1556679377 0
1556679378 0
1556679379 0
1556679380 0
1556679381 0
1556679382 0
1556679383 0
1556679384 0
1556679385 0
1556679386 0
1556679387 0
1556679388 0
1556679389 0
1556679390 0
1556679391 0
1556679392 0
1556679393 0
1556679394 0
1556679395 0
1556679396 0
1556679397 0
1556679398 0
1556679399 0
1556679400 0
1556679401 0
1556679402 0
1556679403 0
1556679404 0
1556679405 0
1556679406 0
1556679407 0
1556679408 0
1556679409 0
1556679410 0
1556679411 0
1556679412 0
1556679413 0
1556679414 0
1556679415 0
1556679416 0
1556679417 0
1556679418 0
1556679419 0
1556679420 0
1556679421 0
1556679422 0
1556679423 0
1556679424 0
1556679425 0
1556679426 0
1556679427 0
1556679428 0
1556679429 0
1556679430 0
1556679431 0
1556679432 0
1556679433 0
1556679434 0
1556679435 0
1556679436 0
1556679437 0
1556679438 0
1556679439 0
1556679440 0
1556679441 0
1556679442 0
1556679443 0
1556679444 0
1556679445 0
1556679446 0
1556679447 0
1556679448 0
1556679449 0
1556679450 0
1556679451 0
1556679452 0
1556679453 0
1556679454 0
1556679455 0
1556679456 0
1556679457 0
1556679458 0
1556679459 0
1556679460 0
1556679461 0
1556679462 0
1556679463 0
1556679464 0
1556679465 0
1556679466 0
1556679467 0
1556679468 0
1556679469 0
1556679470 0
1556679471 0
1556679472 0
1556679473 0
1556679474 0
1556679475 0
1556679476 0
1556679477 0
1556679478 0
1556679479 0
1556679480 0
1556679481 0
1556679482 0
1556679483 0
1556679484 0
1556679485 0
1556679486 0
1556679487 0
1556679488 0
1556679489 0
1556679490 0
1556679491 0
1556679492 0
1556679493 0
1556679494 0
1556679495 0
1556679496 0
1556679497 0
1556679498 0
1556679499 0
1556679500 0
1556679501 0
1556679502 0
1556679503 0
1556679504 0
1556679505 0
1556679506 0
1556679507 0
1556679508 0
1556679509 0
1556679510 0
1556679511 0
1556679512 0
1556679513 0
1556679514 0
1556679515 0
1556679516 0
1556679517 0
1556679518 0
1556679519 0
1556679520 0
1556679521 0
1556679522 0
1556679523 0
1556679524 0
1556679525 0
1556679526 0
1556679527 0
1556679528 0
1556679529 0
1556679530 0
1556679531 0
1556679532 0
1556679533 0
1556679534 0
1556679535 0
1556679536 0
1556679537 0
1556679538 0
1556679539 0
1556679540 0
1556679541 0
1556679542 0
1556679543 0
1556679544 0
1556679545 0
1556679546 0
1556679547 0
1556679548 0
1556679549 0
1556679550 0
1556679551 0
1556679552 0
1556679553 0
1556679554 0
1556679555 0
1556679556 0
1556679557 0
1556679558 0
1556679559 0
1556679560 0
1556679561 0
1556679562 0
1556679563 0
1556679564 0
1556679565 0
1556679566 0
1556679567 0
1556679568 0
1556679569 0
1556679570 0
1556679571 0
1556679572 0
1556679573 0
1556679574 0
1556679575 0
1556679576 0
1556679577 0
1556679578 0
1556679579 0
1556679580 0
1556679581 0
1556679582 0
1556679583 0
1556679584 0
1556679585 0
1556679586 0
1556679587 0
1556679588 0
1556679589 0
1556679590 0
1556679591 0
1556679592 0
1556679593 0
1556679594 0
1556679595 0
1556679596 0
1556679597 0
1556679598 0
1556679599 0
1556679600 0
1556679601 0
1556679602 0
1556679603 0
1556679604 0
1556679605 0
1556679606 0
1556679607 0
1556679608 0
1556679609 0
1556679610 0
1556679611 0
1556679612 0
1556679613 0
1556679614 0
1556679615 0
1556679616 0
1556679617 0
1556679618 0
1556679619 0
1556679620 0
1556679621 0
1556679622 0
1556679623 0
1556679624 0
1556679625 0
1556679626 0
1556679627 0
1556679628 0
1556679629 0
1556679630 0
1556679631 0
1556679632 0
1556679633 0
1556679634 0
1556679635 0
1556679636 0
1556679637 0
1556679638 0
1556679639 0
1556679640 0
1556679641 0
1556679642 0
1556679643 0
1556679644 0
1556679645 0
1556679646 0
1556679647 0
1556679648 0
1556679649 0
1556679650 0
1556679651 0
1556679652 0
1556679653 0
1556679654 0
1556679655 0
1556679656 0
1556679657 0
1556679658 0
1556679659 0
1556679660 0
1556679661 0
1556679662 0
1556679663 0
1556679664 0
1556679665 0
1556679666 0
1556679667 0
1556679668 0
1556679669 0
1556679670 0
1556679671 0
1556679672 0
1556679673 0
1556679674 0
1556679675 0
1556679676 0
1556679677 0
1556679678 0
1556679679 0
1556679680 0
1556679681 0
1556679682 0
1556679683 0
1556679684 0
1556679685 0
1556679686 0
1556679687 0
1556679688 0
1556679689 0
1556679690 0
1556679691 0
1556679692 0
1556679693 0
1556679694 0
1556679695 0
1556679696 0
1556679697 0
1556679698 0
1556679699 0
1556679700 0
1556679701 0
1556679702 0
1556679703 0
1556679704 0
1556679705 0
1556679706 0
1556679707 0
1556679708 0
1556679709 0
1556679710 0
1556679711 0
1556679712 0
1556679713 0
1556679714 0
1556679715 0
1556679716 0
1556679717 0
1556679718 0
1556679719 0
1556679720 0
1556679721 0
1556679722 0
1556679723 0
1556679724 0
1556679725 0
1556679726 0
1556679727 0
1556679728 0
1556679729 0
1556679730 0
1556679731 0
1556679732 0
1556679733 0
1556679734 0
1556679735 0
1556679736 0
1556679737 0
1556679738 0
1556679739 0
1556679740 0
1556679741 0
1556679742 0
1556679743 0
1556679744 0
1556679745 0
1556679746 0
1556679747 0
1556679748 0
1556679749 0
1556679750 0
1556679751 0
1556679752 0
1556679753 0
1556679754 0
1556679755 0
1556679756 0
1556679757 0
1556679758 0
1556679759 0
1556679760 0
1556679761 0
1556679762 0
1556679763 0
1556679764 0
1556679765 0
1556679766 0
1556679767 0
1556679768 0
1556679769 0
1556679770 0
1556679771 0
1556679772 0
1556679773 0
1556679774 0
1556679775 0
1556679776 0
1556679777 0
1556679778 0
1556679779 0
1556679780 0
1556679781 0
1556679782 0
1556679783 0
1556679784 0
1556679785 0
1556679786 0
1556679787 0
1556679788 0
1556679789 0
1556679790 0
1556679791 0
1556679792 0
1556679793 0
1556679794 0
1556679795 0
1556679796 0
1556679797 0
1556679798 0
1556679799 0
1556679800 0
1556679801 0
1556679802 0
1556679803 0
1556679804 0
1556679805 0
1556679806 0
1556679807 0
1556679808 0
1556679809 0
1556679810 0
1556679811 0
1556679812 0
1556679813 0
1556679814 0
1556679815 0
1556679816 0
1556679817 0
1556679818 0
1556679819 0
1556679820 0
1556679821 0
1556679822 0
1556679823 0
1556679824 0
1556679825 0
1556679826 0
1556679827 0
1556679828 0
1556679829 0
1556679830 0
1556679831 0
1556679832 0
1556679833 0
1556679834 0
1556679835 0
1556679836 0
1556679837 0
1556679838 0
1556679839 0
1556679840 0
1556679841 0
1556679842 0
1556679843 0
1556679844 0
1556679845 0
1556679846 0
1556679847 0
1556679848 0
1556679849 0
1556679850 0
1556679851 0
1556679852 0
1556679853 0
1556679854 0
1556679855 0
1556679856 0
1556679857 0
1556679858 0
1556679859 0
1556679860 0
1556679861 0
1556679862 0
1556679863 0
1556679864 0
1556679865 0
1556679866 0
1556679867 0
1556679868 0
1556679869 0
1556679870 0
1556679871 0
1556679872 0
1556679873 0
1556679874 0
1556679875 0
1556679876 0
1556679877 0
1556679878 0
1556679879 0
1556679880 0
1556679881 0
1556679882 0
1556679883 0
1556679884 0
1556679885 0
1556679886 0
1556679887 0
1556679888 0
1556679889 0
1556679890 0
1556679891 0
1556679892 0
1556679893 0
1556679894 0
1556679895 0
1556679896 0
1556679897 0
1556679898 0
1556679899 0
1556679900 0
1556679901 0
1556679902 0
1556679903 0
1556679904 0
1556679905 0
1556679906 0
1556679907 0
1556679908 0
1556679909 0
1556679910 0
1556679911 0
1556679912 0
1556679913 0
1556679914 0
1556679915 0
1556679916 0
1556679917 0
1556679918 0
1556679919 0
1556679920 0
1556679921 0
1556679922 0
1556679923 0
1556679924 0
1556679925 0
1556679926 0
1556679927 0
1556679928 0
1556679929 0
1556679930 0
1556679931 0
1556679932 0
1556679933 0
1556679934 0
1556679935 0
1556679936 0
1556679937 0
1556679938 0
1556679939 0
1556679940 0
1556679941 0
1556679942 0
1556679943 0
1556679944 0
1556679945 0
1556679946 0
1556679947 0
1556679948 0
1556679949 0
1556679950 0
1556679951 0
1556679952 0
1556679953 0
1556679954 0
1556679955 0
1556679956 0
1556679957 0
1556679958 0
1556679959 0
1556679960 0
1556679961 0
1556679962 0
1556679963 0
1556679964 0
1556679965 0
1556679966 0
1556679967 0
1556679968 0
1556679969 0
1556679970 0
1556679971 0
1556679972 0
1556679973 0
1556679974 0
1556679975 0
1556679976 0
1556679977 0
1556679978 0
1556679979 0
1556679980 0
1556679981 0
1556679982 0
1556679983 0
1556679984 0
1556679985 0
1556679986 0
1556679987 0
1556679988 0
1556679989 0
1556679990 0
1556679991 0
1556679992 0
1556679993 0
1556679994 0
1556679995 0
1556679996 0
1556679997 0
1556679998 0
1556679999 0
1556680000 0
1556680001 0
1556680002 0
1556680003 0
1556680004 0
1556680005 0
1556680006 0
1556680007 0
1556680008 0
1556680009 0
1556680010 0
1556680011 0
1556680012 0
1556680013 0
1556680014 0
1556680015 0
1556680016 0
1556680017 0
1556680018 0
1556680019 0
1556680020 0
1556680021 0
1556680022 0
1556680023 0
1556680024 0
1556680025 0
1556680026 0
1556680027 0
1556680028 0
1556680029 0
1556680030 0
1556680031 0
1556680032 0
1556680033 0
1556680034 0
1556680035 0
1556680036 0
1556680037 0
1556680038 0
1556680039 0
1556680040 0
1556680041 0
1556680042 0
1556680043 0
1556680044 0
1556680045 0
1556680046 0
1556680047 0
1556680048 0
1556680049 0
1556680050 0
1556680051 0
1556680052 0
1556680053 0
1556680054 0
1556680055 0
1556680056 0
1556680057 0
1556680058 0
1556680059 0
1556680060 0
1556680061 0
1556680062 0
1556680063 0
1556680064 0
1556680065 0
1556680066 0
1556680067 0
1556680068 0
1556680069 0
1556680070 0
1556680071 0
1556680072 0
1556680073 0
1556680074 0
1556680075 0
1556680076 0
1556680077 0
1556680078 0
1556680079 0
1556680080 0
1556680081 0
1556680082 0
1556680083 0
1556680084 0
1556680085 0
1556680086 0
1556680087 0
1556680088 0
1556680089 0
1556680090 0
1556680091 0
1556680092 0
1556680093 0
1556680094 0
1556680095 0
1556680096 0
1556680097 0
1556680098 0
1556680099 0
1556680100 0
1556680101 0
1556680102 0
1556680103 0
1556680104 0
1556680105 0
1556680106 0
1556680107 0
1556680108 0
1556680109 0
1556680110 0
1556680111 0
1556680112 0
1556680113 0
1556680114 0
1556680115 0
1556680116 0
1556680117 0
1556680118 0
1556680119 0
1556680120 0
1556680121 0
1556680122 0
1556680123 0
1556680124 0
1556680125 0
1556680126 0
1556680127 0
1556680128 0
1556680129 0
1556680130 0
1556680131 0
1556680132 0
1556680133 0
1556680134 0
1556680135 0
1556680136 0
1556680137 0
1556680138 0
1556680139 0
1556680140 0
1556680141 0
1556680142 0
1556680143 0
1556680144 0
1556680145 0
1556680146 0
1556680147 0
1556680148 0
1556680149 0
1556680150 0
1556680151 0
1556680152 0
1556680153 0
1556680154 0
1556680155 0
1556680156 0
1556680157 0
1556680158 0
1556680159 0
1556680160 0
1556680161 0
1556680162 0
1556680163 0
1556680164 0
1556680165 0
1556680166 0
1556680167 0
1556680168 0
1556680169 0
1556680170 0
1556680171 0
1556680172 0
1556680173 0
1556680174 0
1556680175 0
1556680176 0
1556680177 0
1556680178 0
1556680179 0
1556680180 0
1556680181 0
1556680182 0
1556680183 0
1556680184 0
1556680185 0
1556680186 0
1556680187 0
1556680188 0
1556680189 0
1556680190 0
1556680191 0
1556680192 0
1556680193 0
1556680194 0
1556680195 0
1556680196 0
1556680197 0
1556680198 0
1556680199 0
1556680200 0
1556680201 0
1556680202 0
1556680203 0
1556680204 0
1556680205 0
1556680206 0
1556680207 0
1556680208 0
1556680209 0
1556680210 0
1556680211 0
1556680212 0
1556680213 0
1556680214 0
1556680215 0
1556680216 0
1556680217 0
1556680218 0
1556680219 0
1556680220 0
1556680221 0
1556680222 0
1556680223 0
1556680224 0
1556680225 0
1556680226 0
1556680227 0
1556680228 0
1556680229 0
1556680230 0
1556680231 0
1556680232 0
1556680233 0
1556680234 0
1556680235 0
1556680236 0
1556680237 0
1556680238 0
1556680239 0
1556680240 0
1556680241 0
1556680242 0
1556680243 0
1556680244 0
1556680245 0
1556680246 0
1556680247 0
1556680248 0
1556680249 0
1556680250 0
1556680251 0
1556680252 0
1556680253 0
1556680254 0
1556680255 0
1556680256 0
1556680257 0
1556680258 0
1556680259 0
1556680260 0
1556680261 0
1556680262 0
1556680263 0
1556680264 0
1556680265 0
1556680266 0
1556680267 0
1556680268 0
1556680269 0
1556680270 0
1556680271 0
1556680272 0
1556680273 0
1556680274 0
1556680275 0
1556680276 0
1556680277 0
1556680278 0
1556680279 0
1556680280 0
1556680281 0
1556680282 0
1556680283 0
1556680284 0
1556680285 0
1556680286 0
1556680287 0
1556680288 0
1556680289 0
1556680290 0
1556680291 0
1556680292 0
1556680293 0
1556680294 0
1556680295 0
1556680296 0
1556680297 0
1556680298 0
1556680299 0
1556680300 0
1556680301 0
1556680302 0
1556680303 0
1556680304 0
1556680305 0
1556680306 0
1556680307 0
1556680308 0
1556680309 0
1556680310 0
1556680311 0
1556680312 0
1556680313 0
1556680314 0
1556680315 0
1556680316 0
1556680317 0
1556680318 0
1556680319 0
1556680320 0
1556680321 0
1556680322 0
1556680323 0
1556680324 0
1556680325 0
1556680326 0
1556680327 0
1556680328 0
1556680329 0
1556680330 0
1556680331 0
1556680332 0
1556680333 0
1556680334 0
1556680335 0
1556680336 0
1556680337 0
1556680338 0
1556680339 0
1556680340 0
1556680341 0
1556680342 0
1556680343 0
1556680344 0
1556680345 0
1556680346 0
1556680347 0
1556680348 0
1556680349 0
1556680350 0
1556680351 0
1556680352 0
1556680353 0
1556680354 0
1556680355 0
1556680356 0
1556680357 0
1556680358 0
1556680359 0
1556680360 0
1556680361 0
1556680362 0
1556680363 0
1556680364 0
1556680365 0
1556680366 0
1556680367 0
1556680368 0
1556680369 0
1556680370 0
1556680371 0
1556680372 0
1556680373 0
1556680374 0
1556680375 0
1556680376 0
1556680377 0
1556680378 0
1556680379 0
1556680380 0
1556680381 0
1556680382 0
1556680383 0
1556680384 0
1556680385 0
1556680386 0
1556680387 0
1556680388 0
1556680389 0
1556680390 0
1556680391 0
1556680392 0
1556680393 0
1556680394 0
1556680395 0
1556680396 0
1556680397 0
1556680398 0
1556680399 0
1556680400 0
1556680401 0
1556680402 0
1556680403 0
1556680404 0
1556680405 0
1556680406 0
1556680407 0
1556680408 0
1556680409 0
1556680410 0
1556680411 0
1556680412 0
1556680413 0
1556680414 0
1556680415 0
1556680416 0
1556680417 0
1556680418 0
1556680419 0
1556680420 0
1556680421 0
1556680422 0
1556680423 0
1556680424 0
1556680425 0
1556680426 0
1556680427 0
1556680428 0
1556680429 0
1556680430 0
1556680431 0
1556680432 0
1556680433 0
1556680434 0
1556680435 0
1556680436 0
1556680437 0
1556680438 0
1556680439 0
1556680440 0
1556680441 0
1556680442 0
1556680443 0
1556680444 0
1556680445 0
1556680446 0
1556680447 0
1556680448 0
1556680449 0
1556680450 0
1556680451 0
1556680452 0
1556680453 0
1556680454 0
1556680455 0
1556680456 0
1556680457 0
1556680458 0
1556680459 0
1556680460 0
1556680461 0
1556680462 0
1556680463 0
1556680464 0
1556680465 0
1556680466 0
1556680467 0
1556680468 0
1556680469 0
1556680470 0
1556680471 0
1556680472 0
1556680473 0
1556680474 0
1556680475 0
1556680476 0
1556680477 0
1556680478 0
1556680479 0
1556680480 0
1556680481 0
1556680482 0
1556680483 0
1556680484 0
1556680485 0
1556680486 0
1556680487 0
1556680488 0
1556680489 0
1556680490 0
1556680491 0
1556680492 0
1556680493 0
1556680494 0
1556680495 0
1556680496 0
1556680497 0
1556680498 0
1556680499 0
1556680500 0
1556680501 0
1556680502 0
1556680503 0
1556680504 0
1556680505 0
1556680506 0
1556680507 0
1556680508 0
1556680509 0
1556680510 0
1556680511 0
1556680512 0
1556680513 0
1556680514 0
1556680515 0
1556680516 0
1556680517 0
1556680518 0
1556680519 0
1556680520 0
1556680521 0
1556680522 0
1556680523 0
1556680524 0
1556680525 0
1556680526 0
1556680527 0
1556680528 0
1556680529 0
1556680530 0
1556680531 0
1556680532 0
1556680533 0
1556680534 0
1556680535 0
1556680536 0
1556680537 0
1556680538 0
1556680539 0
1556680540 0
1556680541 0
1556680542 0
1556680543 0
1556680544 0
1556680545 0
1556680546 0
1556680547 0
1556680548 0
1556680549 0
1556680550 0
1556680551 0
1556680552 0
1556680553 0
1556680554 0
1556680555 0
1556680556 0
1556680557 0
1556680558 0
1556680559 0
1556680560 0
1556680561 0
1556680562 0
1556680563 0
1556680564 0
1556680565 0
1556680566 0
1556680567 0
1556680568 0
1556680569 0
1556680570 0
1556680571 0
1556680572 0
1556680573 0
1556680574 0
1556680575 0
1556680576 0
1556680577 0
1556680578 0
1556680579 0
1556680580 0
1556680581 0
1556680582 0
1556680583 0
1556680584 0
1556680585 0
1556680586 0
1556680587 0
1556680588 0
1556680589 0
1556680590 0
1556680591 0
1556680592 0
1556680593 0
1556680594 0
1556680595 0
1556680596 0
1556680597 0
1556680598 0
1556680599 0
1556680600 0
1556680601 0
1556680602 0
1556680603 0
1556680604 0
1556680605 0
1556680606 0
1556680607 0
1556680608 0
1556680609 0
1556680610 0
1556680611 0
1556680612 0
1556680613 0
1556680614 0
1556680615 0
1556680616 0
1556680617 0
1556680618 0
1556680619 0
1556680620 0
1556680621 0
1556680622 0
1556680623 0
1556680624 0
1556680625 0
1556680626 0
1556680627 0
1556680628 0
1556680629 0
1556680630 0
1556680631 0
1556680632 0
1556680633 0
1556680634 0
1556680635 0
1556680636 0
1556680637 0
1556680638 0
1556680639 0
1556680640 0
1556680641 0
1556680642 0
1556680643 0
1556680644 0
1556680645 0
1556680646 0
1556680647 0
1556680648 0
1556680649 0
1556680650 0
1556680651 0
1556680652 0
1556680653 0
1556680654 0
1556680655 0
1556680656 0
1556680657 0
1556680658 0
1556680659 0
1556680660 0
1556680661 0
1556680662 0
1556680663 0
1556680664 0
1556680665 0
1556680666 0
1556680667 0
1556680668 0
1556680669 0
1556680670 0
1556680671 0
1556680672 0
1556680673 0
1556680674 0
1556680675 0
1556680676 0
1556680677 0
1556680678 0
1556680679 0
1556680680 0
1556680681 0
1556680682 0
1556680683 0
1556680684 0
1556680685 0
1556680686 0
1556680687 0
1556680688 0
1556680689 0
1556680690 0
1556680691 0
1556680692 0
1556680693 0
1556680694 0
1556680695 0
1556680696 0
1556680697 0
1556680698 0
1556680699 0
1556680700 0
1556680701 0
1556680702 0
1556680703 0
1556680704 0
1556680705 0
1556680706 0
1556680707 0
1556680708 0
1556680709 0
1556680710 0
1556680711 0
1556680712 0
1556680713 0
1556680714 0
1556680715 0
1556680716 0
1556680717 0
1556680718 0
1556680719 0
1556680720 0
1556680721 0
1556680722 0
1556680723 0
1556680724 0
1556680725 0
1556680726 0
1556680727 0
1556680728 0
1556680729 0
1556680730 0
1556680731 0
1556680732 0
1556680733 0
1556680734 0
1556680735 0
1556680736 0
1556680737 0
1556680738 0
1556680739 0
1556680740 0
1556680741 0
1556680742 0
1556680743 0
1556680744 0
1556680745 0
1556680746 0
1556680747 0
1556680748 0
1556680749 0
1556680750 0
1556680751 0
1556680752 0
1556680753 0
1556680754 0
1556680755 0
1556680756 0
1556680757 0
1556680758 0
1556680759 0
1556680760 0
1556680761 0
1556680762 0
1556680763 0
1556680764 0
1556680765 0
1556680766 0
1556680767 0
1556680768 0
1556680769 0
1556680770 0
1556680771 0
1556680772 0
1556680773 0
1556680774 0
1556680775 0
1556680776 0
1556680777 0
1556680778 0
1556680779 0
1556680780 0
1556680781 0
1556680782 0
1556680783 0
1556680784 0
1556680785 0
1556680786 0
1556680787 0
1556680788 0
1556680789 0
1556680790 0
1556680791 0
1556680792 0
1556680793 0
1556680794 0
1556680795 0
1556680796 0
1556680797 0
1556680798 0
1556680799 0
1556680800 0
1556680801 0
1556680802 0
1556680803 0
1556680804 0
1556680805 0
1556680806 0
1556680807 0
1556680808 0
1556680809 0
1556680810 0
1556680811 0
1556680812 0
1556680813 0
1556680814 0
1556680815 0
1556680816 0
1556680817 0
1556680818 0
1556680819 0
1556680820 0
1556680821 0
1556680822 0
1556680823 0
1556680824 0
1556680825 0
1556680826 0
1556680827 0
1556680828 0
1556680829 0
1556680830 0
1556680831 0
1556680832 0
1556680833 0
1556680834 0
1556680835 0
1556680836 0
1556680837 0
1556680838 0
1556680839 0
1556680840 0
1556680841 0
1556680842 0
1556680843 0
1556680844 0
1556680845 0
1556680846 0
1556680847 0
1556680848 0
1556680849 0
1556680850 0
1556680851 0
1556680852 0
1556680853 0
1556680854 0
1556680855 0
1556680856 0
1556680857 0
1556680858 0
1556680859 0
1556680860 0
1556680861 0
1556680862 0
1556680863 0
1556680864 0
1556680865 0
1556680866 0
1556680867 0
1556680868 0
1556680869 0
1556680870 0
1556680871 0
1556680872 0
1556680873 0
1556680874 0
1556680875 0
1556680876 0
1556680877 0
1556680878 0
1556680879 0
1556680880 0
1556680881 0
1556680882 0
1556680883 0
1556680884 0
1556680885 0
1556680886 0
1556680887 0
1556680888 0
1556680889 0
1556680890 0
1556680891 0
1556680892 0
1556680893 0
1556680894 0
1556680895 0
1556680896 0
1556680897 0
1556680898 0
1556680899 0
1556680900 0
1556680901 0
1556680902 0
1556680903 0
1556680904 0
1556680905 0
1556680906 0
1556680907 0
1556680908 0
1556680909 0
1556680910 0
1556680911 0
1556680912 0
1556680913 0
1556680914 0
1556680915 0
1556680916 0
1556680917 0
1556680918 0
1556680919 0
1556680920 0
1556680921 0
1556680922 0
1556680923 0
1556680924 0
1556680925 0
1556680926 0
1556680927 0
1556680928 0
1556680929 0
1556680930 0
1556680931 0
1556680932 0
1556680933 0
1556680934 0
1556680935 0
1556680936 0
1556680937 0
1556680938 0
1556680939 0
1556680940 0
1556680941 0
1556680942 0
1556680943 0
1556680944 0
1556680945 0
1556680946 0
1556680947 0
1556680948 0
1556680949 0
1556680950 0
1556680951 0
1556680952 0
1556680953 0
1556680954 0
1556680955 0
1556680956 0
1556680957 0
1556680958 0
1556680959 0
1556680960 0
1556680961 0
1556680962 0
1556680963 0
1556680964 0
1556680965 0
1556680966 0
1556680967 0
1556680968 0
1556680969 0
1556680970 0
1556680971 0
1556680972 0
1556680973 0
1556680974 0
1556680975 0
1556680976 0
1556680977 0
1556680978 0
1556680979 0
1556680980 0
1556680981 0
1556680982 0
1556680983 0
1556680984 0
1556680985 0
1556680986 0
1556680987 0
1556680988 0
1556680989 0
1556680990 0
1556680991 0
1556680992 0
1556680993 0
1556680994 0
1556680995 0
1556680996 0
1556680997 0
1556680998 0
1556680999 0
1556681000 0
1556681001 0
1556681002 0
1556681003 0
1556681004 0
1556681005 0
1556681006 0
1556681007 0
1556681008 0
1556681009 0
1556681010 0
1556681011 0
1556681012 0
1556681013 0
1556681014 0
1556681015 0
1556681016 0
1556681017 0
1556681018 0
1556681019 0
1556681020 0
1556681021 0
1556681022 0
1556681023 0
1556681024 0
1556681025 0
1556681026 0
1556681027 0
1556681028 0
1556681029 0
1556681030 0
1556681031 0
1556681032 0
1556681033 0
1556681034 0
1556681035 0
1556681036 0
1556681037 0
1556681038 0
1556681039 0
1556681040 0
1556681041 0
1556681042 0
1556681043 0
1556681044 0
1556681045 0
1556681046 0
1556681047 0
1556681048 0
1556681049 0
1556681050 0
1556681051 0
1556681052 0
1556681053 0
1556681054 0
1556681055 0
1556681056 0
1556681057 0
1556681058 0
1556681059 0
1556681060 0
1556681061 0
1556681062 0
1556681063 0
1556681064 0
1556681065 0
1556681066 0
1556681067 0
1556681068 0
1556681069 0
1556681070 0
1556681071 0
1556681072 0
1556681073 0
1556681074 0
1556681075 0
1556681076 0
1556681077 0
1556681078 0
1556681079 0
1556681080 0
1556681081 0
1556681082 0
1556681083 0
1556681084 0
1556681085 0
1556681086 0
1556681087 0
1556681088 0
1556681089 0
1556681090 0
1556681091 0
1556681092 0
1556681093 0
1556681094 0
1556681095 0
1556681096 0
1556681097 0
1556681098 0
1556681099 0
1556681100 0
1556681101 0
1556681102 0
1556681103 0
1556681104 0
1556681105 0
1556681106 0
1556681107 0
1556681108 0
1556681109 0
1556681110 0
1556681111 0
1556681112 0
1556681113 0
1556681114 0
1556681115 0
1556681116 0
1556681117 0
1556681118 0
1556681119 0
1556681120 0
1556681121 0
1556681122 0
1556681123 0
1556681124 0
1556681125 0
1556681126 0
1556681127 0
1556681128 0
1556681129 0
1556681130 0
1556681131 0
1556681132 0
1556681133 0
1556681134 0
1556681135 0
1556681136 0
1556681137 0
1556681138 0
1556681139 0
1556681140 0
1556681141 0
1556681142 0
1556681143 0
1556681144 0
1556681145 0
1556681146 0
1556681147 0
1556681148 0
1556681149 0
1556681150 0
1556681151 0
1556681152 0
1556681153 0
1556681154 0
1556681155 0
1556681156 0
1556681157 0
1556681158 0
1556681159 0
1556681160 0
1556681161 0
1556681162 0
1556681163 0
1556681164 0
1556681165 0
1556681166 0
1556681167 0
1556681168 0
1556681169 0
1556681170 0
1556681171 0
1556681172 0
1556681173 0
1556681174 0
1556681175 0
1556681176 0
1556681177 0
1556681178 0
1556681179 0
1556681180 0
1556681181 0
1556681182 0
1556681183 0
1556681184 0
1556681185 0
1556681186 0
1556681187 0
1556681188 0
1556681189 0
1556681190 0
1556681191 0
1556681192 0
1556681193 0
1556681194 0
1556681195 0
1556681196 0
1556681197 0
1556681198 0
1556681199 0
1556681200 0
1556681201 0
1556681202 0
1556681203 0
1556681204 0
1556681205 0
1556681206 0
1556681207 0
1556681208 0
1556681209 0
1556681210 0
1556681211 0
1556681212 0
1556681213 0
1556681214 0
1556681215 0
1556681216 0
1556681217 0
1556681218 0
1556681219 0
1556681220 0
1556681221 0
1556681222 0
1556681223 0
1556681224 0
1556681225 0
1556681226 0
1556681227 0
1556681228 0
1556681229 0
1556681230 0
1556681231 0
1556681232 0
1556681233 0
1556681234 0
1556681235 0
1556681236 0
1556681237 0
1556681238 0
1556681239 0
1556681240 0
1556681241 0
1556681242 0
1556681243 0
1556681244 0
1556681245 0
1556681246 0
1556681247 0
1556681248 0
1556681249 0
1556681250 0
1556681251 0
1556681252 0
1556681253 0
1556681254 0
1556681255 0
1556681256 0
1556681257 0
1556681258 0
1556681259 0
1556681260 0
1556681261 0
1556681262 0
1556681263 0
1556681264 0
1556681265 0
1556681266 0
1556681267 0
1556681268 0
1556681269 0
1556681270 0
1556681271 0
1556681272 0
1556681273 0
1556681274 0
1556681275 0
1556681276 0
1556681277 0
1556681278 0
1556681279 0
1556681280 0
1556681281 0
1556681282 0
1556681283 0
1556681284 0
1556681285 0
1556681286 0
1556681287 0
1556681288 0
1556681289 0
1556681290 0
1556681291 0
1556681292 0
1556681293 0
1556681294 0
1556681295 0
1556681296 0
1556681297 0
1556681298 0
1556681299 0
1556681300 0
1556681301 0
1556681302 0
1556681303 0
1556681304 0
1556681305 0
1556681306 0
1556681307 0
1556681308 0
1556681309 0
1556681310 0
1556681311 0
1556681312 0
1556681313 0
1556681314 0
1556681315 0
1556681316 0
1556681317 0
1556681318 0
1556681319 0
1556681320 0
1556681321 0
1556681322 0
1556681323 0
1556681324 0
1556681325 0
1556681326 0
1556681327 0
1556681328 0
1556681329 0
1556681330 0
1556681331 0
1556681332 0
1556681333 0
1556681334 0
1556681335 0
1556681336 0
1556681337 0
1556681338 0
1556681339 0
1556681340 0
1556681341 0
1556681342 0
1556681343 0
1556681344 0
1556681345 0
1556681346 0
1556681347 0
1556681348 0
1556681349 0
1556681350 0
1556681351 0
1556681352 0
1556681353 0
1556681354 0
1556681355 0
1556681356 0
1556681357 0
1556681358 0
1556681359 0
1556681360 0
1556681361 0
1556681362 0
1556681363 0
1556681364 0
1556681365 0
1556681366 0
1556681367 0
1556681368 0
1556681369 0
1556681370 0
1556681371 0
1556681372 0
1556681373 0
1556681374 0
1556681375 0
1556681376 0
1556681377 0
1556681378 0
1556681379 0
1556681380 0
1556681381 0
1556681382 0
1556681383 0
1556681384 0
1556681385 0
1556681386 0
1556681387 0
1556681388 0
1556681389 0
1556681390 0
1556681391 0
1556681392 0
1556681393 0
1556681394 0
1556681395 0
1556681396 0
1556681397 0
1556681398 0
1556681399 0
1556681400 0
1556681401 0
1556681402 0
1556681403 0
1556681404 0
1556681405 0
1556681406 0
1556681407 0
1556681408 0
1556681409 0
1556681410 0
1556681411 0
1556681412 0
1556681413 0
1556681414 0
1556681415 0
1556681416 0
1556681417 0
1556681418 0
1556681419 0
1556681420 0
1556681421 0
1556681422 0
1556681423 0
1556681424 0
1556681425 0
1556681426 0
1556681427 0
1556681428 0
1556681429 0
1556681430 0
1556681431 0
1556681432 0
1556681433 0
1556681434 0
1556681435 0
1556681436 0
1556681437 0
1556681438 0
1556681439 0
1556681440 0
1556681441 0
1556681442 0
1556681443 0
1556681444 0
1556681445 0
1556681446 0
1556681447 0
1556681448 0
1556681449 0
1556681450 0
1556681451 0
1556681452 0
1556681453 0
1556681454 0
1556681455 0
1556681456 0
1556681457 0
1556681458 0
1556681459 0
1556681460 0
1556681461 0
1556681462 0
1556681463 0
1556681464 0
1556681465 0
1556681466 0
1556681467 0
1556681468 0
1556681469 0
1556681470 0
1556681471 0
1556681472 0
1556681473 0
1556681474 0
1556681475 0
1556681476 0
1556681477 0
1556681478 0
1556681479 0
1556681480 0
1556681481 0
1556681482 0
1556681483 0
1556681484 0
1556681485 0
1556681486 0
1556681487 0
1556681488 0
1556681489 0
1556681490 0
1556681491 0
1556681492 0
1556681493 0
1556681494 0
1556681495 0
1556681496 0
1556681497 0
1556681498 0
1556681499 0
1556681500 0
1556681501 0
1556681502 0
1556681503 0
1556681504 0
1556681505 0
1556681506 0
1556681507 0
1556681508 0
1556681509 0
1556681510 0
1556681511 0
1556681512 0
1556681513 0
1556681514 0
1556681515 0
1556681516 0
1556681517 0
1556681518 0
1556681519 0
1556681520 0
1556681521 0
1556681522 0
1556681523 0
1556681524 0
1556681525 0
1556681526 0
1556681527 0
1556681528 0
1556681529 0
1556681530 0
1556681531 0
1556681532 0
1556681533 0
1556681534 0
1556681535 0
1556681536 0
1556681537 0
1556681538 0
1556681539 0
1556681540 0
1556681541 0
1556681542 0
1556681543 0
1556681544 0
1556681545 0
1556681546 0
1556681547 0
1556681548 0
1556681549 0
1556681550 0
1556681551 0
1556681552 0
1556681553 0
1556681554 0
1556681555 0
1556681556 0
1556681557 0
1556681558 0
1556681559 0
1556681560 0
1556681561 0
1556681562 0
1556681563 0
1556681564 0
1556681565 0
1556681566 0
1556681567 0
1556681568 0
1556681569 0
1556681570 0
1556681571 0
1556681572 0
1556681573 0
1556681574 0
1556681575 0
1556681576 0
1556681577 0
1556681578 0
1556681579 0
1556681580 0
1556681581 0
1556681582 0
1556681583 0
1556681584 0
1556681585 0
1556681586 0
1556681587 0
1556681588 0
1556681589 0
1556681590 0
1556681591 0
1556681592 0
1556681593 0
1556681594 0
1556681595 0
1556681596 0
1556681597 0
1556681598 0
1556681599 0
1556681600 0
1556681601 0
1556681602 0
1556681603 0
1556681604 0
1556681605 0
1556681606 0
1556681607 0
1556681608 0
1556681609 0
1556681610 0
1556681611 0
1556681612 0
1556681613 0
1556681614 0
1556681615 0
1556681616 0
1556681617 0
1556681618 0
1556681619 0
1556681620 0
1556681621 0
1556681622 0
1556681623 0
1556681624 0
1556681625 0
1556681626 0
1556681627 0
1556681628 0
1556681629 0
1556681630 0
1556681631 0
1556681632 0
1556681633 0
1556681634 0
1556681635 0
1556681636 0
1556681637 0
1556681638 0
1556681639 0
1556681640 0
1556681641 0
1556681642 0
1556681643 0
1556681644 0
1556681645 0
1556681646 0
1556681647 0
1556681648 0
1556681649 0
1556681650 0
1556681651 0
1556681652 0
1556681653 0
1556681654 0
1556681655 0
1556681656 0
1556681657 0
1556681658 0
1556681659 0
1556681660 0
1556681661 0
1556681662 0
1556681663 0
1556681664 0
1556681665 0
1556681666 0
1556681667 0
1556681668 0
1556681669 0
1556681670 0
1556681671 0
1556681672 0
1556681673 0
1556681674 0
1556681675 0
1556681676 0
1556681677 0
1556681678 0
1556681679 0
1556681680 0
1556681681 0
1556681682 0
1556681683 0
1556681684 0
1556681685 0
1556681686 0
1556681687 0
1556681688 0
1556681689 0
1556681690 0
1556681691 0
1556681692 0
1556681693 0
1556681694 0
1556681695 0
1556681696 0
1556681697 0
1556681698 0
1556681699 0
1556681700 0
1556681701 0
1556681702 0
1556681703 0
1556681704 0
1556681705 0
1556681706 0
1556681707 0
1556681708 0
1556681709 0
1556681710 0
1556681711 0
1556681712 0
1556681713 0
1556681714 0
1556681715 0
1556681716 0
1556681717 0
1556681718 0
1556681719 0
1556681720 0
1556681721 0
1556681722 0
1556681723 0
1556681724 0
1556681725 0
1556681726 0
1556681727 0
1556681728 0
1556681729 0
1556681730 0
1556681731 0
1556681732 0
1556681733 0
1556681734 0
1556681735 0
1556681736 0
1556681737 0
1556681738 0
1556681739 0
1556681740 0
1556681741 0
1556681742 0
1556681743 0
1556681744 0
1556681745 0
1556681746 0
1556681747 0
1556681748 0
1556681749 0
1556681750 0
1556681751 0
1556681752 0
1556681753 0
1556681754 0
1556681755 0
1556681756 0
1556681757 0
1556681758 0
1556681759 0
1556681760 0
1556681761 0
1556681762 0
1556681763 0
1556681764 0
1556681765 0
1556681766 0
1556681767 0
1556681768 0
1556681769 0
1556681770 0
1556681771 0
1556681772 0
1556681773 0
1556681774 0
1556681775 0
1556681776 0
1556681777 0
1556681778 0
1556681779 0
1556681780 0
1556681781 0
1556681782 0
1556681783 0
1556681784 0
1556681785 0
1556681786 0
1556681787 0
1556681788 0
1556681789 0
1556681790 0
1556681791 0
1556681792 0
1556681793 0
1556681794 0
1556681795 0
1556681796 0
1556681797 0
1556681798 0
1556681799 0
1556681800 0
1556681801 0
1556681802 0
1556681803 0
1556681804 0
1556681805 0
1556681806 0
1556681807 0
1556681808 0
1556681809 0
1556681810 0
1556681811 0
1556681812 0
1556681813 0
1556681814 0
1556681815 0
1556681816 0
1556681817 0
1556681818 0
1556681819 0
1556681820 0
1556681821 0
1556681822 0
1556681823 0
1556681824 0
1556681825 0
1556681826 0
1556681827 0
1556681828 0
1556681829 0
1556681830 0
1556681831 0
1556681832 0
1556681833 0
1556681834 0
1556681835 0
1556681836 0
1556681837 0
1556681838 0
1556681839 0
1556681840 0
1556681841 0
1556681842 0
1556681843 0
1556681844 0
1556681845 0
1556681846 0
1556681847 0
1556681848 0
1556681849 0
1556681850 0
1556681851 0
1556681852 0
1556681853 0
1556681854 0
1556681855 0
1556681856 0
1556681857 0
1556681858 0
1556681859 0
1556681860 0
1556681861 0
1556681862 0
1556681863 0
1556681864 0
1556681865 0
1556681866 0
1556681867 0
1556681868 0
1556681869 0
1556681870 0
1556681871 0
1556681872 0
1556681873 0
1556681874 0
1556681875 0
1556681876 0
1556681877 0
1556681878 0
1556681879 0
1556681880 0
1556681881 0
1556681882 0
1556681883 0
1556681884 0
1556681885 0
1556681886 0
1556681887 0
1556681888 0
1556681889 0
1556681890 0
1556681891 0
1556681892 0
1556681893 0
1556681894 0
1556681895 0
1556681896 0
1556681897 0
1556681898 0
1556681899 0
1556681900 0
1556681901 0
1556681902 0
1556681903 0
1556681904 0
1556681905 0
1556681906 0
1556681907 0
1556681908 0
1556681909 0
1556681910 0
1556681911 0
1556681912 0
1556681913 0
1556681914 0
1556681915 0
1556681916 0
1556681917 0
1556681918 0
1556681919 0
1556681920 0
1556681921 0
1556681922 0
1556681923 0
1556681924 0
1556681925 0
1556681926 0
1556681927 0
1556681928 0
1556681929 0
1556681930 0
1556681931 0
1556681932 0
1556681933 0
1556681934 0
1556681935 0
1556681936 0
1556681937 0
1556681938 0
1556681939 0
1556681940 0
1556681941 0
1556681942 0
1556681943 0
1556681944 0
1556681945 0
1556681946 0
1556681947 0
1556681948 0
1556681949 0
1556681950 0
1556681951 0
1556681952 0
1556681953 0
1556681954 0
1556681955 0
1556681956 0
1556681957 0
1556681958 0
1556681959 0
1556681960 0
1556681961 0
1556681962 0
1556681963 0
1556681964 0
1556681965 0
1556681966 0
1556681967 0
1556681968 0
1556681969 0
1556681970 0
1556681971 0
1556681972 0
1556681973 0
1556681974 0
1556681975 0
1556681976 0
1556681977 0
1556681978 0
1556681979 0
1556681980 0
1556681981 0
1556681982 0
1556681983 0
1556681984 0
1556681985 0
1556681986 0
1556681987 0
1556681988 0
1556681989 0
1556681990 0
1556681991 0
1556681992 0
1556681993 0
1556681994 0
1556681995 0
1556681996 0
1556681997 0
1556681998 0
1556681999 0
1556682000 0
1556682001 0
1556682002 0
1556682003 0
1556682004 0
1556682005 0
1556682006 0
1556682007 0
1556682008 0
1556682009 0
1556682010 0
1556682011 0
1556682012 0
1556682013 0
1556682014 0
1556682015 0
1556682016 0
1556682017 0
1556682018 0
1556682019 0
1556682020 0
1556682021 0
1556682022 0
1556682023 0
1556682024 0
1556682025 0
1556682026 0
1556682027 0
1556682028 0
1556682029 0
1556682030 0
1556682031 0
1556682032 0
1556682033 0
1556682034 0
1556682035 0
1556682036 0
1556682037 0
1556682038 0
1556682039 0
1556682040 0
1556682041 0
1556682042 0
1556682043 0
1556682044 0
1556682045 0
1556682046 0
1556682047 0
1556682048 0
1556682049 0
1556682050 0
1556682051 0
1556682052 0
1556682053 0
1556682054 0
1556682055 0
1556682056 0
1556682057 0
1556682058 0
1556682059 0
1556682060 0
1556682061 0
1556682062 0
1556682063 0
1556682064 0
1556682065 0
1556682066 0
1556682067 0
1556682068 0
1556682069 0
1556682070 0
1556682071 0
1556682072 0
1556682073 0
1556682074 0
1556682075 0
1556682076 0
1556682077 0
1556682078 0
1556682079 0
1556682080 0
1556682081 0
1556682082 0
1556682083 0
1556682084 0
1556682085 0
1556682086 0
1556682087 0
1556682088 0
1556682089 0
1556682090 0
1556682091 0
1556682092 0
1556682093 0
1556682094 0
1556682095 0
1556682096 0
1556682097 0
1556682098 0
1556682099 0
1556682100 0
1556682101 0
1556682102 0
1556682103 0
1556682104 0
1556682105 0
1556682106 0
1556682107 0
1556682108 0
1556682109 0
1556682110 0
1556682111 0
1556682112 0
1556682113 0
1556682114 0
1556682115 0
1556682116 0
1556682117 0
1556682118 0
1556682119 0
1556682120 0
1556682121 0
1556682122 0
1556682123 0
1556682124 0
1556682125 0
1556682126 0
1556682127 0
1556682128 0
1556682129 0
1556682130 0
1556682131 0
1556682132 0
1556682133 0
1556682134 0
1556682135 0
1556682136 0
1556682137 0
1556682138 0
1556682139 0
1556682140 0
1556682141 0
1556682142 0
1556682143 0
1556682144 0
1556682145 0
1556682146 0
1556682147 0
1556682148 0
1556682149 0
1556682150 0
1556682151 0
1556682152 0
1556682153 0
1556682154 0
1556682155 0
1556682156 0
1556682157 0
1556682158 0
1556682159 0
1556682160 0
1556682161 0
1556682162 0
1556682163 0
1556682164 0
1556682165 0
1556682166 0
1556682167 0
1556682168 0
1556682169 0
1556682170 0
1556682171 0
1556682172 0
1556682173 0
1556682174 0
1556682175 0
1556682176 0
1556682177 0
1556682178 0
1556682179 0
1556682180 0
1556682181 0
1556682182 0
1556682183 0
1556682184 0
1556682185 0
1556682186 0
1556682187 0
1556682188 0
1556682189 0
1556682190 0
1556682191 0
1556682192 0
1556682193 0
1556682194 0
1556682195 0
1556682196 0
1556682197 0
1556682198 0
1556682199 0
1556682200 0
1556682201 0
1556682202 0
1556682203 0
1556682204 0
1556682205 0
1556682206 0
1556682207 0
1556682208 0
1556682209 0
1556682210 0
1556682211 0
1556682212 0
1556682213 0
1556682214 0
1556682215 0
1556682216 0
1556682217 0
1556682218 0
1556682219 0
1556682220 0
1556682221 0
1556682222 0
1556682223 0
1556682224 0
1556682225 0
1556682226 0
1556682227 0
1556682228 0
1556682229 0
1556682230 0
1556682231 0
1556682232 0
1556682233 0
1556682234 0
1556682235 0
1556682236 0
1556682237 0
1556682238 0
1556682239 0
1556682240 0
1556682241 0
1556682242 0
1556682243 0
1556682244 0
1556682245 0
1556682246 0
1556682247 0
1556682248 0
1556682249 0
1556682250 0
1556682251 0
1556682252 0
1556682253 0
1556682254 0
1556682255 0
1556682256 0
1556682257 0
1556682258 0
1556682259 0
1556682260 0
1556682261 0
1556682262 0
1556682263 0
1556682264 0
1556682265 0
1556682266 0
1556682267 0
1556682268 0
1556682269 0
1556682270 0
1556682271 0
1556682272 0
1556682273 0
1556682274 0
1556682275 0
1556682276 0
1556682277 0
1556682278 0
1556682279 0
1556682280 0
1556682281 0
1556682282 0
1556682283 0
1556682284 0
1556682285 0
1556682286 0
1556682287 0
1556682288 0
1556682289 0
1556682290 0
1556682291 0
1556682292 0
1556682293 0
1556682294 0
1556682295 0
1556682296 0
1556682297 0
1556682298 0
1556682299 0
1556682300 0
1556682301 0
1556682302 0
1556682303 0
1556682304 0
1556682305 0
1556682306 0
1556682307 0
1556682308 0
1556682309 0
1556682310 0
1556682311 0
1556682312 0
1556682313 0
1556682314 0
1556682315 0
1556682316 0
1556682317 0
1556682318 0
1556682319 0
1556682320 0
1556682321 0
1556682322 0
1556682323 0
1556682324 0
1556682325 0
1556682326 0
1556682327 0
1556682328 0
1556682329 0
1556682330 0
1556682331 0
1556682332 0
1556682333 0
1556682334 0
1556682335 0
1556682336 0
1556682337 0
1556682338 0
1556682339 0
1556682340 0
1556682341 0
1556682342 0
1556682343 0
1556682344 0
1556682345 0
1556682346 0
1556682347 0
1556682348 0
1556682349 0
1556682350 0
1556682351 0
1556682352 0
1556682353 0
1556682354 0
1556682355 0
1556682356 0
1556682357 0
1556682358 0
1556682359 0
1556682360 0
1556682361 0
1556682362 0
1556682363 0
1556682364 0
1556682365 0
1556682366 0
1556682367 0
1556682368 0
1556682369 0
1556682370 0
1556682371 0
1556682372 0
1556682373 0
1556682374 0
1556682375 0
1556682376 0
1556682377 0
1556682378 0
1556682379 0
1556682380 0
1556682381 0
1556682382 0
1556682383 0
1556682384 0
1556682385 0
1556682386 0
1556682387 0
1556682388 0
1556682389 0
1556682390 0
1556682391 0
1556682392 0
1556682393 0
1556682394 0
1556682395 0
1556682396 0
1556682397 0
1556682398 0
1556682399 0
1556682400 0
1556682401 0
1556682402 0
1556682403 0
1556682404 0
1556682405 0
1556682406 0
1556682407 0
1556682408 0
1556682409 0
1556682410 0
1556682411 0
1556682412 0
1556682413 0
1556682414 0
1556682415 0
1556682416 0
1556682417 0
1556682418 0
1556682419 0
1556682420 0
1556682421 0
1556682422 0
1556682423 0
1556682424 0
1556682425 0
1556682426 0
1556682427 0
1556682428 0
1556682429 0
1556682430 0
1556682431 0
1556682432 0
1556682433 0
1556682434 0
1556682435 0
1556682436 0
1556682437 0
1556682438 0
1556682439 0
1556682440 0
1556682441 0
1556682442 0
1556682443 0
1556682444 0
1556682445 0
1556682446 0
1556682447 0
1556682448 0
1556682449 0
1556682450 0
1556682451 0
1556682452 0
1556682453 0
1556682454 0
1556682455 0
1556682456 0
1556682457 0
1556682458 0
1556682459 0
1556682460 0
1556682461 0
1556682462 0
1556682463 0
1556682464 0
1556682465 0
1556682466 0
1556682467 0
1556682468 0
1556682469 0
1556682470 0
1556682471 0
1556682472 0
1556682473 0
1556682474 0
1556682475 0
1556682476 0
1556682477 0
1556682478 0
1556682479 0
1556682480 0
1556682481 0
1556682482 0
1556682483 0
1556682484 0
1556682485 0
1556682486 0
1556682487 0
1556682488 0
1556682489 0
1556682490 0
1556682491 0
1556682492 0
1556682493 0
1556682494 0
1556682495 0
1556682496 0
1556682497 0
1556682498 0
1556682499 0
1556682500 0
1556682501 0
1556682502 0
1556682503 0
1556682504 0
1556682505 0
1556682506 0
1556682507 0
1556682508 0
1556682509 0
1556682510 0
1556682511 0
1556682512 0
1556682513 0
1556682514 0
1556682515 0
1556682516 0
1556682517 0
1556682518 0
1556682519 0
1556682520 0
1556682521 0
1556682522 0
1556682523 0
1556682524 0
1556682525 0
1556682526 0
1556682527 0
1556682528 0
1556682529 0
1556682530 0
1556682531 0
1556682532 0
1556682533 0
1556682534 0
1556682535 0
1556682536 0
1556682537 0
1556682538 0
1556682539 0
1556682540 0
1556682541 0
1556682542 0
1556682543 0
1556682544 0
1556682545 0
1556682546 0
1556682547 0
1556682548 0
1556682549 0
1556682550 0
1556682551 0
1556682552 0
1556682553 0
1556682554 0
1556682555 0
1556682556 0
1556682557 0
1556682558 0
1556682559 0
1556682560 0
1556682561 0
1556682562 0
1556682563 0
1556682564 0
1556682565 0
1556682566 0
1556682567 0
1556682568 0
1556682569 0
1556682570 0
1556682571 0
1556682572 0
1556682573 0
1556682574 0
1556682575 0
1556682576 0
1556682577 0
1556682578 0
1556682579 0
1556682580 0
1556682581 0
1556682582 0
1556682583 0
1556682584 0
1556682585 0
1556682586 0
1556682587 0
1556682588 0
1556682589 0
1556682590 0
1556682591 0
1556682592 0
1556682593 0
1556682594 0
1556682595 0
1556682596 0
1556682597 0
1556682598 0
1556682599 0
1556682600 0
1556682601 0
1556682602 0
1556682603 0
1556682604 0
1556682605 0
1556682606 0
1556682607 0
1556682608 0
1556682609 0
1556682610 0
1556682611 0
1556682612 0
1556682613 0
1556682614 0
1556682615 0
1556682616 0
1556682617 0
1556682618 0
1556682619 0
1556682620 0
1556682621 0
1556682622 0
1556682623 0
1556682624 0
1556682625 0
1556682626 0
1556682627 0
1556682628 0
1556682629 0
1556682630 0
1556682631 0
1556682632 0
1556682633 0
1556682634 0
1556682635 0
1556682636 0
1556682637 0
1556682638 0
1556682639 0
1556682640 0
1556682641 0
1556682642 0
1556682643 0
1556682644 0
1556682645 0
1556682646 0
1556682647 0
1556682648 0
1556682649 0
1556682650 0
1556682651 0
1556682652 0
1556682653 0
1556682654 0
1556682655 0
1556682656 0
1556682657 0
1556682658 0
1556682659 0
1556682660 0
1556682661 0
1556682662 0
1556682663 0
1556682664 0
1556682665 0
1556682666 0
1556682667 0
1556682668 0
1556682669 0
1556682670 0
1556682671 0
1556682672 0
1556682673 0
1556682674 0
1556682675 0
1556682676 0
1556682677 0
1556682678 0
1556682679 0
1556682680 0
1556682681 0
1556682682 0
1556682683 0
1556682684 0
1556682685 0
1556682686 0
1556682687 0
1556682688 0
1556682689 0
1556682690 0
1556682691 0
1556682692 0
1556682693 0
1556682694 0
1556682695 0
1556682696 0
1556682697 0
1556682698 0
1556682699 0
1556682700 0
1556682701 0
1556682702 0
1556682703 0
1556682704 0
1556682705 0
1556682706 0
1556682707 0
1556682708 0
1556682709 0
1556682710 0
1556682711 0
1556682712 0
1556682713 0
1556682714 0
1556682715 0
1556682716 0
1556682717 0
1556682718 0
1556682719 0
1556682720 0
1556682721 0
1556682722 0
1556682723 0
1556682724 0
1556682725 0
1556682726 0
1556682727 0
1556682728 0
1556682729 0
1556682730 0
1556682731 0
1556682732 0
1556682733 0
1556682734 0
1556682735 0
1556682736 0
1556682737 0
1556682738 0
1556682739 0
1556682740 0
1556682741 0
1556682742 0
1556682743 0
1556682744 0
1556682745 0
1556682746 0
1556682747 0
1556682748 0
1556682749 0
1556682750 0
1556682751 0
1556682752 0
1556682753 0
1556682754 0
1556682755 0
1556682756 0
1556682757 0
1556682758 0
1556682759 0
1556682760 0
1556682761 0
1556682762 0
1556682763 0
1556682764 0
1556682765 0
1556682766 0
1556682767 0
1556682768 0
1556682769 0
1556682770 0
1556682771 0
1556682772 0
1556682773 0
1556682774 0
1556682775 0
1556682776 0
1556682777 0
1556682778 0
1556682779 0
1556682780 0
1556682781 0
1556682782 0
1556682783 0
1556682784 0
1556682785 0
1556682786 0
1556682787 0
1556682788 0
1556682789 0
1556682790 0
1556682791 0
1556682792 0
1556682793 0
1556682794 0
1556682795 0
1556682796 0
1556682797 0
1556682798 0
1556682799 0
1556682800 0
1556682801 0
1556682802 0
1556682803 0
1556682804 0
1556682805 0
1556682806 0
1556682807 0
1556682808 0
1556682809 0
1556682810 0
1556682811 0
1556682812 0
1556682813 0
1556682814 0
1556682815 0
1556682816 0
1556682817 0
1556682818 0
1556682819 0
1556682820 0
1556682821 0
1556682822 0
1556682823 0
1556682824 0
1556682825 0
1556682826 0
1556682827 0
1556682828 0
1556682829 0
1556682830 0
1556682831 0
1556682832 0
1556682833 0
1556682834 0
1556682835 0
1556682836 0
1556682837 0
1556682838 0
1556682839 0
1556682840 0
1556682841 0
1556682842 0
1556682843 0
1556682844 0
1556682845 0
1556682846 0
1556682847 0
1556682848 0
1556682849 0
1556682850 0
1556682851 0
1556682852 0
1556682853 0
1556682854 0
1556682855 0
1556682856 0
1556682857 0
1556682858 0
1556682859 0
1556682860 0
1556682861 0
1556682862 0
1556682863 0
1556682864 0
1556682865 0
1556682866 0
1556682867 0
1556682868 0
1556682869 0
1556682870 0
1556682871 0
1556682872 0
1556682873 0
1556682874 0
1556682875 0
1556682876 0
1556682877 0
1556682878 0
1556682879 0
1556682880 0
1556682881 0
1556682882 0
1556682883 0
1556682884 0
1556682885 0
1556682886 0
1556682887 0
1556682888 0
1556682889 0
1556682890 0
1556682891 0
1556682892 0
1556682893 0
1556682894 0
1556682895 0
1556682896 0
1556682897 0
1556682898 0
1556682899 0
1556682900 0
1556682901 0
1556682902 0
1556682903 0
1556682904 0
1556682905 0
1556682906 0
1556682907 0
1556682908 0
1556682909 0
1556682910 0
1556682911 0
1556682912 0
1556682913 0
1556682914 0
1556682915 0
1556682916 0
1556682917 0
1556682918 0
1556682919 0
1556682920 0
1556682921 0
1556682922 0
1556682923 0
1556682924 0
1556682925 0
1556682926 0
1556682927 0
1556682928 0
1556682929 0
1556682930 0
1556682931 0
1556682932 0
1556682933 0
1556682934 0
1556682935 0
1556682936 0
1556682937 0
1556682938 0
1556682939 0
1556682940 0
1556682941 0
1556682942 0
1556682943 0
1556682944 0
1556682945 0
1556682946 0
1556682947 0
1556682948 0
1556682949 0
1556682950 0
1556682951 0
1556682952 0
1556682953 0
1556682954 0
1556682955 0
1556682956 0
1556682957 0
1556682958 0
1556682959 0
1556682960 0
1556682961 0
1556682962 0
1556682963 0
1556682964 0
1556682965 0
1556682966 0
1556682967 0
1556682968 0
1556682969 0
1556682970 0
1556682971 0
1556682972 0
1556682973 0
1556682974 0
1556682975 0
1556682976 0
1556682977 0
1556682978 0
1556682979 0
1556682980 0
1556682981 0
1556682982 0
1556682983 0
1556682984 0
1556682985 0
1556682986 0
1556682987 0
1556682988 0
1556682989 0
1556682990 0
1556682991 0
1556682992 0
1556682993 0
1556682994 0
1556682995 0
1556682996 0
1556682997 0
1556682998 0
1556682999 0
1556683000 0
1556683001 0
1556683002 0
1556683003 0
1556683004 0
1556683005 0
1556683006 0
1556683007 0
1556683008 0
1556683009 0
1556683010 0
1556683011 0
1556683012 0
1556683013 0
1556683014 0
1556683015 0
1556683016 0
1556683017 0
1556683018 0
1556683019 0
1556683020 0
1556683021 0
1556683022 0
1556683023 0
1556683024 0
1556683025 0
1556683026 0
1556683027 0
1556683028 0
1556683029 0
1556683030 0
1556683031 0
1556683032 0
1556683033 0
1556683034 0
1556683035 0
1556683036 0
1556683037 0
1556683038 0
1556683039 0
1556683040 0
1556683041 0
1556683042 0
1556683043 0
1556683044 0
1556683045 0
1556683046 0
1556683047 0
1556683048 0
1556683049 0
1556683050 0
1556683051 0
1556683052 0
1556683053 0
1556683054 0
1556683055 0
1556683056 0
1556683057 0
1556683058 0
1556683059 0
1556683060 0
1556683061 0
1556683062 0
1556683063 0
1556683064 0
1556683065 0
1556683066 0
1556683067 0
1556683068 0
1556683069 0
1556683070 0
1556683071 0
1556683072 0
1556683073 0
1556683074 0
1556683075 0
1556683076 0
1556683077 0
1556683078 0
1556683079 0
1556683080 0
1556683081 0
1556683082 0
1556683083 0
1556683084 0
1556683085 0
1556683086 0
1556683087 0
1556683088 0
1556683089 0
1556683090 0
1556683091 0
1556683092 0
1556683093 0
1556683094 0
1556683095 0
1556683096 0
1556683097 0
1556683098 0
1556683099 0
1556683100 0
1556683101 0
1556683102 0
1556683103 0
1556683104 0
1556683105 0
1556683106 0
1556683107 0
1556683108 0
1556683109 0
1556683110 0
1556683111 0
1556683112 0
1556683113 0
1556683114 0
1556683115 0
1556683116 0
1556683117 0
1556683118 0
1556683119 0
1556683120 0
1556683121 0
1556683122 0
1556683123 0
1556683124 0
1556683125 0
1556683126 0
1556683127 0
1556683128 0
1556683129 0
1556683130 0
1556683131 0
1556683132 0
1556683133 0
1556683134 0
1556683135 0
1556683136 0
1556683137 0
1556683138 0
1556683139 0
1556683140 0
1556683141 0
1556683142 0
1556683143 0
1556683144 0
1556683145 0
1556683146 0
1556683147 0
1556683148 0
1556683149 0
1556683150 0
1556683151 0
1556683152 0
1556683153 0
1556683154 0
1556683155 0
1556683156 0
1556683157 0
1556683158 0
1556683159 0
1556683160 0
1556683161 0
1556683162 0
1556683163 0
1556683164 0
1556683165 0
1556683166 0
1556683167 0
1556683168 0
1556683169 0
1556683170 0
1556683171 0
1556683172 0
1556683173 0
1556683174 0
1556683175 0
1556683176 0
1556683177 0
1556683178 0
1556683179 0
1556683180 0
1556683181 0
1556683182 0
1556683183 0
1556683184 0
1556683185 0
1556683186 0
1556683187 0
1556683188 0
1556683189 0
1556683190 0
1556683191 0
1556683192 0
1556683193 0
1556683194 0
1556683195 0
1556683196 0
1556683197 0
1556683198 0
1556683199 0
1556683200 0
1556683201 0
1556683202 0
1556683203 0
1556683204 0
1556683205 0
1556683206 0
1556683207 0
1556683208 0
1556683209 0
1556683210 0
1556683211 0
1556683212 0
1556683213 0
1556683214 0
1556683215 0
1556683216 0
1556683217 0
1556683218 0
1556683219 0
1556683220 0
1556683221 0
1556683222 0
1556683223 0
1556683224 0
1556683225 0
1556683226 0
1556683227 0
1556683228 0
1556683229 0
1556683230 0
1556683231 0
1556683232 0
1556683233 0
1556683234 0
1556683235 0
1556683236 0
1556683237 0
1556683238 0
1556683239 0
1556683240 0
1556683241 0
1556683242 0
1556683243 0
1556683244 0
1556683245 0
1556683246 0
1556683247 0
1556683248 0
1556683249 0
1556683250 0
1556683251 0
1556683252 0
1556683253 0
1556683254 0
1556683255 0
1556683256 0
1556683257 0
1556683258 0
1556683259 0
1556683260 0
1556683261 0
1556683262 0
1556683263 0
1556683264 0
1556683265 0
1556683266 0
1556683267 0
1556683268 0
1556683269 0
1556683270 0
1556683271 0
1556683272 0
1556683273 0
1556683274 0
1556683275 0
1556683276 0
1556683277 0
1556683278 0
1556683279 0
1556683280 0
1556683281 0
1556683282 0
1556683283 0
1556683284 0
1556683285 0
1556683286 0
1556683287 0
1556683288 0
1556683289 0
1556683290 0
1556683291 0
1556683292 0
1556683293 0
1556683294 0
1556683295 0
1556683296 0
1556683297 0
1556683298 0
1556683299 0
1556683300 0
1556683301 0
1556683302 0
1556683303 0
1556683304 0
1556683305 0
1556683306 0
1556683307 0
1556683308 0
1556683309 0
1556683310 0
1556683311 0
1556683312 0
1556683313 0
1556683314 0
1556683315 0
1556683316 0
1556683317 0
1556683318 0
1556683319 0
1556683320 0
1556683321 0
1556683322 0
1556683323 0
1556683324 0
1556683325 0
1556683326 0
1556683327 0
1556683328 0
1556683329 0
1556683330 0
1556683331 0
1556683332 0
1556683333 0
1556683334 0
1556683335 0
1556683336 0
1556683337 0
1556683338 0
1556683339 0
1556683340 0
1556683341 0
1556683342 0
1556683343 0
1556683344 0
1556683345 0
1556683346 0
1556683347 0
1556683348 0
1556683349 0
1556683350 0
1556683351 0
1556683352 0
1556683353 0
1556683354 0
1556683355 0
1556683356 0
1556683357 0
1556683358 0
1556683359 0
1556683360 0
1556683361 0
1556683362 0
1556683363 0
1556683364 0
1556683365 0
1556683366 0
1556683367 0
1556683368 0
1556683369 0
1556683370 0
1556683371 0
1556683372 0
1556683373 0
1556683374 0
1556683375 0
1556683376 0
1556683377 0
1556683378 0
1556683379 0
1556683380 0
1556683381 0
1556683382 0
1556683383 0
1556683384 0
1556683385 0
1556683386 0
1556683387 0
1556683388 0
1556683389 0
1556683390 0
1556683391 0
1556683392 0
1556683393 0
1556683394 0
1556683395 0
1556683396 0
1556683397 0
1556683398 0
1556683399 0
1556683400 0
1556683401 0
1556683402 0
1556683403 0
1556683404 0
1556683405 0
1556683406 0
1556683407 0
1556683408 0
1556683409 0
1556683410 0
1556683411 0
1556683412 0
1556683413 0
1556683414 0
1556683415 0
1556683416 0
1556683417 0
1556683418 0
1556683419 0
1556683420 0
1556683421 0
1556683422 0
1556683423 0
1556683424 0
1556683425 0
1556683426 0
1556683427 0
1556683428 0
1556683429 0
1556683430 0
1556683431 0
1556683432 0
1556683433 0
1556683434 0
1556683435 0
1556683436 0
1556683437 0
1556683438 0
1556683439 0
1556683440 0
1556683441 0
1556683442 0
1556683443 0
1556683444 0
1556683445 0
1556683446 0
1556683447 0
1556683448 0
1556683449 0
1556683450 0
1556683451 0
1556683452 0
1556683453 0
1556683454 0
1556683455 0
1556683456 0
1556683457 0
1556683458 0
1556683459 0
1556683460 0
1556683461 0
1556683462 0
1556683463 0
1556683464 0
1556683465 0
1556683466 0
1556683467 0
1556683468 0
1556683469 0
1556683470 0
1556683471 0
1556683472 0
1556683473 0
1556683474 0
1556683475 0
1556683476 0
1556683477 0
1556683478 0
1556683479 0
1556683480 0
1556683481 0
1556683482 0
1556683483 0
1556683484 0
1556683485 0
1556683486 0
1556683487 0
1556683488 0
1556683489 0
1556683490 0
1556683491 0
1556683492 0
1556683493 0
1556683494 0
1556683495 0
1556683496 0
1556683497 0
1556683498 0
1556683499 0
1556683500 0
1556683501 0
1556683502 0
1556683503 0
1556683504 0
1556683505 0
1556683506 0
1556683507 0
1556683508 0
1556683509 0
1556683510 0
1556683511 0
1556683512 0
1556683513 0
1556683514 0
1556683515 0
1556683516 0
1556683517 0
1556683518 0
1556683519 0
1556683520 0
1556683521 0
1556683522 0
1556683523 0
1556683524 0
1556683525 0
1556683526 0
1556683527 0
1556683528 0
1556683529 0
1556683530 0
1556683531 0
1556683532 0
1556683533 0
1556683534 0
1556683535 0
1556683536 0
1556683537 0
1556683538 0
1556683539 0
1556683540 0
1556683541 0
1556683542 0
1556683543 0
1556683544 0
1556683545 0
1556683546 0
1556683547 0
1556683548 0
1556683549 0
1556683550 0
1556683551 0
1556683552 0
1556683553 0
1556683554 0
1556683555 0
1556683556 0
1556683557 0
1556683558 0
1556683559 0
1556683560 0
1556683561 0
1556683562 0
1556683563 0
1556683564 0
1556683565 0
1556683566 0
1556683567 0
1556683568 0
1556683569 0
1556683570 0
1556683571 0
1556683572 0
1556683573 0
1556683574 0
1556683575 0
1556683576 0
1556683577 0
1556683578 0
1556683579 0
1556683580 0
1556683581 0
1556683582 0
1556683583 0
1556683584 0
1556683585 0
1556683586 0
1556683587 0
1556683588 0
1556683589 0
1556683590 0
1556683591 0
1556683592 0
1556683593 0
1556683594 0
1556683595 0
1556683596 0
1556683597 0
1556683598 0
1556683599 0
1556683600 0
1556683601 0
1556683602 0
1556683603 0
1556683604 0
1556683605 0
1556683606 0
1556683607 0
1556683608 0
1556683609 0
1556683610 0
1556683611 0
1556683612 0
1556683613 0
1556683614 0
1556683615 0
1556683616 0
1556683617 0
1556683618 0
1556683619 0
1556683620 0
1556683621 0
1556683622 0
1556683623 0
1556683624 0
1556683625 0
1556683626 0
1556683627 0
1556683628 0
1556683629 0
1556683630 0
1556683631 0
1556683632 0
1556683633 0
1556683634 0
1556683635 0
1556683636 0
1556683637 0
1556683638 0
1556683639 0
1556683640 0
1556683641 0
1556683642 0
1556683643 0
1556683644 0
1556683645 0
1556683646 0
1556683647 0
1556683648 0
1556683649 0
1556683650 0
1556683651 0
1556683652 0
1556683653 0
1556683654 0
1556683655 0
1556683656 0
1556683657 0
1556683658 0
1556683659 0
1556683660 0
1556683661 0
1556683662 0
1556683663 0
1556683664 0
1556683665 0
1556683666 0
1556683667 0
1556683668 0
1556683669 0
1556683670 0
1556683671 0
1556683672 0
1556683673 0
1556683674 0
1556683675 0
1556683676 0
1556683677 0
1556683678 0
1556683679 0
1556683680 0
1556683681 0
1556683682 0
1556683683 0
1556683684 0
1556683685 0
1556683686 0
1556683687 0
1556683688 0
1556683689 0
1556683690 0
1556683691 0
1556683692 0
1556683693 0
1556683694 0
1556683695 0
1556683696 0
1556683697 0
1556683698 0
1556683699 0
1556683700 0
1556683701 0
1556683702 0
1556683703 0
1556683704 0
1556683705 0
1556683706 0
1556683707 0
1556683708 0
1556683709 0
1556683710 0
1556683711 0
1556683712 0
1556683713 0
1556683714 0
1556683715 0
1556683716 0
1556683717 0
1556683718 0
1556683719 0
1556683720 0
1556683721 0
1556683722 0
1556683723 0
1556683724 0
1556683725 0
1556683726 0
1556683727 0
1556683728 0
1556683729 0
1556683730 0
1556683731 0
1556683732 0
1556683733 0
1556683734 0
1556683735 0
1556683736 0
1556683737 0
1556683738 0
1556683739 0
1556683740 0
1556683741 0
1556683742 0
1556683743 0
1556683744 0
1556683745 0
1556683746 0
1556683747 0
1556683748 0
1556683749 0
1556683750 0
1556683751 0
1556683752 0
1556683753 0
1556683754 0
1556683755 0
1556683756 0
1556683757 0
1556683758 0
1556683759 0
1556683760 0
1556683761 0
1556683762 0
1556683763 0
1556683764 0
1556683765 0
1556683766 0
1556683767 0
1556683768 0
1556683769 0
1556683770 0
1556683771 0
1556683772 0
1556683773 0
1556683774 0
1556683775 0
1556683776 0
1556683777 0
1556683778 0
1556683779 0
1556683780 0
1556683781 0
1556683782 0
1556683783 0
1556683784 0
1556683785 0
1556683786 0
1556683787 0
1556683788 0
1556683789 0
1556683790 0
1556683791 0
1556683792 0
1556683793 0
1556683794 0
1556683795 0
1556683796 0
1556683797 0
1556683798 0
1556683799 0
1556683800 0
1556683801 0
1556683802 0
1556683803 0
1556683804 0
1556683805 0
1556683806 0
1556683807 0
1556683808 0
1556683809 0
1556683810 0
1556683811 0
1556683812 0
1556683813 0
1556683814 0
1556683815 0
1556683816 0
1556683817 0
1556683818 0
1556683819 0
1556683820 0
1556683821 0
1556683822 0
1556683823 0
1556683824 0
1556683825 0
1556683826 0
1556683827 0
1556683828 0
1556683829 0
1556683830 0
1556683831 0
1556683832 0
1556683833 0
1556683834 0
1556683835 0
1556683836 0
1556683837 0
1556683838 0
1556683839 0
1556683840 0
1556683841 0
1556683842 0
1556683843 0
1556683844 0
1556683845 0
1556683846 0
1556683847 0
1556683848 0
1556683849 0
1556683850 0
1556683851 0
1556683852 0
1556683853 0
1556683854 0
1556683855 0
1556683856 0
1556683857 0
1556683858 0
1556683859 0
1556683860 0
1556683861 0
1556683862 0
1556683863 0
1556683864 0
1556683865 0
1556683866 0
1556683867 0
1556683868 0
1556683869 0
1556683870 0
1556683871 0
1556683872 0
1556683873 0
1556683874 0
1556683875 0
1556683876 0
1556683877 0
1556683878 0
1556683879 0
1556683880 0
1556683881 0
1556683882 0
1556683883 0
1556683884 0
1556683885 0
1556683886 0
1556683887 0
1556683888 0
1556683889 0
1556683890 0
1556683891 0
1556683892 0
1556683893 0
1556683894 0
1556683895 0
1556683896 0
1556683897 0
1556683898 0
1556683899 0
1556683900 0
1556683901 0
1556683902 0
1556683903 0
1556683904 0
1556683905 0
1556683906 0
1556683907 0
1556683908 0
1556683909 0
1556683910 0
1556683911 0
1556683912 0
1556683913 0
1556683914 0
1556683915 0
1556683916 0
1556683917 0
1556683918 0
1556683919 0
1556683920 0
1556683921 0
1556683922 0
1556683923 0
1556683924 0
1556683925 0
1556683926 0
1556683927 0
1556683928 0
1556683929 0
1556683930 0
1556683931 0
1556683932 0
1556683933 0
1556683934 0
1556683935 0
1556683936 0
1556683937 0
1556683938 0
1556683939 0
1556683940 0
1556683941 0
1556683942 0
1556683943 0
1556683944 0
1556683945 0
1556683946 0
1556683947 0
1556683948 0
1556683949 0
1556683950 0
1556683951 0
1556683952 0
1556683953 0
1556683954 0
1556683955 0
1556683956 0
1556683957 0
1556683958 0
1556683959 0
1556683960 0
1556683961 0
1556683962 0
1556683963 0
1556683964 0
1556683965 0
1556683966 0
1556683967 0
1556683968 0
1556683969 0
1556683970 0
1556683971 0
1556683972 0
1556683973 0
1556683974 0
1556683975 0
1556683976 0
1556683977 0
1556683978 0
1556683979 0
1556683980 0
1556683981 0
1556683982 0
1556683983 0
1556683984 0
1556683985 0
1556683986 0
1556683987 0
1556683988 0
1556683989 0
1556683990 0
1556683991 0
1556683992 0
1556683993 0
1556683994 0
1556683995 0
1556683996 0
1556683997 0
1556683998 0
1556683999 0
1556684000 0
1556684001 0
1556684002 0
1556684003 0
1556684004 0
1556684005 0
1556684006 0
1556684007 0
1556684008 0
1556684009 0
1556684010 0
1556684011 0
1556684012 0
1556684013 0
1556684014 0
1556684015 0
1556684016 0
1556684017 0
1556684018 0
1556684019 0
1556684020 0
1556684021 0
1556684022 0
1556684023 0
1556684024 0
1556684025 0
1556684026 0
1556684027 0
1556684028 0
1556684029 0
1556684030 0
1556684031 0
1556684032 0
1556684033 0
1556684034 0
1556684035 0
1556684036 0
1556684037 0
1556684038 0
1556684039 0
1556684040 0
1556684041 0
1556684042 0
1556684043 0
1556684044 0
1556684045 0
1556684046 0
1556684047 0
1556684048 0
1556684049 0
1556684050 0
1556684051 0
1556684052 0
1556684053 0
1556684054 0
1556684055 0
1556684056 0
1556684057 0
1556684058 0
1556684059 0
1556684060 0
1556684061 0
1556684062 0
1556684063 0
1556684064 0
1556684065 0
1556684066 0
1556684067 0
1556684068 0
1556684069 0
1556684070 0
1556684071 0
1556684072 0
1556684073 0
1556684074 0
1556684075 0
1556684076 0
1556684077 0
1556684078 0
1556684079 0
1556684080 0
1556684081 0
1556684082 0
1556684083 0
1556684084 0
1556684085 0
1556684086 0
1556684087 0
1556684088 0
1556684089 0
1556684090 0
1556684091 0
1556684092 0
1556684093 0
1556684094 0
1556684095 0
1556684096 0
1556684097 0
1556684098 0
1556684099 0
1556684100 0
1556684101 0
1556684102 0
1556684103 0
1556684104 0
1556684105 0
1556684106 0
1556684107 0
1556684108 0
1556684109 0
1556684110 0
1556684111 0
1556684112 0
1556684113 0
1556684114 0
1556684115 0
1556684116 0
1556684117 0
1556684118 0
1556684119 0
1556684120 0
1556684121 0
1556684122 0
1556684123 0
1556684124 0
1556684125 0
1556684126 0
1556684127 0
1556684128 0
1556684129 0
1556684130 0
1556684131 0
1556684132 0
1556684133 0
1556684134 0
1556684135 0
1556684136 0
1556684137 0
1556684138 0
1556684139 0
1556684140 0
1556684141 0
1556684142 0
1556684143 0
1556684144 0
1556684145 0
1556684146 0
1556684147 0
1556684148 0
1556684149 0
1556684150 0
1556684151 0
1556684152 0
1556684153 0
1556684154 0
1556684155 0
1556684156 0
1556684157 0
1556684158 0
1556684159 0
1556684160 0
1556684161 0
1556684162 0
1556684163 0
1556684164 0
1556684165 0
1556684166 0
1556684167 0
1556684168 0
1556684169 0
1556684170 0
1556684171 0
1556684172 0
1556684173 0
1556684174 0
1556684175 0
1556684176 0
1556684177 0
1556684178 0
1556684179 0
1556684180 0
1556684181 0
1556684182 0
1556684183 0
1556684184 0
1556684185 0
1556684186 0
1556684187 0
1556684188 0
1556684189 0
1556684190 0
1556684191 0
1556684192 0
1556684193 0
1556684194 0
1556684195 0
1556684196 0
1556684197 0
1556684198 0
1556684199 0
1556684200 0
1556684201 0
1556684202 0
1556684203 0
1556684204 0
1556684205 0
1556684206 0
1556684207 0
1556684208 0
1556684209 0
1556684210 0
1556684211 0
1556684212 0
1556684213 0
1556684214 0
1556684215 0
1556684216 0
1556684217 0
1556684218 0
1556684219 0
1556684220 0
1556684221 0
1556684222 0
1556684223 0
1556684224 0
1556684225 0
1556684226 0
1556684227 0
1556684228 0
1556684229 0
1556684230 0
1556684231 0
1556684232 0
1556684233 0
1556684234 0
1556684235 0
1556684236 0
1556684237 0
1556684238 0
1556684239 0
1556684240 0
1556684241 0
1556684242 0
1556684243 0
1556684244 0
1556684245 0
1556684246 0
1556684247 0
1556684248 0
1556684249 0
1556684250 0
1556684251 0
1556684252 0
1556684253 0
1556684254 0
1556684255 0
1556684256 0
1556684257 0
1556684258 0
1556684259 0
1556684260 0
1556684261 0
1556684262 0
1556684263 0
1556684264 0
1556684265 0
1556684266 0
1556684267 0
1556684268 0
1556684269 0
1556684270 0
1556684271 0
1556684272 0
1556684273 0
1556684274 0
1556684275 0
1556684276 0
1556684277 0
1556684278 0
1556684279 0
1556684280 0
1556684281 0
1556684282 0
1556684283 0
1556684284 0
1556684285 0
1556684286 0
1556684287 0
1556684288 0
1556684289 0
1556684290 0
1556684291 0
1556684292 0
1556684293 0
1556684294 0
1556684295 0
1556684296 0
1556684297 0
1556684298 0
1556684299 0
1556684300 0
1556684301 0
1556684302 0
1556684303 0
1556684304 0
1556684305 0
1556684306 0
1556684307 0
1556684308 0
1556684309 0
1556684310 0
1556684311 0
1556684312 0
1556684313 0
1556684314 0
1556684315 0
1556684316 0
1556684317 0
1556684318 0
1556684319 0
1556684320 0
1556684321 0
1556684322 0
1556684323 0
1556684324 0
1556684325 0
1556684326 0
1556684327 0
1556684328 0
1556684329 0
1556684330 0
1556684331 0
1556684332 0
1556684333 0
1556684334 0
1556684335 0
1556684336 0
1556684337 0
1556684338 0
1556684339 0
1556684340 0
1556684341 0
1556684342 0
1556684343 0
1556684344 0
1556684345 0
1556684346 0
1556684347 0
1556684348 0
1556684349 0
1556684350 0
1556684351 0
1556684352 0
1556684353 0
1556684354 0
1556684355 0
1556684356 0
1556684357 0
1556684358 0
1556684359 0
1556684360 0
1556684361 0
1556684362 0
1556684363 0
1556684364 0
1556684365 0
1556684366 0
1556684367 0
1556684368 0
1556684369 0
1556684370 0
1556684371 0
1556684372 0
1556684373 0
1556684374 0
1556684375 0
1556684376 0
1556684377 0
1556684378 0
1556684379 0
1556684380 0
1556684381 0
1556684382 0
1556684383 0
1556684384 0
1556684385 0
1556684386 0
1556684387 0
1556684388 0
1556684389 0
1556684390 0
1556684391 0
1556684392 0
1556684393 0
1556684394 0
1556684395 0
1556684396 0
1556684397 0
1556684398 0
1556684399 0
1556684400 0
1556684401 0
1556684402 0
1556684403 0
1556684404 0
1556684405 0
1556684406 0
1556684407 0
1556684408 0
1556684409 0
1556684410 0
1556684411 0
1556684412 0
1556684413 0
1556684414 0
1556684415 0
1556684416 0
1556684417 0
1556684418 0
1556684419 0
1556684420 0
1556684421 0
1556684422 0
1556684423 0
1556684424 0
1556684425 0
1556684426 0
1556684427 0
1556684428 0
1556684429 0
1556684430 0
1556684431 0
1556684432 0
1556684433 0
1556684434 0
1556684435 0
1556684436 0
1556684437 0
1556684438 0
1556684439 0
1556684440 0
1556684441 0
1556684442 0
1556684443 0
1556684444 0
1556684445 0
1556684446 0
1556684447 0
1556684448 0
1556684449 0
1556684450 0
1556684451 0
1556684452 0
1556684453 0
1556684454 0
1556684455 0
1556684456 0
1556684457 0
1556684458 0
1556684459 0
1556684460 0
1556684461 0
1556684462 0
1556684463 0
1556684464 0
1556684465 0
1556684466 0
1556684467 0
1556684468 0
1556684469 0
1556684470 0
1556684471 0
1556684472 0
1556684473 0
1556684474 0
1556684475 0
1556684476 0
1556684477 0
1556684478 0
1556684479 0
1556684480 0
1556684481 0
1556684482 0
1556684483 0
1556684484 0
1556684485 0
1556684486 0
1556684487 0
1556684488 0
1556684489 0
1556684490 0
1556684491 0
1556684492 0
1556684493 0
1556684494 0
1556684495 0
1556684496 0
1556684497 0
1556684498 0
1556684499 0
1556684500 0
1556684501 0
1556684502 0
1556684503 0
1556684504 0
1556684505 0
1556684506 0
1556684507 0
1556684508 0
1556684509 0
1556684510 0
1556684511 0
1556684512 0
1556684513 0
1556684514 0
1556684515 0
1556684516 0
1556684517 0
1556684518 0
1556684519 0
1556684520 0
1556684521 0
1556684522 0
1556684523 0
1556684524 0
1556684525 0
1556684526 0
1556684527 0
1556684528 0
1556684529 0
1556684530 0
1556684531 0
1556684532 0
1556684533 0
1556684534 0
1556684535 0
1556684536 0
1556684537 0
1556684538 0
1556684539 0
1556684540 0
1556684541 0
1556684542 0
1556684543 0
1556684544 0
1556684545 0
1556684546 0
1556684547 0
1556684548 0
1556684549 0
1556684550 0
1556684551 0
1556684552 0
1556684553 0
1556684554 0
1556684555 0
1556684556 0
1556684557 0
1556684558 0
1556684559 0
1556684560 0
1556684561 0
1556684562 0
1556684563 0
1556684564 0
1556684565 0
1556684566 0
1556684567 0
1556684568 0
1556684569 0
1556684570 0
1556684571 0
1556684572 0
1556684573 0
1556684574 0
1556684575 0
1556684576 0
1556684577 0
1556684578 0
1556684579 0
1556684580 0
1556684581 0
1556684582 0
1556684583 0
1556684584 0
1556684585 0
1556684586 0
1556684587 0
1556684588 0
1556684589 0
1556684590 0
1556684591 0
1556684592 0
1556684593 0
1556684594 0
1556684595 0
1556684596 0
1556684597 0
1556684598 0
1556684599 0
1556684600 0
1556684601 0
1556684602 0
1556684603 0
1556684604 0
1556684605 0
1556684606 0
1556684607 0
1556684608 0
1556684609 0
1556684610 0
1556684611 0
1556684612 0
1556684613 0
1556684614 0
1556684615 0
1556684616 0
1556684617 0
1556684618 0
1556684619 0
1556684620 0
1556684621 0
1556684622 0
1556684623 0
1556684624 0
1556684625 0
1556684626 0
1556684627 0
1556684628 0
1556684629 0
1556684630 0
1556684631 0
1556684632 0
1556684633 0
1556684634 0
1556684635 0
1556684636 0
1556684637 0
1556684638 0
1556684639 0
1556684640 0
1556684641 0
1556684642 0
1556684643 0
1556684644 0
1556684645 0
1556684646 0
1556684647 0
1556684648 0
1556684649 0
1556684650 0
1556684651 0
1556684652 0
1556684653 0
1556684654 0
1556684655 0
1556684656 0
1556684657 0
1556684658 0
1556684659 0
1556684660 0
1556684661 0
1556684662 0
1556684663 0
1556684664 0
1556684665 0
1556684666 0
1556684667 0
1556684668 0
1556684669 0
1556684670 0
1556684671 0
1556684672 0
1556684673 0
1556684674 0
1556684675 0
1556684676 0
1556684677 0
1556684678 0
1556684679 0
1556684680 0
1556684681 0
1556684682 0
1556684683 0
1556684684 0
1556684685 0
1556684686 0
1556684687 0
1556684688 0
1556684689 0
1556684690 0
1556684691 0
1556684692 0
1556684693 0
1556684694 0
1556684695 0
1556684696 0
1556684697 0
1556684698 0
1556684699 0
1556684700 0
1556684701 0
1556684702 0
1556684703 0
1556684704 0
1556684705 0
1556684706 0
1556684707 0
1556684708 0
1556684709 0
1556684710 0
1556684711 0
1556684712 0
1556684713 0
1556684714 0
1556684715 0
1556684716 0
1556684717 0
1556684718 0
1556684719 0
1556684720 0
1556684721 0
1556684722 0
1556684723 0
1556684724 0
1556684725 0
1556684726 0
1556684727 0
1556684728 0
1556684729 0
1556684730 0
1556684731 0
1556684732 0
1556684733 0
1556684734 0
1556684735 0
1556684736 0
1556684737 0
1556684738 0
1556684739 0
1556684740 0
1556684741 0
1556684742 0
1556684743 0
1556684744 0
1556684745 0
1556684746 0
1556684747 0
1556684748 0
1556684749 0
1556684750 0
1556684751 0
1556684752 0
1556684753 0
1556684754 0
1556684755 0
1556684756 0
1556684757 0
1556684758 0
1556684759 0
1556684760 0
1556684761 0
1556684762 0
1556684763 0
1556684764 0
1556684765 0
1556684766 0
1556684767 0
1556684768 0
1556684769 0
1556684770 0
1556684771 0
1556684772 0
1556684773 0
1556684774 0
1556684775 0
1556684776 0
1556684777 0
1556684778 0
1556684779 0
1556684780 0
1556684781 0
1556684782 0
1556684783 0
1556684784 0
1556684785 0
1556684786 0
1556684787 0
1556684788 0
1556684789 0
1556684790 0
1556684791 0
1556684792 0
1556684793 0
1556684794 0
1556684795 0
1556684796 0
1556684797 0
1556684798 0
1556684799 0
1556684800 0
1556684801 0
1556684802 0
1556684803 0
1556684804 0
1556684805 0
1556684806 0
1556684807 0
1556684808 0
1556684809 0
1556684810 0
1556684811 0
1556684812 0
1556684813 0
1556684814 0
1556684815 0
1556684816 0
1556684817 0
1556684818 0
1556684819 0
1556684820 0
1556684821 0
1556684822 0
1556684823 0
1556684824 0
1556684825 0
1556684826 0
1556684827 0
1556684828 0
1556684829 0
1556684830 0
1556684831 0
1556684832 0
1556684833 0
1556684834 0
1556684835 0
1556684836 0
1556684837 0
1556684838 0
1556684839 0
1556684840 0
1556684841 0
1556684842 0
1556684843 0
1556684844 0
1556684845 0
1556684846 0
1556684847 0
1556684848 0
1556684849 0
1556684850 0
1556684851 0
1556684852 0
1556684853 0
1556684854 0
1556684855 0
1556684856 0
1556684857 0
1556684858 0
1556684859 0
1556684860 0
1556684861 0
1556684862 0
1556684863 0
1556684864 0
1556684865 0
1556684866 0
1556684867 0
1556684868 0
1556684869 0
1556684870 0
1556684871 0
1556684872 0
1556684873 0
1556684874 0
1556684875 0
1556684876 0
1556684877 0
1556684878 0
1556684879 0
1556684880 0
1556684881 0
1556684882 0
1556684883 0
1556684884 0
1556684885 0
1556684886 0
1556684887 0
1556684888 0
1556684889 0
1556684890 0
1556684891 0
1556684892 0
1556684893 0
1556684894 0
1556684895 0
1556684896 0
1556684897 0
1556684898 0
1556684899 0
1556684900 0
1556684901 0
1556684902 0
1556684903 0
1556684904 0
1556684905 0
1556684906 0
1556684907 0
1556684908 0
1556684909 0
1556684910 0
1556684911 0
1556684912 0
1556684913 0
1556684914 0
1556684915 0
1556684916 0
1556684917 0
1556684918 0
1556684919 0
1556684920 0
1556684921 0
1556684922 0
1556684923 0
1556684924 0
1556684925 0
1556684926 0
1556684927 0
1556684928 0
1556684929 0
1556684930 0
1556684931 0
1556684932 0
1556684933 0
1556684934 0
1556684935 0
1556684936 0
1556684937 0
1556684938 0
1556684939 0
1556684940 0
1556684941 0
1556684942 0
1556684943 0
1556684944 0
1556684945 0
1556684946 0
1556684947 0
1556684948 0
1556684949 0
1556684950 0
1556684951 0
1556684952 0
1556684953 0
1556684954 0
1556684955 0
1556684956 0
1556684957 0
1556684958 0
1556684959 0
1556684960 0
1556684961 0
1556684962 0
1556684963 0
1556684964 0
1556684965 0
1556684966 0
1556684967 0
1556684968 0
1556684969 0
1556684970 0
1556684971 0
1556684972 0
1556684973 0
1556684974 0
1556684975 0
1556684976 0
1556684977 0
1556684978 0
1556684979 0
1556684980 0
1556684981 0
1556684982 0
1556684983 0
1556684984 0
1556684985 0
1556684986 0
1556684987 0
1556684988 0
1556684989 0
1556684990 0
1556684991 0
1556684992 0
1556684993 0
1556684994 0
1556684995 0
1556684996 0
1556684997 0
1556684998 0
1556684999 0
1556685000 0
1556685001 0
1556685002 0
1556685003 0
1556685004 0
1556685005 0
1556685006 0
1556685007 0
1556685008 0
1556685009 0
1556685010 0
1556685011 0
1556685012 0
1556685013 0
1556685014 0
1556685015 0
1556685016 0
1556685017 0
1556685018 0
1556685019 0
1556685020 0
1556685021 0
1556685022 0
1556685023 0
1556685024 0
1556685025 0
1556685026 0
1556685027 0
1556685028 0
1556685029 0
1556685030 0
1556685031 0
1556685032 0
1556685033 0
1556685034 0
1556685035 0
1556685036 0
1556685037 0
1556685038 0
1556685039 0
1556685040 0
1556685041 0
1556685042 0
1556685043 0
1556685044 0
1556685045 0
1556685046 0
1556685047 0
1556685048 0
1556685049 0
1556685050 0
1556685051 0
1556685052 0
1556685053 0
1556685054 0
1556685055 0
1556685056 0
1556685057 0
1556685058 0
1556685059 0
1556685060 0
1556685061 0
1556685062 0
1556685063 0
1556685064 0
1556685065 0
1556685066 0
1556685067 0
1556685068 0
1556685069 0
1556685070 0
1556685071 0
1556685072 0
1556685073 0
1556685074 0
1556685075 0
1556685076 0
1556685077 0
1556685078 0
1556685079 0
1556685080 0
1556685081 0
1556685082 0
1556685083 0
1556685084 0
1556685085 0
1556685086 0
1556685087 0
1556685088 0
1556685089 0
1556685090 0
1556685091 0
1556685092 0
1556685093 0
1556685094 0
1556685095 0
1556685096 0
1556685097 0
1556685098 0
1556685099 0
1556685100 0
1556685101 0
1556685102 0
1556685103 0
1556685104 0
1556685105 0
1556685106 0
1556685107 0
1556685108 0
1556685109 0
1556685110 0
1556685111 0
1556685112 0
1556685113 0
1556685114 0
1556685115 0
1556685116 0
1556685117 0
1556685118 0
1556685119 0
1556685120 0
1556685121 0
1556685122 0
1556685123 0
1556685124 0
1556685125 0
1556685126 0
1556685127 0
1556685128 0
1556685129 0
1556685130 0
1556685131 0
1556685132 0
1556685133 0
1556685134 0
1556685135 0
1556685136 0
1556685137 0
1556685138 0
1556685139 0
1556685140 0
1556685141 0
1556685142 0
1556685143 0
1556685144 0
1556685145 0
1556685146 0
1556685147 0
1556685148 0
1556685149 0
1556685150 0
1556685151 0
1556685152 0
1556685153 0
1556685154 0
1556685155 0
1556685156 0
1556685157 0
1556685158 0
1556685159 0
1556685160 0
1556685161 0
1556685162 0
1556685163 0
1556685164 0
1556685165 0
1556685166 0
1556685167 0
1556685168 0
1556685169 0
1556685170 0
1556685171 0
1556685172 0
1556685173 0
1556685174 0
1556685175 0
1556685176 0
1556685177 0
1556685178 0
1556685179 0
1556685180 0
1556685181 0
1556685182 0
1556685183 0
1556685184 0
1556685185 0
1556685186 0
1556685187 0
1556685188 0
1556685189 0
1556685190 0
1556685191 0
1556685192 0
1556685193 0
1556685194 0
1556685195 0
1556685196 0
1556685197 0
1556685198 0
1556685199 0
1556685200 0
1556685201 0
1556685202 0
1556685203 0
1556685204 0
1556685205 0
1556685206 0
1556685207 0
1556685208 0
1556685209 0
1556685210 0
1556685211 0
1556685212 0
1556685213 0
1556685214 0
1556685215 0
1556685216 0
1556685217 0
1556685218 0
1556685219 0
1556685220 0
1556685221 0
1556685222 0
1556685223 0
1556685224 0
1556685225 0
1556685226 0
1556685227 0
1556685228 0
1556685229 0
1556685230 0
1556685231 0
1556685232 0
1556685233 0
1556685234 0
1556685235 0
1556685236 0
1556685237 0
1556685238 0
1556685239 0
1556685240 0
1556685241 0
1556685242 0
1556685243 0
1556685244 0
1556685245 0
1556685246 0
1556685247 0
1556685248 0
1556685249 0
1556685250 0
1556685251 0
1556685252 0
1556685253 0
1556685254 0
1556685255 0
1556685256 0
1556685257 0
1556685258 0
1556685259 0
1556685260 0
1556685261 0
1556685262 0
1556685263 0
1556685264 0
1556685265 0
1556685266 0
1556685267 0
1556685268 0
1556685269 0
1556685270 0
1556685271 0
1556685272 0
1556685273 0
1556685274 0
1556685275 0
1556685276 0
1556685277 0
1556685278 0
1556685279 0
1556685280 0
1556685281 0
1556685282 0
1556685283 0
1556685284 0
1556685285 0
1556685286 0
1556685287 0
1556685288 0
1556685289 0
1556685290 0
1556685291 0
1556685292 0
1556685293 0
1556685294 0
1556685295 0
1556685296 0
1556685297 0
1556685298 0
1556685299 0
1556685300 0
1556685301 0
1556685302 0
1556685303 0
1556685304 0
1556685305 0
1556685306 0
1556685307 0
1556685308 0
1556685309 0
1556685310 0
1556685311 0
1556685312 0
1556685313 0
1556685314 0
1556685315 0
1556685316 0
1556685317 0
1556685318 0
1556685319 0
1556685320 0
1556685321 0
1556685322 0
1556685323 0
1556685324 0
1556685325 0
1556685326 0
1556685327 0
1556685328 0
1556685329 0
1556685330 0
1556685331 0
1556685332 0
1556685333 0
1556685334 0
1556685335 0
1556685336 0
1556685337 0
1556685338 0
1556685339 0
1556685340 0
1556685341 0
1556685342 0
1556685343 0
1556685344 0
1556685345 0
1556685346 0
1556685347 0
1556685348 0
1556685349 0
1556685350 0
1556685351 0
1556685352 0
1556685353 0
1556685354 0
1556685355 0
1556685356 0
1556685357 0
1556685358 0
1556685359 0
1556685360 0
1556685361 0
1556685362 0
1556685363 0
1556685364 0
1556685365 0
1556685366 0
1556685367 0
1556685368 0
1556685369 0
1556685370 0
1556685371 0
1556685372 0
1556685373 0
1556685374 0
1556685375 0
1556685376 0
1556685377 0
1556685378 0
1556685379 0
1556685380 0
1556685381 0
1556685382 0
1556685383 0
1556685384 0
1556685385 0
1556685386 0
1556685387 0
1556685388 0
1556685389 0
1556685390 0
1556685391 0
1556685392 0
1556685393 0
1556685394 0
1556685395 0
1556685396 0
1556685397 0
1556685398 0
1556685399 0
1556685400 0
1556685401 0
1556685402 0
1556685403 0
1556685404 0
1556685405 0
1556685406 0
1556685407 0
1556685408 0
1556685409 0
1556685410 0
1556685411 0
1556685412 0
1556685413 0
1556685414 0
1556685415 0
1556685416 0
1556685417 0
1556685418 0
1556685419 0
1556685420 0
1556685421 0
1556685422 0
1556685423 0
1556685424 0
1556685425 0
1556685426 0
1556685427 0
1556685428 0
1556685429 0
1556685430 0
1556685431 0
1556685432 0
1556685433 0
1556685434 0
1556685435 0
1556685436 0
1556685437 0
1556685438 0
1556685439 0
1556685440 0
1556685441 0
1556685442 0
1556685443 0
1556685444 0
1556685445 0
1556685446 0
1556685447 0
1556685448 0
1556685449 0
1556685450 0
1556685451 0
1556685452 0
1556685453 0
1556685454 0
1556685455 0
1556685456 0
1556685457 0
1556685458 0
1556685459 0
1556685460 0
1556685461 0
1556685462 0
1556685463 0
1556685464 0
1556685465 0
1556685466 0
1556685467 0
1556685468 0
1556685469 0
1556685470 0
1556685471 0
1556685472 0
1556685473 0
1556685474 0
1556685475 0
1556685476 0
1556685477 0
1556685478 0
1556685479 0
1556685480 0
1556685481 0
1556685482 0
1556685483 0
1556685484 0
1556685485 0
1556685486 0
1556685487 0
1556685488 0
1556685489 0
1556685490 0
1556685491 0
1556685492 0
1556685493 0
1556685494 0
1556685495 0
1556685496 0
1556685497 0
1556685498 0
1556685499 0
1556685500 0
1556685501 0
1556685502 0
1556685503 0
1556685504 0
1556685505 0
1556685506 0
1556685507 0
1556685508 0
1556685509 0
1556685510 0
1556685511 0
1556685512 0
1556685513 0
1556685514 0
1556685515 0
1556685516 0
1556685517 0
1556685518 0
1556685519 0
1556685520 0
1556685521 0
1556685522 0
1556685523 0
1556685524 0
1556685525 0
1556685526 0
1556685527 0
1556685528 0
1556685529 0
1556685530 0
1556685531 0
1556685532 0
1556685533 0
1556685534 0
1556685535 0
1556685536 0
1556685537 0
1556685538 0
1556685539 0
1556685540 0
1556685541 0
1556685542 0
1556685543 0
1556685544 0
1556685545 0
1556685546 0
1556685547 0
1556685548 0
1556685549 0
1556685550 0
1556685551 0
1556685552 0
1556685553 0
1556685554 0
1556685555 0
1556685556 0
1556685557 0
1556685558 0
1556685559 0
1556685560 0
1556685561 0
1556685562 0
1556685563 0
1556685564 0
1556685565 0
1556685566 0
1556685567 0
1556685568 0
1556685569 0
1556685570 0
1556685571 0
1556685572 0
1556685573 0
1556685574 0
1556685575 0
1556685576 0
1556685577 0
1556685578 0
1556685579 0
1556685580 0
1556685581 0
1556685582 0
1556685583 0
1556685584 0
1556685585 0
1556685586 0
1556685587 0
1556685588 0
1556685589 0
1556685590 0
1556685591 0
1556685592 0
1556685593 0
1556685594 0
1556685595 0
1556685596 0
1556685597 0
1556685598 0
1556685599 0
1556685600 0
1556685601 0
1556685602 0
1556685603 0
1556685604 0
1556685605 0
1556685606 0
1556685607 0
1556685608 0
1556685609 0
1556685610 0
1556685611 0
1556685612 0
1556685613 0
1556685614 0
1556685615 0
1556685616 0
1556685617 0
1556685618 0
1556685619 0
1556685620 0
1556685621 0
1556685622 0
1556685623 0
1556685624 0
1556685625 0
1556685626 0
1556685627 0
1556685628 0
1556685629 0
1556685630 0
1556685631 0
1556685632 0
1556685633 0
1556685634 0
1556685635 0
1556685636 0
1556685637 0
1556685638 0
1556685639 0
1556685640 0
1556685641 0
1556685642 0
1556685643 0
1556685644 0
1556685645 0
1556685646 0
1556685647 0
1556685648 0
1556685649 0
1556685650 0
1556685651 0
1556685652 0
1556685653 0
1556685654 0
1556685655 0
1556685656 0
1556685657 0
1556685658 0
1556685659 0
1556685660 0
1556685661 0
1556685662 0
1556685663 0
1556685664 0
1556685665 0
1556685666 0
1556685667 0
1556685668 0
1556685669 0
1556685670 0
1556685671 0
1556685672 0
1556685673 0
1556685674 0
1556685675 0
1556685676 0
1556685677 0
1556685678 0
1556685679 0
1556685680 0
1556685681 0
1556685682 0
1556685683 0
1556685684 0
1556685685 0
1556685686 0
1556685687 0
1556685688 0
1556685689 0
1556685690 0
1556685691 0
1556685692 0
1556685693 0
1556685694 0
1556685695 0
1556685696 0
1556685697 0
1556685698 0
1556685699 0
1556685700 0
1556685701 0
1556685702 0
1556685703 0
1556685704 0
1556685705 0
1556685706 0
1556685707 0
1556685708 0
1556685709 0
1556685710 0
1556685711 0
1556685712 0
1556685713 0
1556685714 0
1556685715 0
1556685716 0
1556685717 0
1556685718 0
1556685719 0
1556685720 0
1556685721 0
1556685722 0
1556685723 0
1556685724 0
1556685725 0
1556685726 0
1556685727 0
1556685728 0
1556685729 0
1556685730 0
1556685731 0
1556685732 0
1556685733 0
1556685734 0
1556685735 0
1556685736 0
1556685737 0
1556685738 0
1556685739 0
1556685740 0
1556685741 0
1556685742 0
1556685743 0
1556685744 0
1556685745 0
1556685746 0
1556685747 0
1556685748 0
1556685749 0
1556685750 0
1556685751 0
1556685752 0
1556685753 0
1556685754 0
1556685755 0
1556685756 0
1556685757 0
1556685758 0
1556685759 0
1556685760 0
1556685761 0
1556685762 0
1556685763 0
1556685764 0
1556685765 0
1556685766 0
1556685767 0
1556685768 0
1556685769 0
1556685770 0
1556685771 0
1556685772 0
1556685773 0
1556685774 0
1556685775 0
1556685776 0
1556685777 0
1556685778 0
1556685779 0
1556685780 0
1556685781 0
1556685782 0
1556685783 0
1556685784 0
1556685785 0
1556685786 0
1556685787 0
1556685788 0
1556685789 0
1556685790 0
1556685791 0
1556685792 0
1556685793 0
1556685794 0
1556685795 0
1556685796 0
1556685797 0
1556685798 0
1556685799 0
1556685800 0
1556685801 0
1556685802 0
1556685803 0
1556685804 0
1556685805 0
1556685806 0
1556685807 0
1556685808 0
1556685809 0
1556685810 0
1556685811 0
1556685812 0
1556685813 0
1556685814 0
1556685815 0
1556685816 0
1556685817 0
1556685818 0
1556685819 0
1556685820 0
1556685821 0
1556685822 0
1556685823 0
1556685824 0
1556685825 0
1556685826 0
1556685827 0
1556685828 0
1556685829 0
1556685830 0
1556685831 0
1556685832 0
1556685833 0
1556685834 0
1556685835 0
1556685836 0
1556685837 0
1556685838 0
1556685839 0
1556685840 0
1556685841 0
1556685842 0
1556685843 0
1556685844 0
1556685845 0
1556685846 0
1556685847 0
1556685848 0
1556685849 0
1556685850 0
1556685851 0
1556685852 0
1556685853 0
1556685854 0
1556685855 0
1556685856 0
1556685857 0
1556685858 0
1556685859 0
1556685860 0
1556685861 0
1556685862 0
1556685863 0
1556685864 0
1556685865 0
1556685866 0
1556685867 0
1556685868 0
1556685869 0
1556685870 0
1556685871 0
1556685872 0
1556685873 0
1556685874 0
1556685875 0
1556685876 0
1556685877 0
1556685878 0
1556685879 0
1556685880 0
1556685881 0
1556685882 0
1556685883 0
1556685884 0
1556685885 0
1556685886 0
1556685887 0
1556685888 0
1556685889 0
1556685890 0
1556685891 0
1556685892 0
1556685893 0
1556685894 0
1556685895 0
1556685896 0
1556685897 0
1556685898 0
1556685899 0
1556685900 0
1556685901 0
1556685902 0
1556685903 0
1556685904 0
1556685905 0
1556685906 0
1556685907 0
1556685908 0
1556685909 0
1556685910 0
1556685911 0
1556685912 0
1556685913 0
1556685914 0
1556685915 0
1556685916 0
1556685917 0
1556685918 0
1556685919 0
1556685920 0
1556685921 0
1556685922 0
1556685923 0
1556685924 0
1556685925 0
1556685926 0
1556685927 0
1556685928 0
1556685929 0
1556685930 0
1556685931 0
1556685932 0
1556685933 0
1556685934 0
1556685935 0
1556685936 0
1556685937 0
1556685938 0
1556685939 0
1556685940 0
1556685941 0
1556685942 0
1556685943 0
1556685944 0
1556685945 0
1556685946 0
1556685947 0
1556685948 0
1556685949 0
1556685950 0
1556685951 0
1556685952 0
1556685953 0
1556685954 0
1556685955 0
1556685956 0
1556685957 0
1556685958 0
1556685959 0
1556685960 0
1556685961 0
1556685962 0
1556685963 0
1556685964 0
1556685965 0
1556685966 0
1556685967 0
1556685968 0
1556685969 0
1556685970 0
1556685971 0
1556685972 0
1556685973 0
1556685974 0
1556685975 0
1556685976 0
1556685977 0
1556685978 0
1556685979 0
1556685980 0
1556685981 0
1556685982 0
1556685983 0
1556685984 0
1556685985 0
1556685986 0
1556685987 0
1556685988 0
1556685989 0
1556685990 0
1556685991 0
1556685992 0
1556685993 0
1556685994 0
1556685995 0
1556685996 0
1556685997 0
1556685998 0
1556685999 0
1556686000 0
1556686001 0
1556686002 0
1556686003 0
1556686004 0
1556686005 0
1556686006 0
1556686007 0
1556686008 0
1556686009 0
1556686010 0
1556686011 0
1556686012 0
1556686013 0
1556686014 0
1556686015 0
1556686016 0
1556686017 0
1556686018 0
1556686019 0
1556686020 0
1556686021 0
1556686022 0
1556686023 0
1556686024 0
1556686025 0
1556686026 0
1556686027 0
1556686028 0
1556686029 0
1556686030 0
1556686031 0
1556686032 0
1556686033 0
1556686034 0
1556686035 0
1556686036 0
1556686037 0
1556686038 0
1556686039 0
1556686040 0
1556686041 0
1556686042 0
1556686043 0
1556686044 0
1556686045 0
1556686046 0
1556686047 0
1556686048 0
1556686049 0
1556686050 0
1556686051 0
1556686052 0
1556686053 0
1556686054 0
1556686055 0
1556686056 0
1556686057 0
1556686058 0
1556686059 0
1556686060 0
1556686061 0
1556686062 0
1556686063 0
1556686064 0
1556686065 0
1556686066 0
1556686067 0
1556686068 0
1556686069 0
1556686070 0
1556686071 0
1556686072 0
1556686073 0
1556686074 0
1556686075 0
1556686076 0
1556686077 0
1556686078 0
1556686079 0
1556686080 0
1556686081 0
1556686082 0
1556686083 0
1556686084 0
1556686085 0
1556686086 0
1556686087 0
1556686088 0
1556686089 0
1556686090 0
1556686091 0
1556686092 0
1556686093 0
1556686094 0
1556686095 0
1556686096 0
1556686097 0
1556686098 0
1556686099 0
1556686100 0
1556686101 0
1556686102 0
1556686103 0
1556686104 0
1556686105 0
1556686106 0
1556686107 0
1556686108 0
1556686109 0
1556686110 0
1556686111 0
1556686112 0
1556686113 0
1556686114 0
1556686115 0
1556686116 0
1556686117 0
1556686118 0
1556686119 0
1556686120 0
1556686121 0
1556686122 0
1556686123 0
1556686124 0
1556686125 0
1556686126 0
1556686127 0
1556686128 0
1556686129 0
1556686130 0
1556686131 0
1556686132 0
1556686133 0
1556686134 0
1556686135 0
1556686136 0
1556686137 0
1556686138 0
1556686139 0
1556686140 0
1556686141 0
1556686142 0
1556686143 0
1556686144 0
1556686145 0
1556686146 0
1556686147 0
1556686148 0
1556686149 0
1556686150 0
1556686151 0
1556686152 0
1556686153 0
1556686154 0
1556686155 0
1556686156 0
1556686157 0
1556686158 0
1556686159 0
1556686160 0
1556686161 0
1556686162 0
1556686163 0
1556686164 0
1556686165 0
1556686166 0
1556686167 0
1556686168 0
1556686169 0
1556686170 0
1556686171 0
1556686172 0
1556686173 0
1556686174 0
1556686175 0
1556686176 0
1556686177 0
1556686178 0
1556686179 0
1556686180 0
1556686181 0
1556686182 0
1556686183 0
1556686184 0
1556686185 0
1556686186 0
1556686187 0
1556686188 0
1556686189 0
1556686190 0
1556686191 0
1556686192 0
1556686193 0
1556686194 0
1556686195 0
1556686196 0
1556686197 0
1556686198 0
1556686199 0
1556686200 0
1556686201 0
1556686202 0
1556686203 0
1556686204 0
1556686205 0
1556686206 0
1556686207 0
1556686208 0
1556686209 0
1556686210 0
1556686211 0
1556686212 0
1556686213 0
1556686214 0
1556686215 0
1556686216 0
1556686217 0
1556686218 0
1556686219 0
1556686220 0
1556686221 0
1556686222 0
1556686223 0
1556686224 0
1556686225 0
1556686226 0
1556686227 0
1556686228 0
1556686229 0
1556686230 0
1556686231 0
1556686232 0
1556686233 0
1556686234 0
1556686235 0
1556686236 0
1556686237 0
1556686238 0
1556686239 0
1556686240 0
1556686241 0
1556686242 0
1556686243 0
1556686244 0
1556686245 0
1556686246 0
1556686247 0
1556686248 0
1556686249 0
1556686250 0
1556686251 0
1556686252 0
1556686253 0
1556686254 0
1556686255 0
1556686256 0
1556686257 0
1556686258 0
1556686259 0
1556686260 0
1556686261 0
1556686262 0
1556686263 0
1556686264 0
1556686265 0
1556686266 0
1556686267 0
1556686268 0
1556686269 0
1556686270 0
1556686271 0
1556686272 0
1556686273 0
1556686274 0
1556686275 0
1556686276 0
1556686277 0
1556686278 0
1556686279 0
1556686280 0
1556686281 0
1556686282 0
1556686283 0
1556686284 0
1556686285 0
1556686286 0
1556686287 0
1556686288 0
1556686289 0
1556686290 0
1556686291 0
1556686292 0
1556686293 0
1556686294 0
1556686295 0
1556686296 0
1556686297 0
1556686298 0
1556686299 0
1556686300 0
1556686301 0
1556686302 0
1556686303 0
1556686304 0
1556686305 0
1556686306 0
1556686307 0
1556686308 0
1556686309 0
1556686310 0
1556686311 0
1556686312 0
1556686313 0
1556686314 0
1556686315 0
1556686316 0
1556686317 0
1556686318 0
1556686319 0
1556686320 0
1556686321 0
1556686322 0
1556686323 0
1556686324 0
1556686325 0
1556686326 0
1556686327 0
1556686328 0
1556686329 0
1556686330 0
1556686331 0
1556686332 0
1556686333 0
1556686334 0
1556686335 0
1556686336 0
1556686337 0
1556686338 0
1556686339 0
1556686340 0
1556686341 0
1556686342 0
1556686343 0
1556686344 0
1556686345 0
1556686346 0
1556686347 0
1556686348 0
1556686349 0
1556686350 0
1556686351 0
1556686352 0
1556686353 0
1556686354 0
1556686355 0
1556686356 0
1556686357 0
1556686358 0
1556686359 0
1556686360 0
1556686361 0
1556686362 0
1556686363 0
1556686364 0
1556686365 0
1556686366 0
1556686367 0
1556686368 0
1556686369 0
1556686370 0
1556686371 0
1556686372 0
1556686373 0
1556686374 0
1556686375 0
1556686376 0
1556686377 0
1556686378 0
1556686379 0
1556686380 0
1556686381 0
1556686382 0
1556686383 0
1556686384 0
1556686385 0
1556686386 0
1556686387 0
1556686388 0
1556686389 0
1556686390 0
1556686391 0
1556686392 0
1556686393 0
1556686394 0
1556686395 0
1556686396 0
1556686397 0
1556686398 0
1556686399 0
1556686400 0
1556686401 0
1556686402 0
1556686403 0
1556686404 0
1556686405 0
1556686406 0
1556686407 0
1556686408 0
1556686409 0
1556686410 0
1556686411 0
1556686412 0
1556686413 0
1556686414 0
1556686415 0
1556686416 0
1556686417 0
1556686418 0
1556686419 0
1556686420 0
1556686421 0
1556686422 0
1556686423 0
1556686424 0
1556686425 0
1556686426 0
1556686427 0
1556686428 0
1556686429 0
1556686430 0
1556686431 0
1556686432 0
1556686433 0
1556686434 0
1556686435 0
1556686436 0
1556686437 0
1556686438 0
1556686439 0
1556686440 0
1556686441 0
1556686442 0
1556686443 0
1556686444 0
1556686445 0
1556686446 0
1556686447 0
1556686448 0
1556686449 0
1556686450 0
1556686451 0
1556686452 0
1556686453 0
1556686454 0
1556686455 0
1556686456 0
1556686457 0
1556686458 0
1556686459 0
1556686460 0
1556686461 0
1556686462 0
1556686463 0
1556686464 0
1556686465 0
1556686466 0
1556686467 0
1556686468 0
1556686469 0
1556686470 0
1556686471 0
1556686472 0
1556686473 0
1556686474 0
1556686475 0
1556686476 0
1556686477 0
1556686478 0
1556686479 0
1556686480 0
1556686481 0
1556686482 0
1556686483 0
1556686484 0
1556686485 0
1556686486 0
1556686487 0
1556686488 0
1556686489 0
1556686490 0
1556686491 0
1556686492 0
1556686493 0
1556686494 0
1556686495 0
1556686496 0
1556686497 0
1556686498 0
1556686499 0
1556686500 0
1556686501 0
1556686502 0
1556686503 0
1556686504 0
1556686505 0
1556686506 0
1556686507 0
1556686508 0
1556686509 0
1556686510 0
1556686511 0
1556686512 0
1556686513 0
1556686514 0
1556686515 0
1556686516 0
1556686517 0
1556686518 0
1556686519 0
1556686520 0
1556686521 0
1556686522 0
1556686523 0
1556686524 0
1556686525 0
1556686526 0
1556686527 0
1556686528 0
1556686529 0
1556686530 0
1556686531 0
1556686532 0
1556686533 0
1556686534 0
1556686535 0
1556686536 0
1556686537 0
1556686538 0
1556686539 0
1556686540 0
1556686541 0
1556686542 0
1556686543 0
1556686544 0
1556686545 0
1556686546 0
1556686547 0
1556686548 0
1556686549 0
1556686550 0
1556686551 0
1556686552 0
1556686553 0
1556686554 0
1556686555 0
1556686556 0
1556686557 0
1556686558 0
1556686559 0
1556686560 0
1556686561 0
1556686562 0
1556686563 0
1556686564 0
1556686565 0
1556686566 0
1556686567 0
1556686568 0
1556686569 0
1556686570 0
1556686571 0
1556686572 0
1556686573 0
1556686574 0
1556686575 0
1556686576 0
1556686577 0
1556686578 0
1556686579 0
1556686580 0
1556686581 0
1556686582 0
1556686583 0
1556686584 0
1556686585 0
1556686586 0
1556686587 0
1556686588 0
1556686589 0
1556686590 0
1556686591 0
1556686592 0
1556686593 0
1556686594 0
1556686595 0
1556686596 0
1556686597 0
1556686598 0
1556686599 0
1556686600 0
1556686601 0
1556686602 0
1556686603 0
1556686604 0
1556686605 0
1556686606 0
1556686607 0
1556686608 0
1556686609 0
1556686610 0
1556686611 0
1556686612 0
1556686613 0
1556686614 0
1556686615 0
1556686616 0
1556686617 0
1556686618 0
1556686619 0
1556686620 0
1556686621 0
1556686622 0
1556686623 0
1556686624 0
1556686625 0
1556686626 0
1556686627 0
1556686628 0
1556686629 0
1556686630 0
1556686631 0
1556686632 0
1556686633 0
1556686634 0
1556686635 0
1556686636 0
1556686637 0
1556686638 0
1556686639 0
1556686640 0
1556686641 0
1556686642 0
1556686643 0
1556686644 0
1556686645 0
1556686646 0
1556686647 0
1556686648 0
1556686649 0
1556686650 0
1556686651 0
1556686652 0
1556686653 0
1556686654 0
1556686655 0
1556686656 0
1556686657 0
1556686658 0
1556686659 0
1556686660 0
1556686661 0
1556686662 0
1556686663 0
1556686664 0
1556686665 0
1556686666 0
1556686667 0
1556686668 0
1556686669 0
1556686670 0
1556686671 0
1556686672 0
1556686673 0
1556686674 0
1556686675 0
1556686676 0
1556686677 0
1556686678 0
1556686679 0
1556686680 0
1556686681 0
1556686682 0
1556686683 0
1556686684 0
1556686685 0
1556686686 0
1556686687 0
1556686688 0
1556686689 0
1556686690 0
1556686691 0
1556686692 0
1556686693 0
1556686694 0
1556686695 0
1556686696 0
1556686697 0
1556686698 0
1556686699 0
1556686700 0
1556686701 0
1556686702 0
1556686703 0
1556686704 0
1556686705 0
1556686706 0
1556686707 0
1556686708 0
1556686709 0
1556686710 0
1556686711 0
1556686712 0
1556686713 0
1556686714 0
1556686715 0
1556686716 0
1556686717 0
1556686718 0
1556686719 0
1556686720 0
1556686721 0
1556686722 0
1556686723 0
1556686724 0
1556686725 0
1556686726 0
1556686727 0
1556686728 0
1556686729 0
1556686730 0
1556686731 0
1556686732 0
1556686733 0
1556686734 0
1556686735 0
1556686736 0
1556686737 0
1556686738 0
1556686739 0
1556686740 0
1556686741 0
1556686742 0
1556686743 0
1556686744 0
1556686745 0
1556686746 0
1556686747 0
1556686748 0
1556686749 0
1556686750 0
1556686751 0
1556686752 0
1556686753 0
1556686754 0
1556686755 0
1556686756 0
1556686757 0
1556686758 0
1556686759 0
1556686760 0
1556686761 0
1556686762 0
1556686763 0
1556686764 0
1556686765 0
1556686766 0
1556686767 0
1556686768 0
1556686769 0
1556686770 0
1556686771 0
1556686772 0
1556686773 0
1556686774 0
1556686775 0
1556686776 0
1556686777 0
1556686778 0
1556686779 0
1556686780 0
1556686781 0
1556686782 0
1556686783 0
1556686784 0
1556686785 0
1556686786 0
1556686787 0
1556686788 0
1556686789 0
1556686790 0
1556686791 0
1556686792 0
1556686793 0
1556686794 0
1556686795 0
1556686796 0
1556686797 0
1556686798 0
1556686799 0
1556686800 0
1556686801 0
1556686802 0
1556686803 0
1556686804 0
1556686805 0
1556686806 0
1556686807 0
1556686808 0
1556686809 0
1556686810 0
1556686811 0
1556686812 0
1556686813 0
1556686814 0
1556686815 0
1556686816 0
1556686817 0
1556686818 0
1556686819 0
1556686820 0
1556686821 0
1556686822 0
1556686823 0
1556686824 0
1556686825 0
1556686826 0
1556686827 0
1556686828 0
1556686829 0
1556686830 0
1556686831 0
1556686832 0
1556686833 0
1556686834 0
1556686835 0
1556686836 0
1556686837 0
1556686838 0
1556686839 0
1556686840 0
1556686841 0
1556686842 0
1556686843 0
1556686844 0
1556686845 0
1556686846 0
1556686847 0
1556686848 0
1556686849 0
1556686850 0
1556686851 0
1556686852 0
1556686853 0
1556686854 0
1556686855 0
1556686856 0
1556686857 0
1556686858 0
1556686859 0
1556686860 0
1556686861 0
1556686862 0
1556686863 0
1556686864 0
1556686865 0
1556686866 0
1556686867 0
1556686868 0
1556686869 0
1556686870 0
1556686871 0
1556686872 0
1556686873 0
1556686874 0
1556686875 0
1556686876 0
1556686877 0
1556686878 0
1556686879 0
1556686880 0
1556686881 0
1556686882 0
1556686883 0
1556686884 0
1556686885 0
1556686886 0
1556686887 0
1556686888 0
1556686889 0
1556686890 0
1556686891 0
1556686892 0
1556686893 0
1556686894 0
1556686895 0
1556686896 0
1556686897 0
1556686898 0
1556686899 0
1556686900 0
1556686901 0
1556686902 0
1556686903 0
1556686904 0
1556686905 0
1556686906 0
1556686907 0
1556686908 0
1556686909 0
1556686910 0
1556686911 0
1556686912 0
1556686913 0
1556686914 0
1556686915 0
1556686916 0
1556686917 0
1556686918 0
1556686919 0
1556686920 0
1556686921 0
1556686922 0
1556686923 0
1556686924 0
1556686925 0
1556686926 0
1556686927 0
1556686928 0
1556686929 0
1556686930 0
1556686931 0
1556686932 0
1556686933 0
1556686934 0
1556686935 0
1556686936 0
1556686937 0
1556686938 0
1556686939 0
1556686940 0
1556686941 0
1556686942 0
1556686943 0
1556686944 0
1556686945 0
1556686946 0
1556686947 0
1556686948 0
1556686949 0
1556686950 0
1556686951 0
1556686952 0
1556686953 0
1556686954 0
1556686955 0
1556686956 0
1556686957 0
1556686958 0
1556686959 0
1556686960 0
1556686961 0
1556686962 0
1556686963 0
1556686964 0
1556686965 0
1556686966 0
1556686967 0
1556686968 0
1556686969 0
1556686970 0
1556686971 0
1556686972 0
1556686973 0
1556686974 0
1556686975 0
1556686976 0
1556686977 0
1556686978 0
1556686979 0
1556686980 0
1556686981 0
1556686982 0
1556686983 0
1556686984 0
1556686985 0
1556686986 0
1556686987 0
1556686988 0
1556686989 0
1556686990 0
1556686991 0
1556686992 0
1556686993 0
1556686994 0
1556686995 0
1556686996 0
1556686997 0
1556686998 0
1556686999 0
1556687000 0
1556687001 0
1556687002 0
1556687003 0
1556687004 0
1556687005 0
1556687006 0
1556687007 0
1556687008 0
1556687009 0
1556687010 0
1556687011 0
1556687012 0
1556687013 0
1556687014 0
1556687015 0
1556687016 0
1556687017 0
1556687018 0
1556687019 0
1556687020 0
1556687021 0
1556687022 0
1556687023 0
1556687024 0
1556687025 0
1556687026 0
1556687027 0
1556687028 0
1556687029 0
1556687030 0
1556687031 0
1556687032 0
1556687033 0
1556687034 0
1556687035 0
1556687036 0
1556687037 0
1556687038 0
1556687039 0
1556687040 0
1556687041 0
1556687042 0
1556687043 0
1556687044 0
1556687045 0
1556687046 0
1556687047 0
1556687048 0
1556687049 0
1556687050 0
1556687051 0
1556687052 0
1556687053 0
1556687054 0
1556687055 0
1556687056 0
1556687057 0
1556687058 0
1556687059 0
1556687060 0
1556687061 0
1556687062 0
1556687063 0
1556687064 0
1556687065 0
1556687066 0
1556687067 0
1556687068 0
1556687069 0
1556687070 0
1556687071 0
1556687072 0
1556687073 0
1556687074 0
1556687075 0
1556687076 0
1556687077 0
1556687078 0
1556687079 0
1556687080 0
1556687081 0
1556687082 0
1556687083 0
1556687084 0
1556687085 0
1556687086 0
1556687087 0
1556687088 0
1556687089 0
1556687090 0
1556687091 0
1556687092 0
1556687093 0
1556687094 0
1556687095 0
1556687096 0
1556687097 0
1556687098 0
1556687099 0
1556687100 0
1556687101 0
1556687102 0
1556687103 0
1556687104 0
1556687105 0
1556687106 0
1556687107 0
1556687108 0
1556687109 0
1556687110 0
1556687111 0
1556687112 0
1556687113 0
1556687114 0
1556687115 0
1556687116 0
1556687117 0
1556687118 0
1556687119 0
1556687120 0
1556687121 0
1556687122 0
1556687123 0
1556687124 0
1556687125 0
1556687126 0
1556687127 0
1556687128 0
1556687129 0
1556687130 0
1556687131 0
1556687132 0
1556687133 0
1556687134 0
1556687135 0
1556687136 0
1556687137 0
1556687138 0
1556687139 0
1556687140 0
1556687141 0
1556687142 0
1556687143 0
1556687144 0
1556687145 0
1556687146 0
1556687147 0
1556687148 0
1556687149 0
1556687150 0
1556687151 0
1556687152 0
1556687153 0
1556687154 0
1556687155 0
1556687156 0
1556687157 0
1556687158 0
1556687159 0
1556687160 0
1556687161 0
1556687162 0
1556687163 0
1556687164 0
1556687165 0
1556687166 0
1556687167 0
1556687168 0
1556687169 0
1556687170 0
1556687171 0
1556687172 0
1556687173 0
1556687174 0
1556687175 0
1556687176 0
1556687177 0
1556687178 0
1556687179 0
1556687180 0
1556687181 0
1556687182 0
1556687183 0
1556687184 0
1556687185 0
1556687186 0
1556687187 0
1556687188 0
1556687189 0
1556687190 0
1556687191 0
1556687192 0
1556687193 0
1556687194 0
1556687195 0
1556687196 0
1556687197 0
1556687198 0
1556687199 0
1556687200 0
1556687201 0
1556687202 0
1556687203 0
1556687204 0
1556687205 0
1556687206 0
1556687207 0
1556687208 0
1556687209 0
1556687210 0
1556687211 0
1556687212 0
1556687213 0
1556687214 0
1556687215 0
1556687216 0
1556687217 0
1556687218 0
1556687219 0
1556687220 0
1556687221 0
1556687222 0
1556687223 0
1556687224 0
1556687225 0
1556687226 0
1556687227 0
1556687228 0
1556687229 0
1556687230 0
1556687231 0
1556687232 0
1556687233 0
1556687234 0
1556687235 0
1556687236 0
1556687237 0
1556687238 0
1556687239 0
1556687240 0
1556687241 0
1556687242 0
1556687243 0
1556687244 0
1556687245 0
1556687246 0
1556687247 0
1556687248 0
1556687249 0
1556687250 0
1556687251 0
1556687252 0
1556687253 0
1556687254 0
1556687255 0
1556687256 0
1556687257 0
1556687258 0
1556687259 0
1556687260 0
1556687261 0
1556687262 0
1556687263 0
1556687264 0
1556687265 0
1556687266 0
1556687267 0
1556687268 0
1556687269 0
1556687270 0
1556687271 0
1556687272 0
1556687273 0
1556687274 0
1556687275 0
1556687276 0
1556687277 0
1556687278 0
1556687279 0
1556687280 0
1556687281 0
1556687282 0
1556687283 0
1556687284 0
1556687285 0
1556687286 0
1556687287 0
1556687288 0
1556687289 0
1556687290 0
1556687291 0
1556687292 0
1556687293 0
1556687294 0
1556687295 0
1556687296 0
1556687297 0
1556687298 0
1556687299 0
1556687300 0
1556687301 0
1556687302 0
1556687303 0
1556687304 0
1556687305 0
1556687306 0
1556687307 0
1556687308 0
1556687309 0
1556687310 0
1556687311 0
1556687312 0
1556687313 0
1556687314 0
1556687315 0
1556687316 0
1556687317 0
1556687318 0
1556687319 0
1556687320 0
1556687321 0
1556687322 0
1556687323 0
1556687324 0
1556687325 0
1556687326 0
1556687327 0
1556687328 0
1556687329 0
1556687330 0
1556687331 0
1556687332 0
1556687333 0
1556687334 0
1556687335 0
1556687336 0
1556687337 0
1556687338 0
1556687339 0
1556687340 0
1556687341 0
1556687342 0
1556687343 0
1556687344 0
1556687345 0
1556687346 0
1556687347 0
1556687348 0
1556687349 0
1556687350 0
1556687351 0
1556687352 0
1556687353 0
1556687354 0
1556687355 0
1556687356 0
1556687357 0
1556687358 0
1556687359 0
1556687360 0
1556687361 0
1556687362 0
1556687363 0
1556687364 0
1556687365 0
1556687366 0
1556687367 0
1556687368 0
1556687369 0
1556687370 0
1556687371 0
1556687372 0
1556687373 0
1556687374 0
1556687375 0
1556687376 0
1556687377 0
1556687378 0
1556687379 0
1556687380 0
1556687381 0
1556687382 0
1556687383 0
1556687384 0
1556687385 0
1556687386 0
1556687387 0
1556687388 0
1556687389 0
1556687390 0
1556687391 0
1556687392 0
1556687393 0
1556687394 0
1556687395 0
1556687396 0
1556687397 0
1556687398 0
1556687399 0
1556687400 0
1556687401 0
1556687402 0
1556687403 0
1556687404 0
1556687405 0
1556687406 0
1556687407 0
1556687408 0
1556687409 0
1556687410 0
1556687411 0
1556687412 0
1556687413 0
1556687414 0
1556687415 0
1556687416 0
1556687417 0
1556687418 0
1556687419 0
1556687420 0
1556687421 0
1556687422 0
1556687423 0
1556687424 0
1556687425 0
1556687426 0
1556687427 0
1556687428 0
1556687429 0
1556687430 0
1556687431 0
1556687432 0
1556687433 0
1556687434 0
1556687435 0
1556687436 0
1556687437 0
1556687438 0
1556687439 0
1556687440 0
1556687441 0
1556687442 0
1556687443 0
1556687444 0
1556687445 0
1556687446 0
1556687447 0
1556687448 0
1556687449 0
1556687450 0
1556687451 0
1556687452 0
1556687453 0
1556687454 0
1556687455 0
1556687456 0
1556687457 0
1556687458 0
1556687459 0
1556687460 0
1556687461 0
1556687462 0
1556687463 0
1556687464 0
1556687465 0
1556687466 0
1556687467 0
1556687468 0
1556687469 0
1556687470 0
1556687471 0
1556687472 0
1556687473 0
1556687474 0
1556687475 0
1556687476 0
1556687477 0
1556687478 0
1556687479 0
1556687480 0
1556687481 0
1556687482 0
1556687483 0
1556687484 0
1556687485 0
1556687486 0
1556687487 0
1556687488 0
1556687489 0
1556687490 0
1556687491 0
1556687492 0
1556687493 0
1556687494 0
1556687495 0
1556687496 0
1556687497 0
1556687498 0
1556687499 0
1556687500 0
1556687501 0
1556687502 0
1556687503 0
1556687504 0
1556687505 0
1556687506 0
1556687507 0
1556687508 0
1556687509 0
1556687510 0
1556687511 0
1556687512 0
1556687513 0
1556687514 0
1556687515 0
1556687516 0
1556687517 0
1556687518 0
1556687519 0
1556687520 0
1556687521 0
1556687522 0
1556687523 0
1556687524 0
1556687525 0
1556687526 0
1556687527 0
1556687528 0
1556687529 0
1556687530 0
1556687531 0
1556687532 0
1556687533 0
1556687534 0
1556687535 0
1556687536 0
1556687537 0
1556687538 0
1556687539 0
1556687540 0
1556687541 0
1556687542 0
1556687543 0
1556687544 0
1556687545 0
1556687546 0
1556687547 0
1556687548 0
1556687549 0
1556687550 0
1556687551 0
1556687552 0
1556687553 0
1556687554 0
1556687555 0
1556687556 0
1556687557 0
1556687558 0
1556687559 0
1556687560 0
1556687561 0
1556687562 0
1556687563 0
1556687564 0
1556687565 0
1556687566 0
1556687567 0
1556687568 0
1556687569 0
1556687570 0
1556687571 0
1556687572 0
1556687573 0
1556687574 0
1556687575 0
1556687576 0
1556687577 0
1556687578 0
1556687579 0
1556687580 0
1556687581 0
1556687582 0
1556687583 0
1556687584 0
1556687585 0
1556687586 0
1556687587 0
1556687588 0
1556687589 0
1556687590 0
1556687591 0
1556687592 0
1556687593 0
1556687594 0
1556687595 0
1556687596 0
1556687597 0
1556687598 0
1556687599 0
1556687600 0
1556687601 0
1556687602 0
1556687603 0
1556687604 0
1556687605 0
1556687606 0
1556687607 0
1556687608 0
1556687609 0
1556687610 0
1556687611 0
1556687612 0
1556687613 0
1556687614 0
1556687615 0
1556687616 0
1556687617 0
1556687618 0
1556687619 0
1556687620 0
1556687621 0
1556687622 0
1556687623 0
1556687624 0
1556687625 0
1556687626 0
1556687627 0
1556687628 0
1556687629 0
1556687630 0
1556687631 0
1556687632 0
1556687633 0
1556687634 0
1556687635 0
1556687636 0
1556687637 0
1556687638 0
1556687639 0
1556687640 0
1556687641 0
1556687642 0
1556687643 0
1556687644 0
1556687645 0
1556687646 0
1556687647 0
1556687648 0
1556687649 0
1556687650 0
1556687651 0
1556687652 0
1556687653 0
1556687654 0
1556687655 0
1556687656 0
1556687657 0
1556687658 0
1556687659 0
1556687660 0
1556687661 0
1556687662 0
1556687663 0
1556687664 0
1556687665 0
1556687666 0
1556687667 0
1556687668 0
1556687669 0
1556687670 0
1556687671 0
1556687672 0
1556687673 0
1556687674 0
1556687675 0
1556687676 0
1556687677 0
1556687678 0
1556687679 0
1556687680 0
1556687681 0
1556687682 0
1556687683 0
1556687684 0
1556687685 0
1556687686 0
1556687687 0
1556687688 0
1556687689 0
1556687690 0
1556687691 0
1556687692 0
1556687693 0
1556687694 0
1556687695 0
1556687696 0
1556687697 0
1556687698 0
1556687699 0
1556687700 0
1556687701 0
1556687702 0
1556687703 0
1556687704 0
1556687705 0
1556687706 0
1556687707 0
1556687708 0
1556687709 0
1556687710 0
1556687711 0
1556687712 0
1556687713 0
1556687714 0
1556687715 0
1556687716 0
1556687717 0
1556687718 0
1556687719 0
1556687720 0
1556687721 0
1556687722 0
1556687723 0
1556687724 0
1556687725 0
1556687726 0
1556687727 0
1556687728 0
1556687729 0
1556687730 0
1556687731 0
1556687732 0
1556687733 0
1556687734 0
1556687735 0
1556687736 0
1556687737 0
1556687738 0
1556687739 0
1556687740 0
1556687741 0
1556687742 0
1556687743 0
1556687744 0
1556687745 0
1556687746 0
1556687747 0
1556687748 0
1556687749 0
1556687750 0
1556687751 0
1556687752 0
1556687753 0
1556687754 0
1556687755 0
1556687756 0
1556687757 0
1556687758 0
1556687759 0
1556687760 0
1556687761 0
1556687762 0
1556687763 0
1556687764 0
1556687765 0
1556687766 0
1556687767 0
1556687768 0
1556687769 0
1556687770 0
1556687771 0
1556687772 0
1556687773 0
1556687774 0
1556687775 0
1556687776 0
1556687777 0
1556687778 0
1556687779 0
1556687780 0
1556687781 0
1556687782 0
1556687783 0
1556687784 0
1556687785 0
1556687786 0
1556687787 0
1556687788 0
1556687789 0
1556687790 0
1556687791 0
1556687792 0
1556687793 0
1556687794 0
1556687795 0
1556687796 0
1556687797 0
1556687798 0
1556687799 0
1556687800 0
1556687801 0
1556687802 0
1556687803 0
1556687804 0
1556687805 0
1556687806 0
1556687807 0
1556687808 0
1556687809 0
1556687810 0
1556687811 0
1556687812 0
1556687813 0
1556687814 0
1556687815 0
1556687816 0
1556687817 0
1556687818 0
1556687819 0
1556687820 0
1556687821 0
1556687822 0
1556687823 0
1556687824 0
1556687825 0
1556687826 0
1556687827 0
1556687828 0
1556687829 0
1556687830 0
1556687831 0
1556687832 0
1556687833 0
1556687834 0
1556687835 0
1556687836 0
1556687837 0
1556687838 0
1556687839 0
1556687840 0
1556687841 0
1556687842 0
1556687843 0
1556687844 0
1556687845 0
1556687846 0
1556687847 0
1556687848 0
1556687849 0
1556687850 0
1556687851 0
1556687852 0
1556687853 0
1556687854 0
1556687855 0
1556687856 0
1556687857 0
1556687858 0
1556687859 0
1556687860 0
1556687861 0
1556687862 0
1556687863 0
1556687864 0
1556687865 0
1556687866 0
1556687867 0
1556687868 0
1556687869 0
1556687870 0
1556687871 0
1556687872 0
1556687873 0
1556687874 0
1556687875 0
1556687876 0
1556687877 0
1556687878 0
1556687879 0
1556687880 0
1556687881 0
1556687882 0
1556687883 0
1556687884 0
1556687885 0
1556687886 0
1556687887 0
1556687888 0
1556687889 0
1556687890 0
1556687891 0
1556687892 0
1556687893 0
1556687894 0
1556687895 0
1556687896 0
1556687897 0
1556687898 0
1556687899 0
1556687900 0
1556687901 0
1556687902 0
1556687903 0
1556687904 0
1556687905 0
1556687906 0
1556687907 0
1556687908 0
1556687909 0
1556687910 0
1556687911 0
1556687912 0
1556687913 0
1556687914 0
1556687915 0
1556687916 0
1556687917 0
1556687918 0
1556687919 0
1556687920 0
1556687921 0
1556687922 0
1556687923 0
1556687924 0
1556687925 0
1556687926 0
1556687927 0
1556687928 0
1556687929 0
1556687930 0
1556687931 0
1556687932 0
1556687933 0
1556687934 0
1556687935 0
1556687936 0
1556687937 0
1556687938 0
1556687939 0
1556687940 0
1556687941 0
1556687942 0
1556687943 0
1556687944 0
1556687945 0
1556687946 0
1556687947 0
1556687948 0
1556687949 0
1556687950 0
1556687951 0
1556687952 0
1556687953 0
1556687954 0
1556687955 0
1556687956 0
1556687957 0
1556687958 0
1556687959 0
1556687960 0
1556687961 0
1556687962 0
1556687963 0
1556687964 0
1556687965 0
1556687966 0
1556687967 0
1556687968 0
1556687969 0
1556687970 0
1556687971 0
1556687972 0
1556687973 0
1556687974 0
1556687975 0
1556687976 0
1556687977 0
1556687978 0
1556687979 0
1556687980 0
1556687981 0
1556687982 0
1556687983 0
1556687984 0
1556687985 0
1556687986 0
1556687987 0
1556687988 0
1556687989 0
1556687990 0
1556687991 0
1556687992 0
1556687993 0
1556687994 0
1556687995 0
1556687996 0
1556687997 0
1556687998 0
1556687999 0
1556688000 0
1556688001 0
1556688002 0
1556688003 0
1556688004 0
1556688005 0
1556688006 0
1556688007 0
1556688008 0
1556688009 0
1556688010 0
1556688011 0
1556688012 0
1556688013 0
1556688014 0
1556688015 0
1556688016 0
1556688017 0
1556688018 0
1556688019 0
1556688020 0
1556688021 0
1556688022 0
1556688023 0
1556688024 0
1556688025 0
1556688026 0
1556688027 0
1556688028 0
1556688029 0
1556688030 0
1556688031 0
1556688032 0
1556688033 0
1556688034 0
1556688035 0
1556688036 0
1556688037 0
1556688038 0
1556688039 0
1556688040 0
1556688041 0
1556688042 0
1556688043 0
1556688044 0
1556688045 0
1556688046 0
1556688047 0
1556688048 0
1556688049 0
1556688050 0
1556688051 0
1556688052 0
1556688053 0
1556688054 0
1556688055 0
1556688056 0
1556688057 0
1556688058 0
1556688059 0
1556688060 0
1556688061 0
1556688062 0
1556688063 0
1556688064 0
1556688065 0
1556688066 0
1556688067 0
1556688068 0
1556688069 0
1556688070 0
1556688071 0
1556688072 0
1556688073 0
1556688074 0
1556688075 0
1556688076 0
1556688077 0
1556688078 0
1556688079 0
1556688080 0
1556688081 0
1556688082 0
1556688083 0
1556688084 0
1556688085 0
1556688086 0
1556688087 0
1556688088 0
1556688089 0
1556688090 0
1556688091 0
1556688092 0
1556688093 0
1556688094 0
1556688095 0
1556688096 0
1556688097 0
1556688098 0
1556688099 0
1556688100 0
1556688101 0
1556688102 0
1556688103 0
1556688104 0
1556688105 0
1556688106 0
1556688107 0
1556688108 0
1556688109 0
1556688110 0
1556688111 0
1556688112 0
1556688113 0
1556688114 0
1556688115 0
1556688116 0
1556688117 0
1556688118 0
1556688119 0
1556688120 0
1556688121 0
1556688122 0
1556688123 0
1556688124 0
1556688125 0
1556688126 0
1556688127 0
1556688128 0
1556688129 0
1556688130 0
1556688131 0
1556688132 0
1556688133 0
1556688134 0
1556688135 0
1556688136 0
1556688137 0
1556688138 0
1556688139 0
1556688140 0
1556688141 0
1556688142 0
1556688143 0
1556688144 0
1556688145 0
1556688146 0
1556688147 0
1556688148 0
1556688149 0
1556688150 0
1556688151 0
1556688152 0
1556688153 0
1556688154 0
1556688155 0
1556688156 0
1556688157 0
1556688158 0
1556688159 0
1556688160 0
1556688161 0
1556688162 0
1556688163 0
1556688164 0
1556688165 0
1556688166 0
1556688167 0
1556688168 0
1556688169 0
1556688170 0
1556688171 0
1556688172 0
1556688173 0
1556688174 0
1556688175 0
1556688176 0
1556688177 0
1556688178 0
1556688179 0
1556688180 0
1556688181 0
1556688182 0
1556688183 0
1556688184 0
1556688185 0
1556688186 0
1556688187 0
1556688188 0
1556688189 0
1556688190 0
1556688191 0
1556688192 0
1556688193 0
1556688194 0
1556688195 0
1556688196 0
1556688197 0
1556688198 0
1556688199 0
1556688200 0
1556688201 0
1556688202 0
1556688203 0
1556688204 0
1556688205 0
1556688206 0
1556688207 0
1556688208 0
1556688209 0
1556688210 0
1556688211 0
1556688212 0
1556688213 0
1556688214 0
1556688215 0
1556688216 0
1556688217 0
1556688218 0
1556688219 0
1556688220 0
1556688221 0
1556688222 0
1556688223 0
1556688224 0
1556688225 0
1556688226 0
1556688227 0
1556688228 0
1556688229 0
1556688230 0
1556688231 0
1556688232 0
1556688233 0
1556688234 0
1556688235 0
1556688236 0
1556688237 0
1556688238 0
1556688239 0
1556688240 0
1556688241 0
1556688242 0
1556688243 0
1556688244 0
1556688245 0
1556688246 0
1556688247 0
1556688248 0
1556688249 0
1556688250 0
1556688251 0
1556688252 0
1556688253 0
1556688254 0
1556688255 0
1556688256 0
1556688257 0
1556688258 0
1556688259 0
1556688260 0
1556688261 0
1556688262 0
1556688263 0
1556688264 0
1556688265 0
1556688266 0
1556688267 0
1556688268 0
1556688269 0
1556688270 0
1556688271 0
1556688272 0
1556688273 0
1556688274 0
1556688275 0
1556688276 0
1556688277 0
1556688278 0
1556688279 0
1556688280 0
1556688281 0
1556688282 0
1556688283 0
1556688284 0
1556688285 0
1556688286 0
1556688287 0
1556688288 0
1556688289 0
1556688290 0
1556688291 0
1556688292 0
1556688293 0
1556688294 0
1556688295 0
1556688296 0
1556688297 0
1556688298 0
1556688299 0
1556688300 0
1556688301 0
1556688302 0
1556688303 0
1556688304 0
1556688305 0
1556688306 0
1556688307 0
1556688308 0
1556688309 0
1556688310 0
1556688311 0
1556688312 0
1556688313 0
1556688314 0
1556688315 0
1556688316 0
1556688317 0
1556688318 0
1556688319 0
1556688320 0
1556688321 0
1556688322 0
1556688323 0
1556688324 0
1556688325 0
1556688326 0
1556688327 0
1556688328 0
1556688329 0
1556688330 0
1556688331 0
1556688332 0
1556688333 0
1556688334 0
1556688335 0
1556688336 0
1556688337 0
1556688338 0
1556688339 0
1556688340 0
1556688341 0
1556688342 0
1556688343 0
1556688344 0
1556688345 0
1556688346 0
1556688347 0
1556688348 0
1556688349 0
1556688350 0
1556688351 0
1556688352 0
1556688353 0
1556688354 0
1556688355 0
1556688356 0
1556688357 0
1556688358 0
1556688359 0
1556688360 0
1556688361 0
1556688362 0
1556688363 0
1556688364 0
1556688365 0
1556688366 0
1556688367 0
1556688368 0
1556688369 0
1556688370 0
1556688371 0
1556688372 0
1556688373 0
1556688374 0
1556688375 0
1556688376 0
1556688377 0
1556688378 0
1556688379 0
1556688380 0
1556688381 0
1556688382 0
1556688383 0
1556688384 0
1556688385 0
1556688386 0
1556688387 0
1556688388 0
1556688389 0
1556688390 0
1556688391 0
1556688392 0
1556688393 0
1556688394 0
1556688395 0
1556688396 0
1556688397 0
1556688398 0
1556688399 0
1556688400 0
1556688401 0
1556688402 0
1556688403 0
1556688404 0
1556688405 0
1556688406 0
1556688407 0
1556688408 0
1556688409 0
1556688410 0
1556688411 0
1556688412 0
1556688413 0
1556688414 0
1556688415 0
1556688416 0
1556688417 0
1556688418 0
1556688419 0
1556688420 0
1556688421 0
1556688422 0
1556688423 0
1556688424 0
1556688425 0
1556688426 0
1556688427 0
1556688428 0
1556688429 0
1556688430 0
1556688431 0
1556688432 0
1556688433 0
1556688434 0
1556688435 0
1556688436 0
1556688437 0
1556688438 0
1556688439 0
1556688440 0
1556688441 0
1556688442 0
1556688443 0
1556688444 0
1556688445 0
1556688446 0
1556688447 0
1556688448 0
1556688449 0
1556688450 0
1556688451 0
1556688452 0
1556688453 0
1556688454 0
1556688455 0
1556688456 0
1556688457 0
1556688458 0
1556688459 0
1556688460 0
1556688461 0
1556688462 0
1556688463 0
1556688464 0
1556688465 0
1556688466 0
1556688467 0
1556688468 0
1556688469 0
1556688470 0
1556688471 0
1556688472 0
1556688473 0
1556688474 0
1556688475 0
1556688476 0
1556688477 0
1556688478 0
1556688479 0
1556688480 0
1556688481 0
1556688482 0
1556688483 0
1556688484 0
1556688485 0
1556688486 0
1556688487 0
1556688488 0
1556688489 0
1556688490 0
1556688491 0
1556688492 0
1556688493 0
1556688494 0
1556688495 0
1556688496 0
1556688497 0
1556688498 0
1556688499 0
1556688500 0
1556688501 0
1556688502 0
1556688503 0
1556688504 0
1556688505 0
1556688506 0
1556688507 0
1556688508 0
1556688509 0
1556688510 0
1556688511 0
1556688512 0
1556688513 0
1556688514 0
1556688515 0
1556688516 0
1556688517 0
1556688518 0
1556688519 0
1556688520 0
1556688521 0
1556688522 0
1556688523 0
1556688524 0
1556688525 0
1556688526 0
1556688527 0
1556688528 0
1556688529 0
1556688530 0
1556688531 0
1556688532 0
1556688533 0
1556688534 0
1556688535 0
1556688536 0
1556688537 0
1556688538 0
1556688539 0
1556688540 0
1556688541 0
1556688542 0
1556688543 0
1556688544 0
1556688545 0
1556688546 0
1556688547 0
1556688548 0
1556688549 0
1556688550 0
1556688551 0
1556688552 0
1556688553 0
1556688554 0
1556688555 0
1556688556 0
1556688557 0
1556688558 0
1556688559 0
1556688560 0
1556688561 0
1556688562 0
1556688563 0
1556688564 0
1556688565 0
1556688566 0
1556688567 0
1556688568 0
1556688569 0
1556688570 0
1556688571 0
1556688572 0
1556688573 0
1556688574 0
1556688575 0
1556688576 0
1556688577 0
1556688578 0
1556688579 0
1556688580 0
1556688581 0
1556688582 0
1556688583 0
1556688584 0
1556688585 0
1556688586 0
1556688587 0
1556688588 0
1556688589 0
1556688590 0
1556688591 0
1556688592 0
1556688593 0
1556688594 0
1556688595 0
1556688596 0
1556688597 0
1556688598 0
1556688599 0
1556688600 0
1556688601 0
1556688602 0
1556688603 0
1556688604 0
1556688605 0
1556688606 0
1556688607 0
1556688608 0
1556688609 0
1556688610 0
1556688611 0
1556688612 0
1556688613 0
1556688614 0
1556688615 0
1556688616 0
1556688617 0
1556688618 0
1556688619 0
1556688620 0
1556688621 0
1556688622 0
1556688623 0
1556688624 0
1556688625 0
1556688626 0
1556688627 0
1556688628 0
1556688629 0
1556688630 0
1556688631 0
1556688632 0
1556688633 0
1556688634 0
1556688635 0
1556688636 0
1556688637 0
1556688638 0
1556688639 0
1556688640 0
1556688641 0
1556688642 0
1556688643 0
1556688644 0
1556688645 0
1556688646 0
1556688647 0
1556688648 0
1556688649 0
1556688650 0
1556688651 0
1556688652 0
1556688653 0
1556688654 0
1556688655 0
1556688656 0
1556688657 0
1556688658 0
1556688659 0
1556688660 0
1556688661 0
1556688662 0
1556688663 0
1556688664 0
1556688665 0
1556688666 0
1556688667 0
1556688668 0
1556688669 0
1556688670 0
1556688671 0
1556688672 0
1556688673 0
1556688674 0
1556688675 0
1556688676 0
1556688677 0
1556688678 0
1556688679 0
1556688680 0
1556688681 0
1556688682 0
1556688683 0
1556688684 0
1556688685 0
1556688686 0
1556688687 0
1556688688 0
1556688689 0
1556688690 0
1556688691 0
1556688692 0
1556688693 0
1556688694 0
1556688695 0
1556688696 0
1556688697 0
1556688698 0
1556688699 0
1556688700 0
1556688701 0
1556688702 0
1556688703 0
1556688704 0
1556688705 0
1556688706 0
1556688707 0
1556688708 0
1556688709 0
1556688710 0
1556688711 0
1556688712 0
1556688713 0
1556688714 0
1556688715 0
1556688716 0
1556688717 0
1556688718 0
1556688719 0
1556688720 0
1556688721 0
1556688722 0
1556688723 0
1556688724 0
1556688725 0
1556688726 0
1556688727 0
1556688728 0
1556688729 0
1556688730 0
1556688731 0
1556688732 0
1556688733 0
1556688734 0
1556688735 0
1556688736 0
1556688737 0
1556688738 0
1556688739 0
1556688740 0
1556688741 0
1556688742 0
1556688743 0
1556688744 0
1556688745 0
1556688746 0
1556688747 0
1556688748 0
1556688749 0
1556688750 0
1556688751 0
1556688752 0
1556688753 0
1556688754 0
1556688755 0
1556688756 0
1556688757 0
1556688758 0
1556688759 0
1556688760 0
1556688761 0
1556688762 0
1556688763 0
1556688764 0
1556688765 0
1556688766 0
1556688767 0
1556688768 0
1556688769 0
1556688770 0
1556688771 0
1556688772 0
1556688773 0
1556688774 0
1556688775 0
1556688776 0
1556688777 0
1556688778 0
1556688779 0
1556688780 0
1556688781 0
1556688782 0
1556688783 0
1556688784 0
1556688785 0
1556688786 0
1556688787 0
1556688788 0
1556688789 0
1556688790 0
1556688791 0
1556688792 0
1556688793 0
1556688794 0
1556688795 0
1556688796 0
1556688797 0
1556688798 0
1556688799 0
1556688800 0
1556688801 0
1556688802 0
1556688803 0
1556688804 0
1556688805 0
1556688806 0
1556688807 0
1556688808 0
1556688809 0
1556688810 0
1556688811 0
1556688812 0
1556688813 0
1556688814 0
1556688815 0
1556688816 0
1556688817 0
1556688818 0
1556688819 0
1556688820 0
1556688821 0
1556688822 0
1556688823 0
1556688824 0
1556688825 0
1556688826 0
1556688827 0
1556688828 0
1556688829 0
1556688830 0
1556688831 0
1556688832 0
1556688833 0
1556688834 0
1556688835 0
1556688836 0
1556688837 0
1556688838 0
1556688839 0
1556688840 0
1556688841 0
1556688842 0
1556688843 0
1556688844 0
1556688845 0
1556688846 0
1556688847 0
1556688848 0
1556688849 0
1556688850 0
1556688851 0
1556688852 0
1556688853 0
1556688854 0
1556688855 0
1556688856 0
1556688857 0
1556688858 0
1556688859 0
1556688860 0
1556688861 0
1556688862 0
1556688863 0
1556688864 0
1556688865 0
1556688866 0
1556688867 0
1556688868 0
1556688869 0
1556688870 0
1556688871 0
1556688872 0
1556688873 0
1556688874 0
1556688875 0
1556688876 0
1556688877 0
1556688878 0
1556688879 0
1556688880 0
1556688881 0
1556688882 0
1556688883 0
1556688884 0
1556688885 0
1556688886 0
1556688887 0
1556688888 0
1556688889 0
1556688890 0
1556688891 0
1556688892 0
1556688893 0
1556688894 0
1556688895 0
1556688896 0
1556688897 0
1556688898 0
1556688899 0
1556688900 0
1556688901 0
1556688902 0
1556688903 0
1556688904 0
1556688905 0
1556688906 0
1556688907 0
1556688908 0
1556688909 0
1556688910 0
1556688911 0
1556688912 0
1556688913 0
1556688914 0
1556688915 0
1556688916 0
1556688917 0
1556688918 0
1556688919 0
1556688920 0
1556688921 0
1556688922 0
1556688923 0
1556688924 0
1556688925 0
1556688926 0
1556688927 0
1556688928 0
1556688929 0
1556688930 0
1556688931 0
1556688932 0
1556688933 0
1556688934 0
1556688935 0
1556688936 0
1556688937 0
1556688938 0
1556688939 0
1556688940 0
1556688941 0
1556688942 0
1556688943 0
1556688944 0
1556688945 0
1556688946 0
1556688947 0
1556688948 0
1556688949 0
1556688950 0
1556688951 0
1556688952 0
1556688953 0
1556688954 0
1556688955 0
1556688956 0
1556688957 0
1556688958 0
1556688959 0
1556688960 0
1556688961 0
1556688962 0
1556688963 0
1556688964 0
1556688965 0
1556688966 0
1556688967 0
1556688968 0
1556688969 0
1556688970 0
1556688971 0
1556688972 0
1556688973 0
1556688974 0
1556688975 0
1556688976 0
1556688977 0
1556688978 0
1556688979 0
1556688980 0
1556688981 0
1556688982 0
1556688983 0
1556688984 0
1556688985 0
1556688986 0
1556688987 0
1556688988 0
1556688989 0
1556688990 0
1556688991 0
1556688992 0
1556688993 0
1556688994 0
1556688995 0
1556688996 0
1556688997 0
1556688998 0
1556688999 0
1556689000 0
1556689001 0
1556689002 0
1556689003 0
1556689004 0
1556689005 0
1556689006 0
1556689007 0
1556689008 0
1556689009 0
1556689010 0
1556689011 0
1556689012 0
1556689013 0
1556689014 0
1556689015 0
1556689016 0
1556689017 0
1556689018 0
1556689019 0
1556689020 0
1556689021 0
1556689022 0
1556689023 0
1556689024 0
1556689025 0
1556689026 0
1556689027 0
1556689028 0
1556689029 0
1556689030 0
1556689031 0
1556689032 0
1556689033 0
1556689034 0
1556689035 0
1556689036 0
1556689037 0
1556689038 0
1556689039 0
1556689040 0
1556689041 0
1556689042 0
1556689043 0
1556689044 0
1556689045 0
1556689046 0
1556689047 0
1556689048 0
1556689049 0
1556689050 0
1556689051 0
1556689052 0
1556689053 0
1556689054 0
1556689055 0
1556689056 0
1556689057 0
1556689058 0
1556689059 0
1556689060 0
1556689061 0
1556689062 0
1556689063 0
1556689064 0
1556689065 0
1556689066 0
1556689067 0
1556689068 0
1556689069 0
1556689070 0
1556689071 0
1556689072 0
1556689073 0
1556689074 0
1556689075 0
1556689076 0
1556689077 0
1556689078 0
1556689079 0
1556689080 0
1556689081 0
1556689082 0
1556689083 0
1556689084 0
1556689085 0
1556689086 0
1556689087 0
1556689088 0
1556689089 0
1556689090 0
1556689091 0
1556689092 0
1556689093 0
1556689094 0
1556689095 0
1556689096 0
1556689097 0
1556689098 0
1556689099 0
1556689100 0
1556689101 0
1556689102 0
1556689103 0
1556689104 0
1556689105 0
1556689106 0
1556689107 0
1556689108 0
1556689109 0
1556689110 0
1556689111 0
1556689112 0
1556689113 0
1556689114 0
1556689115 0
1556689116 0
1556689117 0
1556689118 0
1556689119 0
1556689120 0
1556689121 0
1556689122 0
1556689123 0
1556689124 0
1556689125 0
1556689126 0
1556689127 0
1556689128 0
1556689129 0
1556689130 0
1556689131 0
1556689132 0
1556689133 0
1556689134 0
1556689135 0
1556689136 0
1556689137 0
1556689138 0
1556689139 0
1556689140 0
1556689141 0
1556689142 0
1556689143 0
1556689144 0
1556689145 0
1556689146 0
1556689147 0
1556689148 0
1556689149 0
1556689150 0
1556689151 0
1556689152 0
1556689153 0
1556689154 0
1556689155 0
1556689156 0
1556689157 0
1556689158 0
1556689159 0
1556689160 0
1556689161 0
1556689162 0
1556689163 0
1556689164 0
1556689165 0
1556689166 0
1556689167 0
1556689168 0
1556689169 0
1556689170 0
1556689171 0
1556689172 0
1556689173 0
1556689174 0
1556689175 0
1556689176 0
1556689177 0
1556689178 0
1556689179 0
1556689180 0
1556689181 0
1556689182 0
1556689183 0
1556689184 0
1556689185 0
1556689186 0
1556689187 0
1556689188 0
1556689189 0
1556689190 0
1556689191 0
1556689192 0
1556689193 0
1556689194 0
1556689195 0
1556689196 0
1556689197 0
1556689198 0
1556689199 0
1556689200 0
1556689201 0
1556689202 0
1556689203 0
1556689204 0
1556689205 0
1556689206 0
1556689207 0
1556689208 0
1556689209 0
1556689210 0
1556689211 0
1556689212 0
1556689213 0
1556689214 0
1556689215 0
1556689216 0
1556689217 0
1556689218 0
1556689219 0
1556689220 0
1556689221 0
1556689222 0
1556689223 0
1556689224 0
1556689225 0
1556689226 0
1556689227 0
1556689228 0
1556689229 0
1556689230 0
1556689231 0
1556689232 0
1556689233 0
1556689234 0
1556689235 0
1556689236 0
1556689237 0
1556689238 0
1556689239 0
1556689240 0
1556689241 0
1556689242 0
1556689243 0
1556689244 0
1556689245 0
1556689246 0
1556689247 0
1556689248 0
1556689249 0
1556689250 0
1556689251 0
1556689252 0
1556689253 0
1556689254 0
1556689255 0
1556689256 0
1556689257 0
1556689258 0
1556689259 0
1556689260 0
1556689261 0
1556689262 0
1556689263 0
1556689264 0
1556689265 0
1556689266 0
1556689267 0
1556689268 0
1556689269 0
1556689270 0
1556689271 0
1556689272 0
1556689273 0
1556689274 0
1556689275 0
1556689276 0
1556689277 0
1556689278 0
1556689279 0
1556689280 0
1556689281 0
1556689282 0
1556689283 0
1556689284 0
1556689285 0
1556689286 0
1556689287 0
1556689288 0
1556689289 0
1556689290 0
1556689291 0
1556689292 0
1556689293 0
1556689294 0
1556689295 0
1556689296 0
1556689297 0
1556689298 0
1556689299 0
1556689300 0
1556689301 0
1556689302 0
1556689303 0
1556689304 0
1556689305 0
1556689306 0
1556689307 0
1556689308 0
1556689309 0
1556689310 0
1556689311 0
1556689312 0
1556689313 0
1556689314 0
1556689315 0
1556689316 0
1556689317 0
1556689318 0
1556689319 0
1556689320 0
1556689321 0
1556689322 0
1556689323 0
1556689324 0
1556689325 0
1556689326 0
1556689327 0
1556689328 0
1556689329 0
1556689330 0
1556689331 0
1556689332 0
1556689333 0
1556689334 0
1556689335 0
1556689336 0
1556689337 0
1556689338 0
1556689339 0
1556689340 0
1556689341 0
1556689342 0
1556689343 0
1556689344 0
1556689345 0
1556689346 0
1556689347 0
1556689348 0
1556689349 0
1556689350 0
1556689351 0
1556689352 0
1556689353 0
1556689354 0
1556689355 0
1556689356 0
1556689357 0
1556689358 0
1556689359 0
1556689360 0
1556689361 0
1556689362 0
1556689363 0
1556689364 0
1556689365 0
1556689366 0
1556689367 0
1556689368 0
1556689369 0
1556689370 0
1556689371 0
1556689372 0
1556689373 0
1556689374 0
1556689375 0
1556689376 0
1556689377 0
1556689378 0
1556689379 0
1556689380 0
1556689381 0
1556689382 0
1556689383 0
1556689384 0
1556689385 0
1556689386 0
1556689387 0
1556689388 0
1556689389 0
1556689390 0
1556689391 0
1556689392 0
1556689393 0
1556689394 0
1556689395 0
1556689396 0
1556689397 0
1556689398 0
1556689399 0
1556689400 0
1556689401 0
1556689402 0
1556689403 0
1556689404 0
1556689405 0
1556689406 0
1556689407 0
1556689408 0
1556689409 0
1556689410 0
1556689411 0
1556689412 0
1556689413 0
1556689414 0
1556689415 0
1556689416 0
1556689417 0
1556689418 0
1556689419 0
1556689420 0
1556689421 0
1556689422 0
1556689423 0
1556689424 0
1556689425 0
1556689426 0
1556689427 0
1556689428 0
1556689429 0
1556689430 0
1556689431 0
1556689432 0
1556689433 0
1556689434 0
1556689435 0
1556689436 0
1556689437 0
1556689438 0
1556689439 0
1556689440 0
1556689441 0
1556689442 0
1556689443 0
1556689444 0
1556689445 0
1556689446 0
1556689447 0
1556689448 0
1556689449 0
1556689450 0
1556689451 0
1556689452 0
1556689453 0
1556689454 0
1556689455 0
1556689456 0
1556689457 0
1556689458 0
1556689459 0
1556689460 0
1556689461 0
1556689462 0
1556689463 0
1556689464 0
1556689465 0
1556689466 0
1556689467 0
1556689468 0
1556689469 0
1556689470 0
1556689471 0
1556689472 0
1556689473 0
1556689474 0
1556689475 0
1556689476 0
1556689477 0
1556689478 0
1556689479 0
1556689480 0
1556689481 0
1556689482 0
1556689483 0
1556689484 0
1556689485 0
1556689486 0
1556689487 0
1556689488 0
1556689489 0
1556689490 0
1556689491 0
1556689492 0
1556689493 0
1556689494 0
1556689495 0
1556689496 0
1556689497 0
1556689498 0
1556689499 0
1556689500 0
1556689501 0
1556689502 0
1556689503 0
1556689504 0
1556689505 0
1556689506 0
1556689507 0
1556689508 0
1556689509 0
1556689510 0
1556689511 0
1556689512 0
1556689513 0
1556689514 0
1556689515 0
1556689516 0
1556689517 0
1556689518 0
1556689519 0
1556689520 0
1556689521 0
1556689522 0
1556689523 0
1556689524 0
1556689525 0
1556689526 0
1556689527 0
1556689528 0
1556689529 0
1556689530 0
1556689531 0
1556689532 0
1556689533 0
1556689534 0
1556689535 0
1556689536 0
1556689537 0
1556689538 0
1556689539 0
1556689540 0
1556689541 0
1556689542 0
1556689543 0
1556689544 0
1556689545 0
1556689546 0
1556689547 0
1556689548 0
1556689549 0
1556689550 0
1556689551 0
1556689552 0
1556689553 0
1556689554 0
1556689555 0
1556689556 0
1556689557 0
1556689558 0
1556689559 0
1556689560 0
1556689561 0
1556689562 0
1556689563 0
1556689564 0
1556689565 0
1556689566 0
1556689567 0
1556689568 0
1556689569 0
1556689570 0
1556689571 0
1556689572 0
1556689573 0
1556689574 0
1556689575 0
1556689576 0
1556689577 0
1556689578 0
1556689579 0
1556689580 0
1556689581 0
1556689582 0
1556689583 0
1556689584 0
1556689585 0
1556689586 0
1556689587 0
1556689588 0
1556689589 0
1556689590 0
1556689591 0
1556689592 0
1556689593 0
1556689594 0
1556689595 0
1556689596 0
1556689597 0
1556689598 0
1556689599 0
1556689600 0
1556689601 0
1556689602 0
1556689603 0
1556689604 0
1556689605 0
1556689606 0
1556689607 0
1556689608 0
1556689609 0
1556689610 0
1556689611 0
1556689612 0
1556689613 0
1556689614 0
1556689615 0
1556689616 0
1556689617 0
1556689618 0
1556689619 0
1556689620 0
1556689621 0
1556689622 0
1556689623 0
1556689624 0
1556689625 0
1556689626 0
1556689627 0
1556689628 0
1556689629 0
1556689630 0
1556689631 0
1556689632 0
1556689633 0
1556689634 0
1556689635 0
1556689636 0
1556689637 0
1556689638 0
1556689639 0
1556689640 0
1556689641 0
1556689642 0
1556689643 0
1556689644 0
1556689645 0
1556689646 0
1556689647 0
1556689648 0
1556689649 0
1556689650 0
1556689651 0
1556689652 0
1556689653 0
1556689654 0
1556689655 0
1556689656 0
1556689657 0
1556689658 0
1556689659 0
1556689660 0
1556689661 0
1556689662 0
1556689663 0
1556689664 0
1556689665 0
1556689666 0
1556689667 0
1556689668 0
1556689669 0
1556689670 0
1556689671 0
1556689672 0
1556689673 0
1556689674 0
1556689675 0
1556689676 0
1556689677 0
1556689678 0
1556689679 0
1556689680 0
1556689681 0
1556689682 0
1556689683 0
1556689684 0
1556689685 0
1556689686 0
1556689687 0
1556689688 0
1556689689 0
1556689690 0
1556689691 0
1556689692 0
1556689693 0
1556689694 0
1556689695 0
1556689696 0
1556689697 0
1556689698 0
1556689699 0
1556689700 0
1556689701 0
1556689702 0
1556689703 0
1556689704 0
1556689705 0
1556689706 0
1556689707 0
1556689708 0
1556689709 0
1556689710 0
1556689711 0
1556689712 0
1556689713 0
1556689714 0
1556689715 0
1556689716 0
1556689717 0
1556689718 0
1556689719 0
1556689720 0
1556689721 0
1556689722 0
1556689723 0
1556689724 0
1556689725 0
1556689726 0
1556689727 0
1556689728 0
1556689729 0
1556689730 0
1556689731 0
1556689732 0
1556689733 0
1556689734 0
1556689735 0
1556689736 0
1556689737 0
1556689738 0
1556689739 0
1556689740 0
1556689741 0
1556689742 0
1556689743 0
1556689744 0
1556689745 0
1556689746 0
1556689747 0
1556689748 0
1556689749 0
1556689750 0
1556689751 0
1556689752 0
1556689753 0
1556689754 0
1556689755 0
1556689756 0
1556689757 0
1556689758 0
1556689759 0
1556689760 0
1556689761 0
1556689762 0
1556689763 0
1556689764 0
1556689765 0
1556689766 0
1556689767 0
1556689768 0
1556689769 0
1556689770 0
1556689771 0
1556689772 0
1556689773 0
1556689774 0
1556689775 0
1556689776 0
1556689777 0
1556689778 0
1556689779 0
1556689780 0
1556689781 0
1556689782 0
1556689783 0
1556689784 0
1556689785 0
1556689786 0
1556689787 0
1556689788 0
1556689789 0
1556689790 0
1556689791 0
1556689792 0
1556689793 0
1556689794 0
1556689795 0
1556689796 0
1556689797 0
1556689798 0
1556689799 0
1556689800 0
1556689801 0
1556689802 0
1556689803 0
1556689804 0
1556689805 0
1556689806 0
1556689807 0
1556689808 0
1556689809 0
1556689810 0
1556689811 0
1556689812 0
1556689813 0
1556689814 0
1556689815 0
1556689816 0
1556689817 0
1556689818 0
1556689819 0
1556689820 0
1556689821 0
1556689822 0
1556689823 0
1556689824 0
1556689825 0
1556689826 0
1556689827 0
1556689828 0
1556689829 0
1556689830 0
1556689831 0
1556689832 0
1556689833 0
1556689834 0
1556689835 0
1556689836 0
1556689837 0
1556689838 0
1556689839 0
1556689840 0
1556689841 0
1556689842 0
1556689843 0
1556689844 0
1556689845 0
1556689846 0
1556689847 0
1556689848 0
1556689849 0
1556689850 0
1556689851 0
1556689852 0
1556689853 0
1556689854 0
1556689855 0
1556689856 0
1556689857 0
1556689858 0
1556689859 0
1556689860 0
1556689861 0
1556689862 0
1556689863 0
1556689864 0
1556689865 0
1556689866 0
1556689867 0
1556689868 0
1556689869 0
1556689870 0
1556689871 0
1556689872 0
1556689873 0
1556689874 0
1556689875 0
1556689876 0
1556689877 0
1556689878 0
1556689879 0
1556689880 0
1556689881 0
1556689882 0
1556689883 0
1556689884 0
1556689885 0
1556689886 0
1556689887 0
1556689888 0
1556689889 0
1556689890 0
1556689891 0
1556689892 0
1556689893 0
1556689894 0
1556689895 0
1556689896 0
1556689897 0
1556689898 0
1556689899 0
1556689900 0
1556689901 0
1556689902 0
1556689903 0
1556689904 0
1556689905 0
1556689906 0
1556689907 0
1556689908 0
1556689909 0
1556689910 0
1556689911 0
1556689912 0
1556689913 0
1556689914 0
1556689915 0
1556689916 0
1556689917 0
1556689918 0
1556689919 0
1556689920 0
1556689921 0
1556689922 0
1556689923 0
1556689924 0
1556689925 0
1556689926 0
1556689927 0
1556689928 0
1556689929 0
1556689930 0
1556689931 0
1556689932 0
1556689933 0
1556689934 0
1556689935 0
1556689936 0
1556689937 0
1556689938 0
1556689939 0
1556689940 0
1556689941 0
1556689942 0
1556689943 0
1556689944 0
1556689945 0
1556689946 0
1556689947 0
1556689948 0
1556689949 0
1556689950 0
1556689951 0
1556689952 0
1556689953 0
1556689954 0
1556689955 0
1556689956 0
1556689957 0
1556689958 0
1556689959 0
1556689960 0
1556689961 0
1556689962 0
1556689963 0
1556689964 0
1556689965 0
1556689966 0
1556689967 0
1556689968 0
1556689969 0
1556689970 0
1556689971 0
1556689972 0
1556689973 0
1556689974 0
1556689975 0
1556689976 0
1556689977 0
1556689978 0
1556689979 0
1556689980 0
1556689981 0
1556689982 0
1556689983 0
1556689984 0
1556689985 0
1556689986 0
1556689987 0
1556689988 0
1556689989 0
1556689990 0
1556689991 0
1556689992 0
1556689993 0
1556689994 0
1556689995 0
1556689996 0
1556689997 0
1556689998 0
1556689999 0
1556690000 0
1556690001 0
1556690002 0
1556690003 0
1556690004 0
1556690005 0
1556690006 0
1556690007 0
1556690008 0
1556690009 0
1556690010 0
1556690011 0
1556690012 0
1556690013 0
1556690014 0
1556690015 0
1556690016 0
1556690017 0
1556690018 0
1556690019 0
1556690020 0
1556690021 0
1556690022 0
1556690023 0
1556690024 0
1556690025 0
1556690026 0
1556690027 0
1556690028 0
1556690029 0
1556690030 0
1556690031 0
1556690032 0
1556690033 0
1556690034 0
1556690035 0
1556690036 0
1556690037 0
1556690038 0
1556690039 0
1556690040 0
1556690041 0
1556690042 0
1556690043 0
1556690044 0
1556690045 0
1556690046 0
1556690047 0
1556690048 0
1556690049 0
1556690050 0
1556690051 0
1556690052 0
1556690053 0
1556690054 0
1556690055 0
1556690056 0
1556690057 0
1556690058 0
1556690059 0
1556690060 0
1556690061 0
1556690062 0
1556690063 0
1556690064 0
1556690065 0
1556690066 0
1556690067 0
1556690068 0
1556690069 0
1556690070 0
1556690071 0
1556690072 0
1556690073 0
1556690074 0
1556690075 0
1556690076 0
1556690077 0
1556690078 0
1556690079 0
1556690080 0
1556690081 0
1556690082 0
1556690083 0
1556690084 0
1556690085 0
1556690086 0
1556690087 0
1556690088 0
1556690089 0
1556690090 0
1556690091 0
1556690092 0
1556690093 0
1556690094 0
1556690095 0
1556690096 0
1556690097 0
1556690098 0
1556690099 0
1556690100 0
1556690101 0
1556690102 0
1556690103 0
1556690104 0
1556690105 0
1556690106 0
1556690107 0
1556690108 0
1556690109 0
1556690110 0
1556690111 0
1556690112 0
1556690113 0
1556690114 0
1556690115 0
1556690116 0
1556690117 0
1556690118 0
1556690119 0
1556690120 0
1556690121 0
1556690122 0
1556690123 0
1556690124 0
1556690125 0
1556690126 0
1556690127 0
1556690128 0
1556690129 0
1556690130 0
1556690131 0
1556690132 0
1556690133 0
1556690134 0
1556690135 0
1556690136 0
1556690137 0
1556690138 0
1556690139 0
1556690140 0
1556690141 0
1556690142 0
1556690143 0
1556690144 0
1556690145 0
1556690146 0
1556690147 0
1556690148 0
1556690149 0
1556690150 0
1556690151 0
1556690152 0
1556690153 0
1556690154 0
1556690155 0
1556690156 0
1556690157 0
1556690158 0
1556690159 0
1556690160 0
1556690161 0
1556690162 0
1556690163 0
1556690164 0
1556690165 0
1556690166 0
1556690167 0
1556690168 0
1556690169 0
1556690170 0
1556690171 0
1556690172 0
1556690173 0
1556690174 0
1556690175 0
1556690176 0
1556690177 0
1556690178 0
1556690179 0
1556690180 0
1556690181 0
1556690182 0
1556690183 0
1556690184 0
1556690185 0
1556690186 0
1556690187 0
1556690188 0
1556690189 0
1556690190 0
1556690191 0
1556690192 0
1556690193 0
1556690194 0
1556690195 0
1556690196 0
1556690197 0
1556690198 0
1556690199 0
1556690200 0
1556690201 0
1556690202 0
1556690203 0
1556690204 0
1556690205 0
1556690206 0
1556690207 0
1556690208 0
1556690209 0
1556690210 0
1556690211 0
1556690212 0
1556690213 0
1556690214 0
1556690215 0
1556690216 0
1556690217 0
1556690218 0
1556690219 0
1556690220 0
1556690221 0
1556690222 0
1556690223 0
1556690224 0
1556690225 0
1556690226 0
1556690227 0
1556690228 0
1556690229 0
1556690230 0
1556690231 0
1556690232 0
1556690233 0
1556690234 0
1556690235 0
1556690236 0
1556690237 0
1556690238 0
1556690239 0
1556690240 0
1556690241 0
1556690242 0
1556690243 0
1556690244 0
1556690245 0
1556690246 0
1556690247 0
1556690248 0
1556690249 0
1556690250 0
1556690251 0
1556690252 0
1556690253 0
1556690254 0
1556690255 0
1556690256 0
1556690257 0
1556690258 0
1556690259 0
1556690260 0
1556690261 0
1556690262 0
1556690263 0
1556690264 0
1556690265 0
1556690266 0
1556690267 0
1556690268 0
1556690269 0
1556690270 0
1556690271 0
1556690272 0
1556690273 0
1556690274 0
1556690275 0
1556690276 0
1556690277 0
1556690278 0
1556690279 0
1556690280 0
1556690281 0
1556690282 0
1556690283 0
1556690284 0
1556690285 0
1556690286 0
1556690287 0
1556690288 0
1556690289 0
1556690290 0
1556690291 0
1556690292 0
1556690293 0
1556690294 0
1556690295 0
1556690296 0
1556690297 0
1556690298 0
1556690299 0
1556690300 0
1556690301 0
1556690302 0
1556690303 0
1556690304 0
1556690305 0
1556690306 0
1556690307 0
1556690308 0
1556690309 0
1556690310 0
1556690311 0
1556690312 0
1556690313 0
1556690314 0
1556690315 0
1556690316 0
1556690317 0
1556690318 0
1556690319 0
1556690320 0
1556690321 0
1556690322 0
1556690323 0
1556690324 0
1556690325 0
1556690326 0
1556690327 0
1556690328 0
1556690329 0
1556690330 0
1556690331 0
1556690332 0
1556690333 0
1556690334 0
1556690335 0
1556690336 0
1556690337 0
1556690338 0
1556690339 0
1556690340 0
1556690341 0
1556690342 0
1556690343 0
1556690344 0
1556690345 0
1556690346 0
1556690347 0
1556690348 0
1556690349 0
1556690350 0
1556690351 0
1556690352 0
1556690353 0
1556690354 0
1556690355 0
1556690356 0
1556690357 0
1556690358 0
1556690359 0
1556690360 0
1556690361 0
1556690362 0
1556690363 0
1556690364 0
1556690365 0
1556690366 0
1556690367 0
1556690368 0
1556690369 0
1556690370 0
1556690371 0
1556690372 0
1556690373 0
1556690374 0
1556690375 0
1556690376 0
1556690377 0
1556690378 0
1556690379 0
1556690380 0
1556690381 0
1556690382 0
1556690383 0
1556690384 0
1556690385 0
1556690386 0
1556690387 0
1556690388 0
1556690389 0
1556690390 0
1556690391 0
1556690392 0
1556690393 0
1556690394 0
1556690395 0
1556690396 0
1556690397 0
1556690398 0
1556690399 0
1556690400 0
1556690401 0
1556690402 0
1556690403 0
1556690404 0
1556690405 0
1556690406 0
1556690407 0
1556690408 0
1556690409 0
1556690410 0
1556690411 0
1556690412 0
1556690413 0
1556690414 0
1556690415 0
1556690416 0
1556690417 0
1556690418 0
1556690419 0
1556690420 0
1556690421 0
1556690422 0
1556690423 0
1556690424 0
1556690425 0
1556690426 0
1556690427 0
1556690428 0
1556690429 0
1556690430 0
1556690431 0
1556690432 0
1556690433 0
1556690434 0
1556690435 0
1556690436 0
1556690437 0
1556690438 0
1556690439 0
1556690440 0
1556690441 0
1556690442 0
1556690443 0
1556690444 0
1556690445 0
1556690446 0
1556690447 0
1556690448 0
1556690449 0
1556690450 0
1556690451 0
1556690452 0
1556690453 0
1556690454 0
1556690455 0
1556690456 0
1556690457 0
1556690458 0
1556690459 0
1556690460 0
1556690461 0
1556690462 0
1556690463 0
1556690464 0
1556690465 0
1556690466 0
1556690467 0
1556690468 0
1556690469 0
1556690470 0
1556690471 0
1556690472 0
1556690473 0
1556690474 0
1556690475 0
1556690476 0
1556690477 0
1556690478 0
1556690479 0
1556690480 0
1556690481 0
1556690482 0
1556690483 0
1556690484 0
1556690485 0
1556690486 0
1556690487 0
1556690488 0
1556690489 0
1556690490 0
1556690491 0
1556690492 0
1556690493 0
1556690494 0
1556690495 0
1556690496 0
1556690497 0
1556690498 0
1556690499 0
1556690500 0
1556690501 0
1556690502 0
1556690503 0
1556690504 0
1556690505 0
1556690506 0
1556690507 0
1556690508 0
1556690509 0
1556690510 0
1556690511 0
1556690512 0
1556690513 0
1556690514 0
1556690515 0
1556690516 0
1556690517 0
1556690518 0
1556690519 0
1556690520 0
1556690521 0
1556690522 0
1556690523 0
1556690524 0
1556690525 0
1556690526 0
1556690527 0
1556690528 0
1556690529 0
1556690530 0
1556690531 0
1556690532 0
1556690533 0
1556690534 0
1556690535 0
1556690536 0
1556690537 0
1556690538 0
1556690539 0
1556690540 0
1556690541 0
1556690542 0
1556690543 0
1556690544 0
1556690545 0
1556690546 0
1556690547 0
1556690548 0
1556690549 0
1556690550 0
1556690551 0
1556690552 0
1556690553 0
1556690554 0
1556690555 0
1556690556 0
1556690557 0
1556690558 0
1556690559 0
1556690560 0
1556690561 0
1556690562 0
1556690563 0
1556690564 0
1556690565 0
1556690566 0
1556690567 0
1556690568 0
1556690569 0
1556690570 0
1556690571 0
1556690572 0
1556690573 0
1556690574 0
1556690575 0
1556690576 0
1556690577 0
1556690578 0
1556690579 0
1556690580 0
1556690581 0
1556690582 0
1556690583 0
1556690584 0
1556690585 0
1556690586 0
1556690587 0
1556690588 0
1556690589 0
1556690590 0
1556690591 0
1556690592 0
1556690593 0
1556690594 0
1556690595 0
1556690596 0
1556690597 0
1556690598 0
1556690599 0
1556690600 0
1556690601 0
1556690602 0
1556690603 0
1556690604 0
1556690605 0
1556690606 0
1556690607 0
1556690608 0
1556690609 0
1556690610 0
1556690611 0
1556690612 0
1556690613 0
1556690614 0
1556690615 0
1556690616 0
1556690617 0
1556690618 0
1556690619 0
1556690620 0
1556690621 0
1556690622 0
1556690623 0
1556690624 0
1556690625 0
1556690626 0
1556690627 0
1556690628 0
1556690629 0
1556690630 0
1556690631 0
1556690632 0
1556690633 0
1556690634 0
1556690635 0
1556690636 0
1556690637 0
1556690638 0
1556690639 0
1556690640 0
1556690641 0
1556690642 0
1556690643 0
1556690644 0
1556690645 0
1556690646 0
1556690647 0
1556690648 0
1556690649 0
1556690650 0
1556690651 0
1556690652 0
1556690653 0
1556690654 0
1556690655 0
1556690656 0
1556690657 0
1556690658 0
1556690659 0
1556690660 0
1556690661 0
1556690662 0
1556690663 0
1556690664 0
1556690665 0
1556690666 0
1556690667 0
1556690668 0
1556690669 0
1556690670 0
1556690671 0
1556690672 0
1556690673 0
1556690674 0
1556690675 0
1556690676 0
1556690677 0
1556690678 0
1556690679 0
1556690680 0
1556690681 0
1556690682 0
1556690683 0
1556690684 0
1556690685 0
1556690686 0
1556690687 0
1556690688 0
1556690689 0
1556690690 0
1556690691 0
1556690692 0
1556690693 0
1556690694 0
1556690695 0
1556690696 0
1556690697 0
1556690698 0
1556690699 0
1556690700 0
1556690701 0
1556690702 0
1556690703 0
1556690704 0
1556690705 0
1556690706 0
1556690707 0
1556690708 0
1556690709 0
1556690710 0
1556690711 0
1556690712 0
1556690713 0
1556690714 0
1556690715 0
1556690716 0
1556690717 0
1556690718 0
1556690719 0
1556690720 0
1556690721 0
1556690722 0
1556690723 0
1556690724 0
1556690725 0
1556690726 0
1556690727 0
1556690728 0
1556690729 0
1556690730 0
1556690731 0
1556690732 0
1556690733 0
1556690734 0
1556690735 0
1556690736 0
1556690737 0
1556690738 0
1556690739 0
1556690740 0
1556690741 0
1556690742 0
1556690743 0
1556690744 0
1556690745 0
1556690746 0
1556690747 0
1556690748 0
1556690749 0
1556690750 0
1556690751 0
1556690752 0
1556690753 0
1556690754 0
1556690755 0
1556690756 0
1556690757 0
1556690758 0
1556690759 0
1556690760 0
1556690761 0
1556690762 0
1556690763 0
1556690764 0
1556690765 0
1556690766 0
1556690767 0
1556690768 0
1556690769 0
1556690770 0
1556690771 0
1556690772 0
1556690773 0
1556690774 0
1556690775 0
1556690776 0
1556690777 0
1556690778 0
1556690779 0
1556690780 0
1556690781 0
1556690782 0
1556690783 0
1556690784 0
1556690785 0
1556690786 0
1556690787 0
1556690788 0
1556690789 0
1556690790 0
1556690791 0
1556690792 0
1556690793 0
1556690794 0
1556690795 0
1556690796 0
1556690797 0
1556690798 0
1556690799 0
1556690800 0
1556690801 0
1556690802 0
1556690803 0
1556690804 0
1556690805 0
1556690806 0
1556690807 0
1556690808 0
1556690809 0
1556690810 0
1556690811 0
1556690812 0
1556690813 0
1556690814 0
1556690815 0
1556690816 0
1556690817 0
1556690818 0
1556690819 0
1556690820 0
1556690821 0
1556690822 0
1556690823 0
1556690824 0
1556690825 0
1556690826 0
1556690827 0
1556690828 0
1556690829 0
1556690830 0
1556690831 0
1556690832 0
1556690833 0
1556690834 0
1556690835 0
1556690836 0
1556690837 0
1556690838 0
1556690839 0
1556690840 0
1556690841 0
1556690842 0
1556690843 0
1556690844 0
1556690845 0
1556690846 0
1556690847 0
1556690848 0
1556690849 0
1556690850 0
1556690851 0
1556690852 0
1556690853 0
1556690854 0
1556690855 0
1556690856 0
1556690857 0
1556690858 0
1556690859 0
1556690860 0
1556690861 0
1556690862 0
1556690863 0
1556690864 0
1556690865 0
1556690866 0
1556690867 0
1556690868 0
1556690869 0
1556690870 0
1556690871 0
1556690872 0
1556690873 0
1556690874 0
1556690875 0
1556690876 0
1556690877 0
1556690878 0
1556690879 0
1556690880 0
1556690881 0
1556690882 0
1556690883 0
1556690884 0
1556690885 0
1556690886 0
1556690887 0
1556690888 0
1556690889 0
1556690890 0
1556690891 0
1556690892 0
1556690893 0
1556690894 0
1556690895 0
1556690896 0
1556690897 0
1556690898 0
1556690899 0
1556690900 0
1556690901 0
1556690902 0
1556690903 0
1556690904 0
1556690905 0
1556690906 0
1556690907 0
1556690908 0
1556690909 0
1556690910 0
1556690911 0
1556690912 0
1556690913 0
1556690914 0
1556690915 0
1556690916 0
1556690917 0
1556690918 0
1556690919 0
1556690920 0
1556690921 0
1556690922 0
1556690923 0
1556690924 0
1556690925 0
1556690926 0
1556690927 0
1556690928 0
1556690929 0
1556690930 0
1556690931 0
1556690932 0
1556690933 0
1556690934 0
1556690935 0
1556690936 0
1556690937 0
1556690938 0
1556690939 0
1556690940 0
1556690941 0
1556690942 0
1556690943 0
1556690944 0
1556690945 0
1556690946 0
1556690947 0
1556690948 0
1556690949 0
1556690950 0
1556690951 0
1556690952 0
1556690953 0
1556690954 0
1556690955 0
1556690956 0
1556690957 0
1556690958 0
1556690959 0
1556690960 0
1556690961 0
1556690962 0
1556690963 0
1556690964 0
1556690965 0
1556690966 0
1556690967 0
1556690968 0
1556690969 0
1556690970 0
1556690971 0
1556690972 0
1556690973 0
1556690974 0
1556690975 0
1556690976 0
1556690977 0
1556690978 0
1556690979 0
1556690980 0
1556690981 0
1556690982 0
1556690983 0
1556690984 0
1556690985 0
1556690986 0
1556690987 0
1556690988 0
1556690989 0
1556690990 0
1556690991 0
1556690992 0
1556690993 0
1556690994 0
1556690995 0
1556690996 0
1556690997 0
1556690998 0
1556690999 0
1556691000 0
1556691001 0
1556691002 0
1556691003 0
1556691004 0
1556691005 0
1556691006 0
1556691007 0
1556691008 0
1556691009 0
1556691010 0
1556691011 0
1556691012 0
1556691013 0
1556691014 0
1556691015 0
1556691016 0
1556691017 0
1556691018 0
1556691019 0
1556691020 0
1556691021 0
1556691022 0
1556691023 0
1556691024 0
1556691025 0
1556691026 0
1556691027 0
1556691028 0
1556691029 0
1556691030 0
1556691031 0
1556691032 0
1556691033 0
1556691034 0
1556691035 0
1556691036 0
1556691037 0
1556691038 0
1556691039 0
1556691040 0
1556691041 0
1556691042 0
1556691043 0
1556691044 0
1556691045 0
1556691046 0
1556691047 0
1556691048 0
1556691049 0
1556691050 0
1556691051 0
1556691052 0
1556691053 0
1556691054 0
1556691055 0
1556691056 0
1556691057 0
1556691058 0
1556691059 0
1556691060 0
1556691061 0
1556691062 0
1556691063 0
1556691064 0
1556691065 0
1556691066 0
1556691067 0
1556691068 0
1556691069 0
1556691070 0
1556691071 0
1556691072 0
1556691073 0
1556691074 0
1556691075 0
1556691076 0
1556691077 0
1556691078 0
1556691079 0
1556691080 0
1556691081 0
1556691082 0
1556691083 0
1556691084 0
1556691085 0
1556691086 0
1556691087 0
1556691088 0
1556691089 0
1556691090 0
1556691091 0
1556691092 0
1556691093 0
1556691094 0
1556691095 0
1556691096 0
1556691097 0
1556691098 0
1556691099 0
1556691100 0
1556691101 0
1556691102 0
1556691103 0
1556691104 0
1556691105 0
1556691106 0
1556691107 0
1556691108 0
1556691109 0
1556691110 0
1556691111 0
1556691112 0
1556691113 0
1556691114 0
1556691115 0
1556691116 0
1556691117 0
1556691118 0
1556691119 0
1556691120 0
1556691121 0
1556691122 0
1556691123 0
1556691124 0
1556691125 0
1556691126 0
1556691127 0
1556691128 0
1556691129 0
1556691130 0
1556691131 0
1556691132 0
1556691133 0
1556691134 0
1556691135 0
1556691136 0
1556691137 0
1556691138 0
1556691139 0
1556691140 0
1556691141 0
1556691142 0
1556691143 0
1556691144 0
1556691145 0
1556691146 0
1556691147 0
1556691148 0
1556691149 0
1556691150 0
1556691151 0
1556691152 0
1556691153 0
1556691154 0
1556691155 0
1556691156 0
1556691157 0
1556691158 0
1556691159 0
1556691160 0
1556691161 0
1556691162 0
1556691163 0
1556691164 0
1556691165 0
1556691166 0
1556691167 0
1556691168 0
1556691169 0
1556691170 0
1556691171 0
1556691172 0
1556691173 0
1556691174 0
1556691175 0
1556691176 0
1556691177 0
1556691178 0
1556691179 0
1556691180 0
1556691181 0
1556691182 0
1556691183 0
1556691184 0
1556691185 0
1556691186 0
1556691187 0
1556691188 0
1556691189 0
1556691190 0
1556691191 0
1556691192 0
1556691193 0
1556691194 0
1556691195 0
1556691196 0
1556691197 0
1556691198 0
1556691199 0
1556691200 0
1556691201 0
1556691202 0
1556691203 0
1556691204 0
1556691205 0
1556691206 0
1556691207 0
1556691208 0
1556691209 0
1556691210 0
1556691211 0
1556691212 0
1556691213 0
1556691214 0
1556691215 0
1556691216 0
1556691217 0
1556691218 0
1556691219 0
1556691220 0
1556691221 0
1556691222 0
1556691223 0
1556691224 0
1556691225 0
1556691226 0
1556691227 0
1556691228 0
1556691229 0
1556691230 0
1556691231 0
1556691232 0
1556691233 0
1556691234 0
1556691235 0
1556691236 0
1556691237 0
1556691238 0
1556691239 0
1556691240 0
1556691241 0
1556691242 0
1556691243 0
1556691244 0
1556691245 0
1556691246 0
1556691247 0
1556691248 0
1556691249 0
1556691250 0
1556691251 0
1556691252 0
1556691253 0
1556691254 0
1556691255 0
1556691256 0
1556691257 0
1556691258 0
1556691259 0
1556691260 0
1556691261 0
1556691262 0
1556691263 0
1556691264 0
1556691265 0
1556691266 0
1556691267 0
1556691268 0
1556691269 0
1556691270 0
1556691271 0
1556691272 0
1556691273 0
1556691274 0
1556691275 0
1556691276 0
1556691277 0
1556691278 0
1556691279 0
1556691280 0
1556691281 0
1556691282 0
1556691283 0
1556691284 0
1556691285 0
1556691286 0
1556691287 0
1556691288 0
1556691289 0
1556691290 0
1556691291 0
1556691292 0
1556691293 0
1556691294 0
1556691295 0
1556691296 0
1556691297 0
1556691298 0
1556691299 0
1556691300 0
1556691301 0
1556691302 0
1556691303 0
1556691304 0
1556691305 0
1556691306 0
1556691307 0
1556691308 0
1556691309 0
1556691310 0
1556691311 0
1556691312 0
1556691313 0
1556691314 0
1556691315 0
1556691316 0
1556691317 0
1556691318 0
1556691319 0
1556691320 0
1556691321 0
1556691322 0
1556691323 0
1556691324 0
1556691325 0
1556691326 0
1556691327 0
1556691328 0
1556691329 0
1556691330 0
1556691331 0
1556691332 0
1556691333 0
1556691334 0
1556691335 0
1556691336 0
1556691337 0
1556691338 0
1556691339 0
1556691340 0
1556691341 0
1556691342 0
1556691343 0
1556691344 0
1556691345 0
1556691346 0
1556691347 0
1556691348 0
1556691349 0
1556691350 0
1556691351 0
1556691352 0
1556691353 0
1556691354 0
1556691355 0
1556691356 0
1556691357 0
1556691358 0
1556691359 0
1556691360 0
1556691361 0
1556691362 0
1556691363 0
1556691364 0
1556691365 0
1556691366 0
1556691367 0
1556691368 0
1556691369 0
1556691370 0
1556691371 0
1556691372 0
1556691373 0
1556691374 0
1556691375 0
1556691376 0
1556691377 0
1556691378 0
1556691379 0
1556691380 0
1556691381 0
1556691382 0
1556691383 0
1556691384 0
1556691385 0
1556691386 0
1556691387 0
1556691388 0
1556691389 0
1556691390 0
1556691391 0
1556691392 0
1556691393 0
1556691394 0
1556691395 0
1556691396 0
1556691397 0
1556691398 0
1556691399 0
1556691400 0
1556691401 0
1556691402 0
1556691403 0
1556691404 0
1556691405 0
1556691406 0
1556691407 0
1556691408 0
1556691409 0
1556691410 0
1556691411 0
1556691412 0
1556691413 0
1556691414 0
1556691415 0
1556691416 0
1556691417 0
1556691418 0
1556691419 0
1556691420 0
1556691421 0
1556691422 0
1556691423 0
1556691424 0
1556691425 0
1556691426 0
1556691427 0
1556691428 0
1556691429 0
1556691430 0
1556691431 0
1556691432 0
1556691433 0
1556691434 0
1556691435 0
1556691436 0
1556691437 0
1556691438 0
1556691439 0
1556691440 0
1556691441 0
1556691442 0
1556691443 0
1556691444 0
1556691445 0
1556691446 0
1556691447 0
1556691448 0
1556691449 0
1556691450 0
1556691451 0
1556691452 0
1556691453 0
1556691454 0
1556691455 0
1556691456 0
1556691457 0
1556691458 0
1556691459 0
1556691460 0
1556691461 0
1556691462 0
1556691463 0
1556691464 0
1556691465 0
1556691466 0
1556691467 0
1556691468 0
1556691469 0
1556691470 0
1556691471 0
1556691472 0
1556691473 0
1556691474 0
1556691475 0
1556691476 0
1556691477 0
1556691478 0
1556691479 0
1556691480 0
1556691481 0
1556691482 0
1556691483 0
1556691484 0
1556691485 0
1556691486 0
1556691487 0
1556691488 0
1556691489 0
1556691490 0
1556691491 0
1556691492 0
1556691493 0
1556691494 0
1556691495 0
1556691496 0
1556691497 0
1556691498 0
1556691499 0
1556691500 0
1556691501 0
1556691502 0
1556691503 0
1556691504 0
1556691505 0
1556691506 0
1556691507 0
1556691508 0
1556691509 0
1556691510 0
1556691511 0
1556691512 0
1556691513 0
1556691514 0
1556691515 0
1556691516 0
1556691517 0
1556691518 0
1556691519 0
1556691520 0
1556691521 0
1556691522 0
1556691523 0
1556691524 0
1556691525 0
1556691526 0
1556691527 0
1556691528 0
1556691529 0
1556691530 0
1556691531 0
1556691532 0
1556691533 0
1556691534 0
1556691535 0
1556691536 0
1556691537 0
1556691538 0
1556691539 0
1556691540 0
1556691541 0
1556691542 0
1556691543 0
1556691544 0
1556691545 0
1556691546 0
1556691547 0
1556691548 0
1556691549 0
1556691550 0
1556691551 0
1556691552 0
1556691553 0
1556691554 0
1556691555 0
1556691556 0
1556691557 0
1556691558 0
1556691559 0
1556691560 0
1556691561 0
1556691562 0
1556691563 0
1556691564 0
1556691565 0
1556691566 0
1556691567 0
1556691568 0
1556691569 0
1556691570 0
1556691571 0
1556691572 0
1556691573 0
1556691574 0
1556691575 0
1556691576 0
1556691577 0
1556691578 0
1556691579 0
1556691580 0
1556691581 0
1556691582 0
1556691583 0
1556691584 0
1556691585 0
1556691586 0
1556691587 0
1556691588 0
1556691589 0
1556691590 0
1556691591 0
1556691592 0
1556691593 0
1556691594 0
1556691595 0
1556691596 0
1556691597 0
1556691598 0
1556691599 0
1556691600 0
1556691601 0
1556691602 0
1556691603 0
1556691604 0
1556691605 0
1556691606 0
1556691607 0
1556691608 0
1556691609 0
1556691610 0
1556691611 0
1556691612 0
1556691613 0
1556691614 0
1556691615 0
1556691616 0
1556691617 0
1556691618 0
1556691619 0
1556691620 0
1556691621 0
1556691622 0
1556691623 0
1556691624 0
1556691625 0
1556691626 0
1556691627 0
1556691628 0
1556691629 0
1556691630 0
1556691631 0
1556691632 0
1556691633 0
1556691634 0
1556691635 0
1556691636 0
1556691637 0
1556691638 0
1556691639 0
1556691640 0
1556691641 0
1556691642 0
1556691643 0
1556691644 0
1556691645 0
1556691646 0
1556691647 0
1556691648 0
1556691649 0
1556691650 0
1556691651 0
1556691652 0
1556691653 0
1556691654 0
1556691655 0
1556691656 0
1556691657 0
1556691658 0
1556691659 0
1556691660 0
1556691661 0
1556691662 0
1556691663 0
1556691664 0
1556691665 0
1556691666 0
1556691667 0
1556691668 0
1556691669 0
1556691670 0
1556691671 0
1556691672 0
1556691673 0
1556691674 0
1556691675 0
1556691676 0
1556691677 0
1556691678 0
1556691679 0
1556691680 0
1556691681 0
1556691682 0
1556691683 0
1556691684 0
1556691685 0
1556691686 0
1556691687 0
1556691688 0
1556691689 0
1556691690 0
1556691691 0
1556691692 0
1556691693 0
1556691694 0
1556691695 0
1556691696 0
1556691697 0
1556691698 0
1556691699 0
1556691700 0
1556691701 0
1556691702 0
1556691703 0
1556691704 0
1556691705 0
1556691706 0
1556691707 0
1556691708 0
1556691709 0
1556691710 0
1556691711 0
1556691712 0
1556691713 0
1556691714 0
1556691715 0
1556691716 0
1556691717 0
1556691718 0
1556691719 0
1556691720 0
1556691721 0
1556691722 0
1556691723 0
1556691724 0
1556691725 0
1556691726 0
1556691727 0
1556691728 0
1556691729 0
1556691730 0
1556691731 0
1556691732 0
1556691733 0
1556691734 0
1556691735 0
1556691736 0
1556691737 0
1556691738 0
1556691739 0
1556691740 0
1556691741 0
1556691742 0
1556691743 0
1556691744 0
1556691745 0
1556691746 0
1556691747 0
1556691748 0
1556691749 0
1556691750 0
1556691751 0
1556691752 0
1556691753 0
1556691754 0
1556691755 0
1556691756 0
1556691757 0
1556691758 0
1556691759 0
1556691760 0
1556691761 0
1556691762 0
1556691763 0
1556691764 0
1556691765 0
1556691766 0
1556691767 0
1556691768 0
1556691769 0
1556691770 0
1556691771 0
1556691772 0
1556691773 0
1556691774 0
1556691775 0
1556691776 0
1556691777 0
1556691778 0
1556691779 0
1556691780 0
1556691781 0
1556691782 0
1556691783 0
1556691784 0
1556691785 0
1556691786 0
1556691787 0
1556691788 0
1556691789 0
1556691790 0
1556691791 0
1556691792 0
1556691793 0
1556691794 0
1556691795 0
1556691796 0
1556691797 0
1556691798 0
1556691799 0
1556691800 0
1556691801 0
1556691802 0
1556691803 0
1556691804 0
1556691805 0
1556691806 0
1556691807 0
1556691808 0
1556691809 0
1556691810 0
1556691811 0
1556691812 0
1556691813 0
1556691814 0
1556691815 0
1556691816 0
1556691817 0
1556691818 0
1556691819 0
1556691820 0
1556691821 0
1556691822 0
1556691823 0
1556691824 0
1556691825 0
1556691826 0
1556691827 0
1556691828 0
1556691829 0
1556691830 0
1556691831 0
1556691832 0
1556691833 0
1556691834 0
1556691835 0
1556691836 0
1556691837 0
1556691838 0
1556691839 0
1556691840 0
1556691841 0
1556691842 0
1556691843 0
1556691844 0
1556691845 0
1556691846 0
1556691847 0
1556691848 0
1556691849 0
1556691850 0
1556691851 0
1556691852 0
1556691853 0
1556691854 0
1556691855 0
1556691856 0
1556691857 0
1556691858 0
1556691859 0
1556691860 0
1556691861 0
1556691862 0
1556691863 0
1556691864 0
1556691865 0
1556691866 0
1556691867 0
1556691868 0
1556691869 0
1556691870 0
1556691871 0
1556691872 0
1556691873 0
1556691874 0
1556691875 0
1556691876 0
1556691877 0
1556691878 0
1556691879 0
1556691880 0
1556691881 0
1556691882 0
1556691883 0
1556691884 0
1556691885 0
1556691886 0
1556691887 0
1556691888 0
1556691889 0
1556691890 0
1556691891 0
1556691892 0
1556691893 0
1556691894 0
1556691895 0
1556691896 0
1556691897 0
1556691898 0
1556691899 0
1556691900 0
1556691901 0
1556691902 0
1556691903 0
1556691904 0
1556691905 0
1556691906 0
1556691907 0
1556691908 0
1556691909 0
1556691910 0
1556691911 0
1556691912 0
1556691913 0
1556691914 0
1556691915 0
1556691916 0
1556691917 0
1556691918 0
1556691919 0
1556691920 0
1556691921 0
1556691922 0
1556691923 0
1556691924 0
1556691925 0
1556691926 0
1556691927 0
1556691928 0
1556691929 0
1556691930 0
1556691931 0
1556691932 0
1556691933 0
1556691934 0
1556691935 0
1556691936 0
1556691937 0
1556691938 0
1556691939 0
1556691940 0
1556691941 0
1556691942 0
1556691943 0
1556691944 0
1556691945 0
1556691946 0
1556691947 0
1556691948 0
1556691949 0
1556691950 0
1556691951 0
1556691952 0
1556691953 0
1556691954 0
1556691955 0
1556691956 0
1556691957 0
1556691958 0
1556691959 0
1556691960 0
1556691961 0
1556691962 0
1556691963 0
1556691964 0
1556691965 0
1556691966 0
1556691967 0
1556691968 0
1556691969 0
1556691970 0
1556691971 0
1556691972 0
1556691973 0
1556691974 0
1556691975 0
1556691976 0
1556691977 0
1556691978 0
1556691979 0
1556691980 0
1556691981 0
1556691982 0
1556691983 0
1556691984 0
1556691985 0
1556691986 0
1556691987 0
1556691988 0
1556691989 0
1556691990 0
1556691991 0
1556691992 0
1556691993 0
1556691994 0
1556691995 0
1556691996 0
1556691997 0
1556691998 0
1556691999 0
1556692000 0
1556692001 0
1556692002 0
1556692003 0
1556692004 0
1556692005 0
1556692006 0
1556692007 0
1556692008 0
1556692009 0
1556692010 0
1556692011 0
1556692012 0
1556692013 0
1556692014 0
1556692015 0
1556692016 0
1556692017 0
1556692018 0
1556692019 0
1556692020 0
1556692021 0
1556692022 0
1556692023 0
1556692024 0
1556692025 0
1556692026 0
1556692027 0
1556692028 0
1556692029 0
1556692030 0
1556692031 0
1556692032 0
1556692033 0
1556692034 0
1556692035 0
1556692036 0
1556692037 0
1556692038 0
1556692039 0
1556692040 0
1556692041 0
1556692042 0
1556692043 0
1556692044 0
1556692045 0
1556692046 0
1556692047 0
1556692048 0
1556692049 0
1556692050 0
1556692051 0
1556692052 0
1556692053 0
1556692054 0
1556692055 0
1556692056 0
1556692057 0
1556692058 0
1556692059 0
1556692060 0
1556692061 0
1556692062 0
1556692063 0
1556692064 0
1556692065 0
1556692066 0
1556692067 0
1556692068 0
1556692069 0
1556692070 0
1556692071 0
1556692072 0
1556692073 0
1556692074 0
1556692075 0
1556692076 0
1556692077 0
1556692078 0
1556692079 0
1556692080 0
1556692081 0
1556692082 0
1556692083 0
1556692084 0
1556692085 0
1556692086 0
1556692087 0
1556692088 0
1556692089 0
1556692090 0
1556692091 0
1556692092 0
1556692093 0
1556692094 0
1556692095 0
1556692096 0
1556692097 0
1556692098 0
1556692099 0
1556692100 0
1556692101 0
1556692102 0
1556692103 0
1556692104 0
1556692105 0
1556692106 0
1556692107 0
1556692108 0
1556692109 0
1556692110 0
1556692111 0
1556692112 0
1556692113 0
1556692114 0
1556692115 0
1556692116 0
1556692117 0
1556692118 0
1556692119 0
1556692120 0
1556692121 0
1556692122 0
1556692123 0
1556692124 0
1556692125 0
1556692126 0
1556692127 0
1556692128 0
1556692129 0
1556692130 0
1556692131 0
1556692132 0
1556692133 0
1556692134 0
1556692135 0
1556692136 0
1556692137 0
1556692138 0
1556692139 0
1556692140 0
1556692141 0
1556692142 0
1556692143 0
1556692144 0
1556692145 0
1556692146 0
1556692147 0
1556692148 0
1556692149 0
1556692150 0
1556692151 0
1556692152 0
1556692153 0
1556692154 0
1556692155 0
1556692156 0
1556692157 0
1556692158 0
1556692159 0
1556692160 0
1556692161 0
1556692162 0
1556692163 0
1556692164 0
1556692165 0
1556692166 0
1556692167 0
1556692168 0
1556692169 0
1556692170 0
1556692171 0
1556692172 0
1556692173 0
1556692174 0
1556692175 0
1556692176 0
1556692177 0
1556692178 0
1556692179 0
1556692180 0
1556692181 0
1556692182 0
1556692183 0
1556692184 0
1556692185 0
1556692186 0
1556692187 0
1556692188 0
1556692189 0
1556692190 0
1556692191 0
1556692192 0
1556692193 0
1556692194 0
1556692195 0
1556692196 0
1556692197 0
1556692198 0
1556692199 0
1556692200 0
1556692201 0
1556692202 0
1556692203 0
1556692204 0
1556692205 0
1556692206 0
1556692207 0
1556692208 0
1556692209 0
1556692210 0
1556692211 0
1556692212 0
1556692213 0
1556692214 0
1556692215 0
1556692216 0
1556692217 0
1556692218 0
1556692219 0
1556692220 0
1556692221 0
1556692222 0
1556692223 0
1556692224 0
1556692225 0
1556692226 0
1556692227 0
1556692228 0
1556692229 0
1556692230 0
1556692231 0
1556692232 0
1556692233 0
1556692234 0
1556692235 0
1556692236 0
1556692237 0
1556692238 0
1556692239 0
1556692240 0
1556692241 0
1556692242 0
1556692243 0
1556692244 0
1556692245 0
1556692246 0
1556692247 0
1556692248 0
1556692249 0
1556692250 0
1556692251 0
1556692252 0
1556692253 0
1556692254 0
1556692255 0
1556692256 0
1556692257 0
1556692258 0
1556692259 0
1556692260 0
1556692261 0
1556692262 0
1556692263 0
1556692264 0
1556692265 0
1556692266 0
1556692267 0
1556692268 0
1556692269 0
1556692270 0
1556692271 0
1556692272 0
1556692273 0
1556692274 0
1556692275 0
1556692276 0
1556692277 0
1556692278 0
1556692279 0
1556692280 0
1556692281 0
1556692282 0
1556692283 0
1556692284 0
1556692285 0
1556692286 0
1556692287 0
1556692288 0
1556692289 0
1556692290 0
1556692291 0
1556692292 0
1556692293 0
1556692294 0
1556692295 0
1556692296 0
1556692297 0
1556692298 0
1556692299 0
1556692300 0
1556692301 0
1556692302 0
1556692303 0
1556692304 0
1556692305 0
1556692306 0
1556692307 0
1556692308 0
1556692309 0
1556692310 0
1556692311 0
1556692312 0
1556692313 0
1556692314 0
1556692315 0
1556692316 0
1556692317 0
1556692318 0
1556692319 0
1556692320 0
1556692321 0
1556692322 0
1556692323 0
1556692324 0
1556692325 0
1556692326 0
1556692327 0
1556692328 0
1556692329 0
1556692330 0
1556692331 0
1556692332 0
1556692333 0
1556692334 0
1556692335 0
1556692336 0
1556692337 0
1556692338 0
1556692339 0
1556692340 0
1556692341 0
1556692342 0
1556692343 0
1556692344 0
1556692345 0
1556692346 0
1556692347 0
1556692348 0
1556692349 0
1556692350 0
1556692351 0
1556692352 0
1556692353 0
1556692354 0
1556692355 0
1556692356 0
1556692357 0
1556692358 0
1556692359 0
1556692360 0
1556692361 0
1556692362 0
1556692363 0
1556692364 0
1556692365 0
1556692366 0
1556692367 0
1556692368 0
1556692369 0
1556692370 0
1556692371 0
1556692372 0
1556692373 0
1556692374 0
1556692375 0
1556692376 0
1556692377 0
1556692378 0
1556692379 0
1556692380 0
1556692381 0
1556692382 0
1556692383 0
1556692384 0
1556692385 0
1556692386 0
1556692387 0
1556692388 0
1556692389 0
1556692390 0
1556692391 0
1556692392 0
1556692393 0
1556692394 0
1556692395 0
1556692396 0
1556692397 0
1556692398 0
1556692399 0
1556692400 0
1556692401 0
1556692402 0
1556692403 0
1556692404 0
1556692405 0
1556692406 0
1556692407 0
1556692408 0
1556692409 0
1556692410 0
1556692411 0
1556692412 0
1556692413 0
1556692414 0
1556692415 0
1556692416 0
1556692417 0
1556692418 0
1556692419 0
1556692420 0
1556692421 0
1556692422 0
1556692423 0
1556692424 0
1556692425 0
1556692426 0
1556692427 0
1556692428 0
1556692429 0
1556692430 0
1556692431 0
1556692432 0
1556692433 0
1556692434 0
1556692435 0
1556692436 0
1556692437 0
1556692438 0
1556692439 0
1556692440 0
1556692441 0
1556692442 0
1556692443 0
1556692444 0
1556692445 0
1556692446 0
1556692447 0
1556692448 0
1556692449 0
1556692450 0
1556692451 0
1556692452 0
1556692453 0
1556692454 0
1556692455 0
1556692456 0
1556692457 0
1556692458 0
1556692459 0
1556692460 0
1556692461 0
1556692462 0
1556692463 0
1556692464 0
1556692465 0
1556692466 0
1556692467 0
1556692468 0
1556692469 0
1556692470 0
1556692471 0
1556692472 0
1556692473 0
1556692474 0
1556692475 0
1556692476 0
1556692477 0
1556692478 0
1556692479 0
1556692480 0
1556692481 0
1556692482 0
1556692483 0
1556692484 0
1556692485 0
1556692486 0
1556692487 0
1556692488 0
1556692489 0
1556692490 0
1556692491 0
1556692492 0
1556692493 0
1556692494 0
1556692495 0
1556692496 0
1556692497 0
1556692498 0
1556692499 0
1556692500 0
1556692501 0
1556692502 0
1556692503 0
1556692504 0
1556692505 0
1556692506 0
1556692507 0
1556692508 0
1556692509 0
1556692510 0
1556692511 0
1556692512 0
1556692513 0
1556692514 0
1556692515 0
1556692516 0
1556692517 0
1556692518 0
1556692519 0
1556692520 0
1556692521 0
1556692522 0
1556692523 0
1556692524 0
1556692525 0
1556692526 0
1556692527 0
1556692528 0
1556692529 0
1556692530 0
1556692531 0
1556692532 0
1556692533 0
1556692534 0
1556692535 0
1556692536 0
1556692537 0
1556692538 0
1556692539 0
1556692540 0
1556692541 0
1556692542 0
1556692543 0
1556692544 0
1556692545 0
1556692546 0
1556692547 0
1556692548 0
1556692549 0
1556692550 0
1556692551 0
1556692552 0
1556692553 0
1556692554 0
1556692555 0
1556692556 0
1556692557 0
1556692558 0
1556692559 0
1556692560 0
1556692561 0
1556692562 0
1556692563 0
1556692564 0
1556692565 0
1556692566 0
1556692567 0
1556692568 0
1556692569 0
1556692570 0
1556692571 0
1556692572 0
1556692573 0
1556692574 0
1556692575 0
1556692576 0
1556692577 0
1556692578 0
1556692579 0
1556692580 0
1556692581 0
1556692582 0
1556692583 0
1556692584 0
1556692585 0
1556692586 0
1556692587 0
1556692588 0
1556692589 0
1556692590 0
1556692591 0
1556692592 0
1556692593 0
1556692594 0
1556692595 0
1556692596 0
1556692597 0
1556692598 0
1556692599 0
1556692600 0
1556692601 0
1556692602 0
1556692603 0
1556692604 0
1556692605 0
1556692606 0
1556692607 0
1556692608 0
1556692609 0
1556692610 0
1556692611 0
1556692612 0
1556692613 0
1556692614 0
1556692615 0
1556692616 0
1556692617 0
1556692618 0
1556692619 0
1556692620 0
1556692621 0
1556692622 0
1556692623 0
1556692624 0
1556692625 0
1556692626 0
1556692627 0
1556692628 0
1556692629 0
1556692630 0
1556692631 0
1556692632 0
1556692633 0
1556692634 0
1556692635 0
1556692636 0
1556692637 0
1556692638 0
1556692639 0
1556692640 0
1556692641 0
1556692642 0
1556692643 0
1556692644 0
1556692645 0
1556692646 0
1556692647 0
1556692648 0
1556692649 0
1556692650 0
1556692651 0
1556692652 0
1556692653 0
1556692654 0
1556692655 0
1556692656 0
1556692657 0
1556692658 0
1556692659 0
1556692660 0
1556692661 0
1556692662 0
1556692663 0
1556692664 0
1556692665 0
1556692666 0
1556692667 0
1556692668 0
1556692669 0
1556692670 0
1556692671 0
1556692672 0
1556692673 0
1556692674 0
1556692675 0
1556692676 0
1556692677 0
1556692678 0
1556692679 0
1556692680 0
1556692681 0
1556692682 0
1556692683 0
1556692684 0
1556692685 0
1556692686 0
1556692687 0
1556692688 0
1556692689 0
1556692690 0
1556692691 0
1556692692 0
1556692693 0
1556692694 0
1556692695 0
1556692696 0
1556692697 0
1556692698 0
1556692699 0
1556692700 0
1556692701 0
1556692702 0
1556692703 0
1556692704 0
1556692705 0
1556692706 0
1556692707 0
1556692708 0
1556692709 0
1556692710 0
1556692711 0
1556692712 0
1556692713 0
1556692714 0
1556692715 0
1556692716 0
1556692717 0
1556692718 0
1556692719 0
1556692720 0
1556692721 0
1556692722 0
1556692723 0
1556692724 0
1556692725 0
1556692726 0
1556692727 0
1556692728 0
1556692729 0
1556692730 0
1556692731 0
1556692732 0
1556692733 0
1556692734 0
1556692735 0
1556692736 0
1556692737 0
1556692738 0
1556692739 0
1556692740 0
1556692741 0
1556692742 0
1556692743 0
1556692744 0
1556692745 0
1556692746 0
1556692747 0
1556692748 0
1556692749 0
1556692750 0
1556692751 0
1556692752 0
1556692753 0
1556692754 0
1556692755 0
1556692756 0
1556692757 0
1556692758 0
1556692759 0
1556692760 0
1556692761 0
1556692762 0
1556692763 0
1556692764 0
1556692765 0
1556692766 0
1556692767 0
1556692768 0
1556692769 0
1556692770 0
1556692771 0
1556692772 0
1556692773 0
1556692774 0
1556692775 0
1556692776 0
1556692777 0
1556692778 0
1556692779 0
1556692780 0
1556692781 0
1556692782 0
1556692783 0
1556692784 0
1556692785 0
1556692786 0
1556692787 0
1556692788 0
1556692789 0
1556692790 0
1556692791 0
1556692792 0
1556692793 0
1556692794 0
1556692795 0
1556692796 0
1556692797 0
1556692798 0
1556692799 0
1556692800 0
1556692801 0
1556692802 0
1556692803 0
1556692804 0
1556692805 0
1556692806 0
1556692807 0
1556692808 0
1556692809 0
1556692810 0
1556692811 0
1556692812 0
1556692813 0
1556692814 0
1556692815 0
1556692816 0
1556692817 0
1556692818 0
1556692819 0
1556692820 0
1556692821 0
1556692822 0
1556692823 0
1556692824 0
1556692825 0
1556692826 0
1556692827 0
1556692828 0
1556692829 0
1556692830 0
1556692831 0
1556692832 0
1556692833 0
1556692834 0
1556692835 0
1556692836 0
1556692837 0
1556692838 0
1556692839 0
1556692840 0
1556692841 0
1556692842 0
1556692843 0
1556692844 0
1556692845 0
1556692846 0
1556692847 0
1556692848 0
1556692849 0
1556692850 0
1556692851 0
1556692852 0
1556692853 0
1556692854 0
1556692855 0
1556692856 0
1556692857 0
1556692858 0
1556692859 0
1556692860 0
1556692861 0
1556692862 0
1556692863 0
1556692864 0
1556692865 0
1556692866 0
1556692867 0
1556692868 0
1556692869 0
1556692870 0
1556692871 0
1556692872 0
1556692873 0
1556692874 0
1556692875 0
1556692876 0
1556692877 0
1556692878 0
1556692879 0
1556692880 0
1556692881 0
1556692882 0
1556692883 0
1556692884 0
1556692885 0
1556692886 0
1556692887 0
1556692888 0
1556692889 0
1556692890 0
1556692891 0
1556692892 0
1556692893 0
1556692894 0
1556692895 0
1556692896 0
1556692897 0
1556692898 0
1556692899 0
1556692900 0
1556692901 0
1556692902 0
1556692903 0
1556692904 0
1556692905 0
1556692906 0
1556692907 0
1556692908 0
1556692909 0
1556692910 0
1556692911 0
1556692912 0
1556692913 0
1556692914 0
1556692915 0
1556692916 0
1556692917 0
1556692918 0
1556692919 0
1556692920 0
1556692921 0
1556692922 0
1556692923 0
1556692924 0
1556692925 0
1556692926 0
1556692927 0
1556692928 0
1556692929 0
1556692930 0
1556692931 0
1556692932 0
1556692933 0
1556692934 0
1556692935 0
1556692936 0
1556692937 0
1556692938 0
1556692939 0
1556692940 0
1556692941 0
1556692942 0
1556692943 0
1556692944 0
1556692945 0
1556692946 0
1556692947 0
1556692948 0
1556692949 0
1556692950 0
1556692951 0
1556692952 0
1556692953 0
1556692954 0
1556692955 0
1556692956 0
1556692957 0
1556692958 0
1556692959 0
1556692960 0
1556692961 0
1556692962 0
1556692963 0
1556692964 0
1556692965 0
1556692966 0
1556692967 0
1556692968 0
1556692969 0
1556692970 0
1556692971 0
1556692972 0
1556692973 0
1556692974 0
1556692975 0
1556692976 0
1556692977 0
1556692978 0
1556692979 0
1556692980 0
1556692981 0
1556692982 0
1556692983 0
1556692984 0
1556692985 0
1556692986 0
1556692987 0
1556692988 0
1556692989 0
1556692990 0
1556692991 0
1556692992 0
1556692993 0
1556692994 0
1556692995 0
1556692996 0
1556692997 0
1556692998 0
1556692999 0
1556693000 0
1556693001 0
1556693002 0
1556693003 0
1556693004 0
1556693005 0
1556693006 0
1556693007 0
1556693008 0
1556693009 0
1556693010 0
1556693011 0
1556693012 0
1556693013 0
1556693014 0
1556693015 0
1556693016 0
1556693017 0
1556693018 0
1556693019 0
1556693020 0
1556693021 0
1556693022 0
1556693023 0
1556693024 0
1556693025 0
1556693026 0
1556693027 0
1556693028 0
1556693029 0
1556693030 0
1556693031 0
1556693032 0
1556693033 0
1556693034 0
1556693035 0
1556693036 0
1556693037 0
1556693038 0
1556693039 0
1556693040 0
1556693041 0
1556693042 0
1556693043 0
1556693044 0
1556693045 0
1556693046 0
1556693047 0
1556693048 0
1556693049 0
1556693050 0
1556693051 0
1556693052 0
1556693053 0
1556693054 0
1556693055 0
1556693056 0
1556693057 0
1556693058 0
1556693059 0
1556693060 0
1556693061 0
1556693062 0
1556693063 0
1556693064 0
1556693065 0
1556693066 0
1556693067 0
1556693068 0
1556693069 0
1556693070 0
1556693071 0
1556693072 0
1556693073 0
1556693074 0
1556693075 0
1556693076 0
1556693077 0
1556693078 0
1556693079 0
1556693080 0
1556693081 0
1556693082 0
1556693083 0
1556693084 0
1556693085 0
1556693086 0
1556693087 0
1556693088 0
1556693089 0
1556693090 0
1556693091 0
1556693092 0
1556693093 0
1556693094 0
1556693095 0
1556693096 0
1556693097 0
1556693098 0
1556693099 0
1556693100 0
1556693101 0
1556693102 0
1556693103 0
1556693104 0
1556693105 0
1556693106 0
1556693107 0
1556693108 0
1556693109 0
1556693110 0
1556693111 0
1556693112 0
1556693113 0
1556693114 0
1556693115 0
1556693116 0
1556693117 0
1556693118 0
1556693119 0
1556693120 0
1556693121 0
1556693122 0
1556693123 0
1556693124 0
1556693125 0
1556693126 0
1556693127 0
1556693128 0
1556693129 0
1556693130 0
1556693131 0
1556693132 0
1556693133 0
1556693134 0
1556693135 0
1556693136 0
1556693137 0
1556693138 0
1556693139 0
1556693140 0
1556693141 0
1556693142 0
1556693143 0
1556693144 0
1556693145 0
1556693146 0
1556693147 0
1556693148 0
1556693149 0
1556693150 0
1556693151 0
1556693152 0
1556693153 0
1556693154 0
1556693155 0
1556693156 0
1556693157 0
1556693158 0
1556693159 0
1556693160 0
1556693161 0
1556693162 0
1556693163 0
1556693164 0
1556693165 0
1556693166 0
1556693167 0
1556693168 0
1556693169 0
1556693170 0
1556693171 0
1556693172 0
1556693173 0
1556693174 0
1556693175 0
1556693176 0
1556693177 0
1556693178 0
1556693179 0
1556693180 0
1556693181 0
1556693182 0
1556693183 0
1556693184 0
1556693185 0
1556693186 0
1556693187 0
1556693188 0
1556693189 0
1556693190 0
1556693191 0
1556693192 0
1556693193 0
1556693194 0
1556693195 0
1556693196 0
1556693197 0
1556693198 0
1556693199 0
1556693200 0
1556693201 0
1556693202 0
1556693203 0
1556693204 0
1556693205 0
1556693206 0
1556693207 0
1556693208 0
1556693209 0
1556693210 0
1556693211 0
1556693212 0
1556693213 0
1556693214 0
1556693215 0
1556693216 0
1556693217 0
1556693218 0
1556693219 0
1556693220 0
1556693221 0
1556693222 0
1556693223 0
1556693224 0
1556693225 0
1556693226 0
1556693227 0
1556693228 0
1556693229 0
1556693230 0
1556693231 0
1556693232 0
1556693233 0
1556693234 0
1556693235 0
1556693236 0
1556693237 0
1556693238 0
1556693239 0
1556693240 0
1556693241 0
1556693242 0
1556693243 0
1556693244 0
1556693245 0
1556693246 0
1556693247 0
1556693248 0
1556693249 0
1556693250 0
1556693251 0
1556693252 0
1556693253 0
1556693254 0
1556693255 0
1556693256 0
1556693257 0
1556693258 0
1556693259 0
1556693260 0
1556693261 0
1556693262 0
1556693263 0
1556693264 0
1556693265 0
1556693266 0
1556693267 0
1556693268 0
1556693269 0
1556693270 0
1556693271 0
1556693272 0
1556693273 0
1556693274 0
1556693275 0
1556693276 0
1556693277 0
1556693278 0
1556693279 0
1556693280 0
1556693281 0
1556693282 0
1556693283 0
1556693284 0
1556693285 0
1556693286 0
1556693287 0
1556693288 0
1556693289 0
1556693290 0
1556693291 0
1556693292 0
1556693293 0
1556693294 0
1556693295 0
1556693296 0
1556693297 0
1556693298 0
1556693299 0
1556693300 0
1556693301 0
1556693302 0
1556693303 0
1556693304 0
1556693305 0
1556693306 0
1556693307 0
1556693308 0
1556693309 0
1556693310 0
1556693311 0
1556693312 0
1556693313 0
1556693314 0
1556693315 0
1556693316 0
1556693317 0
1556693318 0
1556693319 0
1556693320 0
1556693321 0
1556693322 0
1556693323 0
1556693324 0
1556693325 0
1556693326 0
1556693327 0
1556693328 0
1556693329 0
1556693330 0
1556693331 0
1556693332 0
1556693333 0
1556693334 0
1556693335 0
1556693336 0
1556693337 0
1556693338 0
1556693339 0
1556693340 0
1556693341 0
1556693342 0
1556693343 0
1556693344 0
1556693345 0
1556693346 0
1556693347 0
1556693348 0
1556693349 0
1556693350 0
1556693351 0
1556693352 0
1556693353 0
1556693354 0
1556693355 0
1556693356 0
1556693357 0
1556693358 0
1556693359 0
1556693360 0
1556693361 0
1556693362 0
1556693363 0
1556693364 0
1556693365 0
1556693366 0
1556693367 0
1556693368 0
1556693369 0
1556693370 0
1556693371 0
1556693372 0
1556693373 0
1556693374 0
1556693375 0
1556693376 0
1556693377 0
1556693378 0
1556693379 0
1556693380 0
1556693381 0
1556693382 0
1556693383 0
1556693384 0
1556693385 0
1556693386 0
1556693387 0
1556693388 0
1556693389 0
1556693390 0
1556693391 0
1556693392 0
1556693393 0
1556693394 0
1556693395 0
1556693396 0
1556693397 0
1556693398 0
1556693399 0
1556693400 0
1556693401 0
1556693402 0
1556693403 0
1556693404 0
1556693405 0
1556693406 0
1556693407 0
1556693408 0
1556693409 0
1556693410 0
1556693411 0
1556693412 0
1556693413 0
1556693414 0
1556693415 0
1556693416 0
1556693417 0
1556693418 0
1556693419 0
1556693420 0
1556693421 0
1556693422 0
1556693423 0
1556693424 0
1556693425 0
1556693426 0
1556693427 0
1556693428 0
1556693429 0
1556693430 0
1556693431 0
1556693432 0
1556693433 0
1556693434 0
1556693435 0
1556693436 0
1556693437 0
1556693438 0
1556693439 0
1556693440 0
1556693441 0
1556693442 0
1556693443 0
1556693444 0
1556693445 0
1556693446 0
1556693447 0
1556693448 0
1556693449 0
1556693450 0
1556693451 0
1556693452 0
1556693453 0
1556693454 0
1556693455 0
1556693456 0
1556693457 0
1556693458 0
1556693459 0
1556693460 0
1556693461 0
1556693462 0
1556693463 0
1556693464 0
1556693465 0
1556693466 0
1556693467 0
1556693468 0
1556693469 0
1556693470 0
1556693471 0
1556693472 0
1556693473 0
1556693474 0
1556693475 0
1556693476 0
1556693477 0
1556693478 0
1556693479 0
1556693480 0
1556693481 0
1556693482 0
1556693483 0
1556693484 0
1556693485 0
1556693486 0
1556693487 0
1556693488 0
1556693489 0
1556693490 0
1556693491 0
1556693492 0
1556693493 0
1556693494 0
1556693495 0
1556693496 0
1556693497 0
1556693498 0
1556693499 0
1556693500 0
1556693501 0
1556693502 0
1556693503 0
1556693504 0
1556693505 0
1556693506 0
1556693507 0
1556693508 0
1556693509 0
1556693510 0
1556693511 0
1556693512 0
1556693513 0
1556693514 0
1556693515 0
1556693516 0
1556693517 0
1556693518 0
1556693519 0
1556693520 0
1556693521 0
1556693522 0
1556693523 0
1556693524 0
1556693525 0
1556693526 0
1556693527 0
1556693528 0
1556693529 0
1556693530 0
1556693531 0
1556693532 0
1556693533 0
1556693534 0
1556693535 0
1556693536 0
1556693537 0
1556693538 0
1556693539 0
1556693540 0
1556693541 0
1556693542 0
1556693543 0
1556693544 0
1556693545 0
1556693546 0
1556693547 0
1556693548 0
1556693549 0
1556693550 0
1556693551 0
1556693552 0
1556693553 0
1556693554 0
1556693555 0
1556693556 0
1556693557 0
1556693558 0
1556693559 0
1556693560 0
1556693561 0
1556693562 0
1556693563 0
1556693564 0
1556693565 0
1556693566 0
1556693567 0
1556693568 0
1556693569 0
1556693570 0
1556693571 0
1556693572 0
1556693573 0
1556693574 0
1556693575 0
1556693576 0
1556693577 0
1556693578 0
1556693579 0
1556693580 0
1556693581 0
1556693582 0
1556693583 0
1556693584 0
1556693585 0
1556693586 0
1556693587 0
1556693588 0
1556693589 0
1556693590 0
1556693591 0
1556693592 0
1556693593 0
1556693594 0
1556693595 0
1556693596 0
1556693597 0
1556693598 0
1556693599 0
1556693600 0
1556693601 0
1556693602 0
1556693603 0
1556693604 0
1556693605 0
1556693606 0
1556693607 0
1556693608 0
1556693609 0
1556693610 0
1556693611 0
1556693612 0
1556693613 0
1556693614 0
1556693615 0
1556693616 0
1556693617 0
1556693618 0
1556693619 0
1556693620 0
1556693621 0
1556693622 0
1556693623 0
1556693624 0
1556693625 0
1556693626 0
1556693627 0
1556693628 0
1556693629 0
1556693630 0
1556693631 0
1556693632 0
1556693633 0
1556693634 0
1556693635 0
1556693636 0
1556693637 0
1556693638 0
1556693639 0
1556693640 0
1556693641 0
1556693642 0
1556693643 0
1556693644 0
1556693645 0
1556693646 0
1556693647 0
1556693648 0
1556693649 0
1556693650 0
1556693651 0
1556693652 0
1556693653 0
1556693654 0
1556693655 0
1556693656 0
1556693657 0
1556693658 0
1556693659 0
1556693660 0
1556693661 0
1556693662 0
1556693663 0
1556693664 0
1556693665 0
1556693666 0
1556693667 0
1556693668 0
1556693669 0
1556693670 0
1556693671 0
1556693672 0
1556693673 0
1556693674 0
1556693675 0
1556693676 0
1556693677 0
1556693678 0
1556693679 0
1556693680 0
1556693681 0
1556693682 0
1556693683 0
1556693684 0
1556693685 0
1556693686 0
1556693687 0
1556693688 0
1556693689 0
1556693690 0
1556693691 0
1556693692 0
1556693693 0
1556693694 0
1556693695 0
1556693696 0
1556693697 0
1556693698 0
1556693699 0
1556693700 0
1556693701 0
1556693702 0
1556693703 0
1556693704 0
1556693705 0
1556693706 0
1556693707 0
1556693708 0
1556693709 0
1556693710 0
1556693711 0
1556693712 0
1556693713 0
1556693714 0
1556693715 0
1556693716 0
1556693717 0
1556693718 0
1556693719 0
1556693720 0
1556693721 0
1556693722 0
1556693723 0
1556693724 0
1556693725 0
1556693726 0
1556693727 0
1556693728 0
1556693729 0
1556693730 0
1556693731 0
1556693732 0
1556693733 0
1556693734 0
1556693735 0
1556693736 0
1556693737 0
1556693738 0
1556693739 0
1556693740 0
1556693741 0
1556693742 0
1556693743 0
1556693744 0
1556693745 0
1556693746 0
1556693747 0
1556693748 0
1556693749 0
1556693750 0
1556693751 0
1556693752 0
1556693753 0
1556693754 0
1556693755 0
1556693756 0
1556693757 0
1556693758 0
1556693759 0
1556693760 0
1556693761 0
1556693762 0
1556693763 0
1556693764 0
1556693765 0
1556693766 0
1556693767 0
1556693768 0
1556693769 0
1556693770 0
1556693771 0
1556693772 0
1556693773 0
1556693774 0
1556693775 0
1556693776 0
1556693777 0
1556693778 0
1556693779 0
1556693780 0
1556693781 0
1556693782 0
1556693783 0
1556693784 0
1556693785 0
1556693786 0
1556693787 0
1556693788 0
1556693789 0
1556693790 0
1556693791 0
1556693792 0
1556693793 0
1556693794 0
1556693795 0
1556693796 0
1556693797 0
1556693798 0
1556693799 0
1556693800 0
1556693801 0
1556693802 0
1556693803 0
1556693804 0
1556693805 0
1556693806 0
1556693807 0
1556693808 0
1556693809 0
1556693810 0
1556693811 0
1556693812 0
1556693813 0
1556693814 0
1556693815 0
1556693816 0
1556693817 0
1556693818 0
1556693819 0
1556693820 0
1556693821 0
1556693822 0
1556693823 0
1556693824 0
1556693825 0
1556693826 0
1556693827 0
1556693828 0
1556693829 0
1556693830 0
1556693831 0
1556693832 0
1556693833 0
1556693834 0
1556693835 0
1556693836 0
1556693837 0
1556693838 0
1556693839 0
1556693840 0
1556693841 0
1556693842 0
1556693843 0
1556693844 0
1556693845 0
1556693846 0
1556693847 0
1556693848 0
1556693849 0
1556693850 0
1556693851 0
1556693852 0
1556693853 0
1556693854 0
1556693855 0
1556693856 0
1556693857 0
1556693858 0
1556693859 0
1556693860 0
1556693861 0
1556693862 0
1556693863 0
1556693864 0
1556693865 0
1556693866 0
1556693867 0
1556693868 0
1556693869 0
1556693870 0
1556693871 0
1556693872 0
1556693873 0
1556693874 0
1556693875 0
1556693876 0
1556693877 0
1556693878 0
1556693879 0
1556693880 0
1556693881 0
1556693882 0
1556693883 0
1556693884 0
1556693885 0
1556693886 0
1556693887 0
1556693888 0
1556693889 0
1556693890 0
1556693891 0
1556693892 0
1556693893 0
1556693894 0
1556693895 0
1556693896 0
1556693897 0
1556693898 0
1556693899 0
1556693900 0
1556693901 0
1556693902 0
1556693903 0
1556693904 0
1556693905 0
1556693906 0
1556693907 0
1556693908 0
1556693909 0
1556693910 0
1556693911 0
1556693912 0
1556693913 0
1556693914 0
1556693915 0
1556693916 0
1556693917 0
1556693918 0
1556693919 0
1556693920 0
1556693921 0
1556693922 0
1556693923 0
1556693924 0
1556693925 0
1556693926 0
1556693927 0
1556693928 0
1556693929 0
1556693930 0
1556693931 0
1556693932 0
1556693933 0
1556693934 0
1556693935 0
1556693936 0
1556693937 0
1556693938 0
1556693939 0
1556693940 0
1556693941 0
1556693942 0
1556693943 0
1556693944 0
1556693945 0
1556693946 0
1556693947 0
1556693948 0
1556693949 0
1556693950 0
1556693951 0
1556693952 0
1556693953 0
1556693954 0
1556693955 0
1556693956 0
1556693957 0
1556693958 0
1556693959 0
1556693960 0
1556693961 0
1556693962 0
1556693963 0
1556693964 0
1556693965 0
1556693966 0
1556693967 0
1556693968 0
1556693969 0
1556693970 0
1556693971 0
1556693972 0
1556693973 0
1556693974 0
1556693975 0
1556693976 0
1556693977 0
1556693978 0
1556693979 0
1556693980 0
1556693981 0
1556693982 0
1556693983 0
1556693984 0
1556693985 0
1556693986 0
1556693987 0
1556693988 0
1556693989 0
1556693990 0
1556693991 0
1556693992 0
1556693993 0
1556693994 0
1556693995 0
1556693996 0
1556693997 0
1556693998 0
1556693999 0
1556694000 0
1556694001 0
1556694002 0
1556694003 0
1556694004 0
1556694005 0
1556694006 0
1556694007 0
1556694008 0
1556694009 0
1556694010 0
1556694011 0
1556694012 0
1556694013 0
1556694014 0
1556694015 0
1556694016 0
1556694017 0
1556694018 0
1556694019 0
1556694020 0
1556694021 0
1556694022 0
1556694023 0
1556694024 0
1556694025 0
1556694026 0
1556694027 0
1556694028 0
1556694029 0
1556694030 0
1556694031 0
1556694032 0
1556694033 0
1556694034 0
1556694035 0
1556694036 0
1556694037 0
1556694038 0
1556694039 0
1556694040 0
1556694041 0
1556694042 0
1556694043 0
1556694044 0
1556694045 0
1556694046 0
1556694047 0
1556694048 0
1556694049 0
1556694050 0
1556694051 0
1556694052 0
1556694053 0
1556694054 0
1556694055 0
1556694056 0
1556694057 0
1556694058 0
1556694059 0
1556694060 0
1556694061 0
1556694062 0
1556694063 0
1556694064 0
1556694065 0
1556694066 0
1556694067 0
1556694068 0
1556694069 0
1556694070 0
1556694071 0
1556694072 0
1556694073 0
1556694074 0
1556694075 0
1556694076 0
1556694077 0
1556694078 0
1556694079 0
1556694080 0
1556694081 0
1556694082 0
1556694083 0
1556694084 0
1556694085 0
1556694086 0
1556694087 0
1556694088 0
1556694089 0
1556694090 0
1556694091 0
1556694092 0
1556694093 0
1556694094 0
1556694095 0
1556694096 0
1556694097 0
1556694098 0
1556694099 0
1556694100 0
1556694101 0
1556694102 0
1556694103 0
1556694104 0
1556694105 0
1556694106 0
1556694107 0
1556694108 0
1556694109 0
1556694110 0
1556694111 0
1556694112 0
1556694113 0
1556694114 0
1556694115 0
1556694116 0
1556694117 0
1556694118 0
1556694119 0
1556694120 0
1556694121 0
1556694122 0
1556694123 0
1556694124 0
1556694125 0
1556694126 0
1556694127 0
1556694128 0
1556694129 0
1556694130 0
1556694131 0
1556694132 0
1556694133 0
1556694134 0
1556694135 0
1556694136 0
1556694137 0
1556694138 0
1556694139 0
1556694140 0
1556694141 0
1556694142 0
1556694143 0
1556694144 0
1556694145 0
1556694146 0
1556694147 0
1556694148 0
1556694149 0
1556694150 0
1556694151 0
1556694152 0
1556694153 0
1556694154 0
1556694155 0
1556694156 0
1556694157 0
1556694158 0
1556694159 0
1556694160 0
1556694161 0
1556694162 0
1556694163 0
1556694164 0
1556694165 0
1556694166 0
1556694167 0
1556694168 0
1556694169 0
1556694170 0
1556694171 0
1556694172 0
1556694173 0
1556694174 0
1556694175 0
1556694176 0
1556694177 0
1556694178 0
1556694179 0
1556694180 0
1556694181 0
1556694182 0
1556694183 0
1556694184 0
1556694185 0
1556694186 0
1556694187 0
1556694188 0
1556694189 0
1556694190 0
1556694191 0
1556694192 0
1556694193 0
1556694194 0
1556694195 0
1556694196 0
1556694197 0
1556694198 0
1556694199 0
1556694200 0
1556694201 0
1556694202 0
1556694203 0
1556694204 0
1556694205 0
1556694206 0
1556694207 0
1556694208 0
1556694209 0
1556694210 0
1556694211 0
1556694212 0
1556694213 0
1556694214 0
1556694215 0
1556694216 0
1556694217 0
1556694218 0
1556694219 0
1556694220 0
1556694221 0
1556694222 0
1556694223 0
1556694224 0
1556694225 0
1556694226 0
1556694227 0
1556694228 0
1556694229 0
1556694230 0
1556694231 0
1556694232 0
1556694233 0
1556694234 0
1556694235 0
1556694236 0
1556694237 0
1556694238 0
1556694239 0
1556694240 0
1556694241 0
1556694242 0
1556694243 0
1556694244 0
1556694245 0
1556694246 0
1556694247 0
1556694248 0
1556694249 0
1556694250 0
1556694251 0
1556694252 0
1556694253 0
1556694254 0
1556694255 0
1556694256 0
1556694257 0
1556694258 0
1556694259 0
1556694260 0
1556694261 0
1556694262 0
1556694263 0
1556694264 0
1556694265 0
1556694266 0
1556694267 0
1556694268 0
1556694269 0
1556694270 0
1556694271 0
1556694272 0
1556694273 0
1556694274 0
1556694275 0
1556694276 0
1556694277 0
1556694278 0
1556694279 0
1556694280 0
1556694281 0
1556694282 0
1556694283 0
1556694284 0
1556694285 0
1556694286 0
1556694287 0
1556694288 0
1556694289 0
1556694290 0
1556694291 0
1556694292 0
1556694293 0
1556694294 0
1556694295 0
1556694296 0
1556694297 0
1556694298 0
1556694299 0
1556694300 0
1556694301 0
1556694302 0
1556694303 0
1556694304 0
1556694305 0
1556694306 0
1556694307 0
1556694308 0
1556694309 0
1556694310 0
1556694311 0
1556694312 0
1556694313 0
1556694314 0
1556694315 0
1556694316 0
1556694317 0
1556694318 0
1556694319 0
1556694320 0
1556694321 0
1556694322 0
1556694323 0
1556694324 0
1556694325 0
1556694326 0
1556694327 0
1556694328 0
1556694329 0
1556694330 0
1556694331 0
1556694332 0
1556694333 0
1556694334 0
1556694335 0
1556694336 0
1556694337 0
1556694338 0
1556694339 0
1556694340 0
1556694341 0
1556694342 0
1556694343 0
1556694344 0
1556694345 0
1556694346 0
1556694347 0
1556694348 0
1556694349 0
1556694350 0
1556694351 0
1556694352 0
1556694353 0
1556694354 0
1556694355 0
1556694356 0
1556694357 0
1556694358 0
1556694359 0
1556694360 0
1556694361 0
1556694362 0
1556694363 0
1556694364 0
1556694365 0
1556694366 0
1556694367 0
1556694368 0
1556694369 0
1556694370 0
1556694371 0
1556694372 0
1556694373 0
1556694374 0
1556694375 0
1556694376 0
1556694377 0
1556694378 0
1556694379 0
1556694380 0
1556694381 0
1556694382 0
1556694383 0
1556694384 0
1556694385 0
1556694386 0
1556694387 0
1556694388 0
1556694389 0
1556694390 0
1556694391 0
1556694392 0
1556694393 0
1556694394 0
1556694395 0
1556694396 0
1556694397 0
1556694398 0
1556694399 0
1556694400 0
1556694401 0
1556694402 0
1556694403 0
1556694404 0
1556694405 0
1556694406 0
1556694407 0
1556694408 0
1556694409 0
1556694410 0
1556694411 0
1556694412 0
1556694413 0
1556694414 0
1556694415 0
1556694416 0
1556694417 0
1556694418 0
1556694419 0
1556694420 0
1556694421 0
1556694422 0
1556694423 0
1556694424 0
1556694425 0
1556694426 0
1556694427 0
1556694428 0
1556694429 0
1556694430 0
1556694431 0
1556694432 0
1556694433 0
1556694434 0
1556694435 0
1556694436 0
1556694437 0
1556694438 0
1556694439 0
1556694440 0
1556694441 0
1556694442 0
1556694443 0
1556694444 0
1556694445 0
1556694446 0
1556694447 0
1556694448 0
1556694449 0
1556694450 0
1556694451 0
1556694452 0
1556694453 0
1556694454 0
1556694455 0
1556694456 0
1556694457 0
1556694458 0
1556694459 0
1556694460 0
1556694461 0
1556694462 0
1556694463 0
1556694464 0
1556694465 0
1556694466 0
1556694467 0
1556694468 0
1556694469 0
1556694470 0
1556694471 0
1556694472 0
1556694473 0
1556694474 0
1556694475 0
1556694476 0
1556694477 0
1556694478 0
1556694479 0
1556694480 0
1556694481 0
1556694482 0
1556694483 0
1556694484 0
1556694485 0
1556694486 0
1556694487 0
1556694488 0
1556694489 0
1556694490 0
1556694491 0
1556694492 0
1556694493 0
1556694494 0
1556694495 0
1556694496 0
1556694497 0
1556694498 0
1556694499 0
1556694500 0
1556694501 0
1556694502 0
1556694503 0
1556694504 0
1556694505 0
1556694506 0
1556694507 0
1556694508 0
1556694509 0
1556694510 0
1556694511 0
1556694512 0
1556694513 0
1556694514 0
1556694515 0
1556694516 0
1556694517 0
1556694518 0
1556694519 0
1556694520 0
1556694521 0
1556694522 0
1556694523 0
1556694524 0
1556694525 0
1556694526 0
1556694527 0
1556694528 0
1556694529 0
1556694530 0
1556694531 0
1556694532 0
1556694533 0
1556694534 0
1556694535 0
1556694536 0
1556694537 0
1556694538 0
1556694539 0
1556694540 0
1556694541 0
1556694542 0
1556694543 0
1556694544 0
1556694545 0
1556694546 0
1556694547 0
1556694548 0
1556694549 0
1556694550 0
1556694551 0
1556694552 0
1556694553 0
1556694554 0
1556694555 0
1556694556 0
1556694557 0
1556694558 0
1556694559 0
1556694560 0
1556694561 0
1556694562 0
1556694563 0
1556694564 0
1556694565 0
1556694566 0
1556694567 0
1556694568 0
1556694569 0
1556694570 0
1556694571 0
1556694572 0
1556694573 0
1556694574 0
1556694575 0
1556694576 0
1556694577 0
1556694578 0
1556694579 0
1556694580 0
1556694581 0
1556694582 0
1556694583 0
1556694584 0
1556694585 0
1556694586 0
1556694587 0
1556694588 0
1556694589 0
1556694590 0
1556694591 0
1556694592 0
1556694593 0
1556694594 0
1556694595 0
1556694596 0
1556694597 0
1556694598 0
1556694599 0
1556694600 0
1556694601 0
1556694602 0
1556694603 0
1556694604 0
1556694605 0
1556694606 0
1556694607 0
1556694608 0
1556694609 0
1556694610 0
1556694611 0
1556694612 0
1556694613 0
1556694614 0
1556694615 0
1556694616 0
1556694617 0
1556694618 0
1556694619 0
1556694620 0
1556694621 0
1556694622 0
1556694623 0
1556694624 0
1556694625 0
1556694626 0
1556694627 0
1556694628 0
1556694629 0
1556694630 0
1556694631 0
1556694632 0
1556694633 0
1556694634 0
1556694635 0
1556694636 0
1556694637 0
1556694638 0
1556694639 0
1556694640 0
1556694641 0
1556694642 0
1556694643 0
1556694644 0
1556694645 0
1556694646 0
1556694647 0
1556694648 0
1556694649 0
1556694650 0
1556694651 0
1556694652 0
1556694653 0
1556694654 0
1556694655 0
1556694656 0
1556694657 0
1556694658 0
1556694659 0
1556694660 0
1556694661 0
1556694662 0
1556694663 0
1556694664 0
1556694665 0
1556694666 0
1556694667 0
1556694668 0
1556694669 0
1556694670 0
1556694671 0
1556694672 0
1556694673 0
1556694674 0
1556694675 0
1556694676 0
1556694677 0
1556694678 0
1556694679 0
1556694680 0
1556694681 0
1556694682 0
1556694683 0
1556694684 0
1556694685 0
1556694686 0
1556694687 0
1556694688 0
1556694689 0
1556694690 0
1556694691 0
1556694692 0
1556694693 0
1556694694 0
1556694695 0
1556694696 0
1556694697 0
1556694698 0
1556694699 0
1556694700 0
1556694701 0
1556694702 0
1556694703 0
1556694704 0
1556694705 0
1556694706 0
1556694707 0
1556694708 0
1556694709 0
1556694710 0
1556694711 0
1556694712 0
1556694713 0
1556694714 0
1556694715 0
1556694716 0
1556694717 0
1556694718 0
1556694719 0
1556694720 0
1556694721 0
1556694722 0
1556694723 0
1556694724 0
1556694725 0
1556694726 0
1556694727 0
1556694728 0
1556694729 0
1556694730 0
1556694731 0
1556694732 0
1556694733 0
1556694734 0
1556694735 0
1556694736 0
1556694737 0
1556694738 0
1556694739 0
1556694740 0
1556694741 0
1556694742 0
1556694743 0
1556694744 0
1556694745 0
1556694746 0
1556694747 0
1556694748 0
1556694749 0
1556694750 0
1556694751 0
1556694752 0
1556694753 0
1556694754 0
1556694755 0
1556694756 0
1556694757 0
1556694758 0
1556694759 0
1556694760 0
1556694761 0
1556694762 0
1556694763 0
1556694764 0
1556694765 0
1556694766 0
1556694767 0
1556694768 0
1556694769 0
1556694770 0
1556694771 0
1556694772 0
1556694773 0
1556694774 0
1556694775 0
1556694776 0
1556694777 0
1556694778 0
1556694779 0
1556694780 0
1556694781 0
1556694782 0
1556694783 0
1556694784 0
1556694785 0
1556694786 0
1556694787 0
1556694788 0
1556694789 0
1556694790 0
1556694791 0
1556694792 0
1556694793 0
1556694794 0
1556694795 0
1556694796 0
1556694797 0
1556694798 0
1556694799 0
1556694800 0
1556694801 0
1556694802 0
1556694803 0
1556694804 0
1556694805 0
1556694806 0
1556694807 0
1556694808 0
1556694809 0
1556694810 0
1556694811 0
1556694812 0
1556694813 0
1556694814 0
1556694815 0
1556694816 0
1556694817 0
1556694818 0
1556694819 0
1556694820 0
1556694821 0
1556694822 0
1556694823 0
1556694824 0
1556694825 0
1556694826 0
1556694827 0
1556694828 0
1556694829 0
1556694830 0
1556694831 0
1556694832 0
1556694833 0
1556694834 0
1556694835 0
1556694836 0
1556694837 0
1556694838 0
1556694839 0
1556694840 0
1556694841 0
1556694842 0
1556694843 0
1556694844 0
1556694845 0
1556694846 0
1556694847 0
1556694848 0
1556694849 0
1556694850 0
1556694851 0
1556694852 0
1556694853 0
1556694854 0
1556694855 0
1556694856 0
1556694857 0
1556694858 0
1556694859 0
1556694860 0
1556694861 0
1556694862 0
1556694863 0
1556694864 0
1556694865 0
1556694866 0
1556694867 0
1556694868 0
1556694869 0
1556694870 0
1556694871 0
1556694872 0
1556694873 0
1556694874 0
1556694875 0
1556694876 0
1556694877 0
1556694878 0
1556694879 0
1556694880 0
1556694881 0
1556694882 0
1556694883 0
1556694884 0
1556694885 0
1556694886 0
1556694887 0
1556694888 0
1556694889 0
1556694890 0
1556694891 0
1556694892 0
1556694893 0
1556694894 0
1556694895 0
1556694896 0
1556694897 0
1556694898 0
1556694899 0
1556694900 0
1556694901 0
1556694902 0
1556694903 0
1556694904 0
1556694905 0
1556694906 0
1556694907 0
1556694908 0
1556694909 0
1556694910 0
1556694911 0
1556694912 0
1556694913 0
1556694914 0
1556694915 0
1556694916 0
1556694917 0
1556694918 0
1556694919 0
1556694920 0
1556694921 0
1556694922 0
1556694923 0
1556694924 0
1556694925 0
1556694926 0
1556694927 0
1556694928 0
1556694929 0
1556694930 0
1556694931 0
1556694932 0
1556694933 0
1556694934 0
1556694935 0
1556694936 0
1556694937 0
1556694938 0
1556694939 0
1556694940 0
1556694941 0
1556694942 0
1556694943 0
1556694944 0
1556694945 0
1556694946 0
1556694947 0
1556694948 0
1556694949 0
1556694950 0
1556694951 0
1556694952 0
1556694953 0
1556694954 0
1556694955 0
1556694956 0
1556694957 0
1556694958 0
1556694959 0
1556694960 0
1556694961 0
1556694962 0
1556694963 0
1556694964 0
1556694965 0
1556694966 0
1556694967 0
1556694968 0
1556694969 0
1556694970 0
1556694971 0
1556694972 0
1556694973 0
1556694974 0
1556694975 0
1556694976 0
1556694977 0
1556694978 0
1556694979 0
1556694980 0
1556694981 0
1556694982 0
1556694983 0
1556694984 0
1556694985 0
1556694986 0
1556694987 0
1556694988 0
1556694989 0
1556694990 0
1556694991 0
1556694992 0
1556694993 0
1556694994 0
1556694995 0
1556694996 0
1556694997 0
1556694998 0
1556694999 0
1556695000 0
1556695001 0
1556695002 0
1556695003 0
1556695004 0
1556695005 0
1556695006 0
1556695007 0
1556695008 0
1556695009 0
1556695010 0
1556695011 0
1556695012 0
1556695013 0
1556695014 0
1556695015 0
1556695016 0
1556695017 0
1556695018 0
1556695019 0
1556695020 0
1556695021 0
1556695022 0
1556695023 0
1556695024 0
1556695025 0
1556695026 0
1556695027 0
1556695028 0
1556695029 0
1556695030 0
1556695031 0
1556695032 0
1556695033 0
1556695034 0
1556695035 0
1556695036 0
1556695037 0
1556695038 0
1556695039 0
1556695040 0
1556695041 0
1556695042 0
1556695043 0
1556695044 0
1556695045 0
1556695046 0
1556695047 0
1556695048 0
1556695049 0
1556695050 0
1556695051 0
1556695052 0
1556695053 0
1556695054 0
1556695055 0
1556695056 0
1556695057 0
1556695058 0
1556695059 0
1556695060 0
1556695061 0
1556695062 0
1556695063 0
1556695064 0
1556695065 0
1556695066 0
1556695067 0
1556695068 0
1556695069 0
1556695070 0
1556695071 0
1556695072 0
1556695073 0
1556695074 0
1556695075 0
1556695076 0
1556695077 0
1556695078 0
1556695079 0
1556695080 0
1556695081 0
1556695082 0
1556695083 0
1556695084 0
1556695085 0
1556695086 0
1556695087 0
1556695088 0
1556695089 0
1556695090 0
1556695091 0
1556695092 0
1556695093 0
1556695094 0
1556695095 0
1556695096 0
1556695097 0
1556695098 0
1556695099 0
1556695100 0
1556695101 0
1556695102 0
1556695103 0
1556695104 0
1556695105 0
1556695106 0
1556695107 0
1556695108 0
1556695109 0
1556695110 0
1556695111 0
1556695112 0
1556695113 0
1556695114 0
1556695115 0
1556695116 0
1556695117 0
1556695118 0
1556695119 0
1556695120 0
1556695121 0
1556695122 0
1556695123 0
1556695124 0
1556695125 0
1556695126 0
1556695127 0
1556695128 0
1556695129 0
1556695130 0
1556695131 0
1556695132 0
1556695133 0
1556695134 0
1556695135 0
1556695136 0
1556695137 0
1556695138 0
1556695139 0
1556695140 0
1556695141 0
1556695142 0
1556695143 0
1556695144 0
1556695145 0
1556695146 0
1556695147 0
1556695148 0
1556695149 0
1556695150 0
1556695151 0
1556695152 0
1556695153 0
1556695154 0
1556695155 0
1556695156 0
1556695157 0
1556695158 0
1556695159 0
1556695160 0
1556695161 0
1556695162 0
1556695163 0
1556695164 0
1556695165 0
1556695166 0
1556695167 0
1556695168 0
1556695169 0
1556695170 0
1556695171 0
1556695172 0
1556695173 0
1556695174 0
1556695175 0
1556695176 0
1556695177 0
1556695178 0
1556695179 0
1556695180 0
1556695181 0
1556695182 0
1556695183 0
1556695184 0
1556695185 0
1556695186 0
1556695187 0
1556695188 0
1556695189 0
1556695190 0
1556695191 0
1556695192 0
1556695193 0
1556695194 0
1556695195 0
1556695196 0
1556695197 0
1556695198 0
1556695199 0
1556695200 0
1556695201 0
1556695202 0
1556695203 0
1556695204 0
1556695205 0
1556695206 0
1556695207 0
1556695208 0
1556695209 0
1556695210 0
1556695211 0
1556695212 0
1556695213 0
1556695214 0
1556695215 0
1556695216 0
1556695217 0
1556695218 0
1556695219 0
1556695220 0
1556695221 0
1556695222 0
1556695223 0
1556695224 0
1556695225 0
1556695226 0
1556695227 0
1556695228 0
1556695229 0
1556695230 0
1556695231 0
1556695232 0
1556695233 0
1556695234 0
1556695235 0
1556695236 0
1556695237 0
1556695238 0
1556695239 0
1556695240 0
1556695241 0
1556695242 0
1556695243 0
1556695244 0
1556695245 0
1556695246 0
1556695247 0
1556695248 0
1556695249 0
1556695250 0
1556695251 0
1556695252 0
1556695253 0
1556695254 0
1556695255 0
1556695256 0
1556695257 0
1556695258 0
1556695259 0
1556695260 0
1556695261 0
1556695262 0
1556695263 0
1556695264 0
1556695265 0
1556695266 0
1556695267 0
1556695268 0
1556695269 0
1556695270 0
1556695271 0
1556695272 0
1556695273 0
1556695274 0
1556695275 0
1556695276 0
1556695277 0
1556695278 0
1556695279 0
1556695280 0
1556695281 0
1556695282 0
1556695283 0
1556695284 0
1556695285 0
1556695286 0
1556695287 0
1556695288 0
1556695289 0
1556695290 0
1556695291 0
1556695292 0
1556695293 0
1556695294 0
1556695295 0
1556695296 0
1556695297 0
1556695298 0
1556695299 0
1556695300 0
1556695301 0
1556695302 0
1556695303 0
1556695304 0
1556695305 0
1556695306 0
1556695307 0
1556695308 0
1556695309 0
1556695310 0
1556695311 0
1556695312 0
1556695313 0
1556695314 0
1556695315 0
1556695316 0
1556695317 0
1556695318 0
1556695319 0
1556695320 0
1556695321 0
1556695322 0
1556695323 0
1556695324 0
1556695325 0
1556695326 0
1556695327 0
1556695328 0
1556695329 0
1556695330 0
1556695331 0
1556695332 0
1556695333 0
1556695334 0
1556695335 0
1556695336 0
1556695337 0
1556695338 0
1556695339 0
1556695340 0
1556695341 0
1556695342 0
1556695343 0
1556695344 0
1556695345 0
1556695346 0
1556695347 0
1556695348 0
1556695349 0
1556695350 0
1556695351 0
1556695352 0
1556695353 0
1556695354 0
1556695355 0
1556695356 0
1556695357 0
1556695358 0
1556695359 0
1556695360 0
1556695361 0
1556695362 0
1556695363 0
1556695364 0
1556695365 0
1556695366 0
1556695367 0
1556695368 0
1556695369 0
1556695370 0
1556695371 0
1556695372 0
1556695373 0
1556695374 0
1556695375 0
1556695376 0
1556695377 0
1556695378 0
1556695379 0
1556695380 0
1556695381 0
1556695382 0
1556695383 0
1556695384 0
1556695385 0
1556695386 0
1556695387 0
1556695388 0
1556695389 0
1556695390 0
1556695391 0
1556695392 0
1556695393 0
1556695394 0
1556695395 0
1556695396 0
1556695397 0
1556695398 0
1556695399 0
1556695400 0
1556695401 0
1556695402 0
1556695403 0
1556695404 0
1556695405 0
1556695406 0
1556695407 0
1556695408 0
1556695409 0
1556695410 0
1556695411 0
1556695412 0
1556695413 0
1556695414 0
1556695415 0
1556695416 0
1556695417 0
1556695418 0
1556695419 0
1556695420 0
1556695421 0
1556695422 0
1556695423 0
1556695424 0
1556695425 0
1556695426 0
1556695427 0
1556695428 0
1556695429 0
1556695430 0
1556695431 0
1556695432 0
1556695433 0
1556695434 0
1556695435 0
1556695436 0
1556695437 0
1556695438 0
1556695439 0
1556695440 0
1556695441 0
1556695442 0
1556695443 0
1556695444 0
1556695445 0
1556695446 0
1556695447 0
1556695448 0
1556695449 0
1556695450 0
1556695451 0
1556695452 0
1556695453 0
1556695454 0
1556695455 0
1556695456 0
1556695457 0
1556695458 0
1556695459 0
1556695460 0
1556695461 0
1556695462 0
1556695463 0
1556695464 0
1556695465 0
1556695466 0
1556695467 0
1556695468 0
1556695469 0
1556695470 0
1556695471 0
1556695472 0
1556695473 0
1556695474 0
1556695475 0
1556695476 0
1556695477 0
1556695478 0
1556695479 0
1556695480 0
1556695481 0
1556695482 0
1556695483 0
1556695484 0
1556695485 0
1556695486 0
1556695487 0
1556695488 0
1556695489 0
1556695490 0
1556695491 0
1556695492 0
1556695493 0
1556695494 0
1556695495 0
1556695496 0
1556695497 0
1556695498 0
1556695499 0
1556695500 0
1556695501 0
1556695502 0
1556695503 0
1556695504 0
1556695505 0
1556695506 0
1556695507 0
1556695508 0
1556695509 0
1556695510 0
1556695511 0
1556695512 0
1556695513 0
1556695514 0
1556695515 0
1556695516 0
1556695517 0
1556695518 0
1556695519 0
1556695520 0
1556695521 0
1556695522 0
1556695523 0
1556695524 0
1556695525 0
1556695526 0
1556695527 0
1556695528 0
1556695529 0
1556695530 0
1556695531 0
1556695532 0
1556695533 0
1556695534 0
1556695535 0
1556695536 0
1556695537 0
1556695538 0
1556695539 0
1556695540 0
1556695541 0
1556695542 0
1556695543 0
1556695544 0
1556695545 0
1556695546 0
1556695547 0
1556695548 0
1556695549 0
1556695550 0
1556695551 0
1556695552 0
1556695553 0
1556695554 0
1556695555 0
1556695556 0
1556695557 0
1556695558 0
1556695559 0
1556695560 0
1556695561 0
1556695562 0
1556695563 0
1556695564 0
1556695565 0
1556695566 0
1556695567 0
1556695568 0
1556695569 0
1556695570 0
1556695571 0
1556695572 0
1556695573 0
1556695574 0
1556695575 0
1556695576 0
1556695577 0
1556695578 0
1556695579 0
1556695580 0
1556695581 0
1556695582 0
1556695583 0
1556695584 0
1556695585 0
1556695586 0
1556695587 0
1556695588 0
1556695589 0
1556695590 0
1556695591 0
1556695592 0
1556695593 0
1556695594 0
1556695595 0
1556695596 0
1556695597 0
1556695598 0
1556695599 0
1556695600 0
1556695601 0
1556695602 0
1556695603 0
1556695604 0
1556695605 0
1556695606 0
1556695607 0
1556695608 0
1556695609 0
1556695610 0
1556695611 0
1556695612 0
1556695613 0
1556695614 0
1556695615 0
1556695616 0
1556695617 0
1556695618 0
1556695619 0
1556695620 0
1556695621 0
1556695622 0
1556695623 0
1556695624 0
1556695625 0
1556695626 0
1556695627 0
1556695628 0
1556695629 0
1556695630 0
1556695631 0
1556695632 0
1556695633 0
1556695634 0
1556695635 0
1556695636 0
1556695637 0
1556695638 0
1556695639 0
1556695640 0
1556695641 0
1556695642 0
1556695643 0
1556695644 0
1556695645 0
1556695646 0
1556695647 0
1556695648 0
1556695649 0
1556695650 0
1556695651 0
1556695652 0
1556695653 0
1556695654 0
1556695655 0
1556695656 0
1556695657 0
1556695658 0
1556695659 0
1556695660 0
1556695661 0
1556695662 0
1556695663 0
1556695664 0
1556695665 0
1556695666 0
1556695667 0
1556695668 0
1556695669 0
1556695670 0
1556695671 0
1556695672 0
1556695673 0
1556695674 0
1556695675 0
1556695676 0
1556695677 0
1556695678 0
1556695679 0
1556695680 0
1556695681 0
1556695682 0
1556695683 0
1556695684 0
1556695685 0
1556695686 0
1556695687 0
1556695688 0
1556695689 0
1556695690 0
1556695691 0
1556695692 0
1556695693 0
1556695694 0
1556695695 0
1556695696 0
1556695697 0
1556695698 0
1556695699 0
1556695700 0
1556695701 0
1556695702 0
1556695703 0
1556695704 0
1556695705 0
1556695706 0
1556695707 0
1556695708 0
1556695709 0
1556695710 0
1556695711 0
1556695712 0
1556695713 0
1556695714 0
1556695715 0
1556695716 0
1556695717 0
1556695718 0
1556695719 0
1556695720 0
1556695721 0
1556695722 0
1556695723 0
1556695724 0
1556695725 0
1556695726 0
1556695727 0
1556695728 0
1556695729 0
1556695730 0
1556695731 0
1556695732 0
1556695733 0
1556695734 0
1556695735 0
1556695736 0
1556695737 0
1556695738 0
1556695739 0
1556695740 0
1556695741 0
1556695742 0
1556695743 0
1556695744 0
1556695745 0
1556695746 0
1556695747 0
1556695748 0
1556695749 0
1556695750 0
1556695751 0
1556695752 0
1556695753 0
1556695754 0
1556695755 0
1556695756 0
1556695757 0
1556695758 0
1556695759 0
1556695760 0
1556695761 0
1556695762 0
1556695763 0
1556695764 0
1556695765 0
1556695766 0
1556695767 0
1556695768 0
1556695769 0
1556695770 0
1556695771 0
1556695772 0
1556695773 0
1556695774 0
1556695775 0
1556695776 0
1556695777 0
1556695778 0
1556695779 0
1556695780 0
1556695781 0
1556695782 0
1556695783 0
1556695784 0
1556695785 0
1556695786 0
1556695787 0
1556695788 0
1556695789 0
1556695790 0
1556695791 0
1556695792 0
1556695793 0
1556695794 0
1556695795 0
1556695796 0
1556695797 0
1556695798 0
1556695799 0
1556695800 0
1556695801 0
1556695802 0
1556695803 0
1556695804 0
1556695805 0
1556695806 0
1556695807 0
1556695808 0
1556695809 0
1556695810 0
1556695811 0
1556695812 0
1556695813 0
1556695814 0
1556695815 0
1556695816 0
1556695817 0
1556695818 0
1556695819 0
1556695820 0
1556695821 0
1556695822 0
1556695823 0
1556695824 0
1556695825 0
1556695826 0
1556695827 0
1556695828 0
1556695829 0
1556695830 0
1556695831 0
1556695832 0
1556695833 0
1556695834 0
1556695835 0
1556695836 0
1556695837 0
1556695838 0
1556695839 0
1556695840 0
1556695841 0
1556695842 0
1556695843 0
1556695844 0
1556695845 0
1556695846 0
1556695847 0
1556695848 0
1556695849 0
1556695850 0
1556695851 0
1556695852 0
1556695853 0
1556695854 0
1556695855 0
1556695856 0
1556695857 0
1556695858 0
1556695859 0
1556695860 0
1556695861 0
1556695862 0
1556695863 0
1556695864 0
1556695865 0
1556695866 0
1556695867 0
1556695868 0
1556695869 0
1556695870 0
1556695871 0
1556695872 0
1556695873 0
1556695874 0
1556695875 0
1556695876 0
1556695877 0
1556695878 0
1556695879 0
1556695880 0
1556695881 0
1556695882 0
1556695883 0
1556695884 0
1556695885 0
1556695886 0
1556695887 0
1556695888 0
1556695889 0
1556695890 0
1556695891 0
1556695892 0
1556695893 0
1556695894 0
1556695895 0
1556695896 0
1556695897 0
1556695898 0
1556695899 0
1556695900 0
1556695901 0
1556695902 0
1556695903 0
1556695904 0
1556695905 0
1556695906 0
1556695907 0
1556695908 0
1556695909 0
1556695910 0
1556695911 0
1556695912 0
1556695913 0
1556695914 0
1556695915 0
1556695916 0
1556695917 0
1556695918 0
1556695919 0
1556695920 0
1556695921 0
1556695922 0
1556695923 0
1556695924 0
1556695925 0
1556695926 0
1556695927 0
1556695928 0
1556695929 0
1556695930 0
1556695931 0
1556695932 0
1556695933 0
1556695934 0
1556695935 0
1556695936 0
1556695937 0
1556695938 0
1556695939 0
1556695940 0
1556695941 0
1556695942 0
1556695943 0
1556695944 0
1556695945 0
1556695946 0
1556695947 0
1556695948 0
1556695949 0
1556695950 0
1556695951 0
1556695952 0
1556695953 0
1556695954 0
1556695955 0
1556695956 0
1556695957 0
1556695958 0
1556695959 0
1556695960 0
1556695961 0
1556695962 0
1556695963 0
1556695964 0
1556695965 0
1556695966 0
1556695967 0
1556695968 0
1556695969 0
1556695970 0
1556695971 0
1556695972 0
1556695973 0
1556695974 0
1556695975 0
1556695976 0
1556695977 0
1556695978 0
1556695979 0
1556695980 0
1556695981 0
1556695982 0
1556695983 0
1556695984 0
1556695985 0
1556695986 0
1556695987 0
1556695988 0
1556695989 0
1556695990 0
1556695991 0
1556695992 0
1556695993 0
1556695994 0
1556695995 0
1556695996 0
1556695997 0
1556695998 0
1556695999 0
1556696000 0
1556696001 0
1556696002 0
1556696003 0
1556696004 0
1556696005 0
1556696006 0
1556696007 0
1556696008 0
1556696009 0
1556696010 0
1556696011 0
1556696012 0
1556696013 0
1556696014 0
1556696015 0
1556696016 0
1556696017 0
1556696018 0
1556696019 0
1556696020 0
1556696021 0
1556696022 0
1556696023 0
1556696024 0
1556696025 0
1556696026 0
1556696027 0
1556696028 0
1556696029 0
1556696030 0
1556696031 0
1556696032 0
1556696033 0
1556696034 0
1556696035 0
1556696036 0
1556696037 0
1556696038 0
1556696039 0
1556696040 0
1556696041 0
1556696042 0
1556696043 0
1556696044 0
1556696045 0
1556696046 0
1556696047 0
1556696048 0
1556696049 0
1556696050 0
1556696051 0
1556696052 0
1556696053 0
1556696054 0
1556696055 0
1556696056 0
1556696057 0
1556696058 0
1556696059 0
1556696060 0
1556696061 0
1556696062 0
1556696063 0
1556696064 0
1556696065 0
1556696066 0
1556696067 0
1556696068 0
1556696069 0
1556696070 0
1556696071 0
1556696072 0
1556696073 0
1556696074 0
1556696075 0
1556696076 0
1556696077 0
1556696078 0
1556696079 0
1556696080 0
1556696081 0
1556696082 0
1556696083 0
1556696084 0
1556696085 0
1556696086 0
1556696087 0
1556696088 0
1556696089 0
1556696090 0
1556696091 0
1556696092 0
1556696093 0
1556696094 0
1556696095 0
1556696096 0
1556696097 0
1556696098 0
1556696099 0
1556696100 0
1556696101 0
1556696102 0
1556696103 0
1556696104 0
1556696105 0
1556696106 0
1556696107 0
1556696108 0
1556696109 0
1556696110 0
1556696111 0
1556696112 0
1556696113 0
1556696114 0
1556696115 0
1556696116 0
1556696117 0
1556696118 0
1556696119 0
1556696120 0
1556696121 0
1556696122 0
1556696123 0
1556696124 0
1556696125 0
1556696126 0
1556696127 0
1556696128 0
1556696129 0
1556696130 0
1556696131 0
1556696132 0
1556696133 0
1556696134 0
1556696135 0
1556696136 0
1556696137 0
1556696138 0
1556696139 0
1556696140 0
1556696141 0
1556696142 0
1556696143 0
1556696144 0
1556696145 0
1556696146 0
1556696147 0
1556696148 0
1556696149 0
1556696150 0
1556696151 0
1556696152 0
1556696153 0
1556696154 0
1556696155 0
1556696156 0
1556696157 0
1556696158 0
1556696159 0
1556696160 0
1556696161 0
1556696162 0
1556696163 0
1556696164 0
1556696165 0
1556696166 0
1556696167 0
1556696168 0
1556696169 0
1556696170 0
1556696171 0
1556696172 0
1556696173 0
1556696174 0
1556696175 0
1556696176 0
1556696177 0
1556696178 0
1556696179 0
1556696180 0
1556696181 0
1556696182 0
1556696183 0
1556696184 0
1556696185 0
1556696186 0
1556696187 0
1556696188 0
1556696189 0
1556696190 0
1556696191 0
1556696192 0
1556696193 0
1556696194 0
1556696195 0
1556696196 0
1556696197 0
1556696198 0
1556696199 0
1556696200 0
1556696201 0
1556696202 0
1556696203 0
1556696204 0
1556696205 0
1556696206 0
1556696207 0
1556696208 0
1556696209 0
1556696210 0
1556696211 0
1556696212 0
1556696213 0
1556696214 0
1556696215 0
1556696216 0
1556696217 0
1556696218 0
1556696219 0
1556696220 0
1556696221 0
1556696222 0
1556696223 0
1556696224 0
1556696225 0
1556696226 0
1556696227 0
1556696228 0
1556696229 0
1556696230 0
1556696231 0
1556696232 0
1556696233 0
1556696234 0
1556696235 0
1556696236 0
1556696237 0
1556696238 0
1556696239 0
1556696240 0
1556696241 0
1556696242 0
1556696243 0
1556696244 0
1556696245 0
1556696246 0
1556696247 0
1556696248 0
1556696249 0
1556696250 0
1556696251 0
1556696252 0
1556696253 0
1556696254 0
1556696255 0
1556696256 0
1556696257 0
1556696258 0
1556696259 0
1556696260 0
1556696261 0
1556696262 0
1556696263 0
1556696264 0
1556696265 0
1556696266 0
1556696267 0
1556696268 0
1556696269 0
1556696270 0
1556696271 0
1556696272 0
1556696273 0
1556696274 0
1556696275 0
1556696276 0
1556696277 0
1556696278 0
1556696279 0
1556696280 0
1556696281 0
1556696282 0
1556696283 0
1556696284 0
1556696285 0
1556696286 0
1556696287 0
1556696288 0
1556696289 0
1556696290 0
1556696291 0
1556696292 0
1556696293 0
1556696294 0
1556696295 0
1556696296 0
1556696297 0
1556696298 0
1556696299 0
1556696300 0
1556696301 0
1556696302 0
1556696303 0
1556696304 0
1556696305 0
1556696306 0
1556696307 0
1556696308 0
1556696309 0
1556696310 0
1556696311 0
1556696312 0
1556696313 0
1556696314 0
1556696315 0
1556696316 0
1556696317 0
1556696318 0
1556696319 0
1556696320 0
1556696321 0
1556696322 0
1556696323 0
1556696324 0
1556696325 0
1556696326 0
1556696327 0
1556696328 0
1556696329 0
1556696330 0
1556696331 0
1556696332 0
1556696333 0
1556696334 0
1556696335 0
1556696336 0
1556696337 0
1556696338 0
1556696339 0
1556696340 0
1556696341 0
1556696342 0
1556696343 0
1556696344 0
1556696345 0
1556696346 0
1556696347 0
1556696348 0
1556696349 0
1556696350 0
1556696351 0
1556696352 0
1556696353 0
1556696354 0
1556696355 0
1556696356 0
1556696357 0
1556696358 0
1556696359 0
1556696360 0
1556696361 0
1556696362 0
1556696363 0
1556696364 0
1556696365 0
1556696366 0
1556696367 0
1556696368 0
1556696369 0
1556696370 0
1556696371 0
1556696372 0
1556696373 0
1556696374 0
1556696375 0
1556696376 0
1556696377 0
1556696378 0
1556696379 0
1556696380 0
1556696381 0
1556696382 0
1556696383 0
1556696384 0
1556696385 0
1556696386 0
1556696387 0
1556696388 0
1556696389 0
1556696390 0
1556696391 0
1556696392 0
1556696393 0
1556696394 0
1556696395 0
1556696396 0
1556696397 0
1556696398 0
1556696399 0
1556696400 0
1556696401 0
1556696402 0
1556696403 0
1556696404 0
1556696405 0
1556696406 0
1556696407 0
1556696408 0
1556696409 0
1556696410 0
1556696411 0
1556696412 0
1556696413 0
1556696414 0
1556696415 0
1556696416 0
1556696417 0
1556696418 0
1556696419 0
1556696420 0
1556696421 0
1556696422 0
1556696423 0
1556696424 0
1556696425 0
1556696426 0
1556696427 0
1556696428 0
1556696429 0
1556696430 0
1556696431 0
1556696432 0
1556696433 0
1556696434 0
1556696435 0
1556696436 0
1556696437 0
1556696438 0
1556696439 0
1556696440 0
1556696441 0
1556696442 0
1556696443 0
1556696444 0
1556696445 0
1556696446 0
1556696447 0
1556696448 0
1556696449 0
1556696450 0
1556696451 0
1556696452 0
1556696453 0
1556696454 0
1556696455 0
1556696456 0
1556696457 0
1556696458 0
1556696459 0
1556696460 0
1556696461 0
1556696462 0
1556696463 0
1556696464 0
1556696465 0
1556696466 0
1556696467 0
1556696468 0
1556696469 0
1556696470 0
1556696471 0
1556696472 0
1556696473 0
1556696474 0
1556696475 0
1556696476 0
1556696477 0
1556696478 0
1556696479 0
1556696480 0
1556696481 0
1556696482 0
1556696483 0
1556696484 0
1556696485 0
1556696486 0
1556696487 0
1556696488 0
1556696489 0
1556696490 0
1556696491 0
1556696492 0
1556696493 0
1556696494 0
1556696495 0
1556696496 0
1556696497 0
1556696498 0
1556696499 0
1556696500 0
1556696501 0
1556696502 0
1556696503 0
1556696504 0
1556696505 0
1556696506 0
1556696507 0
1556696508 0
1556696509 0
1556696510 0
1556696511 0
1556696512 0
1556696513 0
1556696514 0
1556696515 0
1556696516 0
1556696517 0
1556696518 0
1556696519 0
1556696520 0
1556696521 0
1556696522 0
1556696523 0
1556696524 0
1556696525 0
1556696526 0
1556696527 0
1556696528 0
1556696529 0
1556696530 0
1556696531 0
1556696532 0
1556696533 0
1556696534 0
1556696535 0
1556696536 0
1556696537 0
1556696538 0
1556696539 0
1556696540 0
1556696541 0
1556696542 0
1556696543 0
1556696544 0
1556696545 0
1556696546 0
1556696547 0
1556696548 0
1556696549 0
1556696550 0
1556696551 0
1556696552 0
1556696553 0
1556696554 0
1556696555 0
1556696556 0
1556696557 0
1556696558 0
1556696559 0
1556696560 0
1556696561 0
1556696562 0
1556696563 0
1556696564 0
1556696565 0
1556696566 0
1556696567 0
1556696568 0
1556696569 0
1556696570 0
1556696571 0
1556696572 0
1556696573 0
1556696574 0
1556696575 0
1556696576 0
1556696577 0
1556696578 0
1556696579 0
1556696580 0
1556696581 0
1556696582 0
1556696583 0
1556696584 0
1556696585 0
1556696586 0
1556696587 0
1556696588 0
1556696589 0
1556696590 0
1556696591 0
1556696592 0
1556696593 0
1556696594 0
1556696595 0
1556696596 0
1556696597 0
1556696598 0
1556696599 0
1556696600 0
1556696601 0
1556696602 0
1556696603 0
1556696604 0
1556696605 0
1556696606 0
1556696607 0
1556696608 0
1556696609 0
1556696610 0
1556696611 0
1556696612 0
1556696613 0
1556696614 0
1556696615 0
1556696616 0
1556696617 0
1556696618 0
1556696619 0
1556696620 0
1556696621 0
1556696622 0
1556696623 0
1556696624 0
1556696625 0
1556696626 0
1556696627 0
1556696628 0
1556696629 0
1556696630 0
1556696631 0
1556696632 0
1556696633 0
1556696634 0
1556696635 0
1556696636 0
1556696637 0
1556696638 0
1556696639 0
1556696640 0
1556696641 0
1556696642 0
1556696643 0
1556696644 0
1556696645 0
1556696646 0
1556696647 0
1556696648 0
1556696649 0
1556696650 0
1556696651 0
1556696652 0
1556696653 0
1556696654 0
1556696655 0
1556696656 0
1556696657 0
1556696658 0
1556696659 0
1556696660 0
1556696661 0
1556696662 0
1556696663 0
1556696664 0
1556696665 0
1556696666 0
1556696667 0
1556696668 0
1556696669 0
1556696670 0
1556696671 0
1556696672 0
1556696673 0
1556696674 0
1556696675 0
1556696676 0
1556696677 0
1556696678 0
1556696679 0
1556696680 0
1556696681 0
1556696682 0
1556696683 0
1556696684 0
1556696685 0
1556696686 0
1556696687 0
1556696688 0
1556696689 0
1556696690 0
1556696691 0
1556696692 0
1556696693 0
1556696694 0
1556696695 0
1556696696 0
1556696697 0
1556696698 0
1556696699 0
1556696700 0
1556696701 0
1556696702 0
1556696703 0
1556696704 0
1556696705 0
1556696706 0
1556696707 0
1556696708 0
1556696709 0
1556696710 0
1556696711 0
1556696712 0
1556696713 0
1556696714 0
1556696715 0
1556696716 0
1556696717 0
1556696718 0
1556696719 0
1556696720 0
1556696721 0
1556696722 0
1556696723 0
1556696724 0
1556696725 0
1556696726 0
1556696727 0
1556696728 0
1556696729 0
1556696730 0
1556696731 0
1556696732 0
1556696733 0
1556696734 0
1556696735 0
1556696736 0
1556696737 0
1556696738 0
1556696739 0
1556696740 0
1556696741 0
1556696742 0
1556696743 0
1556696744 0
1556696745 0
1556696746 0
1556696747 0
1556696748 0
1556696749 0
1556696750 0
1556696751 0
1556696752 0
1556696753 0
1556696754 0
1556696755 0
1556696756 0
1556696757 0
1556696758 0
1556696759 0
1556696760 0
1556696761 0
1556696762 0
1556696763 0
1556696764 0
1556696765 0
1556696766 0
1556696767 0
1556696768 0
1556696769 0
1556696770 0
1556696771 0
1556696772 0
1556696773 0
1556696774 0
1556696775 0
1556696776 0
1556696777 0
1556696778 0
1556696779 0
1556696780 0
1556696781 0
1556696782 0
1556696783 0
1556696784 0
1556696785 0
1556696786 0
1556696787 0
1556696788 0
1556696789 0
1556696790 0
1556696791 0
1556696792 0
1556696793 0
1556696794 0
1556696795 0
1556696796 0
1556696797 0
1556696798 0
1556696799 0
1556696800 0
1556696801 0
1556696802 0
1556696803 0
1556696804 0
1556696805 0
1556696806 0
1556696807 0
1556696808 0
1556696809 0
1556696810 0
1556696811 0
1556696812 0
1556696813 0
1556696814 0
1556696815 0
1556696816 0
1556696817 0
1556696818 0
1556696819 0
1556696820 0
1556696821 0
1556696822 0
1556696823 0
1556696824 0
1556696825 0
1556696826 0
1556696827 0
1556696828 0
1556696829 0
1556696830 0
1556696831 0
1556696832 0
1556696833 0
1556696834 0
1556696835 0
1556696836 0
1556696837 0
1556696838 0
1556696839 0
1556696840 0
1556696841 0
1556696842 0
1556696843 0
1556696844 0
1556696845 0
1556696846 0
1556696847 0
1556696848 0
1556696849 0
1556696850 0
1556696851 0
1556696852 0
1556696853 0
1556696854 0
1556696855 0
1556696856 0
1556696857 0
1556696858 0
1556696859 0
1556696860 0
1556696861 0
1556696862 0
1556696863 0
1556696864 0
1556696865 0
1556696866 0
1556696867 0
1556696868 0
1556696869 0
1556696870 0
1556696871 0
1556696872 0
1556696873 0
1556696874 0
1556696875 0
1556696876 0
1556696877 0
1556696878 0
1556696879 0
1556696880 0
1556696881 0
1556696882 0
1556696883 0
1556696884 0
1556696885 0
1556696886 0
1556696887 0
1556696888 0
1556696889 0
1556696890 0
1556696891 0
1556696892 0
1556696893 0
1556696894 0
1556696895 0
1556696896 0
1556696897 0
1556696898 0
1556696899 0
1556696900 0
1556696901 0
1556696902 0
1556696903 0
1556696904 0
1556696905 0
1556696906 0
1556696907 0
1556696908 0
1556696909 0
1556696910 0
1556696911 0
1556696912 0
1556696913 0
1556696914 0
1556696915 0
1556696916 0
1556696917 0
1556696918 0
1556696919 0
1556696920 0
1556696921 0
1556696922 0
1556696923 0
1556696924 0
1556696925 0
1556696926 0
1556696927 0
1556696928 0
1556696929 0
1556696930 0
1556696931 0
1556696932 0
1556696933 0
1556696934 0
1556696935 0
1556696936 0
1556696937 0
1556696938 0
1556696939 0
1556696940 0
1556696941 0
1556696942 0
1556696943 0
1556696944 0
1556696945 0
1556696946 0
1556696947 0
1556696948 0
1556696949 0
1556696950 0
1556696951 0
1556696952 0
1556696953 0
1556696954 0
1556696955 0
1556696956 0
1556696957 0
1556696958 0
1556696959 0
1556696960 0
1556696961 0
1556696962 0
1556696963 0
1556696964 0
1556696965 0
1556696966 0
1556696967 0
1556696968 0
1556696969 0
1556696970 0
1556696971 0
1556696972 0
1556696973 0
1556696974 0
1556696975 0
1556696976 0
1556696977 0
1556696978 0
1556696979 0
1556696980 0
1556696981 0
1556696982 0
1556696983 0
1556696984 0
1556696985 0
1556696986 0
1556696987 0
1556696988 0
1556696989 0
1556696990 0
1556696991 0
1556696992 0
1556696993 0
1556696994 0
1556696995 0
1556696996 0
1556696997 0
1556696998 0
1556696999 0
1556697000 0
1556697001 0
1556697002 0
1556697003 0
1556697004 0
1556697005 0
1556697006 0
1556697007 0
1556697008 0
1556697009 0
1556697010 0
1556697011 0
1556697012 0
1556697013 0
1556697014 0
1556697015 0
1556697016 0
1556697017 0
1556697018 0
1556697019 0
1556697020 0
1556697021 0
1556697022 0
1556697023 0
1556697024 0
1556697025 0
1556697026 0
1556697027 0
1556697028 0
1556697029 0
1556697030 0
1556697031 0
1556697032 0
1556697033 0
1556697034 0
1556697035 0
1556697036 0
1556697037 0
1556697038 0
1556697039 0
1556697040 0
1556697041 0
1556697042 0
1556697043 0
1556697044 0
1556697045 0
1556697046 0
1556697047 0
1556697048 0
1556697049 0
1556697050 0
1556697051 0
1556697052 0
1556697053 0
1556697054 0
1556697055 0
1556697056 0
1556697057 0
1556697058 0
1556697059 0
1556697060 0
1556697061 0
1556697062 0
1556697063 0
1556697064 0
1556697065 0
1556697066 0
1556697067 0
1556697068 0
1556697069 0
1556697070 0
1556697071 0
1556697072 0
1556697073 0
1556697074 0
1556697075 0
1556697076 0
1556697077 0
1556697078 0
1556697079 0
1556697080 0
1556697081 0
1556697082 0
1556697083 0
1556697084 0
1556697085 0
1556697086 0
1556697087 0
1556697088 0
1556697089 0
1556697090 0
1556697091 0
1556697092 0
1556697093 0
1556697094 0
1556697095 0
1556697096 0
1556697097 0
1556697098 0
1556697099 0
1556697100 0
1556697101 0
1556697102 0
1556697103 0
1556697104 0
1556697105 0
1556697106 0
1556697107 0
1556697108 0
1556697109 0
1556697110 0
1556697111 0
1556697112 0
1556697113 0
1556697114 0
1556697115 0
1556697116 0
1556697117 0
1556697118 0
1556697119 0
1556697120 0
1556697121 0
1556697122 0
1556697123 0
1556697124 0
1556697125 0
1556697126 0
1556697127 0
1556697128 0
1556697129 0
1556697130 0
1556697131 0
1556697132 0
1556697133 0
1556697134 0
1556697135 0
1556697136 0
1556697137 0
1556697138 0
1556697139 0
1556697140 0
1556697141 0
1556697142 0
1556697143 0
1556697144 0
1556697145 0
1556697146 0
1556697147 0
1556697148 0
1556697149 0
1556697150 0
1556697151 0
1556697152 0
1556697153 0
1556697154 0
1556697155 0
1556697156 0
1556697157 0
1556697158 0
1556697159 0
1556697160 0
1556697161 0
1556697162 0
1556697163 0
1556697164 0
1556697165 0
1556697166 0
1556697167 0
1556697168 0
1556697169 0
1556697170 0
1556697171 0
1556697172 0
1556697173 0
1556697174 0
1556697175 0
1556697176 0
1556697177 0
1556697178 0
1556697179 0
1556697180 0
1556697181 0
1556697182 0
1556697183 0
1556697184 0
1556697185 0
1556697186 0
1556697187 0
1556697188 0
1556697189 0
1556697190 0
1556697191 0
1556697192 0
1556697193 0
1556697194 0
1556697195 0
1556697196 0
1556697197 0
1556697198 0
1556697199 0
1556697200 0
1556697201 0
1556697202 0
1556697203 0
1556697204 0
1556697205 0
1556697206 0
1556697207 0
1556697208 0
1556697209 0
1556697210 0
1556697211 0
1556697212 0
1556697213 0
1556697214 0
1556697215 0
1556697216 0
1556697217 0
1556697218 0
1556697219 0
1556697220 0
1556697221 0
1556697222 0
1556697223 0
1556697224 0
1556697225 0
1556697226 0
1556697227 0
1556697228 0
1556697229 0
1556697230 0
1556697231 0
1556697232 0
1556697233 0
1556697234 0
1556697235 0
1556697236 0
1556697237 0
1556697238 0
1556697239 0
1556697240 0
1556697241 0
1556697242 0
1556697243 0
1556697244 0
1556697245 0
1556697246 0
1556697247 0
1556697248 0
1556697249 0
1556697250 0
1556697251 0
1556697252 0
1556697253 0
1556697254 0
1556697255 0
1556697256 0
1556697257 0
1556697258 0
1556697259 0
1556697260 0
1556697261 0
1556697262 0
1556697263 0
1556697264 0
1556697265 0
1556697266 0
1556697267 0
1556697268 0
1556697269 0
1556697270 0
1556697271 0
1556697272 0
1556697273 0
1556697274 0
1556697275 0
1556697276 0
1556697277 0
1556697278 0
1556697279 0
1556697280 0
1556697281 0
1556697282 0
1556697283 0
1556697284 0
1556697285 0
1556697286 0
1556697287 0
1556697288 0
1556697289 0
1556697290 0
1556697291 0
1556697292 0
1556697293 0
1556697294 0
1556697295 0
1556697296 0
1556697297 0
1556697298 0
1556697299 0
1556697300 0
1556697301 0
1556697302 0
1556697303 0
1556697304 0
1556697305 0
1556697306 0
1556697307 0
1556697308 0
1556697309 0
1556697310 0
1556697311 0
1556697312 0
1556697313 0
1556697314 0
1556697315 0
1556697316 0
1556697317 0
1556697318 0
1556697319 0
1556697320 0
1556697321 0
1556697322 0
1556697323 0
1556697324 0
1556697325 0
1556697326 0
1556697327 0
1556697328 0
1556697329 0
1556697330 0
1556697331 0
1556697332 0
1556697333 0
1556697334 0
1556697335 0
1556697336 0
1556697337 0
1556697338 0
1556697339 0
1556697340 0
1556697341 0
1556697342 0
1556697343 0
1556697344 0
1556697345 0
1556697346 0
1556697347 0
1556697348 0
1556697349 0
1556697350 0
1556697351 0
1556697352 0
1556697353 0
1556697354 0
1556697355 0
1556697356 0
1556697357 0
1556697358 0
1556697359 0
1556697360 0
1556697361 0
1556697362 0
1556697363 0
1556697364 0
1556697365 0
1556697366 0
1556697367 0
1556697368 0
1556697369 0
1556697370 0
1556697371 0
1556697372 0
1556697373 0
1556697374 0
1556697375 0
1556697376 0
1556697377 0
1556697378 0
1556697379 0
1556697380 0
1556697381 0
1556697382 0
1556697383 0
1556697384 0
1556697385 0
1556697386 0
1556697387 0
1556697388 0
1556697389 0
1556697390 0
1556697391 0
1556697392 0
1556697393 0
1556697394 0
1556697395 0
1556697396 0
1556697397 0
1556697398 0
1556697399 0
1556697400 0
1556697401 0
1556697402 0
1556697403 0
1556697404 0
1556697405 0
1556697406 0
1556697407 0
1556697408 0
1556697409 0
1556697410 0
1556697411 0
1556697412 0
1556697413 0
1556697414 0
1556697415 0
1556697416 0
1556697417 0
1556697418 0
1556697419 0
1556697420 0
1556697421 0
1556697422 0
1556697423 0
1556697424 0
1556697425 0
1556697426 0
1556697427 0
1556697428 0
1556697429 0
1556697430 0
1556697431 0
1556697432 0
1556697433 0
1556697434 0
1556697435 0
1556697436 0
1556697437 0
1556697438 0
1556697439 0
1556697440 0
1556697441 0
1556697442 0
1556697443 0
1556697444 0
1556697445 0
1556697446 0
1556697447 0
1556697448 0
1556697449 0
1556697450 0
1556697451 0
1556697452 0
1556697453 0
1556697454 0
1556697455 0
1556697456 0
1556697457 0
1556697458 0
1556697459 0
1556697460 0
1556697461 0
1556697462 0
1556697463 0
1556697464 0
1556697465 0
1556697466 0
1556697467 0
1556697468 0
1556697469 0
1556697470 0
1556697471 0
1556697472 0
1556697473 0
1556697474 0
1556697475 0
1556697476 0
1556697477 0
1556697478 0
1556697479 0
1556697480 0
1556697481 0
1556697482 0
1556697483 0
1556697484 0
1556697485 0
1556697486 0
1556697487 0
1556697488 0
1556697489 0
1556697490 0
1556697491 0
1556697492 0
1556697493 0
1556697494 0
1556697495 0
1556697496 0
1556697497 0
1556697498 0
1556697499 0
1556697500 0
1556697501 0
1556697502 0
1556697503 0
1556697504 0
1556697505 0
1556697506 0
1556697507 0
1556697508 0
1556697509 0
1556697510 0
1556697511 0
1556697512 0
1556697513 0
1556697514 0
1556697515 0
1556697516 0
1556697517 0
1556697518 0
1556697519 0
1556697520 0
1556697521 0
1556697522 0
1556697523 0
1556697524 0
1556697525 0
1556697526 0
1556697527 0
1556697528 0
1556697529 0
1556697530 0
1556697531 0
1556697532 0
1556697533 0
1556697534 0
1556697535 0
1556697536 0
1556697537 0
1556697538 0
1556697539 0
1556697540 0
1556697541 0
1556697542 0
1556697543 0
1556697544 0
1556697545 0
1556697546 0
1556697547 0
1556697548 0
1556697549 0
1556697550 0
1556697551 0
1556697552 0
1556697553 0
1556697554 0
1556697555 0
1556697556 0
1556697557 0
1556697558 0
1556697559 0
1556697560 0
1556697561 0
1556697562 0
1556697563 0
1556697564 0
1556697565 0
1556697566 0
1556697567 0
1556697568 0
1556697569 0
1556697570 0
1556697571 0
1556697572 0
1556697573 0
1556697574 0
1556697575 0
1556697576 0
1556697577 0
1556697578 0
1556697579 0
1556697580 0
1556697581 0
1556697582 0
1556697583 0
1556697584 0
1556697585 0
1556697586 0
1556697587 0
1556697588 0
1556697589 0
1556697590 0
1556697591 0
1556697592 0
1556697593 0
1556697594 0
1556697595 0
1556697596 0
1556697597 0
1556697598 0
1556697599 0
1556697600 0
1556697601 0
1556697602 0
1556697603 0
1556697604 0
1556697605 0
1556697606 0
1556697607 0
1556697608 0
1556697609 0
1556697610 0
1556697611 0
1556697612 0
1556697613 0
1556697614 0
1556697615 0
1556697616 0
1556697617 0
1556697618 0
1556697619 0
1556697620 0
1556697621 0
1556697622 0
1556697623 0
1556697624 0
1556697625 0
1556697626 0
1556697627 0
1556697628 0
1556697629 0
1556697630 0
1556697631 0
1556697632 0
1556697633 0
1556697634 0
1556697635 0
1556697636 0
1556697637 0
1556697638 0
1556697639 0
1556697640 0
1556697641 0
1556697642 0
1556697643 0
1556697644 0
1556697645 0
1556697646 0
1556697647 0
1556697648 0
1556697649 0
1556697650 0
1556697651 0
1556697652 0
1556697653 0
1556697654 0
1556697655 0
1556697656 0
1556697657 0
1556697658 0
1556697659 0
1556697660 0
1556697661 0
1556697662 0
1556697663 0
1556697664 0
1556697665 0
1556697666 0
1556697667 0
1556697668 0
1556697669 0
1556697670 0
1556697671 0
1556697672 0
1556697673 0
1556697674 0
1556697675 0
1556697676 0
1556697677 0
1556697678 0
1556697679 0
1556697680 0
1556697681 0
1556697682 0
1556697683 0
1556697684 0
1556697685 0
1556697686 0
1556697687 0
1556697688 0
1556697689 0
1556697690 0
1556697691 0
1556697692 0
1556697693 0
1556697694 0
1556697695 0
1556697696 0
1556697697 0
1556697698 0
1556697699 0
1556697700 0
1556697701 0
1556697702 0
1556697703 0
1556697704 0
1556697705 0
1556697706 0
1556697707 0
1556697708 0
1556697709 0
1556697710 0
1556697711 0
1556697712 0
1556697713 0
1556697714 0
1556697715 0
1556697716 0
1556697717 0
1556697718 0
1556697719 0
1556697720 0
1556697721 0
1556697722 0
1556697723 0
1556697724 0
1556697725 0
1556697726 0
1556697727 0
1556697728 0
1556697729 0
1556697730 0
1556697731 0
1556697732 0
1556697733 0
1556697734 0
1556697735 0
1556697736 0
1556697737 0
1556697738 0
1556697739 0
1556697740 0
1556697741 0
1556697742 0
1556697743 0
1556697744 0
1556697745 0
1556697746 0
1556697747 0
1556697748 0
1556697749 0
1556697750 0
1556697751 0
1556697752 0
1556697753 0
1556697754 0
1556697755 0
1556697756 0
1556697757 0
1556697758 0
1556697759 0
1556697760 0
1556697761 0
1556697762 0
1556697763 0
1556697764 0
1556697765 0
1556697766 0
1556697767 0
1556697768 0
1556697769 0
1556697770 0
1556697771 0
1556697772 0
1556697773 0
1556697774 0
1556697775 0
1556697776 0
1556697777 0
1556697778 0
1556697779 0
1556697780 0
1556697781 0
1556697782 0
1556697783 0
1556697784 0
1556697785 0
1556697786 0
1556697787 0
1556697788 0
1556697789 0
1556697790 0
1556697791 0
1556697792 0
1556697793 0
1556697794 0
1556697795 0
1556697796 0
1556697797 0
1556697798 0
1556697799 0
1556697800 0
1556697801 0
1556697802 0
1556697803 0
1556697804 0
1556697805 0
1556697806 0
1556697807 0
1556697808 0
1556697809 0
1556697810 0
1556697811 0
1556697812 0
1556697813 0
1556697814 0
1556697815 0
1556697816 0
1556697817 0
1556697818 0
1556697819 0
1556697820 0
1556697821 0
1556697822 0
1556697823 0
1556697824 0
1556697825 0
1556697826 0
1556697827 0
1556697828 0
1556697829 0
1556697830 0
1556697831 0
1556697832 0
1556697833 0
1556697834 0
1556697835 0
1556697836 0
1556697837 0
1556697838 0
1556697839 0
1556697840 0
1556697841 0
1556697842 0
1556697843 0
1556697844 0
1556697845 0
1556697846 0
1556697847 0
1556697848 0
1556697849 0
1556697850 0
1556697851 0
1556697852 0
1556697853 0
1556697854 0
1556697855 0
1556697856 0
1556697857 0
1556697858 0
1556697859 0
1556697860 0
1556697861 0
1556697862 0
1556697863 0
1556697864 0
1556697865 0
1556697866 0
1556697867 0
1556697868 0
1556697869 0
1556697870 0
1556697871 0
1556697872 0
1556697873 0
1556697874 0
1556697875 0
1556697876 0
1556697877 0
1556697878 0
1556697879 0
1556697880 0
1556697881 0
1556697882 0
1556697883 0
1556697884 0
1556697885 0
1556697886 0
1556697887 0
1556697888 0
1556697889 0
1556697890 0
1556697891 0
1556697892 0
1556697893 0
1556697894 0
1556697895 0
1556697896 0
1556697897 0
1556697898 0
1556697899 0
1556697900 0
1556697901 0
1556697902 0
1556697903 0
1556697904 0
1556697905 0
1556697906 0
1556697907 0
1556697908 0
1556697909 0
1556697910 0
1556697911 0
1556697912 0
1556697913 0
1556697914 0
1556697915 0
1556697916 0
1556697917 0
1556697918 0
1556697919 0
1556697920 0
1556697921 0
1556697922 0
1556697923 0
1556697924 0
1556697925 0
1556697926 0
1556697927 0
1556697928 0
1556697929 0
1556697930 0
1556697931 0
1556697932 0
1556697933 0
1556697934 0
1556697935 0
1556697936 0
1556697937 0
1556697938 0
1556697939 0
1556697940 0
1556697941 0
1556697942 0
1556697943 0
1556697944 0
1556697945 0
1556697946 0
1556697947 0
1556697948 0
1556697949 0
1556697950 0
1556697951 0
1556697952 0
1556697953 0
1556697954 0
1556697955 0
1556697956 0
1556697957 0
1556697958 0
1556697959 0
1556697960 0
1556697961 0
1556697962 0
1556697963 0
1556697964 0
1556697965 0
1556697966 0
1556697967 0
1556697968 0
1556697969 0
1556697970 0
1556697971 0
1556697972 0
1556697973 0
1556697974 0
1556697975 0
1556697976 0
1556697977 0
1556697978 0
1556697979 0
1556697980 0
1556697981 0
1556697982 0
1556697983 0
1556697984 0
1556697985 0
1556697986 0
1556697987 0
1556697988 0
1556697989 0
1556697990 0
1556697991 0
1556697992 0
1556697993 0
1556697994 0
1556697995 0
1556697996 0
1556697997 0
1556697998 0
1556697999 0
1556698000 0
1556698001 0
1556698002 0
1556698003 0
1556698004 0
1556698005 0
1556698006 0
1556698007 0
1556698008 0
1556698009 0
1556698010 0
1556698011 0
1556698012 0
1556698013 0
1556698014 0
1556698015 0
1556698016 0
1556698017 0
1556698018 0
1556698019 0
1556698020 0
1556698021 0
1556698022 0
1556698023 0
1556698024 0
1556698025 0
1556698026 0
1556698027 0
1556698028 0
1556698029 0
1556698030 0
1556698031 0
1556698032 0
1556698033 0
1556698034 0
1556698035 0
1556698036 0
1556698037 0
1556698038 0
1556698039 0
1556698040 0
1556698041 0
1556698042 0
1556698043 0
1556698044 0
1556698045 0
1556698046 0
1556698047 0
1556698048 0
1556698049 0
1556698050 0
1556698051 0
1556698052 0
1556698053 0
1556698054 0
1556698055 0
1556698056 0
1556698057 0
1556698058 0
1556698059 0
1556698060 0
1556698061 0
1556698062 0
1556698063 0
1556698064 0
1556698065 0
1556698066 0
1556698067 0
1556698068 0
1556698069 0
1556698070 0
1556698071 0
1556698072 0
1556698073 0
1556698074 0
1556698075 0
1556698076 0
1556698077 0
1556698078 0
1556698079 0
1556698080 0
1556698081 0
1556698082 0
1556698083 0
1556698084 0
1556698085 0
1556698086 0
1556698087 0
1556698088 0
1556698089 0
1556698090 0
1556698091 0
1556698092 0
1556698093 0
1556698094 0
1556698095 0
1556698096 0
1556698097 0
1556698098 0
1556698099 0
1556698100 0
1556698101 0
1556698102 0
1556698103 0
1556698104 0
1556698105 0
1556698106 0
1556698107 0
1556698108 0
1556698109 0
1556698110 0
1556698111 0
1556698112 0
1556698113 0
1556698114 0
1556698115 0
1556698116 0
1556698117 0
1556698118 0
1556698119 0
1556698120 0
1556698121 0
1556698122 0
1556698123 0
1556698124 0
1556698125 0
1556698126 0
1556698127 0
1556698128 0
1556698129 0
1556698130 0
1556698131 0
1556698132 0
1556698133 0
1556698134 0
1556698135 0
1556698136 0
1556698137 0
1556698138 0
1556698139 0
1556698140 0
1556698141 0
1556698142 0
1556698143 0
1556698144 0
1556698145 0
1556698146 0
1556698147 0
1556698148 0
1556698149 0
1556698150 0
1556698151 0
1556698152 0
1556698153 0
1556698154 0
1556698155 0
1556698156 0
1556698157 0
1556698158 0
1556698159 0
1556698160 0
1556698161 0
1556698162 0
1556698163 0
1556698164 0
1556698165 0
1556698166 0
1556698167 0
1556698168 0
1556698169 0
1556698170 0
1556698171 0
1556698172 0
1556698173 0
1556698174 0
1556698175 0
1556698176 0
1556698177 0
1556698178 0
1556698179 0
1556698180 0
1556698181 0
1556698182 0
1556698183 0
1556698184 0
1556698185 0
1556698186 0
1556698187 0
1556698188 0
1556698189 0
1556698190 0
1556698191 0
1556698192 0
1556698193 0
1556698194 0
1556698195 0
1556698196 0
1556698197 0
1556698198 0
1556698199 0
1556698200 0
1556698201 0
1556698202 0
1556698203 0
1556698204 0
1556698205 0
1556698206 0
1556698207 0
1556698208 0
1556698209 0
1556698210 0
1556698211 0
1556698212 0
1556698213 0
1556698214 0
1556698215 0
1556698216 0
1556698217 0
1556698218 0
1556698219 0
1556698220 0
1556698221 0
1556698222 0
1556698223 0
1556698224 0
1556698225 0
1556698226 0
1556698227 0
1556698228 0
1556698229 0
1556698230 0
1556698231 0
1556698232 0
1556698233 0
1556698234 0
1556698235 0
1556698236 0
1556698237 0
1556698238 0
1556698239 0
1556698240 0
1556698241 0
1556698242 0
1556698243 0
1556698244 0
1556698245 0
1556698246 0
1556698247 0
1556698248 0
1556698249 0
1556698250 0
1556698251 0
1556698252 0
1556698253 0
1556698254 0
1556698255 0
1556698256 0
1556698257 0
1556698258 0
1556698259 0
1556698260 0
1556698261 0
1556698262 0
1556698263 0
1556698264 0
1556698265 0
1556698266 0
1556698267 0
1556698268 0
1556698269 0
1556698270 0
1556698271 0
1556698272 0
1556698273 0
1556698274 0
1556698275 0
1556698276 0
1556698277 0
1556698278 0
1556698279 0
1556698280 0
1556698281 0
1556698282 0
1556698283 0
1556698284 0
1556698285 0
1556698286 0
1556698287 0
1556698288 0
1556698289 0
1556698290 0
1556698291 0
1556698292 0
1556698293 0
1556698294 0
1556698295 0
1556698296 0
1556698297 0
1556698298 0
1556698299 0
1556698300 0
1556698301 0
1556698302 0
1556698303 0
1556698304 0
1556698305 0
1556698306 0
1556698307 0
1556698308 0
1556698309 0
1556698310 0
1556698311 0
1556698312 0
1556698313 0
1556698314 0
1556698315 0
1556698316 0
1556698317 0
1556698318 0
1556698319 0
1556698320 0
1556698321 0
1556698322 0
1556698323 0
1556698324 0
1556698325 0
1556698326 0
1556698327 0
1556698328 0
1556698329 0
1556698330 0
1556698331 0
1556698332 0
1556698333 0
1556698334 0
1556698335 0
1556698336 0
1556698337 0
1556698338 0
1556698339 0
1556698340 0
1556698341 0
1556698342 0
1556698343 0
1556698344 0
1556698345 0
1556698346 0
1556698347 0
1556698348 0
1556698349 0
1556698350 0
1556698351 0
1556698352 0
1556698353 0
1556698354 0
1556698355 0
1556698356 0
1556698357 0
1556698358 0
1556698359 0
1556698360 0
1556698361 0
1556698362 0
1556698363 0
1556698364 0
1556698365 0
1556698366 0
1556698367 0
1556698368 0
1556698369 0
1556698370 0
1556698371 0
1556698372 0
1556698373 0
1556698374 0
1556698375 0
1556698376 0
1556698377 0
1556698378 0
1556698379 0
1556698380 0
1556698381 0
1556698382 0
1556698383 0
1556698384 0
1556698385 0
1556698386 0
1556698387 0
1556698388 0
1556698389 0
1556698390 0
1556698391 0
1556698392 0
1556698393 0
1556698394 0
1556698395 0
1556698396 0
1556698397 0
1556698398 0
1556698399 0
1556698400 0
1556698401 0
1556698402 0
1556698403 0
1556698404 0
1556698405 0
1556698406 0
1556698407 0
1556698408 0
1556698409 0
1556698410 0
1556698411 0
1556698412 0
1556698413 0
1556698414 0
1556698415 0
1556698416 0
1556698417 0
1556698418 0
1556698419 0
1556698420 0
1556698421 0
1556698422 0
1556698423 0
1556698424 0
1556698425 0
1556698426 0
1556698427 0
1556698428 0
1556698429 0
1556698430 0
1556698431 0
1556698432 0
1556698433 0
1556698434 0
1556698435 0
1556698436 0
1556698437 0
1556698438 0
1556698439 0
1556698440 0
1556698441 0
1556698442 0
1556698443 0
1556698444 0
1556698445 0
1556698446 0
1556698447 0
1556698448 0
1556698449 0
1556698450 0
1556698451 0
1556698452 0
1556698453 0
1556698454 0
1556698455 0
1556698456 0
1556698457 0
1556698458 0
1556698459 0
1556698460 0
1556698461 0
1556698462 0
1556698463 0
1556698464 0
1556698465 0
1556698466 0
1556698467 0
1556698468 0
1556698469 0
1556698470 0
1556698471 0
1556698472 0
1556698473 0
1556698474 0
1556698475 0
1556698476 0
1556698477 0
1556698478 0
1556698479 0
1556698480 0
1556698481 0
1556698482 0
1556698483 0
1556698484 0
1556698485 0
1556698486 0
1556698487 0
1556698488 0
1556698489 0
1556698490 0
1556698491 0
1556698492 0
1556698493 0
1556698494 0
1556698495 0
1556698496 0
1556698497 0
1556698498 0
1556698499 0
1556698500 0
1556698501 0
1556698502 0
1556698503 0
1556698504 0
1556698505 0
1556698506 0
1556698507 0
1556698508 0
1556698509 0
1556698510 0
1556698511 0
1556698512 0
1556698513 0
1556698514 0
1556698515 0
1556698516 0
1556698517 0
1556698518 0
1556698519 0
1556698520 0
1556698521 0
1556698522 0
1556698523 0
1556698524 0
1556698525 0
1556698526 0
1556698527 0
1556698528 0
1556698529 0
1556698530 0
1556698531 0
1556698532 0
1556698533 0
1556698534 0
1556698535 0
1556698536 0
1556698537 0
1556698538 0
1556698539 0
1556698540 0
1556698541 0
1556698542 0
1556698543 0
1556698544 0
1556698545 0
1556698546 0
1556698547 0
1556698548 0
1556698549 0
1556698550 0
1556698551 0
1556698552 0
1556698553 0
1556698554 0
1556698555 0
1556698556 0
1556698557 0
1556698558 0
1556698559 0
1556698560 0
1556698561 0
1556698562 0
1556698563 0
1556698564 0
1556698565 0
1556698566 0
1556698567 0
1556698568 0
1556698569 0
1556698570 0
1556698571 0
1556698572 0
1556698573 0
1556698574 0
1556698575 0
1556698576 0
1556698577 0
1556698578 0
1556698579 0
1556698580 0
1556698581 0
1556698582 0
1556698583 0
1556698584 0
1556698585 0
1556698586 0
1556698587 0
1556698588 0
1556698589 0
1556698590 0
1556698591 0
1556698592 0
1556698593 0
1556698594 0
1556698595 0
1556698596 0
1556698597 0
1556698598 0
1556698599 0
1556698600 0
1556698601 0
1556698602 0
1556698603 0
1556698604 0
1556698605 0
1556698606 0
1556698607 0
1556698608 0
1556698609 0
1556698610 0
1556698611 0
1556698612 0
1556698613 0
1556698614 0
1556698615 0
1556698616 0
1556698617 0
1556698618 0
1556698619 0
1556698620 0
1556698621 0
1556698622 0
1556698623 0
1556698624 0
1556698625 0
1556698626 0
1556698627 0
1556698628 0
1556698629 0
1556698630 0
1556698631 0
1556698632 0
1556698633 0
1556698634 0
1556698635 0
1556698636 0
1556698637 0
1556698638 0
1556698639 0
1556698640 0
1556698641 0
1556698642 0
1556698643 0
1556698644 0
1556698645 0
1556698646 0
1556698647 0
1556698648 0
1556698649 0
1556698650 0
1556698651 0
1556698652 0
1556698653 0
1556698654 0
1556698655 0
1556698656 0
1556698657 0
1556698658 0
1556698659 0
1556698660 0
1556698661 0
1556698662 0
1556698663 0
1556698664 0
1556698665 0
1556698666 0
1556698667 0
1556698668 0
1556698669 0
1556698670 0
1556698671 0
1556698672 0
1556698673 0
1556698674 0
1556698675 0
1556698676 0
1556698677 0
1556698678 0
1556698679 0
1556698680 0
1556698681 0
1556698682 0
1556698683 0
1556698684 0
1556698685 0
1556698686 0
1556698687 0
1556698688 0
1556698689 0
1556698690 0
1556698691 0
1556698692 0
1556698693 0
1556698694 0
1556698695 0
1556698696 0
1556698697 0
1556698698 0
1556698699 0
1556698700 0
1556698701 0
1556698702 0
1556698703 0
1556698704 0
1556698705 0
1556698706 0
1556698707 0
1556698708 0
1556698709 0
1556698710 0
1556698711 0
1556698712 0
1556698713 0
1556698714 0
1556698715 0
1556698716 0
1556698717 0
1556698718 0
1556698719 0
1556698720 0
1556698721 0
1556698722 0
1556698723 0
1556698724 0
1556698725 0
1556698726 0
1556698727 0
1556698728 0
1556698729 0
1556698730 0
1556698731 0
1556698732 0
1556698733 0
1556698734 0
1556698735 0
1556698736 0
1556698737 0
1556698738 0
1556698739 0
1556698740 0
1556698741 0
1556698742 0
1556698743 0
1556698744 0
1556698745 0
1556698746 0
1556698747 0
1556698748 0
1556698749 0
1556698750 0
1556698751 0
1556698752 0
1556698753 0
1556698754 0
1556698755 0
1556698756 0
1556698757 0
1556698758 0
1556698759 0
1556698760 0
1556698761 0
1556698762 0
1556698763 0
1556698764 0
1556698765 0
1556698766 0
1556698767 0
1556698768 0
1556698769 0
1556698770 0
1556698771 0
1556698772 0
1556698773 0
1556698774 0
1556698775 0
1556698776 0
1556698777 0
1556698778 0
1556698779 0
1556698780 0
1556698781 0
1556698782 0
1556698783 0
1556698784 0
1556698785 0
1556698786 0
1556698787 0
1556698788 0
1556698789 0
1556698790 0
1556698791 0
1556698792 0
1556698793 0
1556698794 0
1556698795 0
1556698796 0
1556698797 0
1556698798 0
1556698799 0
1556698800 0
1556698801 0
1556698802 0
1556698803 0
1556698804 0
1556698805 0
1556698806 0
1556698807 0
1556698808 0
1556698809 0
1556698810 0
1556698811 0
1556698812 0
1556698813 0
1556698814 0
1556698815 0
1556698816 0
1556698817 0
1556698818 0
1556698819 0
1556698820 0
1556698821 0
1556698822 0
1556698823 0
1556698824 0
1556698825 0
1556698826 0
1556698827 0
1556698828 0
1556698829 0
1556698830 0
1556698831 0
1556698832 0
1556698833 0
1556698834 0
1556698835 0
1556698836 0
1556698837 0
1556698838 0
1556698839 0
1556698840 0
1556698841 0
1556698842 0
1556698843 0
1556698844 0
1556698845 0
1556698846 0
1556698847 0
1556698848 0
1556698849 0
1556698850 0
1556698851 0
1556698852 0
1556698853 0
1556698854 0
1556698855 0
1556698856 0
1556698857 0
1556698858 0
1556698859 0
1556698860 0
1556698861 0
1556698862 0
1556698863 0
1556698864 0
1556698865 0
1556698866 0
1556698867 0
1556698868 0
1556698869 0
1556698870 0
1556698871 0
1556698872 0
1556698873 0
1556698874 0
1556698875 0
1556698876 0
1556698877 0
1556698878 0
1556698879 0
1556698880 0
1556698881 0
1556698882 0
1556698883 0
1556698884 0
1556698885 0
1556698886 0
1556698887 0
1556698888 0
1556698889 0
1556698890 0
1556698891 0
1556698892 0
1556698893 0
1556698894 0
1556698895 0
1556698896 0
1556698897 0
1556698898 0
1556698899 0
1556698900 0
1556698901 0
1556698902 0
1556698903 0
1556698904 0
1556698905 0
1556698906 0
1556698907 0
1556698908 0
1556698909 0
1556698910 0
1556698911 0
1556698912 0
1556698913 0
1556698914 0
1556698915 0
1556698916 0
1556698917 0
1556698918 0
1556698919 0
1556698920 0
1556698921 0
1556698922 0
1556698923 0
1556698924 0
1556698925 0
1556698926 0
1556698927 0
1556698928 0
1556698929 0
1556698930 0
1556698931 0
1556698932 0
1556698933 0
1556698934 0
1556698935 0
1556698936 0
1556698937 0
1556698938 0
1556698939 0
1556698940 0
1556698941 0
1556698942 0
1556698943 0
1556698944 0
1556698945 0
1556698946 0
1556698947 0
1556698948 0
1556698949 0
1556698950 0
1556698951 0
1556698952 0
1556698953 0
1556698954 0
1556698955 0
1556698956 0
1556698957 0
1556698958 0
1556698959 0
1556698960 0
1556698961 0
1556698962 0
1556698963 0
1556698964 0
1556698965 0
1556698966 0
1556698967 0
1556698968 0
1556698969 0
1556698970 0
1556698971 0
1556698972 0
1556698973 0
1556698974 0
1556698975 0
1556698976 0
1556698977 0
1556698978 0
1556698979 0
1556698980 0
1556698981 0
1556698982 0
1556698983 0
1556698984 0
1556698985 0
1556698986 0
1556698987 0
1556698988 0
1556698989 0
1556698990 0
1556698991 0
1556698992 0
1556698993 0
1556698994 0
1556698995 0
1556698996 0
1556698997 0
1556698998 0
1556698999 0
1556699000 0
1556699001 0
1556699002 0
1556699003 0
1556699004 0
1556699005 0
1556699006 0
1556699007 0
1556699008 0
1556699009 0
1556699010 0
1556699011 0
1556699012 0
1556699013 0
1556699014 0
1556699015 0
1556699016 0
1556699017 0
1556699018 0
1556699019 0
1556699020 0
1556699021 0
1556699022 0
1556699023 0
1556699024 0
1556699025 0
1556699026 0
1556699027 0
1556699028 0
1556699029 0
1556699030 0
1556699031 0
1556699032 0
1556699033 0
1556699034 0
1556699035 0
1556699036 0
1556699037 0
1556699038 0
1556699039 0
1556699040 0
1556699041 0
1556699042 0
1556699043 0
1556699044 0
1556699045 0
1556699046 0
1556699047 0
1556699048 0
1556699049 0
1556699050 0
1556699051 0
1556699052 0
1556699053 0
1556699054 0
1556699055 0
1556699056 0
1556699057 0
1556699058 0
1556699059 0
1556699060 0
1556699061 0
1556699062 0
1556699063 0
1556699064 0
1556699065 0
1556699066 0
1556699067 0
1556699068 0
1556699069 0
1556699070 0
1556699071 0
1556699072 0
1556699073 0
1556699074 0
1556699075 0
1556699076 0
1556699077 0
1556699078 0
1556699079 0
1556699080 0
1556699081 0
1556699082 0
1556699083 0
1556699084 0
1556699085 0
1556699086 0
1556699087 0
1556699088 0
1556699089 0
1556699090 0
1556699091 0
1556699092 0
1556699093 0
1556699094 0
1556699095 0
1556699096 0
1556699097 0
1556699098 0
1556699099 0
1556699100 0
1556699101 0
1556699102 0
1556699103 0
1556699104 0
1556699105 0
1556699106 0
1556699107 0
1556699108 0
1556699109 0
1556699110 0
1556699111 0
1556699112 0
1556699113 0
1556699114 0
1556699115 0
1556699116 0
1556699117 0
1556699118 0
1556699119 0
1556699120 0
1556699121 0
1556699122 0
1556699123 0
1556699124 0
1556699125 0
1556699126 0
1556699127 0
1556699128 0
1556699129 0
1556699130 0
1556699131 0
1556699132 0
1556699133 0
1556699134 0
1556699135 0
1556699136 0
1556699137 0
1556699138 0
1556699139 0
1556699140 0
1556699141 0
1556699142 0
1556699143 0
1556699144 0
1556699145 0
1556699146 0
1556699147 0
1556699148 0
1556699149 0
1556699150 0
1556699151 0
1556699152 0
1556699153 0
1556699154 0
1556699155 0
1556699156 0
1556699157 0
1556699158 0
1556699159 0
1556699160 0
1556699161 0
1556699162 0
1556699163 0
1556699164 0
1556699165 0
1556699166 0
1556699167 0
1556699168 0
1556699169 0
1556699170 0
1556699171 0
1556699172 0
1556699173 0
1556699174 0
1556699175 0
1556699176 0
1556699177 0
1556699178 0
1556699179 0
1556699180 0
1556699181 0
1556699182 0
1556699183 0
1556699184 0
1556699185 0
1556699186 0
1556699187 0
1556699188 0
1556699189 0
1556699190 0
1556699191 0
1556699192 0
1556699193 0
1556699194 0
1556699195 0
1556699196 0
1556699197 0
1556699198 0
1556699199 0
1556699200 0
1556699201 0
1556699202 0
1556699203 0
1556699204 0
1556699205 0
1556699206 0
1556699207 0
1556699208 0
1556699209 0
1556699210 0
1556699211 0
1556699212 0
1556699213 0
1556699214 0
1556699215 0
1556699216 0
1556699217 0
1556699218 0
1556699219 0
1556699220 0
1556699221 0
1556699222 0
1556699223 0
1556699224 0
1556699225 0
1556699226 0
1556699227 0
1556699228 0
1556699229 0
1556699230 0
1556699231 0
1556699232 0
1556699233 0
1556699234 0
1556699235 0
1556699236 0
1556699237 0
1556699238 0
1556699239 0
1556699240 0
1556699241 0
1556699242 0
1556699243 0
1556699244 0
1556699245 0
1556699246 0
1556699247 0
1556699248 0
1556699249 0
1556699250 0
1556699251 0
1556699252 0
1556699253 0
1556699254 0
1556699255 0
1556699256 0
1556699257 0
1556699258 0
1556699259 0
1556699260 0
1556699261 0
1556699262 0
1556699263 0
1556699264 0
1556699265 0
1556699266 0
1556699267 0
1556699268 0
1556699269 0
1556699270 0
1556699271 0
1556699272 0
1556699273 0
1556699274 0
1556699275 0
1556699276 0
1556699277 0
1556699278 0
1556699279 0
1556699280 0
1556699281 0
1556699282 0
1556699283 0
1556699284 0
1556699285 0
1556699286 0
1556699287 0
1556699288 0
1556699289 0
1556699290 0
1556699291 0
1556699292 0
1556699293 0
1556699294 0
1556699295 0
1556699296 0
1556699297 0
1556699298 0
1556699299 0
1556699300 0
1556699301 0
1556699302 0
1556699303 0
1556699304 0
1556699305 0
1556699306 0
1556699307 0
1556699308 0
1556699309 0
1556699310 0
1556699311 0
1556699312 0
1556699313 0
1556699314 0
1556699315 0
1556699316 0
1556699317 0
1556699318 0
1556699319 0
1556699320 0
1556699321 0
1556699322 0
1556699323 0
1556699324 0
1556699325 0
1556699326 0
1556699327 0
1556699328 0
1556699329 0
1556699330 0
1556699331 0
1556699332 0
1556699333 0
1556699334 0
1556699335 0
1556699336 0
1556699337 0
1556699338 0
1556699339 0
1556699340 0
1556699341 0
1556699342 0
1556699343 0
1556699344 0
1556699345 0
1556699346 0
1556699347 0
1556699348 0
1556699349 0
1556699350 0
1556699351 0
1556699352 0
1556699353 0
1556699354 0
1556699355 0
1556699356 0
1556699357 0
1556699358 0
1556699359 0
1556699360 0
1556699361 0
1556699362 0
1556699363 0
1556699364 0
1556699365 0
1556699366 0
1556699367 0
1556699368 0
1556699369 0
1556699370 0
1556699371 0
1556699372 0
1556699373 0
1556699374 0
1556699375 0
1556699376 0
1556699377 0
1556699378 0
1556699379 0
1556699380 0
1556699381 0
1556699382 0
1556699383 0
1556699384 0
1556699385 0
1556699386 0
1556699387 0
1556699388 0
1556699389 0
1556699390 0
1556699391 0
1556699392 0
1556699393 0
1556699394 0
1556699395 0
1556699396 0
1556699397 0
1556699398 0
1556699399 0
1556699400 0
1556699401 0
1556699402 0
1556699403 0
1556699404 0
1556699405 0
1556699406 0
1556699407 0
1556699408 0
1556699409 0
1556699410 0
1556699411 0
1556699412 0
1556699413 0
1556699414 0
1556699415 0
1556699416 0
1556699417 0
1556699418 0
1556699419 0
1556699420 0
1556699421 0
1556699422 0
1556699423 0
1556699424 0
1556699425 0
1556699426 0
1556699427 0
1556699428 0
1556699429 0
1556699430 0
1556699431 0
1556699432 0
1556699433 0
1556699434 0
1556699435 0
1556699436 0
1556699437 0
1556699438 0
1556699439 0
1556699440 0
1556699441 0
1556699442 0
1556699443 0
1556699444 0
1556699445 0
1556699446 0
1556699447 0
1556699448 0
1556699449 0
1556699450 0
1556699451 0
1556699452 0
1556699453 0
1556699454 0
1556699455 0
1556699456 0
1556699457 0
1556699458 0
1556699459 0
1556699460 0
1556699461 0
1556699462 0
1556699463 0
1556699464 0
1556699465 0
1556699466 0
1556699467 0
1556699468 0
1556699469 0
1556699470 0
1556699471 0
1556699472 0
1556699473 0
1556699474 0
1556699475 0
1556699476 0
1556699477 0
1556699478 0
1556699479 0
1556699480 0
1556699481 0
1556699482 0
1556699483 0
1556699484 0
1556699485 0
1556699486 0
1556699487 0
1556699488 0
1556699489 0
1556699490 0
1556699491 0
1556699492 0
1556699493 0
1556699494 0
1556699495 0
1556699496 0
1556699497 0
1556699498 0
1556699499 0
1556699500 0
1556699501 0
1556699502 0
1556699503 0
1556699504 0
1556699505 0
1556699506 0
1556699507 0
1556699508 0
1556699509 0
1556699510 0
1556699511 0
1556699512 0
1556699513 0
1556699514 0
1556699515 0
1556699516 0
1556699517 0
1556699518 0
1556699519 0
1556699520 0
1556699521 0
1556699522 0
1556699523 0
1556699524 0
1556699525 0
1556699526 0
1556699527 0
1556699528 0
1556699529 0
1556699530 0
1556699531 0
1556699532 0
1556699533 0
1556699534 0
1556699535 0
1556699536 0
1556699537 0
1556699538 0
1556699539 0
1556699540 0
1556699541 0
1556699542 0
1556699543 0
1556699544 0
1556699545 0
1556699546 0
1556699547 0
1556699548 0
1556699549 0
1556699550 0
1556699551 0
1556699552 0
1556699553 0
1556699554 0
1556699555 0
1556699556 0
1556699557 0
1556699558 0
1556699559 0
1556699560 0
1556699561 0
1556699562 0
1556699563 0
1556699564 0
1556699565 0
1556699566 0
1556699567 0
1556699568 0
1556699569 0
1556699570 0
1556699571 0
1556699572 0
1556699573 0
1556699574 0
1556699575 0
1556699576 0
1556699577 0
1556699578 0
1556699579 0
1556699580 0
1556699581 0
1556699582 0
1556699583 0
1556699584 0
1556699585 0
1556699586 0
1556699587 0
1556699588 0
1556699589 0
1556699590 0
1556699591 0
1556699592 0
1556699593 0
1556699594 0
1556699595 0
1556699596 0
1556699597 0
1556699598 0
1556699599 0
1556699600 0
1556699601 0
1556699602 0
1556699603 0
1556699604 0
1556699605 0
1556699606 0
1556699607 0
1556699608 0
1556699609 0
1556699610 0
1556699611 0
1556699612 0
1556699613 0
1556699614 0
1556699615 0
1556699616 0
1556699617 0
1556699618 0
1556699619 0
1556699620 0
1556699621 0
1556699622 0
1556699623 0
1556699624 0
1556699625 0
1556699626 0
1556699627 0
1556699628 0
1556699629 0
1556699630 0
1556699631 0
1556699632 0
1556699633 0
1556699634 0
1556699635 0
1556699636 0
1556699637 0
1556699638 0
1556699639 0
1556699640 0
1556699641 0
1556699642 0
1556699643 0
1556699644 0
1556699645 0
1556699646 0
1556699647 0
1556699648 0
1556699649 0
1556699650 0
1556699651 0
1556699652 0
1556699653 0
1556699654 0
1556699655 0
1556699656 0
1556699657 0
1556699658 0
1556699659 0
1556699660 0
1556699661 0
1556699662 0
1556699663 0
1556699664 0
1556699665 0
1556699666 0
1556699667 0
1556699668 0
1556699669 0
1556699670 0
1556699671 0
1556699672 0
1556699673 0
1556699674 0
1556699675 0
1556699676 0
1556699677 0
1556699678 0
1556699679 0
1556699680 0
1556699681 0
1556699682 0
1556699683 0
1556699684 0
1556699685 0
1556699686 0
1556699687 0
1556699688 0
1556699689 0
1556699690 0
1556699691 0
1556699692 0
1556699693 0
1556699694 0
1556699695 0
1556699696 0
1556699697 0
1556699698 0
1556699699 0
1556699700 0
1556699701 0
1556699702 0
1556699703 0
1556699704 0
1556699705 0
1556699706 0
1556699707 0
1556699708 0
1556699709 0
1556699710 0
1556699711 0
1556699712 0
1556699713 0
1556699714 0
1556699715 0
1556699716 0
1556699717 0
1556699718 0
1556699719 0
1556699720 0
1556699721 0
1556699722 0
1556699723 0
1556699724 0
1556699725 0
1556699726 0
1556699727 0
1556699728 0
1556699729 0
1556699730 0
1556699731 0
1556699732 0
1556699733 0
1556699734 0
1556699735 0
1556699736 0
1556699737 0
1556699738 0
1556699739 0
1556699740 0
1556699741 0
1556699742 0
1556699743 0
1556699744 0
1556699745 0
1556699746 0
1556699747 0
1556699748 0
1556699749 0
1556699750 0
1556699751 0
1556699752 0
1556699753 0
1556699754 0
1556699755 0
1556699756 0
1556699757 0
1556699758 0
1556699759 0
1556699760 0
1556699761 0
1556699762 0
1556699763 0
1556699764 0
1556699765 0
1556699766 0
1556699767 0
1556699768 0
1556699769 0
1556699770 0
1556699771 0
1556699772 0
1556699773 0
1556699774 0
1556699775 0
1556699776 0
1556699777 0
1556699778 0
1556699779 0
1556699780 0
1556699781 0
1556699782 0
1556699783 0
1556699784 0
1556699785 0
1556699786 0
1556699787 0
1556699788 0
1556699789 0
1556699790 0
1556699791 0
1556699792 0
1556699793 0
1556699794 0
1556699795 0
1556699796 0
1556699797 0
1556699798 0
1556699799 0
1556699800 0
1556699801 0
1556699802 0
1556699803 0
1556699804 0
1556699805 0
1556699806 0
1556699807 0
1556699808 0
1556699809 0
1556699810 0
1556699811 0
1556699812 0
1556699813 0
1556699814 0
1556699815 0
1556699816 0
1556699817 0
1556699818 0
1556699819 0
1556699820 0
1556699821 0
1556699822 0
1556699823 0
1556699824 0
1556699825 0
1556699826 0
1556699827 0
1556699828 0
1556699829 0
1556699830 0
1556699831 0
1556699832 0
1556699833 0
1556699834 0
1556699835 0
1556699836 0
1556699837 0
1556699838 0
1556699839 0
1556699840 0
1556699841 0
1556699842 0
1556699843 0
1556699844 0
1556699845 0
1556699846 0
1556699847 0
1556699848 0
1556699849 0
1556699850 0
1556699851 0
1556699852 0
1556699853 0
1556699854 0
1556699855 0
1556699856 0
1556699857 0
1556699858 0
1556699859 0
1556699860 0
1556699861 0
1556699862 0
1556699863 0
1556699864 0
1556699865 0
1556699866 0
1556699867 0
1556699868 0
1556699869 0
1556699870 0
1556699871 0
1556699872 0
1556699873 0
1556699874 0
1556699875 0
1556699876 0
1556699877 0
1556699878 0
1556699879 0
1556699880 0
1556699881 0
1556699882 0
1556699883 0
1556699884 0
1556699885 0
1556699886 0
1556699887 0
1556699888 0
1556699889 0
1556699890 0
1556699891 0
1556699892 0
1556699893 0
1556699894 0
1556699895 0
1556699896 0
1556699897 0
1556699898 0
1556699899 0
1556699900 0
1556699901 0
1556699902 0
1556699903 0
1556699904 0
1556699905 0
1556699906 0
1556699907 0
1556699908 0
1556699909 0
1556699910 0
1556699911 0
1556699912 0
1556699913 0
1556699914 0
1556699915 0
1556699916 0
1556699917 0
1556699918 0
1556699919 0
1556699920 0
1556699921 0
1556699922 0
1556699923 0
1556699924 0
1556699925 0
1556699926 0
1556699927 0
1556699928 0
1556699929 0
1556699930 0
1556699931 0
1556699932 0
1556699933 0
1556699934 0
1556699935 0
1556699936 0
1556699937 0
1556699938 0
1556699939 0
1556699940 0
1556699941 0
1556699942 0
1556699943 0
1556699944 0
1556699945 0
1556699946 0
1556699947 0
1556699948 0
1556699949 0
1556699950 0
1556699951 0
1556699952 0
1556699953 0
1556699954 0
1556699955 0
1556699956 0
1556699957 0
1556699958 0
1556699959 0
1556699960 0
1556699961 0
1556699962 0
1556699963 0
1556699964 0
1556699965 0
1556699966 0
1556699967 0
1556699968 0
1556699969 0
1556699970 0
1556699971 0
1556699972 0
1556699973 0
1556699974 0
1556699975 0
1556699976 0
1556699977 0
1556699978 0
1556699979 0
1556699980 0
1556699981 0
1556699982 0
1556699983 0
1556699984 0
1556699985 0
1556699986 0
1556699987 0
1556699988 0
1556699989 0
1556699990 0
1556699991 0
1556699992 0
1556699993 0
1556699994 0
1556699995 0
1556699996 0
1556699997 0
1556699998 0
1556699999 0
1556700000 0
1556700001 0
1556700002 0
1556700003 0
1556700004 0
1556700005 0
1556700006 0
1556700007 0
1556700008 0
1556700009 0
1556700010 0
1556700011 0
1556700012 0
1556700013 0
1556700014 0
1556700015 0
1556700016 0
1556700017 0
1556700018 0
1556700019 0
1556700020 0
1556700021 0
1556700022 0
1556700023 0
1556700024 0
1556700025 0
1556700026 0
1556700027 0
1556700028 0
1556700029 0
1556700030 0
1556700031 0
1556700032 0
1556700033 0
1556700034 0
1556700035 0
1556700036 0
1556700037 0
1556700038 0
1556700039 0
1556700040 0
1556700041 0
1556700042 0
1556700043 0
1556700044 0
1556700045 0
1556700046 0
1556700047 0
1556700048 0
1556700049 0
1556700050 0
1556700051 0
1556700052 0
1556700053 0
1556700054 0
1556700055 0
1556700056 0
1556700057 0
1556700058 0
1556700059 0
1556700060 0
1556700061 0
1556700062 0
1556700063 0
1556700064 0
1556700065 0
1556700066 0
1556700067 0
1556700068 0
1556700069 0
1556700070 0
1556700071 0
1556700072 0
1556700073 0
1556700074 0
1556700075 0
1556700076 0
1556700077 0
1556700078 0
1556700079 0
1556700080 0
1556700081 0
1556700082 0
1556700083 0
1556700084 0
1556700085 0
1556700086 0
1556700087 0
1556700088 0
1556700089 0
1556700090 0
1556700091 0
1556700092 0
1556700093 0
1556700094 0
1556700095 0
1556700096 0
1556700097 0
1556700098 0
1556700099 0
1556700100 0
1556700101 0
1556700102 0
1556700103 0
1556700104 0
1556700105 0
1556700106 0
1556700107 0
1556700108 0
1556700109 0
1556700110 0
1556700111 0
1556700112 0
1556700113 0
1556700114 0
1556700115 0
1556700116 0
1556700117 0
1556700118 0
1556700119 0
1556700120 0
1556700121 0
1556700122 0
1556700123 0
1556700124 0
1556700125 0
1556700126 0
1556700127 0
1556700128 0
1556700129 0
1556700130 0
1556700131 0
1556700132 0
1556700133 0
1556700134 0
1556700135 0
1556700136 0
1556700137 0
1556700138 0
1556700139 0
1556700140 0
1556700141 0
1556700142 0
1556700143 0
1556700144 0
1556700145 0
1556700146 0
1556700147 0
1556700148 0
1556700149 0
1556700150 0
1556700151 0
1556700152 0
1556700153 0
1556700154 0
1556700155 0
1556700156 0
1556700157 0
1556700158 0
1556700159 0
1556700160 0
1556700161 0
1556700162 0
1556700163 0
1556700164 0
1556700165 0
1556700166 0
1556700167 0
1556700168 0
1556700169 0
1556700170 0
1556700171 0
1556700172 0
1556700173 0
1556700174 0
1556700175 0
1556700176 0
1556700177 0
1556700178 0
1556700179 0
1556700180 0
1556700181 0
1556700182 0
1556700183 0
1556700184 0
1556700185 0
1556700186 0
1556700187 0
1556700188 0
1556700189 0
1556700190 0
1556700191 0
1556700192 0
1556700193 0
1556700194 0
1556700195 0
1556700196 0
1556700197 0
1556700198 0
1556700199 0
1556700200 0
1556700201 0
1556700202 0
1556700203 0
1556700204 0
1556700205 0
1556700206 0
1556700207 0
1556700208 0
1556700209 0
1556700210 0
1556700211 0
1556700212 0
1556700213 0
1556700214 0
1556700215 0
1556700216 0
1556700217 0
1556700218 0
1556700219 0
1556700220 0
1556700221 0
1556700222 0
1556700223 0
1556700224 0
1556700225 0
1556700226 0
1556700227 0
1556700228 0
1556700229 0
1556700230 0
1556700231 0
1556700232 0
1556700233 0
1556700234 0
1556700235 0
1556700236 0
1556700237 0
1556700238 0
1556700239 0
1556700240 0
1556700241 0
1556700242 0
1556700243 0
1556700244 0
1556700245 0
1556700246 0
1556700247 0
1556700248 0
1556700249 0
1556700250 0
1556700251 0
1556700252 0
1556700253 0
1556700254 0
1556700255 0
1556700256 0
1556700257 0
1556700258 0
1556700259 0
1556700260 0
1556700261 0
1556700262 0
1556700263 0
1556700264 0
1556700265 0
1556700266 0
1556700267 0
1556700268 0
1556700269 0
1556700270 0
1556700271 0
1556700272 0
1556700273 0
1556700274 0
1556700275 0
1556700276 0
1556700277 0
1556700278 0
1556700279 0
1556700280 0
1556700281 0
1556700282 0
1556700283 0
1556700284 0
1556700285 0
1556700286 0
1556700287 0
1556700288 0
1556700289 0
1556700290 0
1556700291 0
1556700292 0
1556700293 0
1556700294 0
1556700295 0
1556700296 0
1556700297 0
1556700298 0
1556700299 0
1556700300 0
1556700301 0
1556700302 0
1556700303 0
1556700304 0
1556700305 0
1556700306 0
1556700307 0
1556700308 0
1556700309 0
1556700310 0
1556700311 0
1556700312 0
1556700313 0
1556700314 0
1556700315 0
1556700316 0
1556700317 0
1556700318 0
1556700319 0
1556700320 0
1556700321 0
1556700322 0
1556700323 0
1556700324 0
1556700325 0
1556700326 0
1556700327 0
1556700328 0
1556700329 0
1556700330 0
1556700331 0
1556700332 0
1556700333 0
1556700334 0
1556700335 0
1556700336 0
1556700337 0
1556700338 0
1556700339 0
1556700340 0
1556700341 0
1556700342 0
1556700343 0
1556700344 0
1556700345 0
1556700346 0
1556700347 0
1556700348 0
1556700349 0
1556700350 0
1556700351 0
1556700352 0
1556700353 0
1556700354 0
1556700355 0
1556700356 0
1556700357 0
1556700358 0
1556700359 0
1556700360 0
1556700361 0
1556700362 0
1556700363 0
1556700364 0
1556700365 0
1556700366 0
1556700367 0
1556700368 0
1556700369 0
1556700370 0
1556700371 0
1556700372 0
1556700373 0
1556700374 0
1556700375 0
1556700376 0
1556700377 0
1556700378 0
1556700379 0
1556700380 0
1556700381 0
1556700382 0
1556700383 0
1556700384 0
1556700385 0
1556700386 0
1556700387 0
1556700388 0
1556700389 0
1556700390 0
1556700391 0
1556700392 0
1556700393 0
1556700394 0
1556700395 0
1556700396 0
1556700397 0
1556700398 0
1556700399 0
1556700400 0
1556700401 0
1556700402 0
1556700403 0
1556700404 0
1556700405 0
1556700406 0
1556700407 0
1556700408 0
1556700409 0
1556700410 0
1556700411 0
1556700412 0
1556700413 0
1556700414 0
1556700415 0
1556700416 0
1556700417 0
1556700418 0
1556700419 0
1556700420 0
1556700421 0
1556700422 0
1556700423 0
1556700424 0
1556700425 0
1556700426 0
1556700427 0
1556700428 0
1556700429 0
1556700430 0
1556700431 0
1556700432 0
1556700433 0
1556700434 0
1556700435 0
1556700436 0
1556700437 0
1556700438 0
1556700439 0
1556700440 0
1556700441 0
1556700442 0
1556700443 0
1556700444 0
1556700445 0
1556700446 0
1556700447 0
1556700448 0
1556700449 0
1556700450 0
1556700451 0
1556700452 0
1556700453 0
1556700454 0
1556700455 0
1556700456 0
1556700457 0
1556700458 0
1556700459 0
1556700460 0
1556700461 0
1556700462 0
1556700463 0
1556700464 0
1556700465 0
1556700466 0
1556700467 0
1556700468 0
1556700469 0
1556700470 0
1556700471 0
1556700472 0
1556700473 0
1556700474 0
1556700475 0
1556700476 0
1556700477 0
1556700478 0
1556700479 0
1556700480 0
1556700481 0
1556700482 0
1556700483 0
1556700484 0
1556700485 0
1556700486 0
1556700487 0
1556700488 0
1556700489 0
1556700490 0
1556700491 0
1556700492 0
1556700493 0
1556700494 0
1556700495 0
1556700496 0
1556700497 0
1556700498 0
1556700499 0
1556700500 0
1556700501 0
1556700502 0
1556700503 0
1556700504 0
1556700505 0
1556700506 0
1556700507 0
1556700508 0
1556700509 0
1556700510 0
1556700511 0
1556700512 0
1556700513 0
1556700514 0
1556700515 0
1556700516 0
1556700517 0
1556700518 0
1556700519 0
1556700520 0
1556700521 0
1556700522 0
1556700523 0
1556700524 0
1556700525 0
1556700526 0
1556700527 0
1556700528 0
1556700529 0
1556700530 0
1556700531 0
1556700532 0
1556700533 0
1556700534 0
1556700535 0
1556700536 0
1556700537 0
1556700538 0
1556700539 0
1556700540 0
1556700541 0
1556700542 0
1556700543 0
1556700544 0
1556700545 0
1556700546 0
1556700547 0
1556700548 0
1556700549 0
1556700550 0
1556700551 0
1556700552 0
1556700553 0
1556700554 0
1556700555 0
1556700556 0
1556700557 0
1556700558 0
1556700559 0
1556700560 0
1556700561 0
1556700562 0
1556700563 0
1556700564 0
1556700565 0
1556700566 0
1556700567 0
1556700568 0
1556700569 0
1556700570 0
1556700571 0
1556700572 0
1556700573 0
1556700574 0
1556700575 0
1556700576 0
1556700577 0
1556700578 0
1556700579 0
1556700580 0
1556700581 0
1556700582 0
1556700583 0
1556700584 0
1556700585 0
1556700586 0
1556700587 0
1556700588 0
1556700589 0
1556700590 0
1556700591 0
1556700592 0
1556700593 0
1556700594 0
1556700595 0
1556700596 0
1556700597 0
1556700598 0
1556700599 0
1556700600 0
1556700601 0
1556700602 0
1556700603 0
1556700604 0
1556700605 0
1556700606 0
1556700607 0
1556700608 0
1556700609 0
1556700610 0
1556700611 0
1556700612 0
1556700613 0
1556700614 0
1556700615 0
1556700616 0
1556700617 0
1556700618 0
1556700619 0
1556700620 0
1556700621 0
1556700622 0
1556700623 0
1556700624 0
1556700625 0
1556700626 0
1556700627 0
1556700628 0
1556700629 0
1556700630 0
1556700631 0
1556700632 0
1556700633 0
1556700634 0
1556700635 0
1556700636 0
1556700637 0
1556700638 0
1556700639 0
1556700640 0
1556700641 0
1556700642 0
1556700643 0
1556700644 0
1556700645 0
1556700646 0
1556700647 0
1556700648 0
1556700649 0
1556700650 0
1556700651 0
1556700652 0
1556700653 0
1556700654 0
1556700655 0
1556700656 0
1556700657 0
1556700658 0
1556700659 0
1556700660 0
1556700661 0
1556700662 0
1556700663 0
1556700664 0
1556700665 0
1556700666 0
1556700667 0
1556700668 0
1556700669 0
1556700670 0
1556700671 0
1556700672 0
1556700673 0
1556700674 0
1556700675 0
1556700676 0
1556700677 0
1556700678 0
1556700679 0
1556700680 0
1556700681 0
1556700682 0
1556700683 0
1556700684 0
1556700685 0
1556700686 0
1556700687 0
1556700688 0
1556700689 0
1556700690 0
1556700691 0
1556700692 0
1556700693 0
1556700694 0
1556700695 0
1556700696 0
1556700697 0
1556700698 0
1556700699 0
1556700700 0
1556700701 0
1556700702 0
1556700703 0
1556700704 0
1556700705 0
1556700706 0
1556700707 0
1556700708 0
1556700709 0
1556700710 0
1556700711 0
1556700712 0
1556700713 0
1556700714 0
1556700715 0
1556700716 0
1556700717 0
1556700718 0
1556700719 0
1556700720 0
1556700721 0
1556700722 0
1556700723 0
1556700724 0
1556700725 0
1556700726 0
1556700727 0
1556700728 0
1556700729 0
1556700730 0
1556700731 0
1556700732 0
1556700733 0
1556700734 0
1556700735 0
1556700736 0
1556700737 0
1556700738 0
1556700739 0
1556700740 0
1556700741 0
1556700742 0
1556700743 0
1556700744 0
1556700745 0
1556700746 0
1556700747 0
1556700748 0
1556700749 0
1556700750 0
1556700751 0
1556700752 0
1556700753 0
1556700754 0
1556700755 0
1556700756 0
1556700757 0
1556700758 0
1556700759 0
1556700760 0
1556700761 0
1556700762 0
1556700763 0
1556700764 0
1556700765 0
1556700766 0
1556700767 0
1556700768 0
1556700769 0
1556700770 0
1556700771 0
1556700772 0
1556700773 0
1556700774 0
1556700775 0
1556700776 0
1556700777 0
1556700778 0
1556700779 0
1556700780 0
1556700781 0
1556700782 0
1556700783 0
1556700784 0
1556700785 0
1556700786 0
1556700787 0
1556700788 0
1556700789 0
1556700790 0
1556700791 0
1556700792 0
1556700793 0
1556700794 0
1556700795 0
1556700796 0
1556700797 0
1556700798 0
1556700799 0
1556700800 0
1556700801 0
1556700802 0
1556700803 0
1556700804 0
1556700805 0
1556700806 0
1556700807 0
1556700808 0
1556700809 0
1556700810 0
1556700811 0
1556700812 0
1556700813 0
1556700814 0
1556700815 0
1556700816 0
1556700817 0
1556700818 0
1556700819 0
1556700820 0
1556700821 0
1556700822 0
1556700823 0
1556700824 0
1556700825 0
1556700826 0
1556700827 0
1556700828 0
1556700829 0
1556700830 0
1556700831 0
1556700832 0
1556700833 0
1556700834 0
1556700835 0
1556700836 0
1556700837 0
1556700838 0
1556700839 0
1556700840 0
1556700841 0
1556700842 0
1556700843 0
1556700844 0
1556700845 0
1556700846 0
1556700847 0
1556700848 0
1556700849 0
1556700850 0
1556700851 0
1556700852 0
1556700853 0
1556700854 0
1556700855 0
1556700856 0
1556700857 0
1556700858 0
1556700859 0
1556700860 0
1556700861 0
1556700862 0
1556700863 0
1556700864 0
1556700865 0
1556700866 0
1556700867 0
1556700868 0
1556700869 0
1556700870 0
1556700871 0
1556700872 0
1556700873 0
1556700874 0
1556700875 0
1556700876 0
1556700877 0
1556700878 0
1556700879 0
1556700880 0
1556700881 0
1556700882 0
1556700883 0
1556700884 0
1556700885 0
1556700886 0
1556700887 0
1556700888 0
1556700889 0
1556700890 0
1556700891 0
1556700892 0
1556700893 0
1556700894 0
1556700895 0
1556700896 0
1556700897 0
1556700898 0
1556700899 0
1556700900 0
1556700901 0
1556700902 0
1556700903 0
1556700904 0
1556700905 0
1556700906 0
1556700907 0
1556700908 0
1556700909 0
1556700910 0
1556700911 0
1556700912 0
1556700913 0
1556700914 0
1556700915 0
1556700916 0
1556700917 0
1556700918 0
1556700919 0
1556700920 0
1556700921 0
1556700922 0
1556700923 0
1556700924 0
1556700925 0
1556700926 0
1556700927 0
1556700928 0
1556700929 0
1556700930 0
1556700931 0
1556700932 0
1556700933 0
1556700934 0
1556700935 0
1556700936 0
1556700937 0
1556700938 0
1556700939 0
1556700940 0
1556700941 0
1556700942 0
1556700943 0
1556700944 0
1556700945 0
1556700946 0
1556700947 0
1556700948 0
1556700949 0
1556700950 0
1556700951 0
1556700952 0
1556700953 0
1556700954 0
1556700955 0
1556700956 0
1556700957 0
1556700958 0
1556700959 0
1556700960 0
1556700961 0
1556700962 0
1556700963 0
1556700964 0
1556700965 0
1556700966 0
1556700967 0
1556700968 0
1556700969 0
1556700970 0
1556700971 0
1556700972 0
1556700973 0
1556700974 0
1556700975 0
1556700976 0
1556700977 0
1556700978 0
1556700979 0
1556700980 0
1556700981 0
1556700982 0
1556700983 0
1556700984 0
1556700985 0
1556700986 0
1556700987 0
1556700988 0
1556700989 0
1556700990 0
1556700991 0
1556700992 0
1556700993 0
1556700994 0
1556700995 0
1556700996 0
1556700997 0
1556700998 0
1556700999 0
1556701000 0
1556701001 0
1556701002 0
1556701003 0
1556701004 0
1556701005 0
1556701006 0
1556701007 0
1556701008 0
1556701009 0
1556701010 0
1556701011 0
1556701012 0
1556701013 0
1556701014 0
1556701015 0
1556701016 0
1556701017 0
1556701018 0
1556701019 0
1556701020 0
1556701021 0
1556701022 0
1556701023 0
1556701024 0
1556701025 0
1556701026 0
1556701027 0
1556701028 0
1556701029 0
1556701030 0
1556701031 0
1556701032 0
1556701033 0
1556701034 0
1556701035 0
1556701036 0
1556701037 0
1556701038 0
1556701039 0
1556701040 0
1556701041 0
1556701042 0
1556701043 0
1556701044 0
1556701045 0
1556701046 0
1556701047 0
1556701048 0
1556701049 0
1556701050 0
1556701051 0
1556701052 0
1556701053 0
1556701054 0
1556701055 0
1556701056 0
1556701057 0
1556701058 0
1556701059 0
1556701060 0
1556701061 0
1556701062 0
1556701063 0
1556701064 0
1556701065 0
1556701066 0
1556701067 0
1556701068 0
1556701069 0
1556701070 0
1556701071 0
1556701072 0
1556701073 0
1556701074 0
1556701075 0
1556701076 0
1556701077 0
1556701078 0
1556701079 0
1556701080 0
1556701081 0
1556701082 0
1556701083 0
1556701084 0
1556701085 0
1556701086 0
1556701087 0
1556701088 0
1556701089 0
1556701090 0
1556701091 0
1556701092 0
1556701093 0
1556701094 0
1556701095 0
1556701096 0
1556701097 0
1556701098 0
1556701099 0
1556701100 0
1556701101 0
1556701102 0
1556701103 0
1556701104 0
1556701105 0
1556701106 0
1556701107 0
1556701108 0
1556701109 0
1556701110 0
1556701111 0
1556701112 0
1556701113 0
1556701114 0
1556701115 0
1556701116 0
1556701117 0
1556701118 0
1556701119 0
1556701120 0
1556701121 0
1556701122 0
1556701123 0
1556701124 0
1556701125 0
1556701126 0
1556701127 0
1556701128 0
1556701129 0
1556701130 0
1556701131 0
1556701132 0
1556701133 0
1556701134 0
1556701135 0
1556701136 0
1556701137 0
1556701138 0
1556701139 0
1556701140 0
1556701141 0
1556701142 0
1556701143 0
1556701144 0
1556701145 0
1556701146 0
1556701147 0
1556701148 0
1556701149 0
1556701150 0
1556701151 0
1556701152 0
1556701153 0
1556701154 0
1556701155 0
1556701156 0
1556701157 0
1556701158 0
1556701159 0
1556701160 0
1556701161 0
1556701162 0
1556701163 0
1556701164 0
1556701165 0
1556701166 0
1556701167 0
1556701168 0
1556701169 0
1556701170 0
1556701171 0
1556701172 0
1556701173 0
1556701174 0
1556701175 0
1556701176 0
1556701177 0
1556701178 0
1556701179 0
1556701180 0
1556701181 0
1556701182 0
1556701183 0
1556701184 0
1556701185 0
1556701186 0
1556701187 0
1556701188 0
1556701189 0
1556701190 0
1556701191 0
1556701192 0
1556701193 0
1556701194 0
1556701195 0
1556701196 0
1556701197 0
1556701198 0
1556701199 0
1556701200 0
1556701201 0
1556701202 0
1556701203 0
1556701204 0
1556701205 0
1556701206 0
1556701207 0
1556701208 0
1556701209 0
1556701210 0
1556701211 0
1556701212 0
1556701213 0
1556701214 0
1556701215 0
1556701216 0
1556701217 0
1556701218 0
1556701219 0
1556701220 0
1556701221 0
1556701222 0
1556701223 0
1556701224 0
1556701225 0
1556701226 0
1556701227 0
1556701228 0
1556701229 0
1556701230 0
1556701231 0
1556701232 0
1556701233 0
1556701234 0
1556701235 0
1556701236 0
1556701237 0
1556701238 0
1556701239 0
1556701240 0
1556701241 0
1556701242 0
1556701243 0
1556701244 0
1556701245 0
1556701246 0
1556701247 0
1556701248 0
1556701249 0
1556701250 0
1556701251 0
1556701252 0
1556701253 0
1556701254 0
1556701255 0
1556701256 0
1556701257 0
1556701258 0
1556701259 0
1556701260 0
1556701261 0
1556701262 0
1556701263 0
1556701264 0
1556701265 0
1556701266 0
1556701267 0
1556701268 0
1556701269 0
1556701270 0
1556701271 0
1556701272 0
1556701273 0
1556701274 0
1556701275 0
1556701276 0
1556701277 0
1556701278 0
1556701279 0
1556701280 0
1556701281 0
1556701282 0
1556701283 0
1556701284 0
1556701285 0
1556701286 0
1556701287 0
1556701288 0
1556701289 0
1556701290 0
1556701291 0
1556701292 0
1556701293 0
1556701294 0
1556701295 0
1556701296 0
1556701297 0
1556701298 0
1556701299 0
1556701300 0
1556701301 0
1556701302 0
1556701303 0
1556701304 0
1556701305 0
1556701306 0
1556701307 0
1556701308 0
1556701309 0
1556701310 0
1556701311 0
1556701312 0
1556701313 0
1556701314 0
1556701315 0
1556701316 0
1556701317 0
1556701318 0
1556701319 0
1556701320 0
1556701321 0
1556701322 0
1556701323 0
1556701324 0
1556701325 0
1556701326 0
1556701327 0
1556701328 0
1556701329 0
1556701330 0
1556701331 0
1556701332 0
1556701333 0
1556701334 0
1556701335 0
1556701336 0
1556701337 0
1556701338 0
1556701339 0
1556701340 0
1556701341 0
1556701342 0
1556701343 0
1556701344 0
1556701345 0
1556701346 0
1556701347 0
1556701348 0
1556701349 0
1556701350 0
1556701351 0
1556701352 0
1556701353 0
1556701354 0
1556701355 0
1556701356 0
1556701357 0
1556701358 0
1556701359 0
1556701360 0
1556701361 0
1556701362 0
1556701363 0
1556701364 0
1556701365 0
1556701366 0
1556701367 0
1556701368 0
1556701369 0
1556701370 0
1556701371 0
1556701372 0
1556701373 0
1556701374 0
1556701375 0
1556701376 0
1556701377 0
1556701378 0
1556701379 0
1556701380 0
1556701381 0
1556701382 0
1556701383 0
1556701384 0
1556701385 0
1556701386 0
1556701387 0
1556701388 0
1556701389 0
1556701390 0
1556701391 0
1556701392 0
1556701393 0
1556701394 0
1556701395 0
1556701396 0
1556701397 0
1556701398 0
1556701399 0
1556701400 0
1556701401 0
1556701402 0
1556701403 0
1556701404 0
1556701405 0
1556701406 0
1556701407 0
1556701408 0
1556701409 0
1556701410 0
1556701411 0
1556701412 0
1556701413 0
1556701414 0
1556701415 0
1556701416 0
1556701417 0
1556701418 0
1556701419 0
1556701420 0
1556701421 0
1556701422 0
1556701423 0
1556701424 0
1556701425 0
1556701426 0
1556701427 0
1556701428 0
1556701429 0
1556701430 0
1556701431 0
1556701432 0
1556701433 0
1556701434 0
1556701435 0
1556701436 0
1556701437 0
1556701438 0
1556701439 0
1556701440 0
1556701441 0
1556701442 0
1556701443 0
1556701444 0
1556701445 0
1556701446 0
1556701447 0
1556701448 0
1556701449 0
1556701450 0
1556701451 0
1556701452 0
1556701453 0
1556701454 0
1556701455 0
1556701456 0
1556701457 0
1556701458 0
1556701459 0
1556701460 0
1556701461 0
1556701462 0
1556701463 0
1556701464 0
1556701465 0
1556701466 0
1556701467 0
1556701468 0
1556701469 0
1556701470 0
1556701471 0
1556701472 0
1556701473 0
1556701474 0
1556701475 0
1556701476 0
1556701477 0
1556701478 0
1556701479 0
1556701480 0
1556701481 0
1556701482 0
1556701483 0
1556701484 0
1556701485 0
1556701486 0
1556701487 0
1556701488 0
1556701489 0
1556701490 0
1556701491 0
1556701492 0
1556701493 0
1556701494 0
1556701495 0
1556701496 0
1556701497 0
1556701498 0
1556701499 0
1556701500 0
1556701501 0
1556701502 0
1556701503 0
1556701504 0
1556701505 0
1556701506 0
1556701507 0
1556701508 0
1556701509 0
1556701510 0
1556701511 0
1556701512 0
1556701513 0
1556701514 0
1556701515 0
1556701516 0
1556701517 0
1556701518 0
1556701519 0
1556701520 0
1556701521 0
1556701522 0
1556701523 0
1556701524 0
1556701525 0
1556701526 0
1556701527 0
1556701528 0
1556701529 0
1556701530 0
1556701531 0
1556701532 0
1556701533 0
1556701534 0
1556701535 0
1556701536 0
1556701537 0
1556701538 0
1556701539 0
1556701540 0
1556701541 0
1556701542 0
1556701543 0
1556701544 0
1556701545 0
1556701546 0
1556701547 0
1556701548 0
1556701549 0
1556701550 0
1556701551 0
1556701552 0
1556701553 0
1556701554 0
1556701555 0
1556701556 0
1556701557 0
1556701558 0
1556701559 0
1556701560 0
1556701561 0
1556701562 0
1556701563 0
1556701564 0
1556701565 0
1556701566 0
1556701567 0
1556701568 0
1556701569 0
1556701570 0
1556701571 0
1556701572 0
1556701573 0
1556701574 0
1556701575 0
1556701576 0
1556701577 0
1556701578 0
1556701579 0
1556701580 0
1556701581 0
1556701582 0
1556701583 0
1556701584 0
1556701585 0
1556701586 0
1556701587 0
1556701588 0
1556701589 0
1556701590 0
1556701591 0
1556701592 0
1556701593 0
1556701594 0
1556701595 0
1556701596 0
1556701597 0
1556701598 0
1556701599 0
1556701600 0
1556701601 0
1556701602 0
1556701603 0
1556701604 0
1556701605 0
1556701606 0
1556701607 0
1556701608 0
1556701609 0
1556701610 0
1556701611 0
1556701612 0
1556701613 0
1556701614 0
1556701615 0
1556701616 0
1556701617 0
1556701618 0
1556701619 0
1556701620 0
1556701621 0
1556701622 0
1556701623 0
1556701624 0
1556701625 0
1556701626 0
1556701627 0
1556701628 0
1556701629 0
1556701630 0
1556701631 0
1556701632 0
1556701633 0
1556701634 0
1556701635 0
1556701636 0
1556701637 0
1556701638 0
1556701639 0
1556701640 0
1556701641 0
1556701642 0
1556701643 0
1556701644 0
1556701645 0
1556701646 0
1556701647 0
1556701648 0
1556701649 0
1556701650 0
1556701651 0
1556701652 0
1556701653 0
1556701654 0
1556701655 0
1556701656 0
1556701657 0
1556701658 0
1556701659 0
1556701660 0
1556701661 0
1556701662 0
1556701663 0
1556701664 0
1556701665 0
1556701666 0
1556701667 0
1556701668 0
1556701669 0
1556701670 0
1556701671 0
1556701672 0
1556701673 0
1556701674 0
1556701675 0
1556701676 0
1556701677 0
1556701678 0
1556701679 0
1556701680 0
1556701681 0
1556701682 0
1556701683 0
1556701684 0
1556701685 0
1556701686 0
1556701687 0
1556701688 0
1556701689 0
1556701690 0
1556701691 0
1556701692 0
1556701693 0
1556701694 0
1556701695 0
1556701696 0
1556701697 0
1556701698 0
1556701699 0
1556701700 0
1556701701 0
1556701702 0
1556701703 0
1556701704 0
1556701705 0
1556701706 0
1556701707 0
1556701708 0
1556701709 0
1556701710 0
1556701711 0
1556701712 0
1556701713 0
1556701714 0
1556701715 0
1556701716 0
1556701717 0
1556701718 0
1556701719 0
1556701720 0
1556701721 0
1556701722 0
1556701723 0
1556701724 0
1556701725 0
1556701726 0
1556701727 0
1556701728 0
1556701729 0
1556701730 0
1556701731 0
1556701732 0
1556701733 0
1556701734 0
1556701735 0
1556701736 0
1556701737 0
1556701738 0
1556701739 0
1556701740 0
1556701741 0
1556701742 0
1556701743 0
1556701744 0
1556701745 0
1556701746 0
1556701747 0
1556701748 0
1556701749 0
1556701750 0
1556701751 0
1556701752 0
1556701753 0
1556701754 0
1556701755 0
1556701756 0
1556701757 0
1556701758 0
1556701759 0
1556701760 0
1556701761 0
1556701762 0
1556701763 0
1556701764 0
1556701765 0
1556701766 0
1556701767 0
1556701768 0
1556701769 0
1556701770 0
1556701771 0
1556701772 0
1556701773 0
1556701774 0
1556701775 0
1556701776 0
1556701777 0
1556701778 0
1556701779 0
1556701780 0
1556701781 0
1556701782 0
1556701783 0
1556701784 0
1556701785 0
1556701786 0
1556701787 0
1556701788 0
1556701789 0
1556701790 0
1556701791 0
1556701792 0
1556701793 0
1556701794 0
1556701795 0
1556701796 0
1556701797 0
1556701798 0
1556701799 0
1556701800 0
1556701801 0
1556701802 0
1556701803 0
1556701804 0
1556701805 0
1556701806 0
1556701807 0
1556701808 0
1556701809 0
1556701810 0
1556701811 0
1556701812 0
1556701813 0
1556701814 0
1556701815 0
1556701816 0
1556701817 0
1556701818 0
1556701819 0
1556701820 0
1556701821 0
1556701822 0
1556701823 0
1556701824 0
1556701825 0
1556701826 0
1556701827 0
1556701828 0
1556701829 0
1556701830 0
1556701831 0
1556701832 0
1556701833 0
1556701834 0
1556701835 0
1556701836 0
1556701837 0
1556701838 0
1556701839 0
1556701840 0
1556701841 0
1556701842 0
1556701843 0
1556701844 0
1556701845 0
1556701846 0
1556701847 0
1556701848 0
1556701849 0
1556701850 0
1556701851 0
1556701852 0
1556701853 0
1556701854 0
1556701855 0
1556701856 0
1556701857 0
1556701858 0
1556701859 0
1556701860 0
1556701861 0
1556701862 0
1556701863 0
1556701864 0
1556701865 0
1556701866 0
1556701867 0
1556701868 0
1556701869 0
1556701870 0
1556701871 0
1556701872 0
1556701873 0
1556701874 0
1556701875 0
1556701876 0
1556701877 0
1556701878 0
1556701879 0
1556701880 0
1556701881 0
1556701882 0
1556701883 0
1556701884 0
1556701885 0
1556701886 0
1556701887 0
1556701888 0
1556701889 0
1556701890 0
1556701891 0
1556701892 0
1556701893 0
1556701894 0
1556701895 0
1556701896 0
1556701897 0
1556701898 0
1556701899 0
1556701900 0
1556701901 0
1556701902 0
1556701903 0
1556701904 0
1556701905 0
1556701906 0
1556701907 0
1556701908 0
1556701909 0
1556701910 0
1556701911 0
1556701912 0
1556701913 0
1556701914 0
1556701915 0
1556701916 0
1556701917 0
1556701918 0
1556701919 0
1556701920 0
1556701921 0
1556701922 0
1556701923 0
1556701924 0
1556701925 0
1556701926 0
1556701927 0
1556701928 0
1556701929 0
1556701930 0
1556701931 0
1556701932 0
1556701933 0
1556701934 0
1556701935 0
1556701936 0
1556701937 0
1556701938 0
1556701939 0
1556701940 0
1556701941 0
1556701942 0
1556701943 0
1556701944 0
1556701945 0
1556701946 0
1556701947 0
1556701948 0
1556701949 0
1556701950 0
1556701951 0
1556701952 0
1556701953 0
1556701954 0
1556701955 0
1556701956 0
1556701957 0
1556701958 0
1556701959 0
1556701960 0
1556701961 0
1556701962 0
1556701963 0
1556701964 0
1556701965 0
1556701966 0
1556701967 0
1556701968 0
1556701969 0
1556701970 0
1556701971 0
1556701972 0
1556701973 0
1556701974 0
1556701975 0
1556701976 0
1556701977 0
1556701978 0
1556701979 0
1556701980 0
1556701981 0
1556701982 0
1556701983 0
1556701984 0
1556701985 0
1556701986 0
1556701987 0
1556701988 0
1556701989 0
1556701990 0
1556701991 0
1556701992 0
1556701993 0
1556701994 0
1556701995 0
1556701996 0
1556701997 0
1556701998 0
1556701999 0
1556702000 0
1556702001 0
1556702002 0
1556702003 0
1556702004 0
1556702005 0
1556702006 0
1556702007 0
1556702008 0
1556702009 0
1556702010 0
1556702011 0
1556702012 0
1556702013 0
1556702014 0
1556702015 0
1556702016 0
1556702017 0
1556702018 0
1556702019 0
1556702020 0
1556702021 0
1556702022 0
1556702023 0
1556702024 0
1556702025 0
1556702026 0
1556702027 0
1556702028 0
1556702029 0
1556702030 0
1556702031 0
1556702032 0
1556702033 0
1556702034 0
1556702035 0
1556702036 0
1556702037 0
1556702038 0
1556702039 0
1556702040 0
1556702041 0
1556702042 0
1556702043 0
1556702044 0
1556702045 0
1556702046 0
1556702047 0
1556702048 0
1556702049 0
1556702050 0
1556702051 0
1556702052 0
1556702053 0
1556702054 0
1556702055 0
1556702056 0
1556702057 0
1556702058 0
1556702059 0
1556702060 0
1556702061 0
1556702062 0
1556702063 0
1556702064 0
1556702065 0
1556702066 0
1556702067 0
1556702068 0
1556702069 0
1556702070 0
1556702071 0
1556702072 0
1556702073 0
1556702074 0
1556702075 0
1556702076 0
1556702077 0
1556702078 0
1556702079 0
1556702080 0
1556702081 0
1556702082 0
1556702083 0
1556702084 0
1556702085 0
1556702086 0
1556702087 0
1556702088 0
1556702089 0
1556702090 0
1556702091 0
1556702092 0
1556702093 0
1556702094 0
1556702095 0
1556702096 0
1556702097 0
1556702098 0
1556702099 0
1556702100 0
1556702101 0
1556702102 0
1556702103 0
1556702104 0
1556702105 0
1556702106 0
1556702107 0
1556702108 0
1556702109 0
1556702110 0
1556702111 0
1556702112 0
1556702113 0
1556702114 0
1556702115 0
1556702116 0
1556702117 0
1556702118 0
1556702119 0
1556702120 0
1556702121 0
1556702122 0
1556702123 0
1556702124 0
1556702125 0
1556702126 0
1556702127 0
1556702128 0
1556702129 0
1556702130 0
1556702131 0
1556702132 0
1556702133 0
1556702134 0
1556702135 0
1556702136 0
1556702137 0
1556702138 0
1556702139 0
1556702140 0
1556702141 0
1556702142 0
1556702143 0
1556702144 0
1556702145 0
1556702146 0
1556702147 0
1556702148 0
1556702149 0
1556702150 0
1556702151 0
1556702152 0
1556702153 0
1556702154 0
1556702155 0
1556702156 0
1556702157 0
1556702158 0
1556702159 0
1556702160 0
1556702161 0
1556702162 0
1556702163 0
1556702164 0
1556702165 0
1556702166 0
1556702167 0
1556702168 0
1556702169 0
1556702170 0
1556702171 0
1556702172 0
1556702173 0
1556702174 0
1556702175 0
1556702176 0
1556702177 0
1556702178 0
1556702179 0
1556702180 0
1556702181 0
1556702182 0
1556702183 0
1556702184 0
1556702185 0
1556702186 0
1556702187 0
1556702188 0
1556702189 0
1556702190 0
1556702191 0
1556702192 0
1556702193 0
1556702194 0
1556702195 0
1556702196 0
1556702197 0
1556702198 0
1556702199 0
1556702200 0
1556702201 0
1556702202 0
1556702203 0
1556702204 0
1556702205 0
1556702206 0
1556702207 0
1556702208 0
1556702209 0
1556702210 0
1556702211 0
1556702212 0
1556702213 0
1556702214 0
1556702215 0
1556702216 0
1556702217 0
1556702218 0
1556702219 0
1556702220 0
1556702221 0
1556702222 0
1556702223 0
1556702224 0
1556702225 0
1556702226 0
1556702227 0
1556702228 0
1556702229 0
1556702230 0
1556702231 0
1556702232 0
1556702233 0
1556702234 0
1556702235 0
1556702236 0
1556702237 0
1556702238 0
1556702239 0
1556702240 0
1556702241 0
1556702242 0
1556702243 0
1556702244 0
1556702245 0
1556702246 0
1556702247 0
1556702248 0
1556702249 0
1556702250 0
1556702251 0
1556702252 0
1556702253 0
1556702254 0
1556702255 0
1556702256 0
1556702257 0
1556702258 0
1556702259 0
1556702260 0
1556702261 0
1556702262 0
1556702263 0
1556702264 0
1556702265 0
1556702266 0
1556702267 0
1556702268 0
1556702269 0
1556702270 0
1556702271 0
1556702272 0
1556702273 0
1556702274 0
1556702275 0
1556702276 0
1556702277 0
1556702278 0
1556702279 0
1556702280 0
1556702281 0
1556702282 0
1556702283 0
1556702284 0
1556702285 0
1556702286 0
1556702287 0
1556702288 0
1556702289 0
1556702290 0
1556702291 0
1556702292 0
1556702293 0
1556702294 0
1556702295 0
1556702296 0
1556702297 0
1556702298 0
1556702299 0
1556702300 0
1556702301 0
1556702302 0
1556702303 0
1556702304 0
1556702305 0
1556702306 0
1556702307 0
1556702308 0
1556702309 0
1556702310 0
1556702311 0
1556702312 0
1556702313 0
1556702314 0
1556702315 0
1556702316 0
1556702317 0
1556702318 0
1556702319 0
1556702320 0
1556702321 0
1556702322 0
1556702323 0
1556702324 0
1556702325 0
1556702326 0
1556702327 0
1556702328 0
1556702329 0
1556702330 0
1556702331 0
1556702332 0
1556702333 0
1556702334 0
1556702335 0
1556702336 0
1556702337 0
1556702338 0
1556702339 0
1556702340 0
1556702341 0
1556702342 0
1556702343 0
1556702344 0
1556702345 0
1556702346 0
1556702347 0
1556702348 0
1556702349 0
1556702350 0
1556702351 0
1556702352 0
1556702353 0
1556702354 0
1556702355 0
1556702356 0
1556702357 0
1556702358 0
1556702359 0
1556702360 0
1556702361 0
1556702362 0
1556702363 0
1556702364 0
1556702365 0
1556702366 0
1556702367 0
1556702368 0
1556702369 0
1556702370 0
1556702371 0
1556702372 0
1556702373 0
1556702374 0
1556702375 0
1556702376 0
1556702377 0
1556702378 0
1556702379 0
1556702380 0
1556702381 0
1556702382 0
1556702383 0
1556702384 0
1556702385 0
1556702386 0
1556702387 0
1556702388 0
1556702389 0
1556702390 0
1556702391 0
1556702392 0
1556702393 0
1556702394 0
1556702395 0
1556702396 0
1556702397 0
1556702398 0
1556702399 0
1556702400 0
1556702401 0
1556702402 0
1556702403 0
1556702404 0
1556702405 0
1556702406 0
1556702407 0
1556702408 0
1556702409 0
1556702410 0
1556702411 0
1556702412 0
1556702413 0
1556702414 0
1556702415 0
1556702416 0
1556702417 0
1556702418 0
1556702419 0
1556702420 0
1556702421 0
1556702422 0
1556702423 0
1556702424 0
1556702425 0
1556702426 0
1556702427 0
1556702428 0
1556702429 0
1556702430 0
1556702431 0
1556702432 0
1556702433 0
1556702434 0
1556702435 0
1556702436 0
1556702437 0
1556702438 0
1556702439 0
1556702440 0
1556702441 0
1556702442 0
1556702443 0
1556702444 0
1556702445 0
1556702446 0
1556702447 0
1556702448 0
1556702449 0
1556702450 0
1556702451 0
1556702452 0
1556702453 0
1556702454 0
1556702455 0
1556702456 0
1556702457 0
1556702458 0
1556702459 0
1556702460 0
1556702461 0
1556702462 0
1556702463 0
1556702464 0
1556702465 0
1556702466 0
1556702467 0
1556702468 0
1556702469 0
1556702470 0
1556702471 0
1556702472 0
1556702473 0
1556702474 0
1556702475 0
1556702476 0
1556702477 0
1556702478 0
1556702479 0
1556702480 0
1556702481 0
1556702482 0
1556702483 0
1556702484 0
1556702485 0
1556702486 0
1556702487 0
1556702488 0
1556702489 0
1556702490 0
1556702491 0
1556702492 0
1556702493 0
1556702494 0
1556702495 0
1556702496 0
1556702497 0
1556702498 0
1556702499 0
1556702500 0
1556702501 0
1556702502 0
1556702503 0
1556702504 0
1556702505 0
1556702506 0
1556702507 0
1556702508 0
1556702509 0
1556702510 0
1556702511 0
1556702512 0
1556702513 0
1556702514 0
1556702515 0
1556702516 0
1556702517 0
1556702518 0
1556702519 0
1556702520 0
1556702521 0
1556702522 0
1556702523 0
1556702524 0
1556702525 0
1556702526 0
1556702527 0
1556702528 0
1556702529 0
1556702530 0
1556702531 0
1556702532 0
1556702533 0
1556702534 0
1556702535 0
1556702536 0
1556702537 0
1556702538 0
1556702539 0
1556702540 0
1556702541 0
1556702542 0
1556702543 0
1556702544 0
1556702545 0
1556702546 0
1556702547 0
1556702548 0
1556702549 0
1556702550 0
1556702551 0
1556702552 0
1556702553 0
1556702554 0
1556702555 0
1556702556 0
1556702557 0
1556702558 0
1556702559 0
1556702560 0
1556702561 0
1556702562 0
1556702563 0
1556702564 0
1556702565 0
1556702566 0
1556702567 0
1556702568 0
1556702569 0
1556702570 0
1556702571 0
1556702572 0
1556702573 0
1556702574 0
1556702575 0
1556702576 0
1556702577 0
1556702578 0
1556702579 0
1556702580 0
1556702581 0
1556702582 0
1556702583 0
1556702584 0
1556702585 0
1556702586 0
1556702587 0
1556702588 0
1556702589 0
1556702590 0
1556702591 0
1556702592 0
1556702593 0
1556702594 0
1556702595 0
1556702596 0
1556702597 0
1556702598 0
1556702599 0
1556702600 0
1556702601 0
1556702602 0
1556702603 0
1556702604 0
1556702605 0
1556702606 0
1556702607 0
1556702608 0
1556702609 0
1556702610 0
1556702611 0
1556702612 0
1556702613 0
1556702614 0
1556702615 0
1556702616 0
1556702617 0
1556702618 0
1556702619 0
1556702620 0
1556702621 0
1556702622 0
1556702623 0
1556702624 0
1556702625 0
1556702626 0
1556702627 0
1556702628 0
1556702629 0
1556702630 0
1556702631 0
1556702632 0
1556702633 0
1556702634 0
1556702635 0
1556702636 0
1556702637 0
1556702638 0
1556702639 0
1556702640 0
1556702641 0
1556702642 0
1556702643 0
1556702644 0
1556702645 0
1556702646 0
1556702647 0
1556702648 0
1556702649 0
1556702650 0
1556702651 0
1556702652 0
1556702653 0
1556702654 0
1556702655 0
1556702656 0
1556702657 0
1556702658 0
1556702659 0
1556702660 0
1556702661 0
1556702662 0
1556702663 0
1556702664 0
1556702665 0
1556702666 0
1556702667 0
1556702668 0
1556702669 0
1556702670 0
1556702671 0
1556702672 0
1556702673 0
1556702674 0
1556702675 0
1556702676 0
1556702677 0
1556702678 0
1556702679 0
1556702680 0
1556702681 0
1556702682 0
1556702683 0
1556702684 0
1556702685 0
1556702686 0
1556702687 0
1556702688 0
1556702689 0
1556702690 0
1556702691 0
1556702692 0
1556702693 0
1556702694 0
1556702695 0
1556702696 0
1556702697 0
1556702698 0
1556702699 0
1556702700 0
1556702701 0
1556702702 0
1556702703 0
1556702704 0
1556702705 0
1556702706 0
1556702707 0
1556702708 0
1556702709 0
1556702710 0
1556702711 0
1556702712 0
1556702713 0
1556702714 0
1556702715 0
1556702716 0
1556702717 0
1556702718 0
1556702719 0
1556702720 0
1556702721 0
1556702722 0
1556702723 0
1556702724 0
1556702725 0
1556702726 0
1556702727 0
1556702728 0
1556702729 0
1556702730 0
1556702731 0
1556702732 0
1556702733 0
1556702734 0
1556702735 0
1556702736 0
1556702737 0
1556702738 0
1556702739 0
1556702740 0
1556702741 0
1556702742 0
1556702743 0
1556702744 0
1556702745 0
1556702746 0
1556702747 0
1556702748 0
1556702749 0
1556702750 0
1556702751 0
1556702752 0
1556702753 0
1556702754 0
1556702755 0
1556702756 0
1556702757 0
1556702758 0
1556702759 0
1556702760 0
1556702761 0
1556702762 0
1556702763 0
1556702764 0
1556702765 0
1556702766 0
1556702767 0
1556702768 0
1556702769 0
1556702770 0
1556702771 0
1556702772 0
1556702773 0
1556702774 0
1556702775 0
1556702776 0
1556702777 0
1556702778 0
1556702779 0
1556702780 0
1556702781 0
1556702782 0
1556702783 0
1556702784 0
1556702785 0
1556702786 0
1556702787 0
1556702788 0
1556702789 0
1556702790 0
1556702791 0
1556702792 0
1556702793 0
1556702794 0
1556702795 0
1556702796 0
1556702797 0
1556702798 0
1556702799 0
1556702800 0
1556702801 0
1556702802 0
1556702803 0
1556702804 0
1556702805 0
1556702806 0
1556702807 0
1556702808 0
1556702809 0
1556702810 0
1556702811 0
1556702812 0
1556702813 0
1556702814 0
1556702815 0
1556702816 0
1556702817 0
1556702818 0
1556702819 0
1556702820 0
1556702821 0
1556702822 0
1556702823 0
1556702824 0
1556702825 0
1556702826 0
1556702827 0
1556702828 0
1556702829 0
1556702830 0
1556702831 0
1556702832 0
1556702833 0
1556702834 0
1556702835 0
1556702836 0
1556702837 0
1556702838 0
1556702839 0
1556702840 0
1556702841 0
1556702842 0
1556702843 0
1556702844 0
1556702845 0
1556702846 0
1556702847 0
1556702848 0
1556702849 0
1556702850 0
1556702851 0
1556702852 0
1556702853 0
1556702854 0
1556702855 0
1556702856 0
1556702857 0
1556702858 0
1556702859 0
1556702860 0
1556702861 0
1556702862 0
1556702863 0
1556702864 0
1556702865 0
1556702866 0
1556702867 0
1556702868 0
1556702869 0
1556702870 0
1556702871 0
1556702872 0
1556702873 0
1556702874 0
1556702875 0
1556702876 0
1556702877 0
1556702878 0
1556702879 0
1556702880 0
1556702881 0
1556702882 0
1556702883 0
1556702884 0
1556702885 0
1556702886 0
1556702887 0
1556702888 0
1556702889 0
1556702890 0
1556702891 0
1556702892 0
1556702893 0
1556702894 0
1556702895 0
1556702896 0
1556702897 0
1556702898 0
1556702899 0
1556702900 0
1556702901 0
1556702902 0
1556702903 0
1556702904 0
1556702905 0
1556702906 0
1556702907 0
1556702908 0
1556702909 0
1556702910 0
1556702911 0
1556702912 0
1556702913 0
1556702914 0
1556702915 0
1556702916 0
1556702917 0
1556702918 0
1556702919 0
1556702920 0
1556702921 0
1556702922 0
1556702923 0
1556702924 0
1556702925 0
1556702926 0
1556702927 0
1556702928 0
1556702929 0
1556702930 0
1556702931 0
1556702932 0
1556702933 0
1556702934 0
1556702935 0
1556702936 0
1556702937 0
1556702938 0
1556702939 0
1556702940 0
1556702941 0
1556702942 0
1556702943 0
1556702944 0
1556702945 0
1556702946 0
1556702947 0
1556702948 0
1556702949 0
1556702950 0
1556702951 0
1556702952 0
1556702953 0
1556702954 0
1556702955 0
1556702956 0
1556702957 0
1556702958 0
1556702959 0
1556702960 0
1556702961 0
1556702962 0
1556702963 0
1556702964 0
1556702965 0
1556702966 0
1556702967 0
1556702968 0
1556702969 0
1556702970 0
1556702971 0
1556702972 0
1556702973 0
1556702974 0
1556702975 0
1556702976 0
1556702977 0
1556702978 0
1556702979 0
1556702980 0
1556702981 0
1556702982 0
1556702983 0
1556702984 0
1556702985 0
1556702986 0
1556702987 0
1556702988 0
1556702989 0
1556702990 0
1556702991 0
1556702992 0
1556702993 0
1556702994 0
1556702995 0
1556702996 0
1556702997 0
1556702998 0
1556702999 0
1556703000 0
1556703001 0
1556703002 0
1556703003 0
1556703004 0
1556703005 0
1556703006 0
1556703007 0
1556703008 0
1556703009 0
1556703010 0
1556703011 0
1556703012 0
1556703013 0
1556703014 0
1556703015 0
1556703016 0
1556703017 0
1556703018 0
1556703019 0
1556703020 0
1556703021 0
1556703022 0
1556703023 0
1556703024 0
1556703025 0
1556703026 0
1556703027 0
1556703028 0
1556703029 0
1556703030 0
1556703031 0
1556703032 0
1556703033 0
1556703034 0
1556703035 0
1556703036 0
1556703037 0
1556703038 0
1556703039 0
1556703040 0
1556703041 0
1556703042 0
1556703043 0
1556703044 0
1556703045 0
1556703046 0
1556703047 0
1556703048 0
1556703049 0
1556703050 0
1556703051 0
1556703052 0
1556703053 0
1556703054 0
1556703055 0
1556703056 0
1556703057 0
1556703058 0
1556703059 0
1556703060 0
1556703061 0
1556703062 0
1556703063 0
1556703064 0
1556703065 0
1556703066 0
1556703067 0
1556703068 0
1556703069 0
1556703070 0
1556703071 0
1556703072 0
1556703073 0
1556703074 0
1556703075 0
1556703076 0
1556703077 0
1556703078 0
1556703079 0
1556703080 0
1556703081 0
1556703082 0
1556703083 0
1556703084 0
1556703085 0
1556703086 0
1556703087 0
1556703088 0
1556703089 0
1556703090 0
1556703091 0
1556703092 0
1556703093 0
1556703094 0
1556703095 0
1556703096 0
1556703097 0
1556703098 0
1556703099 0
1556703100 0
1556703101 0
1556703102 0
1556703103 0
1556703104 0
1556703105 0
1556703106 0
1556703107 0
1556703108 0
1556703109 0
1556703110 0
1556703111 0
1556703112 0
1556703113 0
1556703114 0
1556703115 0
1556703116 0
1556703117 0
1556703118 0
1556703119 0
1556703120 0
1556703121 0
1556703122 0
1556703123 0
1556703124 0
1556703125 0
1556703126 0
1556703127 0
1556703128 0
1556703129 0
1556703130 0
1556703131 0
1556703132 0
1556703133 0
1556703134 0
1556703135 0
1556703136 0
1556703137 0
1556703138 0
1556703139 0
1556703140 0
1556703141 0
1556703142 0
1556703143 0
1556703144 0
1556703145 0
1556703146 0
1556703147 0
1556703148 0
1556703149 0
1556703150 0
1556703151 0
1556703152 0
1556703153 0
1556703154 0
1556703155 0
1556703156 0
1556703157 0
1556703158 0
1556703159 0
1556703160 0
1556703161 0
1556703162 0
1556703163 0
1556703164 0
1556703165 0
1556703166 0
1556703167 0
1556703168 0
1556703169 0
1556703170 0
1556703171 0
1556703172 0
1556703173 0
1556703174 0
1556703175 0
1556703176 0
1556703177 0
1556703178 0
1556703179 0
1556703180 0
1556703181 0
1556703182 0
1556703183 0
1556703184 0
1556703185 0
1556703186 0
1556703187 0
1556703188 0
1556703189 0
1556703190 0
1556703191 0
1556703192 0
1556703193 0
1556703194 0
1556703195 0
1556703196 0
1556703197 0
1556703198 0
1556703199 0
1556703200 0
1556703201 0
1556703202 0
1556703203 0
1556703204 0
1556703205 0
1556703206 0
1556703207 0
1556703208 0
1556703209 0
1556703210 0
1556703211 0
1556703212 0
1556703213 0
1556703214 0
1556703215 0
1556703216 0
1556703217 0
1556703218 0
1556703219 0
1556703220 0
1556703221 0
1556703222 0
1556703223 0
1556703224 0
1556703225 0
1556703226 0
1556703227 0
1556703228 0
1556703229 0
1556703230 0
1556703231 0
1556703232 0
1556703233 0
1556703234 0
1556703235 0
1556703236 0
1556703237 0
1556703238 0
1556703239 0
1556703240 0
1556703241 0
1556703242 0
1556703243 0
1556703244 0
1556703245 0
1556703246 0
1556703247 0
1556703248 0
1556703249 0
1556703250 0
1556703251 0
1556703252 0
1556703253 0
1556703254 0
1556703255 0
1556703256 0
1556703257 0
1556703258 0
1556703259 0
1556703260 0
1556703261 0
1556703262 0
1556703263 0
1556703264 0
1556703265 0
1556703266 0
1556703267 0
1556703268 0
1556703269 0
1556703270 0
1556703271 0
1556703272 0
1556703273 0
1556703274 0
1556703275 0
1556703276 0
1556703277 0
1556703278 0
1556703279 0
1556703280 0
1556703281 0
1556703282 0
1556703283 0
1556703284 0
1556703285 0
1556703286 0
1556703287 0
1556703288 0
1556703289 0
1556703290 0
1556703291 0
1556703292 0
1556703293 0
1556703294 0
1556703295 0
1556703296 0
1556703297 0
1556703298 0
1556703299 0
1556703300 0
1556703301 0
1556703302 0
1556703303 0
1556703304 0
1556703305 0
1556703306 0
1556703307 0
1556703308 0
1556703309 0
1556703310 0
1556703311 0
1556703312 0
1556703313 0
1556703314 0
1556703315 0
1556703316 0
1556703317 0
1556703318 0
1556703319 0
1556703320 0
1556703321 0
1556703322 0
1556703323 0
1556703324 0
1556703325 0
1556703326 0
1556703327 0
1556703328 0
1556703329 0
1556703330 0
1556703331 0
1556703332 0
1556703333 0
1556703334 0
1556703335 0
1556703336 0
1556703337 0
1556703338 0
1556703339 0
1556703340 0
1556703341 0
1556703342 0
1556703343 0
1556703344 0
1556703345 0
1556703346 0
1556703347 0
1556703348 0
1556703349 0
1556703350 0
1556703351 0
1556703352 0
1556703353 0
1556703354 0
1556703355 0
1556703356 0
1556703357 0
1556703358 0
1556703359 0
1556703360 0
1556703361 0
1556703362 0
1556703363 0
1556703364 0
1556703365 0
1556703366 0
1556703367 0
1556703368 0
1556703369 0
1556703370 0
1556703371 0
1556703372 0
1556703373 0
1556703374 0
1556703375 0
1556703376 0
1556703377 0
1556703378 0
1556703379 0
1556703380 0
1556703381 0
1556703382 0
1556703383 0
1556703384 0
1556703385 0
1556703386 0
1556703387 0
1556703388 0
1556703389 0
1556703390 0
1556703391 0
1556703392 0
1556703393 0
1556703394 0
1556703395 0
1556703396 0
1556703397 0
1556703398 0
1556703399 0
1556703400 0
1556703401 0
1556703402 0
1556703403 0
1556703404 0
1556703405 0
1556703406 0
1556703407 0
1556703408 0
1556703409 0
1556703410 0
1556703411 0
1556703412 0
1556703413 0
1556703414 0
1556703415 0
1556703416 0
1556703417 0
1556703418 0
1556703419 0
1556703420 0
1556703421 0
1556703422 0
1556703423 0
1556703424 0
1556703425 0
1556703426 0
1556703427 0
1556703428 0
1556703429 0
1556703430 0
1556703431 0
1556703432 0
1556703433 0
1556703434 0
1556703435 0
1556703436 0
1556703437 0
1556703438 0
1556703439 0
1556703440 0
1556703441 0
1556703442 0
1556703443 0
1556703444 0
1556703445 0
1556703446 0
1556703447 0
1556703448 0
1556703449 0
1556703450 0
1556703451 0
1556703452 0
1556703453 0
1556703454 0
1556703455 0
1556703456 0
1556703457 0
1556703458 0
1556703459 0
1556703460 0
1556703461 0
1556703462 0
1556703463 0
1556703464 0
1556703465 0
1556703466 0
1556703467 0
1556703468 0
1556703469 0
1556703470 0
1556703471 0
1556703472 0
1556703473 0
1556703474 0
1556703475 0
1556703476 0
1556703477 0
1556703478 0
1556703479 0
1556703480 0
1556703481 0
1556703482 0
1556703483 0
1556703484 0
1556703485 0
1556703486 0
1556703487 0
1556703488 0
1556703489 0
1556703490 0
1556703491 0
1556703492 0
1556703493 0
1556703494 0
1556703495 0
1556703496 0
1556703497 0
1556703498 0
1556703499 0
1556703500 0
1556703501 0
1556703502 0
1556703503 0
1556703504 0
1556703505 0
1556703506 0
1556703507 0
1556703508 0
1556703509 0
1556703510 0
1556703511 0
1556703512 0
1556703513 0
1556703514 0
1556703515 0
1556703516 0
1556703517 0
1556703518 0
1556703519 0
1556703520 0
1556703521 0
1556703522 0
1556703523 0
1556703524 0
1556703525 0
1556703526 0
1556703527 0
1556703528 0
1556703529 0
1556703530 0
1556703531 0
1556703532 0
1556703533 0
1556703534 0
1556703535 0
1556703536 0
1556703537 0
1556703538 0
1556703539 0
1556703540 0
1556703541 0
1556703542 0
1556703543 0
1556703544 0
1556703545 0
1556703546 0
1556703547 0
1556703548 0
1556703549 0
1556703550 0
1556703551 0
1556703552 0
1556703553 0
1556703554 0
1556703555 0
1556703556 0
1556703557 0
1556703558 0
1556703559 0
1556703560 0
1556703561 0
1556703562 0
1556703563 0
1556703564 0
1556703565 0
1556703566 0
1556703567 0
1556703568 0
1556703569 0
1556703570 0
1556703571 0
1556703572 0
1556703573 0
1556703574 0
1556703575 0
1556703576 0
1556703577 0
1556703578 0
1556703579 0
1556703580 0
1556703581 0
1556703582 0
1556703583 0
1556703584 0
1556703585 0
1556703586 0
1556703587 0
1556703588 0
1556703589 0
1556703590 0
1556703591 0
1556703592 0
1556703593 0
1556703594 0
1556703595 0
1556703596 0
1556703597 0
1556703598 0
1556703599 0
1556703600 0
1556703601 0
1556703602 0
1556703603 0
1556703604 0
1556703605 0
1556703606 0
1556703607 0
1556703608 0
1556703609 0
1556703610 0
1556703611 0
1556703612 0
1556703613 0
1556703614 0
1556703615 0
1556703616 0
1556703617 0
1556703618 0
1556703619 0
1556703620 0
1556703621 0
1556703622 0
1556703623 0
1556703624 0
1556703625 0
1556703626 0
1556703627 0
1556703628 0
1556703629 0
1556703630 0
1556703631 0
1556703632 0
1556703633 0
1556703634 0
1556703635 0
1556703636 0
1556703637 0
1556703638 0
1556703639 0
1556703640 0
1556703641 0
1556703642 0
1556703643 0
1556703644 0
1556703645 0
1556703646 0
1556703647 0
1556703648 0
1556703649 0
1556703650 0
1556703651 0
1556703652 0
1556703653 0
1556703654 0
1556703655 0
1556703656 0
1556703657 0
1556703658 0
1556703659 0
1556703660 0
1556703661 0
1556703662 0
1556703663 0
1556703664 0
1556703665 0
1556703666 0
1556703667 0
1556703668 0
1556703669 0
1556703670 0
1556703671 0
1556703672 0
1556703673 0
1556703674 0
1556703675 0
1556703676 0
1556703677 0
1556703678 0
1556703679 0
1556703680 0
1556703681 0
1556703682 0
1556703683 0
1556703684 0
1556703685 0
1556703686 0
1556703687 0
1556703688 0
1556703689 0
1556703690 0
1556703691 0
1556703692 0
1556703693 0
1556703694 0
1556703695 0
1556703696 0
1556703697 0
1556703698 0
1556703699 0
1556703700 0
1556703701 0
1556703702 0
1556703703 0
1556703704 0
1556703705 0
1556703706 0
1556703707 0
1556703708 0
1556703709 0
1556703710 0
1556703711 0
1556703712 0
1556703713 0
1556703714 0
1556703715 0
1556703716 0
1556703717 0
1556703718 0
1556703719 0
1556703720 0
1556703721 0
1556703722 0
1556703723 0
1556703724 0
1556703725 0
1556703726 0
1556703727 0
1556703728 0
1556703729 0
1556703730 0
1556703731 0
1556703732 0
1556703733 0
1556703734 0
1556703735 0
1556703736 0
1556703737 0
1556703738 0
1556703739 0
1556703740 0
1556703741 0
1556703742 0
1556703743 0
1556703744 0
1556703745 0
1556703746 0
1556703747 0
1556703748 0
1556703749 0
1556703750 0
1556703751 0
1556703752 0
1556703753 0
1556703754 0
1556703755 0
1556703756 0
1556703757 0
1556703758 0
1556703759 0
1556703760 0
1556703761 0
1556703762 0
1556703763 0
1556703764 0
1556703765 0
1556703766 0
1556703767 0
1556703768 0
1556703769 0
1556703770 0
1556703771 0
1556703772 0
1556703773 0
1556703774 0
1556703775 0
1556703776 0
1556703777 0
1556703778 0
1556703779 0
1556703780 0
1556703781 0
1556703782 0
1556703783 0
1556703784 0
1556703785 0
1556703786 0
1556703787 0
1556703788 0
1556703789 0
1556703790 0
1556703791 0
1556703792 0
1556703793 0
1556703794 0
1556703795 0
1556703796 0
1556703797 0
1556703798 0
1556703799 0
1556703800 0
1556703801 0
1556703802 0
1556703803 0
1556703804 0
1556703805 0
1556703806 0
1556703807 0
1556703808 0
1556703809 0
1556703810 0
1556703811 0
1556703812 0
1556703813 0
1556703814 0
1556703815 0
1556703816 0
1556703817 0
1556703818 0
1556703819 0
1556703820 0
1556703821 0
1556703822 0
1556703823 0
1556703824 0
1556703825 0
1556703826 0
1556703827 0
1556703828 0
1556703829 0
1556703830 0
1556703831 0
1556703832 0
1556703833 0
1556703834 0
1556703835 0
1556703836 0
1556703837 0
1556703838 0
1556703839 0
1556703840 0
1556703841 0
1556703842 0
1556703843 0
1556703844 0
1556703845 0
1556703846 0
1556703847 0
1556703848 0
1556703849 0
1556703850 0
1556703851 0
1556703852 0
1556703853 0
1556703854 0
1556703855 0
1556703856 0
1556703857 0
1556703858 0
1556703859 0
1556703860 0
1556703861 0
1556703862 0
1556703863 0
1556703864 0
1556703865 0
1556703866 0
1556703867 0
1556703868 0
1556703869 0
1556703870 0
1556703871 0
1556703872 0
1556703873 0
1556703874 0
1556703875 0
1556703876 0
1556703877 0
1556703878 0
1556703879 0
1556703880 0
1556703881 0
1556703882 0
1556703883 0
1556703884 0
1556703885 0
1556703886 0
1556703887 0
1556703888 0
1556703889 0
1556703890 0
1556703891 0
1556703892 0
1556703893 0
1556703894 0
1556703895 0
1556703896 0
1556703897 0
1556703898 0
1556703899 0
1556703900 0
1556703901 0
1556703902 0
1556703903 0
1556703904 0
1556703905 0
1556703906 0
1556703907 0
1556703908 0
1556703909 0
1556703910 0
1556703911 0
1556703912 0
1556703913 0
1556703914 0
1556703915 0
1556703916 0
1556703917 0
1556703918 0
1556703919 0
1556703920 0
1556703921 0
1556703922 0
1556703923 0
1556703924 0
1556703925 0
1556703926 0
1556703927 0
1556703928 0
1556703929 0
1556703930 0
1556703931 0
1556703932 0
1556703933 0
1556703934 0
1556703935 0
1556703936 0
1556703937 0
1556703938 0
1556703939 0
1556703940 0
1556703941 0
1556703942 0
1556703943 0
1556703944 0
1556703945 0
1556703946 0
1556703947 0
1556703948 0
1556703949 0
1556703950 0
1556703951 0
1556703952 0
1556703953 0
1556703954 0
1556703955 0
1556703956 0
1556703957 0
1556703958 0
1556703959 0
1556703960 0
1556703961 0
1556703962 0
1556703963 0
1556703964 0
1556703965 0
1556703966 0
1556703967 0
1556703968 0
1556703969 0
1556703970 0
1556703971 0
1556703972 0
1556703973 0
1556703974 0
1556703975 0
1556703976 0
1556703977 0
1556703978 0
1556703979 0
1556703980 0
1556703981 0
1556703982 0
1556703983 0
1556703984 0
1556703985 0
1556703986 0
1556703987 0
1556703988 0
1556703989 0
1556703990 0
1556703991 0
1556703992 0
1556703993 0
1556703994 0
1556703995 0
1556703996 0
1556703997 0
1556703998 0
1556703999 0
1556704000 0
1556704001 0
1556704002 0
1556704003 0
1556704004 0
1556704005 0
1556704006 0
1556704007 0
1556704008 0
1556704009 0
1556704010 0
1556704011 0
1556704012 0
1556704013 0
1556704014 0
1556704015 0
1556704016 0
1556704017 0
1556704018 0
1556704019 0
1556704020 0
1556704021 0
1556704022 0
1556704023 0
1556704024 0
1556704025 0
1556704026 0
1556704027 0
1556704028 0
1556704029 0
1556704030 0
1556704031 0
1556704032 0
1556704033 0
1556704034 0
1556704035 0
1556704036 0
1556704037 0
1556704038 0
1556704039 0
1556704040 0
1556704041 0
1556704042 0
1556704043 0
1556704044 0
1556704045 0
1556704046 0
1556704047 0
1556704048 0
1556704049 0
1556704050 0
1556704051 0
1556704052 0
1556704053 0
1556704054 0
1556704055 0
1556704056 0
1556704057 0
1556704058 0
1556704059 0
1556704060 0
1556704061 0
1556704062 0
1556704063 0
1556704064 0
1556704065 0
1556704066 0
1556704067 0
1556704068 0
1556704069 0
1556704070 0
1556704071 0
1556704072 0
1556704073 0
1556704074 0
1556704075 0
1556704076 0
1556704077 0
1556704078 0
1556704079 0
1556704080 0
1556704081 0
1556704082 0
1556704083 0
1556704084 0
1556704085 0
1556704086 0
1556704087 0
1556704088 0
1556704089 0
1556704090 0
1556704091 0
1556704092 0
1556704093 0
1556704094 0
1556704095 0
1556704096 0
1556704097 0
1556704098 0
1556704099 0
1556704100 0
1556704101 0
1556704102 0
1556704103 0
1556704104 0
1556704105 0
1556704106 0
1556704107 0
1556704108 0
1556704109 0
1556704110 0
1556704111 0
1556704112 0
1556704113 0
1556704114 0
1556704115 0
1556704116 0
1556704117 0
1556704118 0
1556704119 0
1556704120 0
1556704121 0
1556704122 0
1556704123 0
1556704124 0
1556704125 0
1556704126 0
1556704127 0
1556704128 0
1556704129 0
1556704130 0
1556704131 0
1556704132 0
1556704133 0
1556704134 0
1556704135 0
1556704136 0
1556704137 0
1556704138 0
1556704139 0
1556704140 0
1556704141 0
1556704142 0
1556704143 0
1556704144 0
1556704145 0
1556704146 0
1556704147 0
1556704148 0
1556704149 0
1556704150 0
1556704151 0
1556704152 0
1556704153 0
1556704154 0
1556704155 0
1556704156 0
1556704157 0
1556704158 0
1556704159 0
1556704160 0
1556704161 0
1556704162 0
1556704163 0
1556704164 0
1556704165 0
1556704166 0
1556704167 0
1556704168 0
1556704169 0
1556704170 0
1556704171 0
1556704172 0
1556704173 0
1556704174 0
1556704175 0
1556704176 0
1556704177 0
1556704178 0
1556704179 0
1556704180 0
1556704181 0
1556704182 0
1556704183 0
1556704184 0
1556704185 0
1556704186 0
1556704187 0
1556704188 0
1556704189 0
1556704190 0
1556704191 0
1556704192 0
1556704193 0
1556704194 0
1556704195 0
1556704196 0
1556704197 0
1556704198 0
1556704199 0
1556704200 0
1556704201 0
1556704202 0
1556704203 0
1556704204 0
1556704205 0
1556704206 0
1556704207 0
1556704208 0
1556704209 0
1556704210 0
1556704211 0
1556704212 0
1556704213 0
1556704214 0
1556704215 0
1556704216 0
1556704217 0
1556704218 0
1556704219 0
1556704220 0
1556704221 0
1556704222 0
1556704223 0
1556704224 0
1556704225 0
1556704226 0
1556704227 0
1556704228 0
1556704229 0
1556704230 0
1556704231 0
1556704232 0
1556704233 0
1556704234 0
1556704235 0
1556704236 0
1556704237 0
1556704238 0
1556704239 0
1556704240 0
1556704241 0
1556704242 0
1556704243 0
1556704244 0
1556704245 0
1556704246 0
1556704247 0
1556704248 0
1556704249 0
1556704250 0
1556704251 0
1556704252 0
1556704253 0
1556704254 0
1556704255 0
1556704256 0
1556704257 0
1556704258 0
1556704259 0
1556704260 0
1556704261 0
1556704262 0
1556704263 0
1556704264 0
1556704265 0
1556704266 0
1556704267 0
1556704268 0
1556704269 0
1556704270 0
1556704271 0
1556704272 0
1556704273 0
1556704274 0
1556704275 0
1556704276 0
1556704277 0
1556704278 0
1556704279 0
1556704280 0
1556704281 0
1556704282 0
1556704283 0
1556704284 0
1556704285 0
1556704286 0
1556704287 0
1556704288 0
1556704289 0
1556704290 0
1556704291 0
1556704292 0
1556704293 0
1556704294 0
1556704295 0
1556704296 0
1556704297 0
1556704298 0
1556704299 0
1556704300 0
1556704301 0
1556704302 0
1556704303 0
1556704304 0
1556704305 0
1556704306 0
1556704307 0
1556704308 0
1556704309 0
1556704310 0
1556704311 0
1556704312 0
1556704313 0
1556704314 0
1556704315 0
1556704316 0
1556704317 0
1556704318 0
1556704319 0
1556704320 0
1556704321 0
1556704322 0
1556704323 0
1556704324 0
1556704325 0
1556704326 0
1556704327 0
1556704328 0
1556704329 0
1556704330 0
1556704331 0
1556704332 0
1556704333 0
1556704334 0
1556704335 0
1556704336 0
1556704337 0
1556704338 0
1556704339 0
1556704340 0
1556704341 0
1556704342 0
1556704343 0
1556704344 0
1556704345 0
1556704346 0
1556704347 0
1556704348 0
1556704349 0
1556704350 0
1556704351 0
1556704352 0
1556704353 0
1556704354 0
1556704355 0
1556704356 0
1556704357 0
1556704358 0
1556704359 0
1556704360 0
1556704361 0
1556704362 0
1556704363 0
1556704364 0
1556704365 0
1556704366 0
1556704367 0
1556704368 0
1556704369 0
1556704370 0
1556704371 0
1556704372 0
1556704373 0
1556704374 0
1556704375 0
1556704376 0
1556704377 0
1556704378 0
1556704379 0
1556704380 0
1556704381 0
1556704382 0
1556704383 0
1556704384 0
1556704385 0
1556704386 0
1556704387 0
1556704388 0
1556704389 0
1556704390 0
1556704391 0
1556704392 0
1556704393 0
1556704394 0
1556704395 0
1556704396 0
1556704397 0
1556704398 0
1556704399 0
1556704400 0
1556704401 0
1556704402 0
1556704403 0
1556704404 0
1556704405 0
1556704406 0
1556704407 0
1556704408 0
1556704409 0
1556704410 0
1556704411 0
1556704412 0
1556704413 0
1556704414 0
1556704415 0
1556704416 0
1556704417 0
1556704418 0
1556704419 0
1556704420 0
1556704421 0
1556704422 0
1556704423 0
1556704424 0
1556704425 0
1556704426 0
1556704427 0
1556704428 0
1556704429 0
1556704430 0
1556704431 0
1556704432 0
1556704433 0
1556704434 0
1556704435 0
1556704436 0
1556704437 0
1556704438 0
1556704439 0
1556704440 0
1556704441 0
1556704442 0
1556704443 0
1556704444 0
1556704445 0
1556704446 0
1556704447 0
1556704448 0
1556704449 0
1556704450 0
1556704451 0
1556704452 0
1556704453 0
1556704454 0
1556704455 0
1556704456 0
1556704457 0
1556704458 0
1556704459 0
1556704460 0
1556704461 0
1556704462 0
1556704463 0
1556704464 0
1556704465 0
1556704466 0
1556704467 0
1556704468 0
1556704469 0
1556704470 0
1556704471 0
1556704472 0
1556704473 0
1556704474 0
1556704475 0
1556704476 0
1556704477 0
1556704478 0
1556704479 0
1556704480 0
1556704481 0
1556704482 0
1556704483 0
1556704484 0
1556704485 0
1556704486 0
1556704487 0
1556704488 0
1556704489 0
1556704490 0
1556704491 0
1556704492 0
1556704493 0
1556704494 0
1556704495 0
1556704496 0
1556704497 0
1556704498 0
1556704499 0
1556704500 0
1556704501 0
1556704502 0
1556704503 0
1556704504 0
1556704505 0
1556704506 0
1556704507 0
1556704508 0
1556704509 0
1556704510 0
1556704511 0
1556704512 0
1556704513 0
1556704514 0
1556704515 0
1556704516 0
1556704517 0
1556704518 0
1556704519 0
1556704520 0
1556704521 0
1556704522 0
1556704523 0
1556704524 0
1556704525 0
1556704526 0
1556704527 0
1556704528 0
1556704529 0
1556704530 0
1556704531 0
1556704532 0
1556704533 0
1556704534 0
1556704535 0
1556704536 0
1556704537 0
1556704538 0
1556704539 0
1556704540 0
1556704541 0
1556704542 0
1556704543 0
1556704544 0
1556704545 0
1556704546 0
1556704547 0
1556704548 0
1556704549 0
1556704550 0
1556704551 0
1556704552 0
1556704553 0
1556704554 0
1556704555 0
1556704556 0
1556704557 0
1556704558 0
1556704559 0
1556704560 0
1556704561 0
1556704562 0
1556704563 0
1556704564 0
1556704565 0
1556704566 0
1556704567 0
1556704568 0
1556704569 0
1556704570 0
1556704571 0
1556704572 0
1556704573 0
1556704574 0
1556704575 0
1556704576 0
1556704577 0
1556704578 0
1556704579 0
1556704580 0
1556704581 0
1556704582 0
1556704583 0
1556704584 0
1556704585 0
1556704586 0
1556704587 0
1556704588 0
1556704589 0
1556704590 0
1556704591 0
1556704592 0
1556704593 0
1556704594 0
1556704595 0
1556704596 0
1556704597 0
1556704598 0
1556704599 0
1556704600 0
1556704601 0
1556704602 0
1556704603 0
1556704604 0
1556704605 0
1556704606 0
1556704607 0
1556704608 0
1556704609 0
1556704610 0
1556704611 0
1556704612 0
1556704613 0
1556704614 0
1556704615 0
1556704616 0
1556704617 0
1556704618 0
1556704619 0
1556704620 0
1556704621 0
1556704622 0
1556704623 0
1556704624 0
1556704625 0
1556704626 0
1556704627 0
1556704628 0
1556704629 0
1556704630 0
1556704631 0
1556704632 0
1556704633 0
1556704634 0
1556704635 0
1556704636 0
1556704637 0
1556704638 0
1556704639 0
1556704640 0
1556704641 0
1556704642 0
1556704643 0
1556704644 0
1556704645 0
1556704646 0
1556704647 0
1556704648 0
1556704649 0
1556704650 0
1556704651 0
1556704652 0
1556704653 0
1556704654 0
1556704655 0
1556704656 0
1556704657 0
1556704658 0
1556704659 0
1556704660 0
1556704661 0
1556704662 0
1556704663 0
1556704664 0
1556704665 0
1556704666 0
1556704667 0
1556704668 0
1556704669 0
1556704670 0
1556704671 0
1556704672 0
1556704673 0
1556704674 0
1556704675 0
1556704676 0
1556704677 0
1556704678 0
1556704679 0
1556704680 0
1556704681 0
1556704682 0
1556704683 0
1556704684 0
1556704685 0
1556704686 0
1556704687 0
1556704688 0
1556704689 0
1556704690 0
1556704691 0
1556704692 0
1556704693 0
1556704694 0
1556704695 0
1556704696 0
1556704697 0
1556704698 0
1556704699 0
1556704700 0
1556704701 0
1556704702 0
1556704703 0
1556704704 0
1556704705 0
1556704706 0
1556704707 0
1556704708 0
1556704709 0
1556704710 0
1556704711 0
1556704712 0
1556704713 0
1556704714 0
1556704715 0
1556704716 0
1556704717 0
1556704718 0
1556704719 0
1556704720 0
1556704721 0
1556704722 0
1556704723 0
1556704724 0
1556704725 0
1556704726 0
1556704727 0
1556704728 0
1556704729 0
1556704730 0
1556704731 0
1556704732 0
1556704733 0
1556704734 0
1556704735 0
1556704736 0
1556704737 0
1556704738 0
1556704739 0
1556704740 0
1556704741 0
1556704742 0
1556704743 0
1556704744 0
1556704745 0
1556704746 0
1556704747 0
1556704748 0
1556704749 0
1556704750 0
1556704751 0
1556704752 0
1556704753 0
1556704754 0
1556704755 0
1556704756 0
1556704757 0
1556704758 0
1556704759 0
1556704760 0
1556704761 0
1556704762 0
1556704763 0
1556704764 0
1556704765 0
1556704766 0
1556704767 0
1556704768 0
1556704769 0
1556704770 0
1556704771 0
1556704772 0
1556704773 0
1556704774 0
1556704775 0
1556704776 0
1556704777 0
1556704778 0
1556704779 0
1556704780 0
1556704781 0
1556704782 0
1556704783 0
1556704784 0
1556704785 0
1556704786 0
1556704787 0
1556704788 0
1556704789 0
1556704790 0
1556704791 0
1556704792 0
1556704793 0
1556704794 0
1556704795 0
1556704796 0
1556704797 0
1556704798 0
1556704799 0
1556704800 0
1556704801 0
1556704802 0
1556704803 0
1556704804 0
1556704805 0
1556704806 0
1556704807 0
1556704808 0
1556704809 0
1556704810 0
1556704811 0
1556704812 0
1556704813 0
1556704814 0
1556704815 0
1556704816 0
1556704817 0
1556704818 0
1556704819 0
1556704820 0
1556704821 0
1556704822 0
1556704823 0
1556704824 0
1556704825 0
1556704826 0
1556704827 0
1556704828 0
1556704829 0
1556704830 0
1556704831 0
1556704832 0
1556704833 0
1556704834 0
1556704835 0
1556704836 0
1556704837 0
1556704838 0
1556704839 0
1556704840 0
1556704841 0
1556704842 0
1556704843 0
1556704844 0
1556704845 0
1556704846 0
1556704847 0
1556704848 0
1556704849 0
1556704850 0
1556704851 0
1556704852 0
1556704853 0
1556704854 0
1556704855 0
1556704856 0
1556704857 0
1556704858 0
1556704859 0
1556704860 0
1556704861 0
1556704862 0
1556704863 0
1556704864 0
1556704865 0
1556704866 0
1556704867 0
1556704868 0
1556704869 0
1556704870 0
1556704871 0
1556704872 0
1556704873 0
1556704874 0
1556704875 0
1556704876 0
1556704877 0
1556704878 0
1556704879 0
1556704880 0
1556704881 0
1556704882 0
1556704883 0
1556704884 0
1556704885 0
1556704886 0
1556704887 0
1556704888 0
1556704889 0
1556704890 0
1556704891 0
1556704892 0
1556704893 0
1556704894 0
1556704895 0
1556704896 0
1556704897 0
1556704898 0
1556704899 0
1556704900 0
1556704901 0
1556704902 0
1556704903 0
1556704904 0
1556704905 0
1556704906 0
1556704907 0
1556704908 0
1556704909 0
1556704910 0
1556704911 0
1556704912 0
1556704913 0
1556704914 0
1556704915 0
1556704916 0
1556704917 0
1556704918 0
1556704919 0
1556704920 0
1556704921 0
1556704922 0
1556704923 0
1556704924 0
1556704925 0
1556704926 0
1556704927 0
1556704928 0
1556704929 0
1556704930 0
1556704931 0
1556704932 0
1556704933 0
1556704934 0
1556704935 0
1556704936 0
1556704937 0
1556704938 0
1556704939 0
1556704940 0
1556704941 0
1556704942 0
1556704943 0
1556704944 0
1556704945 0
1556704946 0
1556704947 0
1556704948 0
1556704949 0
1556704950 0
1556704951 0
1556704952 0
1556704953 0
1556704954 0
1556704955 0
1556704956 0
1556704957 0
1556704958 0
1556704959 0
1556704960 0
1556704961 0
1556704962 0
1556704963 0
1556704964 0
1556704965 0
1556704966 0
1556704967 0
1556704968 0
1556704969 0
1556704970 0
1556704971 0
1556704972 0
1556704973 0
1556704974 0
1556704975 0
1556704976 0
1556704977 0
1556704978 0
1556704979 0
1556704980 0
1556704981 0
1556704982 0
1556704983 0
1556704984 0
1556704985 0
1556704986 0
1556704987 0
1556704988 0
1556704989 0
1556704990 0
1556704991 0
1556704992 0
1556704993 0
1556704994 0
1556704995 0
1556704996 0
1556704997 0
1556704998 0
1556704999 0
1556705000 0
1556705001 0
1556705002 0
1556705003 0
1556705004 0
1556705005 0
1556705006 0
1556705007 0
1556705008 0
1556705009 0
1556705010 0
1556705011 0
1556705012 0
1556705013 0
1556705014 0
1556705015 0
1556705016 0
1556705017 0
1556705018 0
1556705019 0
1556705020 0
1556705021 0
1556705022 0
1556705023 0
1556705024 0
1556705025 0
1556705026 0
1556705027 0
1556705028 0
1556705029 0
1556705030 0
1556705031 0
1556705032 0
1556705033 0
1556705034 0
1556705035 0
1556705036 0
1556705037 0
1556705038 0
1556705039 0
1556705040 0
1556705041 0
1556705042 0
1556705043 0
1556705044 0
1556705045 0
1556705046 0
1556705047 0
1556705048 0
1556705049 0
1556705050 0
1556705051 0
1556705052 0
1556705053 0
1556705054 0
1556705055 0
1556705056 0
1556705057 0
1556705058 0
1556705059 0
1556705060 0
1556705061 0
1556705062 0
1556705063 0
1556705064 0
1556705065 0
1556705066 0
1556705067 0
1556705068 0
1556705069 0
1556705070 0
1556705071 0
1556705072 0
1556705073 0
1556705074 0
1556705075 0
1556705076 0
1556705077 0
1556705078 0
1556705079 0
1556705080 0
1556705081 0
1556705082 0
1556705083 0
1556705084 0
1556705085 0
1556705086 0
1556705087 0
1556705088 0
1556705089 0
1556705090 0
1556705091 0
1556705092 0
1556705093 0
1556705094 0
1556705095 0
1556705096 0
1556705097 0
1556705098 0
1556705099 0
1556705100 0
1556705101 0
1556705102 0
1556705103 0
1556705104 0
1556705105 0
1556705106 0
1556705107 0
1556705108 0
1556705109 0
1556705110 0
1556705111 0
1556705112 0
1556705113 0
1556705114 0
1556705115 0
1556705116 0
1556705117 0
1556705118 0
1556705119 0
1556705120 0
1556705121 0
1556705122 0
1556705123 0
1556705124 0
1556705125 0
1556705126 0
1556705127 0
1556705128 0
1556705129 0
1556705130 0
1556705131 0
1556705132 0
1556705133 0
1556705134 0
1556705135 0
1556705136 0
1556705137 0
1556705138 0
1556705139 0
1556705140 0
1556705141 0
1556705142 0
1556705143 0
1556705144 0
1556705145 0
1556705146 0
1556705147 0
1556705148 0
1556705149 0
1556705150 0
1556705151 0
1556705152 0
1556705153 0
1556705154 0
1556705155 0
1556705156 0
1556705157 0
1556705158 0
1556705159 0
1556705160 0
1556705161 0
1556705162 0
1556705163 0
1556705164 0
1556705165 0
1556705166 0
1556705167 0
1556705168 0
1556705169 0
1556705170 0
1556705171 0
1556705172 0
1556705173 0
1556705174 0
1556705175 0
1556705176 0
1556705177 0
1556705178 0
1556705179 0
1556705180 0
1556705181 0
1556705182 0
1556705183 0
1556705184 0
1556705185 0
1556705186 0
1556705187 0
1556705188 0
1556705189 0
1556705190 0
1556705191 0
1556705192 0
1556705193 0
1556705194 0
1556705195 0
1556705196 0
1556705197 0
1556705198 0
1556705199 0
1556705200 0
1556705201 0
1556705202 0
1556705203 0
1556705204 0
1556705205 0
1556705206 0
1556705207 0
1556705208 0
1556705209 0
1556705210 0
1556705211 0
1556705212 0
1556705213 0
1556705214 0
1556705215 0
1556705216 0
1556705217 0
1556705218 0
1556705219 0
1556705220 0
1556705221 0
1556705222 0
1556705223 0
1556705224 0
1556705225 0
1556705226 0
1556705227 0
1556705228 0
1556705229 0
1556705230 0
1556705231 0
1556705232 0
1556705233 0
1556705234 0
1556705235 0
1556705236 0
1556705237 0
1556705238 0
1556705239 0
1556705240 0
1556705241 0
1556705242 0
1556705243 0
1556705244 0
1556705245 0
1556705246 0
1556705247 0
1556705248 0
1556705249 0
1556705250 0
1556705251 0
1556705252 0
1556705253 0
1556705254 0
1556705255 0
1556705256 0
1556705257 0
1556705258 0
1556705259 0
1556705260 0
1556705261 0
1556705262 0
1556705263 0
1556705264 0
1556705265 0
1556705266 0
1556705267 0
1556705268 0
1556705269 0
1556705270 0
1556705271 0
1556705272 0
1556705273 0
1556705274 0
1556705275 0
1556705276 0
1556705277 0
1556705278 0
1556705279 0
1556705280 0
1556705281 0
1556705282 0
1556705283 0
1556705284 0
1556705285 0
1556705286 0
1556705287 0
1556705288 0
1556705289 0
1556705290 0
1556705291 0
1556705292 0
1556705293 0
1556705294 0
1556705295 0
1556705296 0
1556705297 0
1556705298 0
1556705299 0
1556705300 0
1556705301 0
1556705302 0
1556705303 0
1556705304 0
1556705305 0
1556705306 0
1556705307 0
1556705308 0
1556705309 0
1556705310 0
1556705311 0
1556705312 0
1556705313 0
1556705314 0
1556705315 0
1556705316 0
1556705317 0
1556705318 0
1556705319 0
1556705320 0
1556705321 0
1556705322 0
1556705323 0
1556705324 0
1556705325 0
1556705326 0
1556705327 0
1556705328 0
1556705329 0
1556705330 0
1556705331 0
1556705332 0
1556705333 0
1556705334 0
1556705335 0
1556705336 0
1556705337 0
1556705338 0
1556705339 0
1556705340 0
1556705341 0
1556705342 0
1556705343 0
1556705344 0
1556705345 0
1556705346 0
1556705347 0
1556705348 0
1556705349 0
1556705350 0
1556705351 0
1556705352 0
1556705353 0
1556705354 0
1556705355 0
1556705356 0
1556705357 0
1556705358 0
1556705359 0
1556705360 0
1556705361 0
1556705362 0
1556705363 0
1556705364 0
1556705365 0
1556705366 0
1556705367 0
1556705368 0
1556705369 0
1556705370 0
1556705371 0
1556705372 0
1556705373 0
1556705374 0
1556705375 0
1556705376 0
1556705377 0
1556705378 0
1556705379 0
1556705380 0
1556705381 0
1556705382 0
1556705383 0
1556705384 0
1556705385 0
1556705386 0
1556705387 0
1556705388 0
1556705389 0
1556705390 0
1556705391 0
1556705392 0
1556705393 0
1556705394 0
1556705395 0
1556705396 0
1556705397 0
1556705398 0
1556705399 0
1556705400 0
1556705401 0
1556705402 0
1556705403 0
1556705404 0
1556705405 0
1556705406 0
1556705407 0
1556705408 0
1556705409 0
1556705410 0
1556705411 0
1556705412 0
1556705413 0
1556705414 0
1556705415 0
1556705416 0
1556705417 0
1556705418 0
1556705419 0
1556705420 0
1556705421 0
1556705422 0
1556705423 0
1556705424 0
1556705425 0
1556705426 0
1556705427 0
1556705428 0
1556705429 0
1556705430 0
1556705431 0
1556705432 0
1556705433 0
1556705434 0
1556705435 0
1556705436 0
1556705437 0
1556705438 0
1556705439 0
1556705440 0
1556705441 0
1556705442 0
1556705443 0
1556705444 0
1556705445 0
1556705446 0
1556705447 0
1556705448 0
1556705449 0
1556705450 0
1556705451 0
1556705452 0
1556705453 0
1556705454 0
1556705455 0
1556705456 0
1556705457 0
1556705458 0
1556705459 0
1556705460 0
1556705461 0
1556705462 0
1556705463 0
1556705464 0
1556705465 0
1556705466 0
1556705467 0
1556705468 0
1556705469 0
1556705470 0
1556705471 0
1556705472 0
1556705473 0
1556705474 0
1556705475 0
1556705476 0
1556705477 0
1556705478 0
1556705479 0
1556705480 0
1556705481 0
1556705482 0
1556705483 0
1556705484 0
1556705485 0
1556705486 0
1556705487 0
1556705488 0
1556705489 0
1556705490 0
1556705491 0
1556705492 0
1556705493 0
1556705494 0
1556705495 0
1556705496 0
1556705497 0
1556705498 0
1556705499 0
1556705500 0
1556705501 0
1556705502 0
1556705503 0
1556705504 0
1556705505 0
1556705506 0
1556705507 0
1556705508 0
1556705509 0
1556705510 0
1556705511 0
1556705512 0
1556705513 0
1556705514 0
1556705515 0
1556705516 0
1556705517 0
1556705518 0
1556705519 0
1556705520 0
1556705521 0
1556705522 0
1556705523 0
1556705524 0
1556705525 0
1556705526 0
1556705527 0
1556705528 0
1556705529 0
1556705530 0
1556705531 0
1556705532 0
1556705533 0
1556705534 0
1556705535 0
1556705536 0
1556705537 0
1556705538 0
1556705539 0
1556705540 0
1556705541 0
1556705542 0
1556705543 0
1556705544 0
1556705545 0
1556705546 0
1556705547 0
1556705548 0
1556705549 0
1556705550 0
1556705551 0
1556705552 0
1556705553 0
1556705554 0
1556705555 0
1556705556 0
1556705557 0
1556705558 0
1556705559 0
1556705560 0
1556705561 0
1556705562 0
1556705563 0
1556705564 0
1556705565 0
1556705566 0
1556705567 0
1556705568 0
1556705569 0
1556705570 0
1556705571 0
1556705572 0
1556705573 0
1556705574 0
1556705575 0
1556705576 0
1556705577 0
1556705578 0
1556705579 0
1556705580 0
1556705581 0
1556705582 0
1556705583 0
1556705584 0
1556705585 0
1556705586 0
1556705587 0
1556705588 0
1556705589 0
1556705590 0
1556705591 0
1556705592 0
1556705593 0
1556705594 0
1556705595 0
1556705596 0
1556705597 0
1556705598 0
1556705599 0
1556705600 0
1556705601 0
1556705602 0
1556705603 0
1556705604 0
1556705605 0
1556705606 0
1556705607 0
1556705608 0
1556705609 0
1556705610 0
1556705611 0
1556705612 0
1556705613 0
1556705614 0
1556705615 0
1556705616 0
1556705617 0
1556705618 0
1556705619 0
1556705620 0
1556705621 0
1556705622 0
1556705623 0
1556705624 0
1556705625 0
1556705626 0
1556705627 0
1556705628 0
1556705629 0
1556705630 0
1556705631 0
1556705632 0
1556705633 0
1556705634 0
1556705635 0
1556705636 0
1556705637 0
1556705638 0
1556705639 0
1556705640 0
1556705641 0
1556705642 0
1556705643 0
1556705644 0
1556705645 0
1556705646 0
1556705647 0
1556705648 0
1556705649 0
1556705650 0
1556705651 0
1556705652 0
1556705653 0
1556705654 0
1556705655 0
1556705656 0
1556705657 0
1556705658 0
1556705659 0
1556705660 0
1556705661 0
1556705662 0
1556705663 0
1556705664 0
1556705665 0
1556705666 0
1556705667 0
1556705668 0
1556705669 0
1556705670 0
1556705671 0
1556705672 0
1556705673 0
1556705674 0
1556705675 0
1556705676 0
1556705677 0
1556705678 0
1556705679 0
1556705680 0
1556705681 0
1556705682 0
1556705683 0
1556705684 0
1556705685 0
1556705686 0
1556705687 0
1556705688 0
1556705689 0
1556705690 0
1556705691 0
1556705692 0
1556705693 0
1556705694 0
1556705695 0
1556705696 0
1556705697 0
1556705698 0
1556705699 0
1556705700 0
1556705701 0
1556705702 0
1556705703 0
1556705704 0
1556705705 0
1556705706 0
1556705707 0
1556705708 0
1556705709 0
1556705710 0
1556705711 0
1556705712 0
1556705713 0
1556705714 0
1556705715 0
1556705716 0
1556705717 0
1556705718 0
1556705719 0
1556705720 0
1556705721 0
1556705722 0
1556705723 0
1556705724 0
1556705725 0
1556705726 0
1556705727 0
1556705728 0
1556705729 0
1556705730 0
1556705731 0
1556705732 0
1556705733 0
1556705734 0
1556705735 0
1556705736 0
1556705737 0
1556705738 0
1556705739 0
1556705740 0
1556705741 0
1556705742 0
1556705743 0
1556705744 0
1556705745 0
1556705746 0
1556705747 0
1556705748 0
1556705749 0
1556705750 0
1556705751 0
1556705752 0
1556705753 0
1556705754 0
1556705755 0
1556705756 0
1556705757 0
1556705758 0
1556705759 0
1556705760 0
1556705761 0
1556705762 0
1556705763 0
1556705764 0
1556705765 0
1556705766 0
1556705767 0
1556705768 0
1556705769 0
1556705770 0
1556705771 0
1556705772 0
1556705773 0
1556705774 0
1556705775 0
1556705776 0
1556705777 0
1556705778 0
1556705779 0
1556705780 0
1556705781 0
1556705782 0
1556705783 0
1556705784 0
1556705785 0
1556705786 0
1556705787 0
1556705788 0
1556705789 0
1556705790 0
1556705791 0
1556705792 0
1556705793 0
1556705794 0
1556705795 0
1556705796 0
1556705797 0
1556705798 0
1556705799 0
1556705800 0
1556705801 0
1556705802 0
1556705803 0
1556705804 0
1556705805 0
1556705806 0
1556705807 0
1556705808 0
1556705809 0
1556705810 0
1556705811 0
1556705812 0
1556705813 0
1556705814 0
1556705815 0
1556705816 0
1556705817 0
1556705818 0
1556705819 0
1556705820 0
1556705821 0
1556705822 0
1556705823 0
1556705824 0
1556705825 0
1556705826 0
1556705827 0
1556705828 0
1556705829 0
1556705830 0
1556705831 0
1556705832 0
1556705833 0
1556705834 0
1556705835 0
1556705836 0
1556705837 0
1556705838 0
1556705839 0
1556705840 0
1556705841 0
1556705842 0
1556705843 0
1556705844 0
1556705845 0
1556705846 0
1556705847 0
1556705848 0
1556705849 0
1556705850 0
1556705851 0
1556705852 0
1556705853 0
1556705854 0
1556705855 0
1556705856 0
1556705857 0
1556705858 0
1556705859 0
1556705860 0
1556705861 0
1556705862 0
1556705863 0
1556705864 0
1556705865 0
1556705866 0
1556705867 0
1556705868 0
1556705869 0
1556705870 0
1556705871 0
1556705872 0
1556705873 0
1556705874 0
1556705875 0
1556705876 0
1556705877 0
1556705878 0
1556705879 0
1556705880 0
1556705881 0
1556705882 0
1556705883 0
1556705884 0
1556705885 0
1556705886 0
1556705887 0
1556705888 0
1556705889 0
1556705890 0
1556705891 0
1556705892 0
1556705893 0
1556705894 0
1556705895 0
1556705896 0
1556705897 0
1556705898 0
1556705899 0
1556705900 0
1556705901 0
1556705902 0
1556705903 0
1556705904 0
1556705905 0
1556705906 0
1556705907 0
1556705908 0
1556705909 0
1556705910 0
1556705911 0
1556705912 0
1556705913 0
1556705914 0
1556705915 0
1556705916 0
1556705917 0
1556705918 0
1556705919 0
1556705920 0
1556705921 0
1556705922 0
1556705923 0
1556705924 0
1556705925 0
1556705926 0
1556705927 0
1556705928 0
1556705929 0
1556705930 0
1556705931 0
1556705932 0
1556705933 0
1556705934 0
1556705935 0
1556705936 0
1556705937 0
1556705938 0
1556705939 0
1556705940 0
1556705941 0
1556705942 0
1556705943 0
1556705944 0
1556705945 0
1556705946 0
1556705947 0
1556705948 0
1556705949 0
1556705950 0
1556705951 0
1556705952 0
1556705953 0
1556705954 0
1556705955 0
1556705956 0
1556705957 0
1556705958 0
1556705959 0
1556705960 0
1556705961 0
1556705962 0
1556705963 0
1556705964 0
1556705965 0
1556705966 0
1556705967 0
1556705968 0
1556705969 0
1556705970 0
1556705971 0
1556705972 0
1556705973 0
1556705974 0
1556705975 0
1556705976 0
1556705977 0
1556705978 0
1556705979 0
1556705980 0
1556705981 0
1556705982 0
1556705983 0
1556705984 0
1556705985 0
1556705986 0
1556705987 0
1556705988 0
1556705989 0
1556705990 0
1556705991 0
1556705992 0
1556705993 0
1556705994 0
1556705995 0
1556705996 0
1556705997 0
1556705998 0
1556705999 0
1556706000 0
1556706001 0
1556706002 0
1556706003 0
1556706004 0
1556706005 0
1556706006 0
1556706007 0
1556706008 0
1556706009 0
1556706010 0
1556706011 0
1556706012 0
1556706013 0
1556706014 0
1556706015 0
1556706016 0
1556706017 0
1556706018 0
1556706019 0
1556706020 0
1556706021 0
1556706022 0
1556706023 0
1556706024 0
1556706025 0
1556706026 0
1556706027 0
1556706028 0
1556706029 0
1556706030 0
1556706031 0
1556706032 0
1556706033 0
1556706034 0
1556706035 0
1556706036 0
1556706037 0
1556706038 0
1556706039 0
1556706040 0
1556706041 0
1556706042 0
1556706043 0
1556706044 0
1556706045 0
1556706046 0
1556706047 0
1556706048 0
1556706049 0
1556706050 0
1556706051 0
1556706052 0
1556706053 0
1556706054 0
1556706055 0
1556706056 0
1556706057 0
1556706058 0
1556706059 0
1556706060 0
1556706061 0
1556706062 0
1556706063 0
1556706064 0
1556706065 0
1556706066 0
1556706067 0
1556706068 0
1556706069 0
1556706070 0
1556706071 0
1556706072 0
1556706073 0
1556706074 0
1556706075 0
1556706076 0
1556706077 0
1556706078 0
1556706079 0
1556706080 0
1556706081 0
1556706082 0
1556706083 0
1556706084 0
1556706085 0
1556706086 0
1556706087 0
1556706088 0
1556706089 0
1556706090 0
1556706091 0
1556706092 0
1556706093 0
1556706094 0
1556706095 0
1556706096 0
1556706097 0
1556706098 0
1556706099 0
1556706100 0
1556706101 0
1556706102 0
1556706103 0
1556706104 0
1556706105 0
1556706106 0
1556706107 0
1556706108 0
1556706109 0
1556706110 0
1556706111 0
1556706112 0
1556706113 0
1556706114 0
1556706115 0
1556706116 0
1556706117 0
1556706118 0
1556706119 0
1556706120 0
1556706121 0
1556706122 0
1556706123 0
1556706124 0
1556706125 0
1556706126 0
1556706127 0
1556706128 0
1556706129 0
1556706130 0
1556706131 0
1556706132 0
1556706133 0
1556706134 0
1556706135 0
1556706136 0
1556706137 0
1556706138 0
1556706139 0
1556706140 0
1556706141 0
1556706142 0
1556706143 0
1556706144 0
1556706145 0
1556706146 0
1556706147 0
1556706148 0
1556706149 0
1556706150 0
1556706151 0
1556706152 0
1556706153 0
1556706154 0
1556706155 0
1556706156 0
1556706157 0
1556706158 0
1556706159 0
1556706160 0
1556706161 0
1556706162 0
1556706163 0
1556706164 0
1556706165 0
1556706166 0
1556706167 0
1556706168 0
1556706169 0
1556706170 0
1556706171 0
1556706172 0
1556706173 0
1556706174 0
1556706175 0
1556706176 0
1556706177 0
1556706178 0
1556706179 0
1556706180 0
1556706181 0
1556706182 0
1556706183 0
1556706184 0
1556706185 0
1556706186 0
1556706187 0
1556706188 0
1556706189 0
1556706190 0
1556706191 0
1556706192 0
1556706193 0
1556706194 0
1556706195 0
1556706196 0
1556706197 0
1556706198 0
1556706199 0
1556706200 0
1556706201 0
1556706202 0
1556706203 0
1556706204 0
1556706205 0
1556706206 0
1556706207 0
1556706208 0
1556706209 0
1556706210 0
1556706211 0
1556706212 0
1556706213 0
1556706214 0
1556706215 0
1556706216 0
1556706217 0
1556706218 0
1556706219 0
1556706220 0
1556706221 0
1556706222 0
1556706223 0
1556706224 0
1556706225 0
1556706226 0
1556706227 0
1556706228 0
1556706229 0
1556706230 0
1556706231 0
1556706232 0
1556706233 0
1556706234 0
1556706235 0
1556706236 0
1556706237 0
1556706238 0
1556706239 0
1556706240 0
1556706241 0
1556706242 0
1556706243 0
1556706244 0
1556706245 0
1556706246 0
1556706247 0
1556706248 0
1556706249 0
1556706250 0
1556706251 0
1556706252 0
1556706253 0
1556706254 0
1556706255 0
1556706256 0
1556706257 0
1556706258 0
1556706259 0
1556706260 0
1556706261 0
1556706262 0
1556706263 0
1556706264 0
1556706265 0
1556706266 0
1556706267 0
1556706268 0
1556706269 0
1556706270 0
1556706271 0
1556706272 0
1556706273 0
1556706274 0
1556706275 0
1556706276 0
1556706277 0
1556706278 0
1556706279 0
1556706280 0
1556706281 0
1556706282 0
1556706283 0
1556706284 0
1556706285 0
1556706286 0
1556706287 0
1556706288 0
1556706289 0
1556706290 0
1556706291 0
1556706292 0
1556706293 0
1556706294 0
1556706295 0
1556706296 0
1556706297 0
1556706298 0
1556706299 0
1556706300 0
1556706301 0
1556706302 0
1556706303 0
1556706304 0
1556706305 0
1556706306 0
1556706307 0
1556706308 0
1556706309 0
1556706310 0
1556706311 0
1556706312 0
1556706313 0
1556706314 0
1556706315 0
1556706316 0
1556706317 0
1556706318 0
1556706319 0
1556706320 0
1556706321 0
1556706322 0
1556706323 0
1556706324 0
1556706325 0
1556706326 0
1556706327 0
1556706328 0
1556706329 0
1556706330 0
1556706331 0
1556706332 0
1556706333 0
1556706334 0
1556706335 0
1556706336 0
1556706337 0
1556706338 0
1556706339 0
1556706340 0
1556706341 0
1556706342 0
1556706343 0
1556706344 0
1556706345 0
1556706346 0
1556706347 0
1556706348 0
1556706349 0
1556706350 0
1556706351 0
1556706352 0
1556706353 0
1556706354 0
1556706355 0
1556706356 0
1556706357 0
1556706358 0
1556706359 0
1556706360 0
1556706361 0
1556706362 0
1556706363 0
1556706364 0
1556706365 0
1556706366 0
1556706367 0
1556706368 0
1556706369 0
1556706370 0
1556706371 0
1556706372 0
1556706373 0
1556706374 0
1556706375 0
1556706376 0
1556706377 0
1556706378 0
1556706379 0
1556706380 0
1556706381 0
1556706382 0
1556706383 0
1556706384 0
1556706385 0
1556706386 0
1556706387 0
1556706388 0
1556706389 0
1556706390 0
1556706391 0
1556706392 0
1556706393 0
1556706394 0
1556706395 0
1556706396 0
1556706397 0
1556706398 0
1556706399 0
1556706400 0
1556706401 0
1556706402 0
1556706403 0
1556706404 0
1556706405 0
1556706406 0
1556706407 0
1556706408 0
1556706409 0
1556706410 0
1556706411 0
1556706412 0
1556706413 0
1556706414 0
1556706415 0
1556706416 0
1556706417 0
1556706418 0
1556706419 0
1556706420 0
1556706421 0
1556706422 0
1556706423 0
1556706424 0
1556706425 0
1556706426 0
1556706427 0
1556706428 0
1556706429 0
1556706430 0
1556706431 0
1556706432 0
1556706433 0
1556706434 0
1556706435 0
1556706436 0
1556706437 0
1556706438 0
1556706439 0
1556706440 0
1556706441 0
1556706442 0
1556706443 0
1556706444 0
1556706445 0
1556706446 0
1556706447 0
1556706448 0
1556706449 0
1556706450 0
1556706451 0
1556706452 0
1556706453 0
1556706454 0
1556706455 0
1556706456 0
1556706457 0
1556706458 0
1556706459 0
1556706460 0
1556706461 0
1556706462 0
1556706463 0
1556706464 0
1556706465 0
1556706466 0
1556706467 0
1556706468 0
1556706469 0
1556706470 0
1556706471 0
1556706472 0
1556706473 0
1556706474 0
1556706475 0
1556706476 0
1556706477 0
1556706478 0
1556706479 0
1556706480 0
1556706481 0
1556706482 0
1556706483 0
1556706484 0
1556706485 0
1556706486 0
1556706487 0
1556706488 0
1556706489 0
1556706490 0
1556706491 0
1556706492 0
1556706493 0
1556706494 0
1556706495 0
1556706496 0
1556706497 0
1556706498 0
1556706499 0
1556706500 0
1556706501 0
1556706502 0
1556706503 0
1556706504 0
1556706505 0
1556706506 0
1556706507 0
1556706508 0
1556706509 0
1556706510 0
1556706511 0
1556706512 0
1556706513 0
1556706514 0
1556706515 0
1556706516 0
1556706517 0
1556706518 0
1556706519 0
1556706520 0
1556706521 0
1556706522 0
1556706523 0
1556706524 0
1556706525 0
1556706526 0
1556706527 0
1556706528 0
1556706529 0
1556706530 0
1556706531 0
1556706532 0
1556706533 0
1556706534 0
1556706535 0
1556706536 0
1556706537 0
1556706538 0
1556706539 0
1556706540 0
1556706541 0
1556706542 0
1556706543 0
1556706544 0
1556706545 0
1556706546 0
1556706547 0
1556706548 0
1556706549 0
1556706550 0
1556706551 0
1556706552 0
1556706553 0
1556706554 0
1556706555 0
1556706556 0
1556706557 0
1556706558 0
1556706559 0
1556706560 0
1556706561 0
1556706562 0
1556706563 0
1556706564 0
1556706565 0
1556706566 0
1556706567 0
1556706568 0
1556706569 0
1556706570 0
1556706571 0
1556706572 0
1556706573 0
1556706574 0
1556706575 0
1556706576 0
1556706577 0
1556706578 0
1556706579 0
1556706580 0
1556706581 0
1556706582 0
1556706583 0
1556706584 0
1556706585 0
1556706586 0
1556706587 0
1556706588 0
1556706589 0
1556706590 0
1556706591 0
1556706592 0
1556706593 0
1556706594 0
1556706595 0
1556706596 0
1556706597 0
1556706598 0
1556706599 0
1556706600 0
1556706601 0
1556706602 0
1556706603 0
1556706604 0
1556706605 0
1556706606 0
1556706607 0
1556706608 0
1556706609 0
1556706610 0
1556706611 0
1556706612 0
1556706613 0
1556706614 0
1556706615 0
1556706616 0
1556706617 0
1556706618 0
1556706619 0
1556706620 0
1556706621 0
1556706622 0
1556706623 0
1556706624 0
1556706625 0
1556706626 0
1556706627 0
1556706628 0
1556706629 0
1556706630 0
1556706631 0
1556706632 0
1556706633 0
1556706634 0
1556706635 0
1556706636 0
1556706637 0
1556706638 0
1556706639 0
1556706640 0
1556706641 0
1556706642 0
1556706643 0
1556706644 0
1556706645 0
1556706646 0
1556706647 0
1556706648 0
1556706649 0
1556706650 0
1556706651 0
1556706652 0
1556706653 0
1556706654 0
1556706655 0
1556706656 0
1556706657 0
1556706658 0
1556706659 0
1556706660 0
1556706661 0
1556706662 0
1556706663 0
1556706664 0
1556706665 0
1556706666 0
1556706667 0
1556706668 0
1556706669 0
1556706670 0
1556706671 0
1556706672 0
1556706673 0
1556706674 0
1556706675 0
1556706676 0
1556706677 0
1556706678 0
1556706679 0
1556706680 0
1556706681 0
1556706682 0
1556706683 0
1556706684 0
1556706685 0
1556706686 0
1556706687 0
1556706688 0
1556706689 0
1556706690 0
1556706691 0
1556706692 0
1556706693 0
1556706694 0
1556706695 0
1556706696 0
1556706697 0
1556706698 0
1556706699 0
1556706700 0
1556706701 0
1556706702 0
1556706703 0
1556706704 0
1556706705 0
1556706706 0
1556706707 0
1556706708 0
1556706709 0
1556706710 0
1556706711 0
1556706712 0
1556706713 0
1556706714 0
1556706715 0
1556706716 0
1556706717 0
1556706718 0
1556706719 0
1556706720 0
1556706721 0
1556706722 0
1556706723 0
1556706724 0
1556706725 0
1556706726 0
1556706727 0
1556706728 0
1556706729 0
1556706730 0
1556706731 0
1556706732 0
1556706733 0
1556706734 0
1556706735 0
1556706736 0
1556706737 0
1556706738 0
1556706739 0
1556706740 0
1556706741 0
1556706742 0
1556706743 0
1556706744 0
1556706745 0
1556706746 0
1556706747 0
1556706748 0
1556706749 0
1556706750 0
1556706751 0
1556706752 0
1556706753 0
1556706754 0
1556706755 0
1556706756 0
1556706757 0
1556706758 0
1556706759 0
1556706760 0
1556706761 0
1556706762 0
1556706763 0
1556706764 0
1556706765 0
1556706766 0
1556706767 0
1556706768 0
1556706769 0
1556706770 0
1556706771 0
1556706772 0
1556706773 0
1556706774 0
1556706775 0
1556706776 0
1556706777 0
1556706778 0
1556706779 0
1556706780 0
1556706781 0
1556706782 0
1556706783 0
1556706784 0
1556706785 0
1556706786 0
1556706787 0
1556706788 0
1556706789 0
1556706790 0
1556706791 0
1556706792 0
1556706793 0
1556706794 0
1556706795 0
1556706796 0
1556706797 0
1556706798 0
1556706799 0
1556706800 0
1556706801 0
1556706802 0
1556706803 0
1556706804 0
1556706805 0
1556706806 0
1556706807 0
1556706808 0
1556706809 0
1556706810 0
1556706811 0
1556706812 0
1556706813 0
1556706814 0
1556706815 0
1556706816 0
1556706817 0
1556706818 0
1556706819 0
1556706820 0
1556706821 0
1556706822 0
1556706823 0
1556706824 0
1556706825 0
1556706826 0
1556706827 0
1556706828 0
1556706829 0
1556706830 0
1556706831 0
1556706832 0
1556706833 0
1556706834 0
1556706835 0
1556706836 0
1556706837 0
1556706838 0
1556706839 0
1556706840 0
1556706841 0
1556706842 0
1556706843 0
1556706844 0
1556706845 0
1556706846 0
1556706847 0
1556706848 0
1556706849 0
1556706850 0
1556706851 0
1556706852 0
1556706853 0
1556706854 0
1556706855 0
1556706856 0
1556706857 0
1556706858 0
1556706859 0
1556706860 0
1556706861 0
1556706862 0
1556706863 0
1556706864 0
1556706865 0
1556706866 0
1556706867 0
1556706868 0
1556706869 0
1556706870 0
1556706871 0
1556706872 0
1556706873 0
1556706874 0
1556706875 0
1556706876 0
1556706877 0
1556706878 0
1556706879 0
1556706880 0
1556706881 0
1556706882 0
1556706883 0
1556706884 0
1556706885 0
1556706886 0
1556706887 0
1556706888 0
1556706889 0
1556706890 0
1556706891 0
1556706892 0
1556706893 0
1556706894 0
1556706895 0
1556706896 0
1556706897 0
1556706898 0
1556706899 0
1556706900 0
1556706901 0
1556706902 0
1556706903 0
1556706904 0
1556706905 0
1556706906 0
1556706907 0
1556706908 0
1556706909 0
1556706910 0
1556706911 0
1556706912 0
1556706913 0
1556706914 0
1556706915 0
1556706916 0
1556706917 0
1556706918 0
1556706919 0
1556706920 0
1556706921 0
1556706922 0
1556706923 0
1556706924 0
1556706925 0
1556706926 0
1556706927 0
1556706928 0
1556706929 0
1556706930 0
1556706931 0
1556706932 0
1556706933 0
1556706934 0
1556706935 0
1556706936 0
1556706937 0
1556706938 0
1556706939 0
1556706940 0
1556706941 0
1556706942 0
1556706943 0
1556706944 0
1556706945 0
1556706946 0
1556706947 0
1556706948 0
1556706949 0
1556706950 0
1556706951 0
1556706952 0
1556706953 0
1556706954 0
1556706955 0
1556706956 0
1556706957 0
1556706958 0
1556706959 0
1556706960 0
1556706961 0
1556706962 0
1556706963 0
1556706964 0
1556706965 0
1556706966 0
1556706967 0
1556706968 0
1556706969 0
1556706970 0
1556706971 0
1556706972 0
1556706973 0
1556706974 0
1556706975 0
1556706976 0
1556706977 0
1556706978 0
1556706979 0
1556706980 0
1556706981 0
1556706982 0
1556706983 0
1556706984 0
1556706985 0
1556706986 0
1556706987 0
1556706988 0
1556706989 0
1556706990 0
1556706991 0
1556706992 0
1556706993 0
1556706994 0
1556706995 0
1556706996 0
1556706997 0
1556706998 0
1556706999 0
1556707000 0
1556707001 0
1556707002 0
1556707003 0
1556707004 0
1556707005 0
1556707006 0
1556707007 0
1556707008 0
1556707009 0
1556707010 0
1556707011 0
1556707012 0
1556707013 0
1556707014 0
1556707015 0
1556707016 0
1556707017 0
1556707018 0
1556707019 0
1556707020 0
1556707021 0
1556707022 0
1556707023 0
1556707024 0
1556707025 0
1556707026 0
1556707027 0
1556707028 0
1556707029 0
1556707030 0
1556707031 0
1556707032 0
1556707033 0
1556707034 0
1556707035 0
1556707036 0
1556707037 0
1556707038 0
1556707039 0
1556707040 0
1556707041 0
1556707042 0
1556707043 0
1556707044 0
1556707045 0
1556707046 0
1556707047 0
1556707048 0
1556707049 0
1556707050 0
1556707051 0
1556707052 0
1556707053 0
1556707054 0
1556707055 0
1556707056 0
1556707057 0
1556707058 0
1556707059 0
1556707060 0
1556707061 0
1556707062 0
1556707063 0
1556707064 0
1556707065 0
1556707066 0
1556707067 0
1556707068 0
1556707069 0
1556707070 0
1556707071 0
1556707072 0
1556707073 0
1556707074 0
1556707075 0
1556707076 0
1556707077 0
1556707078 0
1556707079 0
1556707080 0
1556707081 0
1556707082 0
1556707083 0
1556707084 0
1556707085 0
1556707086 0
1556707087 0
1556707088 0
1556707089 0
1556707090 0
1556707091 0
1556707092 0
1556707093 0
1556707094 0
1556707095 0
1556707096 0
1556707097 0
1556707098 0
1556707099 0
1556707100 0
1556707101 0
1556707102 0
1556707103 0
1556707104 0
1556707105 0
1556707106 0
1556707107 0
1556707108 0
1556707109 0
1556707110 0
1556707111 0
1556707112 0
1556707113 0
1556707114 0
1556707115 0
1556707116 0
1556707117 0
1556707118 0
1556707119 0
1556707120 0
1556707121 0
1556707122 0
1556707123 0
1556707124 0
1556707125 0
1556707126 0
1556707127 0
1556707128 0
1556707129 0
1556707130 0
1556707131 0
1556707132 0
1556707133 0
1556707134 0
1556707135 0
1556707136 0
1556707137 0
1556707138 0
1556707139 0
1556707140 0
1556707141 0
1556707142 0
1556707143 0
1556707144 0
1556707145 0
1556707146 0
1556707147 0
1556707148 0
1556707149 0
1556707150 0
1556707151 0
1556707152 0
1556707153 0
1556707154 0
1556707155 0
1556707156 0
1556707157 0
1556707158 0
1556707159 0
1556707160 0
1556707161 0
1556707162 0
1556707163 0
1556707164 0
1556707165 0
1556707166 0
1556707167 0
1556707168 0
1556707169 0
1556707170 0
1556707171 0
1556707172 0
1556707173 0
1556707174 0
1556707175 0
1556707176 0
1556707177 0
1556707178 0
1556707179 0
1556707180 0
1556707181 0
1556707182 0
1556707183 0
1556707184 0
1556707185 0
1556707186 0
1556707187 0
1556707188 0
1556707189 0
1556707190 0
1556707191 0
1556707192 0
1556707193 0
1556707194 0
1556707195 0
1556707196 0
1556707197 0
1556707198 0
1556707199 0
1556707200 0
1556707201 0
1556707202 0
1556707203 0
1556707204 0
1556707205 0
1556707206 0
1556707207 0
1556707208 0
1556707209 0
1556707210 0
1556707211 0
1556707212 0
1556707213 0
1556707214 0
1556707215 0
1556707216 0
1556707217 0
1556707218 0
1556707219 0
1556707220 0
1556707221 0
1556707222 0
1556707223 0
1556707224 0
1556707225 0
1556707226 0
1556707227 0
1556707228 0
1556707229 0
1556707230 0
1556707231 0
1556707232 0
1556707233 0
1556707234 0
1556707235 0
1556707236 0
1556707237 0
1556707238 0
1556707239 0
1556707240 0
1556707241 0
1556707242 0
1556707243 0
1556707244 0
1556707245 0
1556707246 0
1556707247 0
1556707248 0
1556707249 0
1556707250 0
1556707251 0
1556707252 0
1556707253 0
1556707254 0
1556707255 0
1556707256 0
1556707257 0
1556707258 0
1556707259 0
1556707260 0
1556707261 0
1556707262 0
1556707263 0
1556707264 0
1556707265 0
1556707266 0
1556707267 0
1556707268 0
1556707269 0
1556707270 0
1556707271 0
1556707272 0
1556707273 0
1556707274 0
1556707275 0
1556707276 0
1556707277 0
1556707278 0
1556707279 0
1556707280 0
1556707281 0
1556707282 0
1556707283 0
1556707284 0
1556707285 0
1556707286 0
1556707287 0
1556707288 0
1556707289 0
1556707290 0
1556707291 0
1556707292 0
1556707293 0
1556707294 0
1556707295 0
1556707296 0
1556707297 0
1556707298 0
1556707299 0
1556707300 0
1556707301 0
1556707302 0
1556707303 0
1556707304 0
1556707305 0
1556707306 0
1556707307 0
1556707308 0
1556707309 0
1556707310 0
1556707311 0
1556707312 0
1556707313 0
1556707314 0
1556707315 0
1556707316 0
1556707317 0
1556707318 0
1556707319 0
1556707320 0
1556707321 0
1556707322 0
1556707323 0
1556707324 0
1556707325 0
1556707326 0
1556707327 0
1556707328 0
1556707329 0
1556707330 0
1556707331 0
1556707332 0
1556707333 0
1556707334 0
1556707335 0
1556707336 0
1556707337 0
1556707338 0
1556707339 0
1556707340 0
1556707341 0
1556707342 0
1556707343 0
1556707344 0
1556707345 0
1556707346 0
1556707347 0
1556707348 0
1556707349 0
1556707350 0
1556707351 0
1556707352 0
1556707353 0
1556707354 0
1556707355 0
1556707356 0
1556707357 0
1556707358 0
1556707359 0
1556707360 0
1556707361 0
1556707362 0
1556707363 0
1556707364 0
1556707365 0
1556707366 0
1556707367 0
1556707368 0
1556707369 0
1556707370 0
1556707371 0
1556707372 0
1556707373 0
1556707374 0
1556707375 0
1556707376 0
1556707377 0
1556707378 0
1556707379 0
1556707380 0
1556707381 0
1556707382 0
1556707383 0
1556707384 0
1556707385 0
1556707386 0
1556707387 0
1556707388 0
1556707389 0
1556707390 0
1556707391 0
1556707392 0
1556707393 0
1556707394 0
1556707395 0
1556707396 0
1556707397 0
1556707398 0
1556707399 0
1556707400 0
1556707401 0
1556707402 0
1556707403 0
1556707404 0
1556707405 0
1556707406 0
1556707407 0
1556707408 0
1556707409 0
1556707410 0
1556707411 0
1556707412 0
1556707413 0
1556707414 0
1556707415 0
1556707416 0
1556707417 0
1556707418 0
1556707419 0
1556707420 0
1556707421 0
1556707422 0
1556707423 0
1556707424 0
1556707425 0
1556707426 0
1556707427 0
1556707428 0
1556707429 0
1556707430 0
1556707431 0
1556707432 0
1556707433 0
1556707434 0
1556707435 0
1556707436 0
1556707437 0
1556707438 0
1556707439 0
1556707440 0
1556707441 0
1556707442 0
1556707443 0
1556707444 0
1556707445 0
1556707446 0
1556707447 0
1556707448 0
1556707449 0
1556707450 0
1556707451 0
1556707452 0
1556707453 0
1556707454 0
1556707455 0
1556707456 0
1556707457 0
1556707458 0
1556707459 0
1556707460 0
1556707461 0
1556707462 0
1556707463 0
1556707464 0
1556707465 0
1556707466 0
1556707467 0
1556707468 0
1556707469 0
1556707470 0
1556707471 0
1556707472 0
1556707473 0
1556707474 0
1556707475 0
1556707476 0
1556707477 0
1556707478 0
1556707479 0
1556707480 0
1556707481 0
1556707482 0
1556707483 0
1556707484 0
1556707485 0
1556707486 0
1556707487 0
1556707488 0
1556707489 0
1556707490 0
1556707491 0
1556707492 0
1556707493 0
1556707494 0
1556707495 0
1556707496 0
1556707497 0
1556707498 0
1556707499 0
1556707500 0
1556707501 0
1556707502 0
1556707503 0
1556707504 0
1556707505 0
1556707506 0
1556707507 0
1556707508 0
1556707509 0
1556707510 0
1556707511 0
1556707512 0
1556707513 0
1556707514 0
1556707515 0
1556707516 0
1556707517 0
1556707518 0
1556707519 0
1556707520 0
1556707521 0
1556707522 0
1556707523 0
1556707524 0
1556707525 0
1556707526 0
1556707527 0
1556707528 0
1556707529 0
1556707530 0
1556707531 0
1556707532 0
1556707533 0
1556707534 0
1556707535 0
1556707536 0
1556707537 0
1556707538 0
1556707539 0
1556707540 0
1556707541 0
1556707542 0
1556707543 0
1556707544 0
1556707545 0
1556707546 0
1556707547 0
1556707548 0
1556707549 0
1556707550 0
1556707551 0
1556707552 0
1556707553 0
1556707554 0
1556707555 0
1556707556 0
1556707557 0
1556707558 0
1556707559 0
1556707560 0
1556707561 0
1556707562 0
1556707563 0
1556707564 0
1556707565 0
1556707566 0
1556707567 0
1556707568 0
1556707569 0
1556707570 0
1556707571 0
1556707572 0
1556707573 0
1556707574 0
1556707575 0
1556707576 0
1556707577 0
1556707578 0
1556707579 0
1556707580 0
1556707581 0
1556707582 0
1556707583 0
1556707584 0
1556707585 0
1556707586 0
1556707587 0
1556707588 0
1556707589 0
1556707590 0
1556707591 0
1556707592 0
1556707593 0
1556707594 0
1556707595 0
1556707596 0
1556707597 0
1556707598 0
1556707599 0
1556707600 0
1556707601 0
1556707602 0
1556707603 0
1556707604 0
1556707605 0
1556707606 0
1556707607 0
1556707608 0
1556707609 0
1556707610 0
1556707611 0
1556707612 0
1556707613 0
1556707614 0
1556707615 0
1556707616 0
1556707617 0
1556707618 0
1556707619 0
1556707620 0
1556707621 0
1556707622 0
1556707623 0
1556707624 0
1556707625 0
1556707626 0
1556707627 0
1556707628 0
1556707629 0
1556707630 0
1556707631 0
1556707632 0
1556707633 0
1556707634 0
1556707635 0
1556707636 0
1556707637 0
1556707638 0
1556707639 0
1556707640 0
1556707641 0
1556707642 0
1556707643 0
1556707644 0
1556707645 0
1556707646 0
1556707647 0
1556707648 0
1556707649 0
1556707650 0
1556707651 0
1556707652 0
1556707653 0
1556707654 0
1556707655 0
1556707656 0
1556707657 0
1556707658 0
1556707659 0
1556707660 0
1556707661 0
1556707662 0
1556707663 0
1556707664 0
1556707665 0
1556707666 0
1556707667 0
1556707668 0
1556707669 0
1556707670 0
1556707671 0
1556707672 0
1556707673 0
1556707674 0
1556707675 0
1556707676 0
1556707677 0
1556707678 0
1556707679 0
1556707680 0
1556707681 0
1556707682 0
1556707683 0
1556707684 0
1556707685 0
1556707686 0
1556707687 0
1556707688 0
1556707689 0
1556707690 0
1556707691 0
1556707692 0
1556707693 0
1556707694 0
1556707695 0
1556707696 0
1556707697 0
1556707698 0
1556707699 0
1556707700 0
1556707701 0
1556707702 0
1556707703 0
1556707704 0
1556707705 0
1556707706 0
1556707707 0
1556707708 0
1556707709 0
1556707710 0
1556707711 0
1556707712 0
1556707713 0
1556707714 0
1556707715 0
1556707716 0
1556707717 0
1556707718 0
1556707719 0
1556707720 0
1556707721 0
1556707722 0
1556707723 0
1556707724 0
1556707725 0
1556707726 0
1556707727 0
1556707728 0
1556707729 0
1556707730 0
1556707731 0
1556707732 0
1556707733 0
1556707734 0
1556707735 0
1556707736 0
1556707737 0
1556707738 0
1556707739 0
1556707740 0
1556707741 0
1556707742 0
1556707743 0
1556707744 0
1556707745 0
1556707746 0
1556707747 0
1556707748 0
1556707749 0
1556707750 0
1556707751 0
1556707752 0
1556707753 0
1556707754 0
1556707755 0
1556707756 0
1556707757 0
1556707758 0
1556707759 0
1556707760 0
1556707761 0
1556707762 0
1556707763 0
1556707764 0
1556707765 0
1556707766 0
1556707767 0
1556707768 0
1556707769 0
1556707770 0
1556707771 0
1556707772 0
1556707773 0
1556707774 0
1556707775 0
1556707776 0
1556707777 0
1556707778 0
1556707779 0
1556707780 0
1556707781 0
1556707782 0
1556707783 0
1556707784 0
1556707785 0
1556707786 0
1556707787 0
1556707788 0
1556707789 0
1556707790 0
1556707791 0
1556707792 0
1556707793 0
1556707794 0
1556707795 0
1556707796 0
1556707797 0
1556707798 0
1556707799 0
1556707800 0
1556707801 0
1556707802 0
1556707803 0
1556707804 0
1556707805 0
1556707806 0
1556707807 0
1556707808 0
1556707809 0
1556707810 0
1556707811 0
1556707812 0
1556707813 0
1556707814 0
1556707815 0
1556707816 0
1556707817 0
1556707818 0
1556707819 0
1556707820 0
1556707821 0
1556707822 0
1556707823 0
1556707824 0
1556707825 0
1556707826 0
1556707827 0
1556707828 0
1556707829 0
1556707830 0
1556707831 0
1556707832 0
1556707833 0
1556707834 0
1556707835 0
1556707836 0
1556707837 0
1556707838 0
1556707839 0
1556707840 0
1556707841 0
1556707842 0
1556707843 0
1556707844 0
1556707845 0
1556707846 0
1556707847 0
1556707848 0
1556707849 0
1556707850 0
1556707851 0
1556707852 0
1556707853 0
1556707854 0
1556707855 0
1556707856 0
1556707857 0
1556707858 0
1556707859 0
1556707860 0
1556707861 0
1556707862 0
1556707863 0
1556707864 0
1556707865 0
1556707866 0
1556707867 0
1556707868 0
1556707869 0
1556707870 0
1556707871 0
1556707872 0
1556707873 0
1556707874 0
1556707875 0
1556707876 0
1556707877 0
1556707878 0
1556707879 0
1556707880 0
1556707881 0
1556707882 0
1556707883 0
1556707884 0
1556707885 0
1556707886 0
1556707887 0
1556707888 0
1556707889 0
1556707890 0
1556707891 0
1556707892 0
1556707893 0
1556707894 0
1556707895 0
1556707896 0
1556707897 0
1556707898 0
1556707899 0
1556707900 0
1556707901 0
1556707902 0
1556707903 0
1556707904 0
1556707905 0
1556707906 0
1556707907 0
1556707908 0
1556707909 0
1556707910 0
1556707911 0
1556707912 0
1556707913 0
1556707914 0
1556707915 0
1556707916 0
1556707917 0
1556707918 0
1556707919 0
1556707920 0
1556707921 0
1556707922 0
1556707923 0
1556707924 0
1556707925 0
1556707926 0
1556707927 0
1556707928 0
1556707929 0
1556707930 0
1556707931 0
1556707932 0
1556707933 0
1556707934 0
1556707935 0
1556707936 0
1556707937 0
1556707938 0
1556707939 0
1556707940 0
1556707941 0
1556707942 0
1556707943 0
1556707944 0
1556707945 0
1556707946 0
1556707947 0
1556707948 0
1556707949 0
1556707950 0
1556707951 0
1556707952 0
1556707953 0
1556707954 0
1556707955 0
1556707956 0
1556707957 0
1556707958 0
1556707959 0
1556707960 0
1556707961 0
1556707962 0
1556707963 0
1556707964 0
1556707965 0
1556707966 0
1556707967 0
1556707968 0
1556707969 0
1556707970 0
1556707971 0
1556707972 0
1556707973 0
1556707974 0
1556707975 0
1556707976 0
1556707977 0
1556707978 0
1556707979 0
1556707980 0
1556707981 0
1556707982 0
1556707983 0
1556707984 0
1556707985 0
1556707986 0
1556707987 0
1556707988 0
1556707989 0
1556707990 0
1556707991 0
1556707992 0
1556707993 0
1556707994 0
1556707995 0
1556707996 0
1556707997 0
1556707998 0
1556707999 0
1556708000 0
1556708001 0
1556708002 0
1556708003 0
1556708004 0
1556708005 0
1556708006 0
1556708007 0
1556708008 0
1556708009 0
1556708010 0
1556708011 0
1556708012 0
1556708013 0
1556708014 0
1556708015 0
1556708016 0
1556708017 0
1556708018 0
1556708019 0
1556708020 0
1556708021 0
1556708022 0
1556708023 0
1556708024 0
1556708025 0
1556708026 0
1556708027 0
1556708028 0
1556708029 0
1556708030 0
1556708031 0
1556708032 0
1556708033 0
1556708034 0
1556708035 0
1556708036 0
1556708037 0
1556708038 0
1556708039 0
1556708040 0
1556708041 0
1556708042 0
1556708043 0
1556708044 0
1556708045 0
1556708046 0
1556708047 0
1556708048 0
1556708049 0
1556708050 0
1556708051 0
1556708052 0
1556708053 0
1556708054 0
1556708055 0
1556708056 0
1556708057 0
1556708058 0
1556708059 0
1556708060 0
1556708061 0
1556708062 0
1556708063 0
1556708064 0
1556708065 0
1556708066 0
1556708067 0
1556708068 0
1556708069 0
1556708070 0
1556708071 0
1556708072 0
1556708073 0
1556708074 0
1556708075 0
1556708076 0
1556708077 0
1556708078 0
1556708079 0
1556708080 0
1556708081 0
1556708082 0
1556708083 0
1556708084 0
1556708085 0
1556708086 0
1556708087 0
1556708088 0
1556708089 0
1556708090 0
1556708091 0
1556708092 0
1556708093 0
1556708094 0
1556708095 0
1556708096 0
1556708097 0
1556708098 0
1556708099 0
1556708100 0
1556708101 0
1556708102 0
1556708103 0
1556708104 0
1556708105 0
1556708106 0
1556708107 0
1556708108 0
1556708109 0
1556708110 0
1556708111 0
1556708112 0
1556708113 0
1556708114 0
1556708115 0
1556708116 0
1556708117 0
1556708118 0
1556708119 0
1556708120 0
1556708121 0
1556708122 0
1556708123 0
1556708124 0
1556708125 0
1556708126 0
1556708127 0
1556708128 0
1556708129 0
1556708130 0
1556708131 0
1556708132 0
1556708133 0
1556708134 0
1556708135 0
1556708136 0
1556708137 0
1556708138 0
1556708139 0
1556708140 0
1556708141 0
1556708142 0
1556708143 0
1556708144 0
1556708145 0
1556708146 0
1556708147 0
1556708148 0
1556708149 0
1556708150 0
1556708151 0
1556708152 0
1556708153 0
1556708154 0
1556708155 0
1556708156 0
1556708157 0
1556708158 0
1556708159 0
1556708160 0
1556708161 0
1556708162 0
1556708163 0
1556708164 0
1556708165 0
1556708166 0
1556708167 0
1556708168 0
1556708169 0
1556708170 0
1556708171 0
1556708172 0
1556708173 0
1556708174 0
1556708175 0
1556708176 0
1556708177 0
1556708178 0
1556708179 0
1556708180 0
1556708181 0
1556708182 0
1556708183 0
1556708184 0
1556708185 0
1556708186 0
1556708187 0
1556708188 0
1556708189 0
1556708190 0
1556708191 0
1556708192 0
1556708193 0
1556708194 0
1556708195 0
1556708196 0
1556708197 0
1556708198 0
1556708199 0
1556708200 0
1556708201 0
1556708202 0
1556708203 0
1556708204 0
1556708205 0
1556708206 0
1556708207 0
1556708208 0
1556708209 0
1556708210 0
1556708211 0
1556708212 0
1556708213 0
1556708214 0
1556708215 0
1556708216 0
1556708217 0
1556708218 0
1556708219 0
1556708220 0
1556708221 0
1556708222 0
1556708223 0
1556708224 0
1556708225 0
1556708226 0
1556708227 0
1556708228 0
1556708229 0
1556708230 0
1556708231 0
1556708232 0
1556708233 0
1556708234 0
1556708235 0
1556708236 0
1556708237 0
1556708238 0
1556708239 0
1556708240 0
1556708241 0
1556708242 0
1556708243 0
1556708244 0
1556708245 0
1556708246 0
1556708247 0
1556708248 0
1556708249 0
1556708250 0
1556708251 0
1556708252 0
1556708253 0
1556708254 0
1556708255 0
1556708256 0
1556708257 0
1556708258 0
1556708259 0
1556708260 0
1556708261 0
1556708262 0
1556708263 0
1556708264 0
1556708265 0
1556708266 0
1556708267 0
1556708268 0
1556708269 0
1556708270 0
1556708271 0
1556708272 0
1556708273 0
1556708274 0
1556708275 0
1556708276 0
1556708277 0
1556708278 0
1556708279 0
1556708280 0
1556708281 0
1556708282 0
1556708283 0
1556708284 0
1556708285 0
1556708286 0
1556708287 0
1556708288 0
1556708289 0
1556708290 0
1556708291 0
1556708292 0
1556708293 0
1556708294 0
1556708295 0
1556708296 0
1556708297 0
1556708298 0
1556708299 0
1556708300 0
1556708301 0
1556708302 0
1556708303 0
1556708304 0
1556708305 0
1556708306 0
1556708307 0
1556708308 0
1556708309 0
1556708310 0
1556708311 0
1556708312 0
1556708313 0
1556708314 0
1556708315 0
1556708316 0
1556708317 0
1556708318 0
1556708319 0
1556708320 0
1556708321 0
1556708322 0
1556708323 0
1556708324 0
1556708325 0
1556708326 0
1556708327 0
1556708328 0
1556708329 0
1556708330 0
1556708331 0
1556708332 0
1556708333 0
1556708334 0
1556708335 0
1556708336 0
1556708337 0
1556708338 0
1556708339 0
1556708340 0
1556708341 0
1556708342 0
1556708343 0
1556708344 0
1556708345 0
1556708346 0
1556708347 0
1556708348 0
1556708349 0
1556708350 0
1556708351 0
1556708352 0
1556708353 0
1556708354 0
1556708355 0
1556708356 0
1556708357 0
1556708358 0
1556708359 0
1556708360 0
1556708361 0
1556708362 0
1556708363 0
1556708364 0
1556708365 0
1556708366 0
1556708367 0
1556708368 0
1556708369 0
1556708370 0
1556708371 0
1556708372 0
1556708373 0
1556708374 0
1556708375 0
1556708376 0
1556708377 0
1556708378 0
1556708379 0
1556708380 0
1556708381 0
1556708382 0
1556708383 0
1556708384 0
1556708385 0
1556708386 0
1556708387 0
1556708388 0
1556708389 0
1556708390 0
1556708391 0
1556708392 0
1556708393 0
1556708394 0
1556708395 0
1556708396 0
1556708397 0
1556708398 0
1556708399 0
1556708400 0
1556708401 0
1556708402 0
1556708403 0
1556708404 0
1556708405 0
1556708406 0
1556708407 0
1556708408 0
1556708409 0
1556708410 0
1556708411 0
1556708412 0
1556708413 0
1556708414 0
1556708415 0
1556708416 0
1556708417 0
1556708418 0
1556708419 0
1556708420 0
1556708421 0
1556708422 0
1556708423 0
1556708424 0
1556708425 0
1556708426 0
1556708427 0
1556708428 0
1556708429 0
1556708430 0
1556708431 0
1556708432 0
1556708433 0
1556708434 0
1556708435 0
1556708436 0
1556708437 0
1556708438 0
1556708439 0
1556708440 0
1556708441 0
1556708442 0
1556708443 0
1556708444 0
1556708445 0
1556708446 0
1556708447 0
1556708448 0
1556708449 0
1556708450 0
1556708451 0
1556708452 0
1556708453 0
1556708454 0
1556708455 0
1556708456 0
1556708457 0
1556708458 0
1556708459 0
1556708460 0
1556708461 0
1556708462 0
1556708463 0
1556708464 0
1556708465 0
1556708466 0
1556708467 0
1556708468 0
1556708469 0
1556708470 0
1556708471 0
1556708472 0
1556708473 0
1556708474 0
1556708475 0
1556708476 0
1556708477 0
1556708478 0
1556708479 0
1556708480 0
1556708481 0
1556708482 0
1556708483 0
1556708484 0
1556708485 0
1556708486 0
1556708487 0
1556708488 0
1556708489 0
1556708490 0
1556708491 0
1556708492 0
1556708493 0
1556708494 0
1556708495 0
1556708496 0
1556708497 0
1556708498 0
1556708499 0
1556708500 0
1556708501 0
1556708502 0
1556708503 0
1556708504 0
1556708505 0
1556708506 0
1556708507 0
1556708508 0
1556708509 0
1556708510 0
1556708511 0
1556708512 0
1556708513 0
1556708514 0
1556708515 0
1556708516 0
1556708517 0
1556708518 0
1556708519 0
1556708520 0
1556708521 0
1556708522 0
1556708523 0
1556708524 0
1556708525 0
1556708526 0
1556708527 0
1556708528 0
1556708529 0
1556708530 0
1556708531 0
1556708532 0
1556708533 0
1556708534 0
1556708535 0
1556708536 0
1556708537 0
1556708538 0
1556708539 0
1556708540 0
1556708541 0
1556708542 0
1556708543 0
1556708544 0
1556708545 0
1556708546 0
1556708547 0
1556708548 0
1556708549 0
1556708550 0
1556708551 0
1556708552 0
1556708553 0
1556708554 0
1556708555 0
1556708556 0
1556708557 0
1556708558 0
1556708559 0
1556708560 0
1556708561 0
1556708562 0
1556708563 0
1556708564 0
1556708565 0
1556708566 0
1556708567 0
1556708568 0
1556708569 0
1556708570 0
1556708571 0
1556708572 0
1556708573 0
1556708574 0
1556708575 0
1556708576 0
1556708577 0
1556708578 0
1556708579 0
1556708580 0
1556708581 0
1556708582 0
1556708583 0
1556708584 0
1556708585 0
1556708586 0
1556708587 0
1556708588 0
1556708589 0
1556708590 0
1556708591 0
1556708592 0
1556708593 0
1556708594 0
1556708595 0
1556708596 0
1556708597 0
1556708598 0
1556708599 0
1556708600 0
1556708601 0
1556708602 0
1556708603 0
1556708604 0
1556708605 0
1556708606 0
1556708607 0
1556708608 0
1556708609 0
1556708610 0
1556708611 0
1556708612 0
1556708613 0
1556708614 0
1556708615 0
1556708616 0
1556708617 0
1556708618 0
1556708619 0
1556708620 0
1556708621 0
1556708622 0
1556708623 0
1556708624 0
1556708625 0
1556708626 0
1556708627 0
1556708628 0
1556708629 0
1556708630 0
1556708631 0
1556708632 0
1556708633 0
1556708634 0
1556708635 0
1556708636 0
1556708637 0
1556708638 0
1556708639 0
1556708640 0
1556708641 0
1556708642 0
1556708643 0
1556708644 0
1556708645 0
1556708646 0
1556708647 0
1556708648 0
1556708649 0
1556708650 0
1556708651 0
1556708652 0
1556708653 0
1556708654 0
1556708655 0
1556708656 0
1556708657 0
1556708658 0
1556708659 0
1556708660 0
1556708661 0
1556708662 0
1556708663 0
1556708664 0
1556708665 0
1556708666 0
1556708667 0
1556708668 0
1556708669 0
1556708670 0
1556708671 0
1556708672 0
1556708673 0
1556708674 0
1556708675 0
1556708676 0
1556708677 0
1556708678 0
1556708679 0
1556708680 0
1556708681 0
1556708682 0
1556708683 0
1556708684 0
1556708685 0
1556708686 0
1556708687 0
1556708688 0
1556708689 0
1556708690 0
1556708691 0
1556708692 0
1556708693 0
1556708694 0
1556708695 0
1556708696 0
1556708697 0
1556708698 0
1556708699 0
1556708700 0
1556708701 0
1556708702 0
1556708703 0
1556708704 0
1556708705 0
1556708706 0
1556708707 0
1556708708 0
1556708709 0
1556708710 0
1556708711 0
1556708712 0
1556708713 0
1556708714 0
1556708715 0
1556708716 0
1556708717 0
1556708718 0
1556708719 0
1556708720 0
1556708721 0
1556708722 0
1556708723 0
1556708724 0
1556708725 0
1556708726 0
1556708727 0
1556708728 0
1556708729 0
1556708730 0
1556708731 0
1556708732 0
1556708733 0
1556708734 0
1556708735 0
1556708736 0
1556708737 0
1556708738 0
1556708739 0
1556708740 0
1556708741 0
1556708742 0
1556708743 0
1556708744 0
1556708745 0
1556708746 0
1556708747 0
1556708748 0
1556708749 0
1556708750 0
1556708751 0
1556708752 0
1556708753 0
1556708754 0
1556708755 0
1556708756 0
1556708757 0
1556708758 0
1556708759 0
1556708760 0
1556708761 0
1556708762 0
1556708763 0
1556708764 0
1556708765 0
1556708766 0
1556708767 0
1556708768 0
1556708769 0
1556708770 0
1556708771 0
1556708772 0
1556708773 0
1556708774 0
1556708775 0
1556708776 0
1556708777 0
1556708778 0
1556708779 0
1556708780 0
1556708781 0
1556708782 0
1556708783 0
1556708784 0
1556708785 0
1556708786 0
1556708787 0
1556708788 0
1556708789 0
1556708790 0
1556708791 0
1556708792 0
1556708793 0
1556708794 0
1556708795 0
1556708796 0
1556708797 0
1556708798 0
1556708799 0
1556708800 0
1556708801 0
1556708802 0
1556708803 0
1556708804 0
1556708805 0
1556708806 0
1556708807 0
1556708808 0
1556708809 0
1556708810 0
1556708811 0
1556708812 0
1556708813 0
1556708814 0
1556708815 0
1556708816 0
1556708817 0
1556708818 0
1556708819 0
1556708820 0
1556708821 0
1556708822 0
1556708823 0
1556708824 0
1556708825 0
1556708826 0
1556708827 0
1556708828 0
1556708829 0
1556708830 0
1556708831 0
1556708832 0
1556708833 0
1556708834 0
1556708835 0
1556708836 0
1556708837 0
1556708838 0
1556708839 0
1556708840 0
1556708841 0
1556708842 0
1556708843 0
1556708844 0
1556708845 0
1556708846 0
1556708847 0
1556708848 0
1556708849 0
1556708850 0
1556708851 0
1556708852 0
1556708853 0
1556708854 0
1556708855 0
1556708856 0
1556708857 0
1556708858 0
1556708859 0
1556708860 0
1556708861 0
1556708862 0
1556708863 0
1556708864 0
1556708865 0
1556708866 0
1556708867 0
1556708868 0
1556708869 0
1556708870 0
1556708871 0
1556708872 0
1556708873 0
1556708874 0
1556708875 0
1556708876 0
1556708877 0
1556708878 0
1556708879 0
1556708880 0
1556708881 0
1556708882 0
1556708883 0
1556708884 0
1556708885 0
1556708886 0
1556708887 0
1556708888 0
1556708889 0
1556708890 0
1556708891 0
1556708892 0
1556708893 0
1556708894 0
1556708895 0
1556708896 0
1556708897 0
1556708898 0
1556708899 0
1556708900 0
1556708901 0
1556708902 0
1556708903 0
1556708904 0
1556708905 0
1556708906 0
1556708907 0
1556708908 0
1556708909 0
1556708910 0
1556708911 0
1556708912 0
1556708913 0
1556708914 0
1556708915 0
1556708916 0
1556708917 0
1556708918 0
1556708919 0
1556708920 0
1556708921 0
1556708922 0
1556708923 0
1556708924 0
1556708925 0
1556708926 0
1556708927 0
1556708928 0
1556708929 0
1556708930 0
1556708931 0
1556708932 0
1556708933 0
1556708934 0
1556708935 0
1556708936 0
1556708937 0
1556708938 0
1556708939 0
1556708940 0
1556708941 0
1556708942 0
1556708943 0
1556708944 0
1556708945 0
1556708946 0
1556708947 0
1556708948 0
1556708949 0
1556708950 0
1556708951 0
1556708952 0
1556708953 0
1556708954 0
1556708955 0
1556708956 0
1556708957 0
1556708958 0
1556708959 0
1556708960 0
1556708961 0
1556708962 0
1556708963 0
1556708964 0
1556708965 0
1556708966 0
1556708967 0
1556708968 0
1556708969 0
1556708970 0
1556708971 0
1556708972 0
1556708973 0
1556708974 0
1556708975 0
1556708976 0
1556708977 0
1556708978 0
1556708979 0
1556708980 0
1556708981 0
1556708982 0
1556708983 0
1556708984 0
1556708985 0
1556708986 0
1556708987 0
1556708988 0
1556708989 0
1556708990 0
1556708991 0
1556708992 0
1556708993 0
1556708994 0
1556708995 0
1556708996 0
1556708997 0
1556708998 0
1556708999 0
1556709000 0
1556709001 0
1556709002 0
1556709003 0
1556709004 0
1556709005 0
1556709006 0
1556709007 0
1556709008 0
1556709009 0
1556709010 0
1556709011 0
1556709012 0
1556709013 0
1556709014 0
1556709015 0
1556709016 0
1556709017 0
1556709018 0
1556709019 0
1556709020 0
1556709021 0
1556709022 0
1556709023 0
1556709024 0
1556709025 0
1556709026 0
1556709027 0
1556709028 0
1556709029 0
1556709030 0
1556709031 0
1556709032 0
1556709033 0
1556709034 0
1556709035 0
1556709036 0
1556709037 0
1556709038 0
1556709039 0
1556709040 0
1556709041 0
1556709042 0
1556709043 0
1556709044 0
1556709045 0
1556709046 0
1556709047 0
1556709048 0
1556709049 0
1556709050 0
1556709051 0
1556709052 0
1556709053 0
1556709054 0
1556709055 0
1556709056 0
1556709057 0
1556709058 0
1556709059 0
1556709060 0
1556709061 0
1556709062 0
1556709063 0
1556709064 0
1556709065 0
1556709066 0
1556709067 0
1556709068 0
1556709069 0
1556709070 0
1556709071 0
1556709072 0
1556709073 0
1556709074 0
1556709075 0
1556709076 0
1556709077 0
1556709078 0
1556709079 0
1556709080 0
1556709081 0
1556709082 0
1556709083 0
1556709084 0
1556709085 0
1556709086 0
1556709087 0
1556709088 0
1556709089 0
1556709090 0
1556709091 0
1556709092 0
1556709093 0
1556709094 0
1556709095 0
1556709096 0
1556709097 0
1556709098 0
1556709099 0
1556709100 0
1556709101 0
1556709102 0
1556709103 0
1556709104 0
1556709105 0
1556709106 0
1556709107 0
1556709108 0
1556709109 0
1556709110 0
1556709111 0
1556709112 0
1556709113 0
1556709114 0
1556709115 0
1556709116 0
1556709117 0
1556709118 0
1556709119 0
1556709120 0
1556709121 0
1556709122 0
1556709123 0
1556709124 0
1556709125 0
1556709126 0
1556709127 0
1556709128 0
1556709129 0
1556709130 0
1556709131 0
1556709132 0
1556709133 0
1556709134 0
1556709135 0
1556709136 0
1556709137 0
1556709138 0
1556709139 0
1556709140 0
1556709141 0
1556709142 0
1556709143 0
1556709144 0
1556709145 0
1556709146 0
1556709147 0
1556709148 0
1556709149 0
1556709150 0
1556709151 0
1556709152 0
1556709153 0
1556709154 0
1556709155 0
1556709156 0
1556709157 0
1556709158 0
1556709159 0
1556709160 0
1556709161 0
1556709162 0
1556709163 0
1556709164 0
1556709165 0
1556709166 0
1556709167 0
1556709168 0
1556709169 0
1556709170 0
1556709171 0
1556709172 0
1556709173 0
1556709174 0
1556709175 0
1556709176 0
1556709177 0
1556709178 0
1556709179 0
1556709180 0
1556709181 0
1556709182 0
1556709183 0
1556709184 0
1556709185 0
1556709186 0
1556709187 0
1556709188 0
1556709189 0
1556709190 0
1556709191 0
1556709192 0
1556709193 0
1556709194 0
1556709195 0
1556709196 0
1556709197 0
1556709198 0
1556709199 0
1556709200 0
1556709201 0
1556709202 0
1556709203 0
1556709204 0
1556709205 0
1556709206 0
1556709207 0
1556709208 0
1556709209 0
1556709210 0
1556709211 0
1556709212 0
1556709213 0
1556709214 0
1556709215 0
1556709216 0
1556709217 0
1556709218 0
1556709219 0
1556709220 0
1556709221 0
1556709222 0
1556709223 0
1556709224 0
1556709225 0
1556709226 0
1556709227 0
1556709228 0
1556709229 0
1556709230 0
1556709231 0
1556709232 0
1556709233 0
1556709234 0
1556709235 0
1556709236 0
1556709237 0
1556709238 0
1556709239 0
1556709240 0
1556709241 0
1556709242 0
1556709243 0
1556709244 0
1556709245 0
1556709246 0
1556709247 0
1556709248 0
1556709249 0
1556709250 0
1556709251 0
1556709252 0
1556709253 0
1556709254 0
1556709255 0
1556709256 0
1556709257 0
1556709258 0
1556709259 0
1556709260 0
1556709261 0
1556709262 0
1556709263 0
1556709264 0
1556709265 0
1556709266 0
1556709267 0
1556709268 0
1556709269 0
1556709270 0
1556709271 0
1556709272 0
1556709273 0
1556709274 0
1556709275 0
1556709276 0
1556709277 0
1556709278 0
1556709279 0
1556709280 0
1556709281 0
1556709282 0
1556709283 0
1556709284 0
1556709285 0
1556709286 0
1556709287 0
1556709288 0
1556709289 0
1556709290 0
1556709291 0
1556709292 0
1556709293 0
1556709294 0
1556709295 0
1556709296 0
1556709297 0
1556709298 0
1556709299 0
1556709300 0
1556709301 0
1556709302 0
1556709303 0
1556709304 0
1556709305 0
1556709306 0
1556709307 0
1556709308 0
1556709309 0
1556709310 0
1556709311 0
1556709312 0
1556709313 0
1556709314 0
1556709315 0
1556709316 0
1556709317 0
1556709318 0
1556709319 0
1556709320 0
1556709321 0
1556709322 0
1556709323 0
1556709324 0
1556709325 0
1556709326 0
1556709327 0
1556709328 0
1556709329 0
1556709330 0
1556709331 0
1556709332 0
1556709333 0
1556709334 0
1556709335 0
1556709336 0
1556709337 0
1556709338 0
1556709339 0
1556709340 0
1556709341 0
1556709342 0
1556709343 0
1556709344 0
1556709345 0
1556709346 0
1556709347 0
1556709348 0
1556709349 0
1556709350 0
1556709351 0
1556709352 0
1556709353 0
1556709354 0
1556709355 0
1556709356 0
1556709357 0
1556709358 0
1556709359 0
1556709360 0
1556709361 0
1556709362 0
1556709363 0
1556709364 0
1556709365 0
1556709366 0
1556709367 0
1556709368 0
1556709369 0
1556709370 0
1556709371 0
1556709372 0
1556709373 0
1556709374 0
1556709375 0
1556709376 0
1556709377 0
1556709378 0
1556709379 0
1556709380 0
1556709381 0
1556709382 0
1556709383 0
1556709384 0
1556709385 0
1556709386 0
1556709387 0
1556709388 0
1556709389 0
1556709390 0
1556709391 0
1556709392 0
1556709393 0
1556709394 0
1556709395 0
1556709396 0
1556709397 0
1556709398 0
1556709399 0
1556709400 0
1556709401 0
1556709402 0
1556709403 0
1556709404 0
1556709405 0
1556709406 0
1556709407 0
1556709408 0
1556709409 0
1556709410 0
1556709411 0
1556709412 0
1556709413 0
1556709414 0
1556709415 0
1556709416 0
1556709417 0
1556709418 0
1556709419 0
1556709420 0
1556709421 0
1556709422 0
1556709423 0
1556709424 0
1556709425 0
1556709426 0
1556709427 0
1556709428 0
1556709429 0
1556709430 0
1556709431 0
1556709432 0
1556709433 0
1556709434 0
1556709435 0
1556709436 0
1556709437 0
1556709438 0
1556709439 0
1556709440 0
1556709441 0
1556709442 0
1556709443 0
1556709444 0
1556709445 0
1556709446 0
1556709447 0
1556709448 0
1556709449 0
1556709450 0
1556709451 0
1556709452 0
1556709453 0
1556709454 0
1556709455 0
1556709456 0
1556709457 0
1556709458 0
1556709459 0
1556709460 0
1556709461 0
1556709462 0
1556709463 0
1556709464 0
1556709465 0
1556709466 0
1556709467 0
1556709468 0
1556709469 0
1556709470 0
1556709471 0
1556709472 0
1556709473 0
1556709474 0
1556709475 0
1556709476 0
1556709477 0
1556709478 0
1556709479 0
1556709480 0
1556709481 0
1556709482 0
1556709483 0
1556709484 0
1556709485 0
1556709486 0
1556709487 0
1556709488 0
1556709489 0
1556709490 0
1556709491 0
1556709492 0
1556709493 0
1556709494 0
1556709495 0
1556709496 0
1556709497 0
1556709498 0
1556709499 0
1556709500 0
1556709501 0
1556709502 0
1556709503 0
1556709504 0
1556709505 0
1556709506 0
1556709507 0
1556709508 0
1556709509 0
1556709510 0
1556709511 0
1556709512 0
1556709513 0
1556709514 0
1556709515 0
1556709516 0
1556709517 0
1556709518 0
1556709519 0
1556709520 0
1556709521 0
1556709522 0
1556709523 0
1556709524 0
1556709525 0
1556709526 0
1556709527 0
1556709528 0
1556709529 0
1556709530 0
1556709531 0
1556709532 0
1556709533 0
1556709534 0
1556709535 0
1556709536 0
1556709537 0
1556709538 0
1556709539 0
1556709540 0
1556709541 0
1556709542 0
1556709543 0
1556709544 0
1556709545 0
1556709546 0
1556709547 0
1556709548 0
1556709549 0
1556709550 0
1556709551 0
1556709552 0
1556709553 0
1556709554 0
1556709555 0
1556709556 0
1556709557 0
1556709558 0
1556709559 0
1556709560 0
1556709561 0
1556709562 0
1556709563 0
1556709564 0
1556709565 0
1556709566 0
1556709567 0
1556709568 0
1556709569 0
1556709570 0
1556709571 0
1556709572 0
1556709573 0
1556709574 0
1556709575 0
1556709576 0
1556709577 0
1556709578 0
1556709579 0
1556709580 0
1556709581 0
1556709582 0
1556709583 0
1556709584 0
1556709585 0
1556709586 0
1556709587 0
1556709588 0
1556709589 0
1556709590 0
1556709591 0
1556709592 0
1556709593 0
1556709594 0
1556709595 0
1556709596 0
1556709597 0
1556709598 0
1556709599 0
1556709600 0
1556709601 0
1556709602 0
1556709603 0
1556709604 0
1556709605 0
1556709606 0
1556709607 0
1556709608 0
1556709609 0
1556709610 0
1556709611 0
1556709612 0
1556709613 0
1556709614 0
1556709615 0
1556709616 0
1556709617 0
1556709618 0
1556709619 0
1556709620 0
1556709621 0
1556709622 0
1556709623 0
1556709624 0
1556709625 0
1556709626 0
1556709627 0
1556709628 0
1556709629 0
1556709630 0
1556709631 0
1556709632 0
1556709633 0
1556709634 0
1556709635 0
1556709636 0
1556709637 0
1556709638 0
1556709639 0
1556709640 0
1556709641 0
1556709642 0
1556709643 0
1556709644 0
1556709645 0
1556709646 0
1556709647 0
1556709648 0
1556709649 0
1556709650 0
1556709651 0
1556709652 0
1556709653 0
1556709654 0
1556709655 0
1556709656 0
1556709657 0
1556709658 0
1556709659 0
1556709660 0
1556709661 0
1556709662 0
1556709663 0
1556709664 0
1556709665 0
1556709666 0
1556709667 0
1556709668 0
1556709669 0
1556709670 0
1556709671 0
1556709672 0
1556709673 0
1556709674 0
1556709675 0
1556709676 0
1556709677 0
1556709678 0
1556709679 0
1556709680 0
1556709681 0
1556709682 0
1556709683 0
1556709684 0
1556709685 0
1556709686 0
1556709687 0
1556709688 0
1556709689 0
1556709690 0
1556709691 0
1556709692 0
1556709693 0
1556709694 0
1556709695 0
1556709696 0
1556709697 0
1556709698 0
1556709699 0
1556709700 0
1556709701 0
1556709702 0
1556709703 0
1556709704 0
1556709705 0
1556709706 0
1556709707 0
1556709708 0
1556709709 0
1556709710 0
1556709711 0
1556709712 0
1556709713 0
1556709714 0
1556709715 0
1556709716 0
1556709717 0
1556709718 0
1556709719 0
1556709720 0
1556709721 0
1556709722 0
1556709723 0
1556709724 0
1556709725 0
1556709726 0
1556709727 0
1556709728 0
1556709729 0
1556709730 0
1556709731 0
1556709732 0
1556709733 0
1556709734 0
1556709735 0
1556709736 0
1556709737 0
1556709738 0
1556709739 0
1556709740 0
1556709741 0
1556709742 0
1556709743 0
1556709744 0
1556709745 0
1556709746 0
1556709747 0
1556709748 0
1556709749 0
1556709750 0
1556709751 0
1556709752 0
1556709753 0
1556709754 0
1556709755 0
1556709756 0
1556709757 0
1556709758 0
1556709759 0
1556709760 0
1556709761 0
1556709762 0
1556709763 0
1556709764 0
1556709765 0
1556709766 0
1556709767 0
1556709768 0
1556709769 0
1556709770 0
1556709771 0
1556709772 0
1556709773 0
1556709774 0
1556709775 0
1556709776 0
1556709777 0
1556709778 0
1556709779 0
1556709780 0
1556709781 0
1556709782 0
1556709783 0
1556709784 0
1556709785 0
1556709786 0
1556709787 0
1556709788 0
1556709789 0
1556709790 0
1556709791 0
1556709792 0
1556709793 0
1556709794 0
1556709795 0
1556709796 0
1556709797 0
1556709798 0
1556709799 0
1556709800 0
1556709801 0
1556709802 0
1556709803 0
1556709804 0
1556709805 0
1556709806 0
1556709807 0
1556709808 0
1556709809 0
1556709810 0
1556709811 0
1556709812 0
1556709813 0
1556709814 0
1556709815 0
1556709816 0
1556709817 0
1556709818 0
1556709819 0
1556709820 0
1556709821 0
1556709822 0
1556709823 0
1556709824 0
1556709825 0
1556709826 0
1556709827 0
1556709828 0
1556709829 0
1556709830 0
1556709831 0
1556709832 0
1556709833 0
1556709834 0
1556709835 0
1556709836 0
1556709837 0
1556709838 0
1556709839 0
1556709840 0
1556709841 0
1556709842 0
1556709843 0
1556709844 0
1556709845 0
1556709846 0
1556709847 0
1556709848 0
1556709849 0
1556709850 0
1556709851 0
1556709852 0
1556709853 0
1556709854 0
1556709855 0
1556709856 0
1556709857 0
1556709858 0
1556709859 0
1556709860 0
1556709861 0
1556709862 0
1556709863 0
1556709864 0
1556709865 0
1556709866 0
1556709867 0
1556709868 0
1556709869 0
1556709870 0
1556709871 0
1556709872 0
1556709873 0
1556709874 0
1556709875 0
1556709876 0
1556709877 0
1556709878 0
1556709879 0
1556709880 0
1556709881 0
1556709882 0
1556709883 0
1556709884 0
1556709885 0
1556709886 0
1556709887 0
1556709888 0
1556709889 0
1556709890 0
1556709891 0
1556709892 0
1556709893 0
1556709894 0
1556709895 0
1556709896 0
1556709897 0
1556709898 0
1556709899 0
1556709900 0
1556709901 0
1556709902 0
1556709903 0
1556709904 0
1556709905 0
1556709906 0
1556709907 0
1556709908 0
1556709909 0
1556709910 0
1556709911 0
1556709912 0
1556709913 0
1556709914 0
1556709915 0
1556709916 0
1556709917 0
1556709918 0
1556709919 0
1556709920 0
1556709921 0
1556709922 0
1556709923 0
1556709924 0
1556709925 0
1556709926 0
1556709927 0
1556709928 0
1556709929 0
1556709930 0
1556709931 0
1556709932 0
1556709933 0
1556709934 0
1556709935 0
1556709936 0
1556709937 0
1556709938 0
1556709939 0
1556709940 0
1556709941 0
1556709942 0
1556709943 0
1556709944 0
1556709945 0
1556709946 0
1556709947 0
1556709948 0
1556709949 0
1556709950 0
1556709951 0
1556709952 0
1556709953 0
1556709954 0
1556709955 0
1556709956 0
1556709957 0
1556709958 0
1556709959 0
1556709960 0
1556709961 0
1556709962 0
1556709963 0
1556709964 0
1556709965 0
1556709966 0
1556709967 0
1556709968 0
1556709969 0
1556709970 0
1556709971 0
1556709972 0
1556709973 0
1556709974 0
1556709975 0
1556709976 0
1556709977 0
1556709978 0
1556709979 0
1556709980 0
1556709981 0
1556709982 0
1556709983 0
1556709984 0
1556709985 0
1556709986 0
1556709987 0
1556709988 0
1556709989 0
1556709990 0
1556709991 0
1556709992 0
1556709993 0
1556709994 0
1556709995 0
1556709996 0
1556709997 0
1556709998 0
1556709999 0
1556710000 0
1556710001 0
1556710002 0
1556710003 0
1556710004 0
1556710005 0
1556710006 0
1556710007 0
1556710008 0
1556710009 0
1556710010 0
1556710011 0
1556710012 0
1556710013 0
1556710014 0
1556710015 0
1556710016 0
1556710017 0
1556710018 0
1556710019 0
1556710020 0
1556710021 0
1556710022 0
1556710023 0
1556710024 0
1556710025 0
1556710026 0
1556710027 0
1556710028 0
1556710029 0
1556710030 0
1556710031 0
1556710032 0
1556710033 0
1556710034 0
1556710035 0
1556710036 0
1556710037 0
1556710038 0
1556710039 0
1556710040 0
1556710041 0
1556710042 0
1556710043 0
1556710044 0
1556710045 0
1556710046 0
1556710047 0
1556710048 0
1556710049 0
1556710050 0
1556710051 0
1556710052 0
1556710053 0
1556710054 0
1556710055 0
1556710056 0
1556710057 0
1556710058 0
1556710059 0
1556710060 0
1556710061 0
1556710062 0
1556710063 0
1556710064 0
1556710065 0
1556710066 0
1556710067 0
1556710068 0
1556710069 0
1556710070 0
1556710071 0
1556710072 0
1556710073 0
1556710074 0
1556710075 0
1556710076 0
1556710077 0
1556710078 0
1556710079 0
1556710080 0
1556710081 0
1556710082 0
1556710083 0
1556710084 0
1556710085 0
1556710086 0
1556710087 0
1556710088 0
1556710089 0
1556710090 0
1556710091 0
1556710092 0
1556710093 0
1556710094 0
1556710095 0
1556710096 0
1556710097 0
1556710098 0
1556710099 0
1556710100 0
1556710101 0
1556710102 0
1556710103 0
1556710104 0
1556710105 0
1556710106 0
1556710107 0
1556710108 0
1556710109 0
1556710110 0
1556710111 0
1556710112 0
1556710113 0
1556710114 0
1556710115 0
1556710116 0
1556710117 0
1556710118 0
1556710119 0
1556710120 0
1556710121 0
1556710122 0
1556710123 0
1556710124 0
1556710125 0
1556710126 0
1556710127 0
1556710128 0
1556710129 0
1556710130 0
1556710131 0
1556710132 0
1556710133 0
1556710134 0
1556710135 0
1556710136 0
1556710137 0
1556710138 0
1556710139 0
1556710140 0
1556710141 0
1556710142 0
1556710143 0
1556710144 0
1556710145 0
1556710146 0
1556710147 0
1556710148 0
1556710149 0
1556710150 0
1556710151 0
1556710152 0
1556710153 0
1556710154 0
1556710155 0
1556710156 0
1556710157 0
1556710158 0
1556710159 0
1556710160 0
1556710161 0
1556710162 0
1556710163 0
1556710164 0
1556710165 0
1556710166 0
1556710167 0
1556710168 0
1556710169 0
1556710170 0
1556710171 0
1556710172 0
1556710173 0
1556710174 0
1556710175 0
1556710176 0
1556710177 0
1556710178 0
1556710179 0
1556710180 0
1556710181 0
1556710182 0
1556710183 0
1556710184 0
1556710185 0
1556710186 0
1556710187 0
1556710188 0
1556710189 0
1556710190 0
1556710191 0
1556710192 0
1556710193 0
1556710194 0
1556710195 0
1556710196 0
1556710197 0
1556710198 0
1556710199 0
1556710200 0
1556710201 0
1556710202 0
1556710203 0
1556710204 0
1556710205 0
1556710206 0
1556710207 0
1556710208 0
1556710209 0
1556710210 0
1556710211 0
1556710212 0
1556710213 0
1556710214 0
1556710215 0
1556710216 0
1556710217 0
1556710218 0
1556710219 0
1556710220 0
1556710221 0
1556710222 0
1556710223 0
1556710224 0
1556710225 0
1556710226 0
1556710227 0
1556710228 0
1556710229 0
1556710230 0
1556710231 0
1556710232 0
1556710233 0
1556710234 0
1556710235 0
1556710236 0
1556710237 0
1556710238 0
1556710239 0
1556710240 0
1556710241 0
1556710242 0
1556710243 0
1556710244 0
1556710245 0
1556710246 0
1556710247 0
1556710248 0
1556710249 0
1556710250 0
1556710251 0
1556710252 0
1556710253 0
1556710254 0
1556710255 0
1556710256 0
1556710257 0
1556710258 0
1556710259 0
1556710260 0
1556710261 0
1556710262 0
1556710263 0
1556710264 0
1556710265 0
1556710266 0
1556710267 0
1556710268 0
1556710269 0
1556710270 0
1556710271 0
1556710272 0
1556710273 0
1556710274 0
1556710275 0
1556710276 0
1556710277 0
1556710278 0
1556710279 0
1556710280 0
1556710281 0
1556710282 0
1556710283 0
1556710284 0
1556710285 0
1556710286 0
1556710287 0
1556710288 0
1556710289 0
1556710290 0
1556710291 0
1556710292 0
1556710293 0
1556710294 0
1556710295 0
1556710296 0
1556710297 0
1556710298 0
1556710299 0
1556710300 0
1556710301 0
1556710302 0
1556710303 0
1556710304 0
1556710305 0
1556710306 0
1556710307 0
1556710308 0
1556710309 0
1556710310 0
1556710311 0
1556710312 0
1556710313 0
1556710314 0
1556710315 0
1556710316 0
1556710317 0
1556710318 0
1556710319 0
1556710320 0
1556710321 0
1556710322 0
1556710323 0
1556710324 0
1556710325 0
1556710326 0
1556710327 0
1556710328 0
1556710329 0
1556710330 0
1556710331 0
1556710332 0
1556710333 0
1556710334 0
1556710335 0
1556710336 0
1556710337 0
1556710338 0
1556710339 0
1556710340 0
1556710341 0
1556710342 0
1556710343 0
1556710344 0
1556710345 0
1556710346 0
1556710347 0
1556710348 0
1556710349 0
1556710350 0
1556710351 0
1556710352 0
1556710353 0
1556710354 0
1556710355 0
1556710356 0
1556710357 0
1556710358 0
1556710359 0
1556710360 0
1556710361 0
1556710362 0
1556710363 0
1556710364 0
1556710365 0
1556710366 0
1556710367 0
1556710368 0
1556710369 0
1556710370 0
1556710371 0
1556710372 0
1556710373 0
1556710374 0
1556710375 0
1556710376 0
1556710377 0
1556710378 0
1556710379 0
1556710380 0
1556710381 0
1556710382 0
1556710383 0
1556710384 0
1556710385 0
1556710386 0
1556710387 0
1556710388 0
1556710389 0
1556710390 0
1556710391 0
1556710392 0
1556710393 0
1556710394 0
1556710395 0
1556710396 0
1556710397 0
1556710398 0
1556710399 0
1556710400 0
1556710401 0
1556710402 0
1556710403 0
1556710404 0
1556710405 0
1556710406 0
1556710407 0
1556710408 0
1556710409 0
1556710410 0
1556710411 0
1556710412 0
1556710413 0
1556710414 0
1556710415 0
1556710416 0
1556710417 0
1556710418 0
1556710419 0
1556710420 0
1556710421 0
1556710422 0
1556710423 0
1556710424 0
1556710425 0
1556710426 0
1556710427 0
1556710428 0
1556710429 0
1556710430 0
1556710431 0
1556710432 0
1556710433 0
1556710434 0
1556710435 0
1556710436 0
1556710437 0
1556710438 0
1556710439 0
1556710440 0
1556710441 0
1556710442 0
1556710443 0
1556710444 0
1556710445 0
1556710446 0
1556710447 0
1556710448 0
1556710449 0
1556710450 0
1556710451 0
1556710452 0
1556710453 0
1556710454 0
1556710455 0
1556710456 0
1556710457 0
1556710458 0
1556710459 0
1556710460 0
1556710461 0
1556710462 0
1556710463 0
1556710464 0
1556710465 0
1556710466 0
1556710467 0
1556710468 0
1556710469 0
1556710470 0
1556710471 0
1556710472 0
1556710473 0
1556710474 0
1556710475 0
1556710476 0
1556710477 0
1556710478 0
1556710479 0
1556710480 0
1556710481 0
1556710482 0
1556710483 0
1556710484 0
1556710485 0
1556710486 0
1556710487 0
1556710488 0
1556710489 0
1556710490 0
1556710491 0
1556710492 0
1556710493 0
1556710494 0
1556710495 0
1556710496 0
1556710497 0
1556710498 0
1556710499 0
1556710500 0
1556710501 0
1556710502 0
1556710503 0
1556710504 0
1556710505 0
1556710506 0
1556710507 0
1556710508 0
1556710509 0
1556710510 0
1556710511 0
1556710512 0
1556710513 0
1556710514 0
1556710515 0
1556710516 0
1556710517 0
1556710518 0
1556710519 0
1556710520 0
1556710521 0
1556710522 0
1556710523 0
1556710524 0
1556710525 0
1556710526 0
1556710527 0
1556710528 0
1556710529 0
1556710530 0
1556710531 0
1556710532 0
1556710533 0
1556710534 0
1556710535 0
1556710536 0
1556710537 0
1556710538 0
1556710539 0
1556710540 0
1556710541 0
1556710542 0
1556710543 0
1556710544 0
1556710545 0
1556710546 0
1556710547 0
1556710548 0
1556710549 0
1556710550 0
1556710551 0
1556710552 0
1556710553 0
1556710554 0
1556710555 0
1556710556 0
1556710557 0
1556710558 0
1556710559 0
1556710560 0
1556710561 0
1556710562 0
1556710563 0
1556710564 0
1556710565 0
1556710566 0
1556710567 0
1556710568 0
1556710569 0
1556710570 0
1556710571 0
1556710572 0
1556710573 0
1556710574 0
1556710575 0
1556710576 0
1556710577 0
1556710578 0
1556710579 0
1556710580 0
1556710581 0
1556710582 0
1556710583 0
1556710584 0
1556710585 0
1556710586 0
1556710587 0
1556710588 0
1556710589 0
1556710590 0
1556710591 0
1556710592 0
1556710593 0
1556710594 0
1556710595 0
1556710596 0
1556710597 0
1556710598 0
1556710599 0
1556710600 0
1556710601 0
1556710602 0
1556710603 0
1556710604 0
1556710605 0
1556710606 0
1556710607 0
1556710608 0
1556710609 0
1556710610 0
1556710611 0
1556710612 0
1556710613 0
1556710614 0
1556710615 0
1556710616 0
1556710617 0
1556710618 0
1556710619 0
1556710620 0
1556710621 0
1556710622 0
1556710623 0
1556710624 0
1556710625 0
1556710626 0
1556710627 0
1556710628 0
1556710629 0
1556710630 0
1556710631 0
1556710632 0
1556710633 0
1556710634 0
1556710635 0
1556710636 0
1556710637 0
1556710638 0
1556710639 0
1556710640 0
1556710641 0
1556710642 0
1556710643 0
1556710644 0
1556710645 0
1556710646 0
1556710647 0
1556710648 0
1556710649 0
1556710650 0
1556710651 0
1556710652 0
1556710653 0
1556710654 0
1556710655 0
1556710656 0
1556710657 0
1556710658 0
1556710659 0
1556710660 0
1556710661 0
1556710662 0
1556710663 0
1556710664 0
1556710665 0
1556710666 0
1556710667 0
1556710668 0
1556710669 0
1556710670 0
1556710671 0
1556710672 0
1556710673 0
1556710674 0
1556710675 0
1556710676 0
1556710677 0
1556710678 0
1556710679 0
1556710680 0
1556710681 0
1556710682 0
1556710683 0
1556710684 0
1556710685 0
1556710686 0
1556710687 0
1556710688 0
1556710689 0
1556710690 0
1556710691 0
1556710692 0
1556710693 0
1556710694 0
1556710695 0
1556710696 0
1556710697 0
1556710698 0
1556710699 0
1556710700 0
1556710701 0
1556710702 0
1556710703 0
1556710704 0
1556710705 0
1556710706 0
1556710707 0
1556710708 0
1556710709 0
1556710710 0
1556710711 0
1556710712 0
1556710713 0
1556710714 0
1556710715 0
1556710716 0
1556710717 0
1556710718 0
1556710719 0
1556710720 0
1556710721 0
1556710722 0
1556710723 0
1556710724 0
1556710725 0
1556710726 0
1556710727 0
1556710728 0
1556710729 0
1556710730 0
1556710731 0
1556710732 0
1556710733 0
1556710734 0
1556710735 0
1556710736 0
1556710737 0
1556710738 0
1556710739 0
1556710740 0
1556710741 0
1556710742 0
1556710743 0
1556710744 0
1556710745 0
1556710746 0
1556710747 0
1556710748 0
1556710749 0
1556710750 0
1556710751 0
1556710752 0
1556710753 0
1556710754 0
1556710755 0
1556710756 0
1556710757 0
1556710758 0
1556710759 0
1556710760 0
1556710761 0
1556710762 0
1556710763 0
1556710764 0
1556710765 0
1556710766 0
1556710767 0
1556710768 0
1556710769 0
1556710770 0
1556710771 0
1556710772 0
1556710773 0
1556710774 0
1556710775 0
1556710776 0
1556710777 0
1556710778 0
1556710779 0
1556710780 0
1556710781 0
1556710782 0
1556710783 0
1556710784 0
1556710785 0
1556710786 0
1556710787 0
1556710788 0
1556710789 0
1556710790 0
1556710791 0
1556710792 0
1556710793 0
1556710794 0
1556710795 0
1556710796 0
1556710797 0
1556710798 0
1556710799 0
1556710800 0
1556710801 0
1556710802 0
1556710803 0
1556710804 0
1556710805 0
1556710806 0
1556710807 0
1556710808 0
1556710809 0
1556710810 0
1556710811 0
1556710812 0
1556710813 0
1556710814 0
1556710815 0
1556710816 0
1556710817 0
1556710818 0
1556710819 0
1556710820 0
1556710821 0
1556710822 0
1556710823 0
1556710824 0
1556710825 0
1556710826 0
1556710827 0
1556710828 0
1556710829 0
1556710830 0
1556710831 0
1556710832 0
1556710833 0
1556710834 0
1556710835 0
1556710836 0
1556710837 0
1556710838 0
1556710839 0
1556710840 0
1556710841 0
1556710842 0
1556710843 0
1556710844 0
1556710845 0
1556710846 0
1556710847 0
1556710848 0
1556710849 0
1556710850 0
1556710851 0
1556710852 0
1556710853 0
1556710854 0
1556710855 0
1556710856 0
1556710857 0
1556710858 0
1556710859 0
1556710860 0
1556710861 0
1556710862 0
1556710863 0
1556710864 0
1556710865 0
1556710866 0
1556710867 0
1556710868 0
1556710869 0
1556710870 0
1556710871 0
1556710872 0
1556710873 0
1556710874 0
1556710875 0
1556710876 0
1556710877 0
1556710878 0
1556710879 0
1556710880 0
1556710881 0
1556710882 0
1556710883 0
1556710884 0
1556710885 0
1556710886 0
1556710887 0
1556710888 0
1556710889 0
1556710890 0
1556710891 0
1556710892 0
1556710893 0
1556710894 0
1556710895 0
1556710896 0
1556710897 0
1556710898 0
1556710899 0
1556710900 0
1556710901 0
1556710902 0
1556710903 0
1556710904 0
1556710905 0
1556710906 0
1556710907 0
1556710908 0
1556710909 0
1556710910 0
1556710911 0
1556710912 0
1556710913 0
1556710914 0
1556710915 0
1556710916 0
1556710917 0
1556710918 0
1556710919 0
1556710920 0
1556710921 0
1556710922 0
1556710923 0
1556710924 0
1556710925 0
1556710926 0
1556710927 0
1556710928 0
1556710929 0
1556710930 0
1556710931 0
1556710932 0
1556710933 0
1556710934 0
1556710935 0
1556710936 0
1556710937 0
1556710938 0
1556710939 0
1556710940 0
1556710941 0
1556710942 0
1556710943 0
1556710944 0
1556710945 0
1556710946 0
1556710947 0
1556710948 0
1556710949 0
1556710950 0
1556710951 0
1556710952 0
1556710953 0
1556710954 0
1556710955 0
1556710956 0
1556710957 0
1556710958 0
1556710959 0
1556710960 0
1556710961 0
1556710962 0
1556710963 0
1556710964 0
1556710965 0
1556710966 0
1556710967 0
1556710968 0
1556710969 0
1556710970 0
1556710971 0
1556710972 0
1556710973 0
1556710974 0
1556710975 0
1556710976 0
1556710977 0
1556710978 0
1556710979 0
1556710980 0
1556710981 0
1556710982 0
1556710983 0
1556710984 0
1556710985 0
1556710986 0
1556710987 0
1556710988 0
1556710989 0
1556710990 0
1556710991 0
1556710992 0
1556710993 0
1556710994 0
1556710995 0
1556710996 0
1556710997 0
1556710998 0
1556710999 0
1556711000 0
1556711001 0
1556711002 0
1556711003 0
1556711004 0
1556711005 0
1556711006 0
1556711007 0
1556711008 0
1556711009 0
1556711010 0
1556711011 0
1556711012 0
1556711013 0
1556711014 0
1556711015 0
1556711016 0
1556711017 0
1556711018 0
1556711019 0
1556711020 0
1556711021 0
1556711022 0
1556711023 0
1556711024 0
1556711025 0
1556711026 0
1556711027 0
1556711028 0
1556711029 0
1556711030 0
1556711031 0
1556711032 0
1556711033 0
1556711034 0
1556711035 0
1556711036 0
1556711037 0
1556711038 0
1556711039 0
1556711040 0
1556711041 0
1556711042 0
1556711043 0
1556711044 0
1556711045 0
1556711046 0
1556711047 0
1556711048 0
1556711049 0
1556711050 0
1556711051 0
1556711052 0
1556711053 0
1556711054 0
1556711055 0
1556711056 0
1556711057 0
1556711058 0
1556711059 0
1556711060 0
1556711061 0
1556711062 0
1556711063 0
1556711064 0
1556711065 0
1556711066 0
1556711067 0
1556711068 0
1556711069 0
1556711070 0
1556711071 0
1556711072 0
1556711073 0
1556711074 0
1556711075 0
1556711076 0
1556711077 0
1556711078 0
1556711079 0
1556711080 0
1556711081 0
1556711082 0
1556711083 0
1556711084 0
1556711085 0
1556711086 0
1556711087 0
1556711088 0
1556711089 0
1556711090 0
1556711091 0
1556711092 0
1556711093 0
1556711094 0
1556711095 0
1556711096 0
1556711097 0
1556711098 0
1556711099 0
1556711100 0
1556711101 0
1556711102 0
1556711103 0
1556711104 0
1556711105 0
1556711106 0
1556711107 0
1556711108 0
1556711109 0
1556711110 0
1556711111 0
1556711112 0
1556711113 0
1556711114 0
1556711115 0
1556711116 0
1556711117 0
1556711118 0
1556711119 0
1556711120 0
1556711121 0
1556711122 0
1556711123 0
1556711124 0
1556711125 0
1556711126 0
1556711127 0
1556711128 0
1556711129 0
1556711130 0
1556711131 0
1556711132 0
1556711133 0
1556711134 0
1556711135 0
1556711136 0
1556711137 0
1556711138 0
1556711139 0
1556711140 0
1556711141 0
1556711142 0
1556711143 0
1556711144 0
1556711145 0
1556711146 0
1556711147 0
1556711148 0
1556711149 0
1556711150 0
1556711151 0
1556711152 0
1556711153 0
1556711154 0
1556711155 0
1556711156 0
1556711157 0
1556711158 0
1556711159 0
1556711160 0
1556711161 0
1556711162 0
1556711163 0
1556711164 0
1556711165 0
1556711166 0
1556711167 0
1556711168 0
1556711169 0
1556711170 0
1556711171 0
1556711172 0
1556711173 0
1556711174 0
1556711175 0
1556711176 0
1556711177 0
1556711178 0
1556711179 0
1556711180 0
1556711181 0
1556711182 0
1556711183 0
1556711184 0
1556711185 0
1556711186 0
1556711187 0
1556711188 0
1556711189 0
1556711190 0
1556711191 0
1556711192 0
1556711193 0
1556711194 0
1556711195 0
1556711196 0
1556711197 0
1556711198 0
1556711199 0
1556711200 0
1556711201 0
1556711202 0
1556711203 0
1556711204 0
1556711205 0
1556711206 0
1556711207 0
1556711208 0
1556711209 0
1556711210 0
1556711211 0
1556711212 0
1556711213 0
1556711214 0
1556711215 0
1556711216 0
1556711217 0
1556711218 0
1556711219 0
1556711220 0
1556711221 0
1556711222 0
1556711223 0
1556711224 0
1556711225 0
1556711226 0
1556711227 0
1556711228 0
1556711229 0
1556711230 0
1556711231 0
1556711232 0
1556711233 0
1556711234 0
1556711235 0
1556711236 0
1556711237 0
1556711238 0
1556711239 0
1556711240 0
1556711241 0
1556711242 0
1556711243 0
1556711244 0
1556711245 0
1556711246 0
1556711247 0
1556711248 0
1556711249 0
1556711250 0
1556711251 0
1556711252 0
1556711253 0
1556711254 0
1556711255 0
1556711256 0
1556711257 0
1556711258 0
1556711259 0
1556711260 0
1556711261 0
1556711262 0
1556711263 0
1556711264 0
1556711265 0
1556711266 0
1556711267 0
1556711268 0
1556711269 0
1556711270 0
1556711271 0
1556711272 0
1556711273 0
1556711274 0
1556711275 0
1556711276 0
1556711277 0
1556711278 0
1556711279 0
1556711280 0
1556711281 0
1556711282 0
1556711283 0
1556711284 0
1556711285 0
1556711286 0
1556711287 0
1556711288 0
1556711289 0
1556711290 0
1556711291 0
1556711292 0
1556711293 0
1556711294 0
1556711295 0
1556711296 0
1556711297 0
1556711298 0
1556711299 0
1556711300 0
1556711301 0
1556711302 0
1556711303 0
1556711304 0
1556711305 0
1556711306 0
1556711307 0
1556711308 0
1556711309 0
1556711310 0
1556711311 0
1556711312 0
1556711313 0
1556711314 0
1556711315 0
1556711316 0
1556711317 0
1556711318 0
1556711319 0
1556711320 0
1556711321 0
1556711322 0
1556711323 0
1556711324 0
1556711325 0
1556711326 0
1556711327 0
1556711328 0
1556711329 0
1556711330 0
1556711331 0
1556711332 0
1556711333 0
1556711334 0
1556711335 0
1556711336 0
1556711337 0
1556711338 0
1556711339 0
1556711340 0
1556711341 0
1556711342 0
1556711343 0
1556711344 0
1556711345 0
1556711346 0
1556711347 0
1556711348 0
1556711349 0
1556711350 0
1556711351 0
1556711352 0
1556711353 0
1556711354 0
1556711355 0
1556711356 0
1556711357 0
1556711358 0
1556711359 0
1556711360 0
1556711361 0
1556711362 0
1556711363 0
1556711364 0
1556711365 0
1556711366 0
1556711367 0
1556711368 0
1556711369 0
1556711370 0
1556711371 0
1556711372 0
1556711373 0
1556711374 0
1556711375 0
1556711376 0
1556711377 0
1556711378 0
1556711379 0
1556711380 0
1556711381 0
1556711382 0
1556711383 0
1556711384 0
1556711385 0
1556711386 0
1556711387 0
1556711388 0
1556711389 0
1556711390 0
1556711391 0
1556711392 0
1556711393 0
1556711394 0
1556711395 0
1556711396 0
1556711397 0
1556711398 0
1556711399 0
1556711400 0
1556711401 0
1556711402 0
1556711403 0
1556711404 0
1556711405 0
1556711406 0
1556711407 0
1556711408 0
1556711409 0
1556711410 0
1556711411 0
1556711412 0
1556711413 0
1556711414 0
1556711415 0
1556711416 0
1556711417 0
1556711418 0
1556711419 0
1556711420 0
1556711421 0
1556711422 0
1556711423 0
1556711424 0
1556711425 0
1556711426 0
1556711427 0
1556711428 0
1556711429 0
1556711430 0
1556711431 0
1556711432 0
1556711433 0
1556711434 0
1556711435 0
1556711436 0
1556711437 0
1556711438 0
1556711439 0
1556711440 0
1556711441 0
1556711442 0
1556711443 0
1556711444 0
1556711445 0
1556711446 0
1556711447 0
1556711448 0
1556711449 0
1556711450 0
1556711451 0
1556711452 0
1556711453 0
1556711454 0
1556711455 0
1556711456 0
1556711457 0
1556711458 0
1556711459 0
1556711460 0
1556711461 0
1556711462 0
1556711463 0
1556711464 0
1556711465 0
1556711466 0
1556711467 0
1556711468 0
1556711469 0
1556711470 0
1556711471 0
1556711472 0
1556711473 0
1556711474 0
1556711475 0
1556711476 0
1556711477 0
1556711478 0
1556711479 0
1556711480 0
1556711481 0
1556711482 0
1556711483 0
1556711484 0
1556711485 0
1556711486 0
1556711487 0
1556711488 0
1556711489 0
1556711490 0
1556711491 0
1556711492 0
1556711493 0
1556711494 0
1556711495 0
1556711496 0
1556711497 0
1556711498 0
1556711499 0
1556711500 0
1556711501 0
1556711502 0
1556711503 0
1556711504 0
1556711505 0
1556711506 0
1556711507 0
1556711508 0
1556711509 0
1556711510 0
1556711511 0
1556711512 0
1556711513 0
1556711514 0
1556711515 0
1556711516 0
1556711517 0
1556711518 0
1556711519 0
1556711520 0
1556711521 0
1556711522 0
1556711523 0
1556711524 0
1556711525 0
1556711526 0
1556711527 0
1556711528 0
1556711529 0
1556711530 0
1556711531 0
1556711532 0
1556711533 0
1556711534 0
1556711535 0
1556711536 0
1556711537 0
1556711538 0
1556711539 0
1556711540 0
1556711541 0
1556711542 0
1556711543 0
1556711544 0
1556711545 0
1556711546 0
1556711547 0
1556711548 0
1556711549 0
1556711550 0
1556711551 0
1556711552 0
1556711553 0
1556711554 0
1556711555 0
1556711556 0
1556711557 0
1556711558 0
1556711559 0
1556711560 0
1556711561 0
1556711562 0
1556711563 0
1556711564 0
1556711565 0
1556711566 0
1556711567 0
1556711568 0
1556711569 0
1556711570 0
1556711571 0
1556711572 0
1556711573 0
1556711574 0
1556711575 0
1556711576 0
1556711577 0
1556711578 0
1556711579 0
1556711580 0
1556711581 0
1556711582 0
1556711583 0
1556711584 0
1556711585 0
1556711586 0
1556711587 0
1556711588 0
1556711589 0
1556711590 0
1556711591 0
1556711592 0
1556711593 0
1556711594 0
1556711595 0
1556711596 0
1556711597 0
1556711598 0
1556711599 0
1556711600 0
1556711601 0
1556711602 0
1556711603 0
1556711604 0
1556711605 0
1556711606 0
1556711607 0
1556711608 0
1556711609 0
1556711610 0
1556711611 0
1556711612 0
1556711613 0
1556711614 0
1556711615 0
1556711616 0
1556711617 0
1556711618 0
1556711619 0
1556711620 0
1556711621 0
1556711622 0
1556711623 0
1556711624 0
1556711625 0
1556711626 0
1556711627 0
1556711628 0
1556711629 0
1556711630 0
1556711631 0
1556711632 0
1556711633 0
1556711634 0
1556711635 0
1556711636 0
1556711637 0
1556711638 0
1556711639 0
1556711640 0
1556711641 0
1556711642 0
1556711643 0
1556711644 0
1556711645 0
1556711646 0
1556711647 0
1556711648 0
1556711649 0
1556711650 0
1556711651 0
1556711652 0
1556711653 0
1556711654 0
1556711655 0
1556711656 0
1556711657 0
1556711658 0
1556711659 0
1556711660 0
1556711661 0
1556711662 0
1556711663 0
1556711664 0
1556711665 0
1556711666 0
1556711667 0
1556711668 0
1556711669 0
1556711670 0
1556711671 0
1556711672 0
1556711673 0
1556711674 0
1556711675 0
1556711676 0
1556711677 0
1556711678 0
1556711679 0
1556711680 0
1556711681 0
1556711682 0
1556711683 0
1556711684 0
1556711685 0
1556711686 0
1556711687 0
1556711688 0
1556711689 0
1556711690 0
1556711691 0
1556711692 0
1556711693 0
1556711694 0
1556711695 0
1556711696 0
1556711697 0
1556711698 0
1556711699 0
1556711700 0
1556711701 0
1556711702 0
1556711703 0
1556711704 0
1556711705 0
1556711706 0
1556711707 0
1556711708 0
1556711709 0
1556711710 0
1556711711 0
1556711712 0
1556711713 0
1556711714 0
1556711715 0
1556711716 0
1556711717 0
1556711718 0
1556711719 0
1556711720 0
1556711721 0
1556711722 0
1556711723 0
1556711724 0
1556711725 0
1556711726 0
1556711727 0
1556711728 0
1556711729 0
1556711730 0
1556711731 0
1556711732 0
1556711733 0
1556711734 0
1556711735 0
1556711736 0
1556711737 0
1556711738 0
1556711739 0
1556711740 0
1556711741 0
1556711742 0
1556711743 0
1556711744 0
1556711745 0
1556711746 0
1556711747 0
1556711748 0
1556711749 0
1556711750 0
1556711751 0
1556711752 0
1556711753 0
1556711754 0
1556711755 0
1556711756 0
1556711757 0
1556711758 0
1556711759 0
1556711760 0
1556711761 0
1556711762 0
1556711763 0
1556711764 0
1556711765 0
1556711766 0
1556711767 0
1556711768 0
1556711769 0
1556711770 0
1556711771 0
1556711772 0
1556711773 0
1556711774 0
1556711775 0
1556711776 0
1556711777 0
1556711778 0
1556711779 0
1556711780 0
1556711781 0
1556711782 0
1556711783 0
1556711784 0
1556711785 0
1556711786 0
1556711787 0
1556711788 0
1556711789 0
1556711790 0
1556711791 0
1556711792 0
1556711793 0
1556711794 0
1556711795 0
1556711796 0
1556711797 0
1556711798 0
1556711799 0
1556711800 0
1556711801 0
1556711802 0
1556711803 0
1556711804 0
1556711805 0
1556711806 0
1556711807 0
1556711808 0
1556711809 0
1556711810 0
1556711811 0
1556711812 0
1556711813 0
1556711814 0
1556711815 0
1556711816 0
1556711817 0
1556711818 0
1556711819 0
1556711820 0
1556711821 0
1556711822 0
1556711823 0
1556711824 0
1556711825 0
1556711826 0
1556711827 0
1556711828 0
1556711829 0
1556711830 0
1556711831 0
1556711832 0
1556711833 0
1556711834 0
1556711835 0
1556711836 0
1556711837 0
1556711838 0
1556711839 0
1556711840 0
1556711841 0
1556711842 0
1556711843 0
1556711844 0
1556711845 0
1556711846 0
1556711847 0
1556711848 0
1556711849 0
1556711850 0
1556711851 0
1556711852 0
1556711853 0
1556711854 0
1556711855 0
1556711856 0
1556711857 0
1556711858 0
1556711859 0
1556711860 0
1556711861 0
1556711862 0
1556711863 0
1556711864 0
1556711865 0
1556711866 0
1556711867 0
1556711868 0
1556711869 0
1556711870 0
1556711871 0
1556711872 0
1556711873 0
1556711874 0
1556711875 0
1556711876 0
1556711877 0
1556711878 0
1556711879 0
1556711880 0
1556711881 0
1556711882 0
1556711883 0
1556711884 0
1556711885 0
1556711886 0
1556711887 0
1556711888 0
1556711889 0
1556711890 0
1556711891 0
1556711892 0
1556711893 0
1556711894 0
1556711895 0
1556711896 0
1556711897 0
1556711898 0
1556711899 0
1556711900 0
1556711901 0
1556711902 0
1556711903 0
1556711904 0
1556711905 0
1556711906 0
1556711907 0
1556711908 0
1556711909 0
1556711910 0
1556711911 0
1556711912 0
1556711913 0
1556711914 0
1556711915 0
1556711916 0
1556711917 0
1556711918 0
1556711919 0
1556711920 0
1556711921 0
1556711922 0
1556711923 0
1556711924 0
1556711925 0
1556711926 0
1556711927 0
1556711928 0
1556711929 0
1556711930 0
1556711931 0
1556711932 0
1556711933 0
1556711934 0
1556711935 0
1556711936 0
1556711937 0
1556711938 0
1556711939 0
1556711940 0
1556711941 0
1556711942 0
1556711943 0
1556711944 0
1556711945 0
1556711946 0
1556711947 0
1556711948 0
1556711949 0
1556711950 0
1556711951 0
1556711952 0
1556711953 0
1556711954 0
1556711955 0
1556711956 0
1556711957 0
1556711958 0
1556711959 0
1556711960 0
1556711961 0
1556711962 0
1556711963 0
1556711964 0
1556711965 0
1556711966 0
1556711967 0
1556711968 0
1556711969 0
1556711970 0
1556711971 0
1556711972 0
1556711973 0
1556711974 0
1556711975 0
1556711976 0
1556711977 0
1556711978 0
1556711979 0
1556711980 0
1556711981 0
1556711982 0
1556711983 0
1556711984 0
1556711985 0
1556711986 0
1556711987 0
1556711988 0
1556711989 0
1556711990 0
1556711991 0
1556711992 0
1556711993 0
1556711994 0
1556711995 0
1556711996 0
1556711997 0
1556711998 0
1556711999 0
1556712000 0
1556712001 0
1556712002 0
1556712003 0
1556712004 0
1556712005 0
1556712006 0
1556712007 0
1556712008 0
1556712009 0
1556712010 0
1556712011 0
1556712012 0
1556712013 0
1556712014 0
1556712015 0
1556712016 0
1556712017 0
1556712018 0
1556712019 0
1556712020 0
1556712021 0
1556712022 0
1556712023 0
1556712024 0
1556712025 0
1556712026 0
1556712027 0
1556712028 0
1556712029 0
1556712030 0
1556712031 0
1556712032 0
1556712033 0
1556712034 0
1556712035 0
1556712036 0
1556712037 0
1556712038 0
1556712039 0
1556712040 0
1556712041 0
1556712042 0
1556712043 0
1556712044 0
1556712045 0
1556712046 0
1556712047 0
1556712048 0
1556712049 0
1556712050 0
1556712051 0
1556712052 0
1556712053 0
1556712054 0
1556712055 0
1556712056 0
1556712057 0
1556712058 0
1556712059 0
1556712060 0
1556712061 0
1556712062 0
1556712063 0
1556712064 0
1556712065 0
1556712066 0
1556712067 0
1556712068 0
1556712069 0
1556712070 0
1556712071 0
1556712072 0
1556712073 0
1556712074 0
1556712075 0
1556712076 0
1556712077 0
1556712078 0
1556712079 0
1556712080 0
1556712081 0
1556712082 0
1556712083 0
1556712084 0
1556712085 0
1556712086 0
1556712087 0
1556712088 0
1556712089 0
1556712090 0
1556712091 0
1556712092 0
1556712093 0
1556712094 0
1556712095 0
1556712096 0
1556712097 0
1556712098 0
1556712099 0
1556712100 0
1556712101 0
1556712102 0
1556712103 0
1556712104 0
1556712105 0
1556712106 0
1556712107 0
1556712108 0
1556712109 0
1556712110 0
1556712111 0
1556712112 0
1556712113 0
1556712114 0
1556712115 0
1556712116 0
1556712117 0
1556712118 0
1556712119 0
1556712120 0
1556712121 0
1556712122 0
1556712123 0
1556712124 0
1556712125 0
1556712126 0
1556712127 0
1556712128 0
1556712129 0
1556712130 0
1556712131 0
1556712132 0
1556712133 0
1556712134 0
1556712135 0
1556712136 0
1556712137 0
1556712138 0
1556712139 0
1556712140 0
1556712141 0
1556712142 0
1556712143 0
1556712144 0
1556712145 0
1556712146 0
1556712147 0
1556712148 0
1556712149 0
1556712150 0
1556712151 0
1556712152 0
1556712153 0
1556712154 0
1556712155 0
1556712156 0
1556712157 0
1556712158 0
1556712159 0
1556712160 0
1556712161 0
1556712162 0
1556712163 0
1556712164 0
1556712165 0
1556712166 0
1556712167 0
1556712168 0
1556712169 0
1556712170 0
1556712171 0
1556712172 0
1556712173 0
1556712174 0
1556712175 0
1556712176 0
1556712177 0
1556712178 0
1556712179 0
1556712180 0
1556712181 0
1556712182 0
1556712183 0
1556712184 0
1556712185 0
1556712186 0
1556712187 0
1556712188 0
1556712189 0
1556712190 0
1556712191 0
1556712192 0
1556712193 0
1556712194 0
1556712195 0
1556712196 0
1556712197 0
1556712198 0
1556712199 0
1556712200 0
1556712201 0
1556712202 0
1556712203 0
1556712204 0
1556712205 0
1556712206 0
1556712207 0
1556712208 0
1556712209 0
1556712210 0
1556712211 0
1556712212 0
1556712213 0
1556712214 0
1556712215 0
1556712216 0
1556712217 0
1556712218 0
1556712219 0
1556712220 0
1556712221 0
1556712222 0
1556712223 0
1556712224 0
1556712225 0
1556712226 0
1556712227 0
1556712228 0
1556712229 0
1556712230 0
1556712231 0
1556712232 0
1556712233 0
1556712234 0
1556712235 0
1556712236 0
1556712237 0
1556712238 0
1556712239 0
1556712240 0
1556712241 0
1556712242 0
1556712243 0
1556712244 0
1556712245 0
1556712246 0
1556712247 0
1556712248 0
1556712249 0
1556712250 0
1556712251 0
1556712252 0
1556712253 0
1556712254 0
1556712255 0
1556712256 0
1556712257 0
1556712258 0
1556712259 0
1556712260 0
1556712261 0
1556712262 0
1556712263 0
1556712264 0
1556712265 0
1556712266 0
1556712267 0
1556712268 0
1556712269 0
1556712270 0
1556712271 0
1556712272 0
1556712273 0
1556712274 0
1556712275 0
1556712276 0
1556712277 0
1556712278 0
1556712279 0
1556712280 0
1556712281 0
1556712282 0
1556712283 0
1556712284 0
1556712285 0
1556712286 0
1556712287 0
1556712288 0
1556712289 0
1556712290 0
1556712291 0
1556712292 0
1556712293 0
1556712294 0
1556712295 0
1556712296 0
1556712297 0
1556712298 0
1556712299 0
1556712300 0
1556712301 0
1556712302 0
1556712303 0
1556712304 0
1556712305 0
1556712306 0
1556712307 0
1556712308 0
1556712309 0
1556712310 0
1556712311 0
1556712312 0
1556712313 0
1556712314 0
1556712315 0
1556712316 0
1556712317 0
1556712318 0
1556712319 0
1556712320 0
1556712321 0
1556712322 0
1556712323 0
1556712324 0
1556712325 0
1556712326 0
1556712327 0
1556712328 0
1556712329 0
1556712330 0
1556712331 0
1556712332 0
1556712333 0
1556712334 0
1556712335 0
1556712336 0
1556712337 0
1556712338 0
1556712339 0
1556712340 0
1556712341 0
1556712342 0
1556712343 0
1556712344 0
1556712345 0
1556712346 0
1556712347 0
1556712348 0
1556712349 0
1556712350 0
1556712351 0
1556712352 0
1556712353 0
1556712354 0
1556712355 0
1556712356 0
1556712357 0
1556712358 0
1556712359 0
1556712360 0
1556712361 0
1556712362 0
1556712363 0
1556712364 0
1556712365 0
1556712366 0
1556712367 0
1556712368 0
1556712369 0
1556712370 0
1556712371 0
1556712372 0
1556712373 0
1556712374 0
1556712375 0
1556712376 0
1556712377 0
1556712378 0
1556712379 0
1556712380 0
1556712381 0
1556712382 0
1556712383 0
1556712384 0
1556712385 0
1556712386 0
1556712387 0
1556712388 0
1556712389 0
1556712390 0
1556712391 0
1556712392 0
1556712393 0
1556712394 0
1556712395 0
1556712396 0
1556712397 0
1556712398 0
1556712399 0
1556712400 0
1556712401 0
1556712402 0
1556712403 0
1556712404 0
1556712405 0
1556712406 0
1556712407 0
1556712408 0
1556712409 0
1556712410 0
1556712411 0
1556712412 0
1556712413 0
1556712414 0
1556712415 0
1556712416 0
1556712417 0
1556712418 0
1556712419 0
1556712420 0
1556712421 0
1556712422 0
1556712423 0
1556712424 0
1556712425 0
1556712426 0
1556712427 0
1556712428 0
1556712429 0
1556712430 0
1556712431 0
1556712432 0
1556712433 0
1556712434 0
1556712435 0
1556712436 0
1556712437 0
1556712438 0
1556712439 0
1556712440 0
1556712441 0
1556712442 0
1556712443 0
1556712444 0
1556712445 0
1556712446 0
1556712447 0
1556712448 0
1556712449 0
1556712450 0
1556712451 0
1556712452 0
1556712453 0
1556712454 0
1556712455 0
1556712456 0
1556712457 0
1556712458 0
1556712459 0
1556712460 0
1556712461 0
1556712462 0
1556712463 0
1556712464 0
1556712465 0
1556712466 0
1556712467 0
1556712468 0
1556712469 0
1556712470 0
1556712471 0
1556712472 0
1556712473 0
1556712474 0
1556712475 0
1556712476 0
1556712477 0
1556712478 0
1556712479 0
1556712480 0
1556712481 0
1556712482 0
1556712483 0
1556712484 0
1556712485 0
1556712486 0
1556712487 0
1556712488 0
1556712489 0
1556712490 0
1556712491 0
1556712492 0
1556712493 0
1556712494 0
1556712495 0
1556712496 0
1556712497 0
1556712498 0
1556712499 0
1556712500 0
1556712501 0
1556712502 0
1556712503 0
1556712504 0
1556712505 0
1556712506 0
1556712507 0
1556712508 0
1556712509 0
1556712510 0
1556712511 0
1556712512 0
1556712513 0
1556712514 0
1556712515 0
1556712516 0
1556712517 0
1556712518 0
1556712519 0
1556712520 0
1556712521 0
1556712522 0
1556712523 0
1556712524 0
1556712525 0
1556712526 0
1556712527 0
1556712528 0
1556712529 0
1556712530 0
1556712531 0
1556712532 0
1556712533 0
1556712534 0
1556712535 0
1556712536 0
1556712537 0
1556712538 0
1556712539 0
1556712540 0
1556712541 0
1556712542 0
1556712543 0
1556712544 0
1556712545 0
1556712546 0
1556712547 0
1556712548 0
1556712549 0
1556712550 0
1556712551 0
1556712552 0
1556712553 0
1556712554 0
1556712555 0
1556712556 0
1556712557 0
1556712558 0
1556712559 0
1556712560 0
1556712561 0
1556712562 0
1556712563 0
1556712564 0
1556712565 0
1556712566 0
1556712567 0
1556712568 0
1556712569 0
1556712570 0
1556712571 0
1556712572 0
1556712573 0
1556712574 0
1556712575 0
1556712576 0
1556712577 0
1556712578 0
1556712579 0
1556712580 0
1556712581 0
1556712582 0
1556712583 0
1556712584 0
1556712585 0
1556712586 0
1556712587 0
1556712588 0
1556712589 0
1556712590 0
1556712591 0
1556712592 0
1556712593 0
1556712594 0
1556712595 0
1556712596 0
1556712597 0
1556712598 0
1556712599 0
1556712600 0
1556712601 0
1556712602 0
1556712603 0
1556712604 0
1556712605 0
1556712606 0
1556712607 0
1556712608 0
1556712609 0
1556712610 0
1556712611 0
1556712612 0
1556712613 0
1556712614 0
1556712615 0
1556712616 0
1556712617 0
1556712618 0
1556712619 0
1556712620 0
1556712621 0
1556712622 0
1556712623 0
1556712624 0
1556712625 0
1556712626 0
1556712627 0
1556712628 0
1556712629 0
1556712630 0
1556712631 0
1556712632 0
1556712633 0
1556712634 0
1556712635 0
1556712636 0
1556712637 0
1556712638 0
1556712639 0
1556712640 0
1556712641 0
1556712642 0
1556712643 0
1556712644 0
1556712645 0
1556712646 0
1556712647 0
1556712648 0
1556712649 0
1556712650 0
1556712651 0
1556712652 0
1556712653 0
1556712654 0
1556712655 0
1556712656 0
1556712657 0
1556712658 0
1556712659 0
1556712660 0
1556712661 0
1556712662 0
1556712663 0
1556712664 0
1556712665 0
1556712666 0
1556712667 0
1556712668 0
1556712669 0
1556712670 0
1556712671 0
1556712672 0
1556712673 0
1556712674 0
1556712675 0
1556712676 0
1556712677 0
1556712678 0
1556712679 0
1556712680 0
1556712681 0
1556712682 0
1556712683 0
1556712684 0
1556712685 0
1556712686 0
1556712687 0
1556712688 0
1556712689 0
1556712690 0
1556712691 0
1556712692 0
1556712693 0
1556712694 0
1556712695 0
1556712696 0
1556712697 0
1556712698 0
1556712699 0
1556712700 0
1556712701 0
1556712702 0
1556712703 0
1556712704 0
1556712705 0
1556712706 0
1556712707 0
1556712708 0
1556712709 0
1556712710 0
1556712711 0
1556712712 0
1556712713 0
1556712714 0
1556712715 0
1556712716 0
1556712717 0
1556712718 0
1556712719 0
1556712720 0
1556712721 0
1556712722 0
1556712723 0
1556712724 0
1556712725 0
1556712726 0
1556712727 0
1556712728 0
1556712729 0
1556712730 0
1556712731 0
1556712732 0
1556712733 0
1556712734 0
1556712735 0
1556712736 0
1556712737 0
1556712738 0
1556712739 0
1556712740 0
1556712741 0
1556712742 0
1556712743 0
1556712744 0
1556712745 0
1556712746 0
1556712747 0
1556712748 0
1556712749 0
1556712750 0
1556712751 0
1556712752 0
1556712753 0
1556712754 0
1556712755 0
1556712756 0
1556712757 0
1556712758 0
1556712759 0
1556712760 0
1556712761 0
1556712762 0
1556712763 0
1556712764 0
1556712765 0
1556712766 0
1556712767 0
1556712768 0
1556712769 0
1556712770 0
1556712771 0
1556712772 0
1556712773 0
1556712774 0
1556712775 0
1556712776 0
1556712777 0
1556712778 0
1556712779 0
1556712780 0
1556712781 0
1556712782 0
1556712783 0
1556712784 0
1556712785 0
1556712786 0
1556712787 0
1556712788 0
1556712789 0
1556712790 0
1556712791 0
1556712792 0
1556712793 0
1556712794 0
1556712795 0
1556712796 0
1556712797 0
1556712798 0
1556712799 0
1556712800 0
1556712801 0
1556712802 0
1556712803 0
1556712804 0
1556712805 0
1556712806 0
1556712807 0
1556712808 0
1556712809 0
1556712810 0
1556712811 0
1556712812 0
1556712813 0
1556712814 0
1556712815 0
1556712816 0
1556712817 0
1556712818 0
1556712819 0
1556712820 0
1556712821 0
1556712822 0
1556712823 0
1556712824 0
1556712825 0
1556712826 0
1556712827 0
1556712828 0
1556712829 0
1556712830 0
1556712831 0
1556712832 0
1556712833 0
1556712834 0
1556712835 0
1556712836 0
1556712837 0
1556712838 0
1556712839 0
1556712840 0
1556712841 0
1556712842 0
1556712843 0
1556712844 0
1556712845 0
1556712846 0
1556712847 0
1556712848 0
1556712849 0
1556712850 0
1556712851 0
1556712852 0
1556712853 0
1556712854 0
1556712855 0
1556712856 0
1556712857 0
1556712858 0
1556712859 0
1556712860 0
1556712861 0
1556712862 0
1556712863 0
1556712864 0
1556712865 0
1556712866 0
1556712867 0
1556712868 0
1556712869 0
1556712870 0
1556712871 0
1556712872 0
1556712873 0
1556712874 0
1556712875 0
1556712876 0
1556712877 0
1556712878 0
1556712879 0
1556712880 0
1556712881 0
1556712882 0
1556712883 0
1556712884 0
1556712885 0
1556712886 0
1556712887 0
1556712888 0
1556712889 0
1556712890 0
1556712891 0
1556712892 0
1556712893 0
1556712894 0
1556712895 0
1556712896 0
1556712897 0
1556712898 0
1556712899 0
1556712900 0
1556712901 0
1556712902 0
1556712903 0
1556712904 0
1556712905 0
1556712906 0
1556712907 0
1556712908 0
1556712909 0
1556712910 0
1556712911 0
1556712912 0
1556712913 0
1556712914 0
1556712915 0
1556712916 0
1556712917 0
1556712918 0
1556712919 0
1556712920 0
1556712921 0
1556712922 0
1556712923 0
1556712924 0
1556712925 0
1556712926 0
1556712927 0
1556712928 0
1556712929 0
1556712930 0
1556712931 0
1556712932 0
1556712933 0
1556712934 0
1556712935 0
1556712936 0
1556712937 0
1556712938 0
1556712939 0
1556712940 0
1556712941 0
1556712942 0
1556712943 0
1556712944 0
1556712945 0
1556712946 0
1556712947 0
1556712948 0
1556712949 0
1556712950 0
1556712951 0
1556712952 0
1556712953 0
1556712954 0
1556712955 0
1556712956 0
1556712957 0
1556712958 0
1556712959 0
1556712960 0
1556712961 0
1556712962 0
1556712963 0
1556712964 0
1556712965 0
1556712966 0
1556712967 0
1556712968 0
1556712969 0
1556712970 0
1556712971 0
1556712972 0
1556712973 0
1556712974 0
1556712975 0
1556712976 0
1556712977 0
1556712978 0
1556712979 0
1556712980 0
1556712981 0
1556712982 0
1556712983 0
1556712984 0
1556712985 0
1556712986 0
1556712987 0
1556712988 0
1556712989 0
1556712990 0
1556712991 0
1556712992 0
1556712993 0
1556712994 0
1556712995 0
1556712996 0
1556712997 0
1556712998 0
1556712999 0
1556713000 0
1556713001 0
1556713002 0
1556713003 0
1556713004 0
1556713005 0
1556713006 0
1556713007 0
1556713008 0
1556713009 0
1556713010 0
1556713011 0
1556713012 0
1556713013 0
1556713014 0
1556713015 0
1556713016 0
1556713017 0
1556713018 0
1556713019 0
1556713020 0
1556713021 0
1556713022 0
1556713023 0
1556713024 0
1556713025 0
1556713026 0
1556713027 0
1556713028 0
1556713029 0
1556713030 0
1556713031 0
1556713032 0
1556713033 0
1556713034 0
1556713035 0
1556713036 0
1556713037 0
1556713038 0
1556713039 0
1556713040 0
1556713041 0
1556713042 0
1556713043 0
1556713044 0
1556713045 0
1556713046 0
1556713047 0
1556713048 0
1556713049 0
1556713050 0
1556713051 0
1556713052 0
1556713053 0
1556713054 0
1556713055 0
1556713056 0
1556713057 0
1556713058 0
1556713059 0
1556713060 0
1556713061 0
1556713062 0
1556713063 0
1556713064 0
1556713065 0
1556713066 0
1556713067 0
1556713068 0
1556713069 0
1556713070 0
1556713071 0
1556713072 0
1556713073 0
1556713074 0
1556713075 0
1556713076 0
1556713077 0
1556713078 0
1556713079 0
1556713080 0
1556713081 0
1556713082 0
1556713083 0
1556713084 0
1556713085 0
1556713086 0
1556713087 0
1556713088 0
1556713089 0
1556713090 0
1556713091 0
1556713092 0
1556713093 0
1556713094 0
1556713095 0
1556713096 0
1556713097 0
1556713098 0
1556713099 0
1556713100 0
1556713101 0
1556713102 0
1556713103 0
1556713104 0
1556713105 0
1556713106 0
1556713107 0
1556713108 0
1556713109 0
1556713110 0
1556713111 0
1556713112 0
1556713113 0
1556713114 0
1556713115 0
1556713116 0
1556713117 0
1556713118 0
1556713119 0
1556713120 0
1556713121 0
1556713122 0
1556713123 0
1556713124 0
1556713125 0
1556713126 0
1556713127 0
1556713128 0
1556713129 0
1556713130 0
1556713131 0
1556713132 0
1556713133 0
1556713134 0
1556713135 0
1556713136 0
1556713137 0
1556713138 0
1556713139 0
1556713140 0
1556713141 0
1556713142 0
1556713143 0
1556713144 0
1556713145 0
1556713146 0
1556713147 0
1556713148 0
1556713149 0
1556713150 0
1556713151 0
1556713152 0
1556713153 0
1556713154 0
1556713155 0
1556713156 0
1556713157 0
1556713158 0
1556713159 0
1556713160 0
1556713161 0
1556713162 0
1556713163 0
1556713164 0
1556713165 0
1556713166 0
1556713167 0
1556713168 0
1556713169 0
1556713170 0
1556713171 0
1556713172 0
1556713173 0
1556713174 0
1556713175 0
1556713176 0
1556713177 0
1556713178 0
1556713179 0
1556713180 0
1556713181 0
1556713182 0
1556713183 0
1556713184 0
1556713185 0
1556713186 0
1556713187 0
1556713188 0
1556713189 0
1556713190 0
1556713191 0
1556713192 0
1556713193 0
1556713194 0
1556713195 0
1556713196 0
1556713197 0
1556713198 0
1556713199 0
1556713200 0
1556713201 0
1556713202 0
1556713203 0
1556713204 0
1556713205 0
1556713206 0
1556713207 0
1556713208 0
1556713209 0
1556713210 0
1556713211 0
1556713212 0
1556713213 0
1556713214 0
1556713215 0
1556713216 0
1556713217 0
1556713218 0
1556713219 0
1556713220 0
1556713221 0
1556713222 0
1556713223 0
1556713224 0
1556713225 0
1556713226 0
1556713227 0
1556713228 0
1556713229 0
1556713230 0
1556713231 0
1556713232 0
1556713233 0
1556713234 0
1556713235 0
1556713236 0
1556713237 0
1556713238 0
1556713239 0
1556713240 0
1556713241 0
1556713242 0
1556713243 0
1556713244 0
1556713245 0
1556713246 0
1556713247 0
1556713248 0
1556713249 0
1556713250 0
1556713251 0
1556713252 0
1556713253 0
1556713254 0
1556713255 0
1556713256 0
1556713257 0
1556713258 0
1556713259 0
1556713260 0
1556713261 0
1556713262 0
1556713263 0
1556713264 0
1556713265 0
1556713266 0
1556713267 0
1556713268 0
1556713269 0
1556713270 0
1556713271 0
1556713272 0
1556713273 0
1556713274 0
1556713275 0
1556713276 0
1556713277 0
1556713278 0
1556713279 0
1556713280 0
1556713281 0
1556713282 0
1556713283 0
1556713284 0
1556713285 0
1556713286 0
1556713287 0
1556713288 0
1556713289 0
1556713290 0
1556713291 0
1556713292 0
1556713293 0
1556713294 0
1556713295 0
1556713296 0
1556713297 0
1556713298 0
1556713299 0
1556713300 0
1556713301 0
1556713302 0
1556713303 0
1556713304 0
1556713305 0
1556713306 0
1556713307 0
1556713308 0
1556713309 0
1556713310 0
1556713311 0
1556713312 0
1556713313 0
1556713314 0
1556713315 0
1556713316 0
1556713317 0
1556713318 0
1556713319 0
1556713320 0
1556713321 0
1556713322 0
1556713323 0
1556713324 0
1556713325 0
1556713326 0
1556713327 0
1556713328 0
1556713329 0
1556713330 0
1556713331 0
1556713332 0
1556713333 0
1556713334 0
1556713335 0
1556713336 0
1556713337 0
1556713338 0
1556713339 0
1556713340 0
1556713341 0
1556713342 0
1556713343 0
1556713344 0
1556713345 0
1556713346 0
1556713347 0
1556713348 0
1556713349 0
1556713350 0
1556713351 0
1556713352 0
1556713353 0
1556713354 0
1556713355 0
1556713356 0
1556713357 0
1556713358 0
1556713359 0
1556713360 0
1556713361 0
1556713362 0
1556713363 0
1556713364 0
1556713365 0
1556713366 0
1556713367 0
1556713368 0
1556713369 0
1556713370 0
1556713371 0
1556713372 0
1556713373 0
1556713374 0
1556713375 0
1556713376 0
1556713377 0
1556713378 0
1556713379 0
1556713380 0
1556713381 0
1556713382 0
1556713383 0
1556713384 0
1556713385 0
1556713386 0
1556713387 0
1556713388 0
1556713389 0
1556713390 0
1556713391 0
1556713392 0
1556713393 0
1556713394 0
1556713395 0
1556713396 0
1556713397 0
1556713398 0
1556713399 0
1556713400 0
1556713401 0
1556713402 0
1556713403 0
1556713404 0
1556713405 0
1556713406 0
1556713407 0
1556713408 0
1556713409 0
1556713410 0
1556713411 0
1556713412 0
1556713413 0
1556713414 0
1556713415 0
1556713416 0
1556713417 0
1556713418 0
1556713419 0
1556713420 0
1556713421 0
1556713422 0
1556713423 0
1556713424 0
1556713425 0
1556713426 0
1556713427 0
1556713428 0
1556713429 0
1556713430 0
1556713431 0
1556713432 0
1556713433 0
1556713434 0
1556713435 0
1556713436 0
1556713437 0
1556713438 0
1556713439 0
1556713440 0
1556713441 0
1556713442 0
1556713443 0
1556713444 0
1556713445 0
1556713446 0
1556713447 0
1556713448 0
1556713449 0
1556713450 0
1556713451 0
1556713452 0
1556713453 0
1556713454 0
1556713455 0
1556713456 0
1556713457 0
1556713458 0
1556713459 0
1556713460 0
1556713461 0
1556713462 0
1556713463 0
1556713464 0
1556713465 0
1556713466 0
1556713467 0
1556713468 0
1556713469 0
1556713470 0
1556713471 0
1556713472 0
1556713473 0
1556713474 0
1556713475 0
1556713476 0
1556713477 0
1556713478 0
1556713479 0
1556713480 0
1556713481 0
1556713482 0
1556713483 0
1556713484 0
1556713485 0
1556713486 0
1556713487 0
1556713488 0
1556713489 0
1556713490 0
1556713491 0
1556713492 0
1556713493 0
1556713494 0
1556713495 0
1556713496 0
1556713497 0
1556713498 0
1556713499 0
1556713500 0
1556713501 0
1556713502 0
1556713503 0
1556713504 0
1556713505 0
1556713506 0
1556713507 0
1556713508 0
1556713509 0
1556713510 0
1556713511 0
1556713512 0
1556713513 0
1556713514 0
1556713515 0
1556713516 0
1556713517 0
1556713518 0
1556713519 0
1556713520 0
1556713521 0
1556713522 0
1556713523 0
1556713524 0
1556713525 0
1556713526 0
1556713527 0
1556713528 0
1556713529 0
1556713530 0
1556713531 0
1556713532 0
1556713533 0
1556713534 0
1556713535 0
1556713536 0
1556713537 0
1556713538 0
1556713539 0
1556713540 0
1556713541 0
1556713542 0
1556713543 0
1556713544 0
1556713545 0
1556713546 0
1556713547 0
1556713548 0
1556713549 0
1556713550 0
1556713551 0
1556713552 0
1556713553 0
1556713554 0
1556713555 0
1556713556 0
1556713557 0
1556713558 0
1556713559 0
1556713560 0
1556713561 0
1556713562 0
1556713563 0
1556713564 0
1556713565 0
1556713566 0
1556713567 0
1556713568 0
1556713569 0
1556713570 0
1556713571 0
1556713572 0
1556713573 0
1556713574 0
1556713575 0
1556713576 0
1556713577 0
1556713578 0
1556713579 0
1556713580 0
1556713581 0
1556713582 0
1556713583 0
1556713584 0
1556713585 0
1556713586 0
1556713587 0
1556713588 0
1556713589 0
1556713590 0
1556713591 0
1556713592 0
1556713593 0
1556713594 0
1556713595 0
1556713596 0
1556713597 0
1556713598 0
1556713599 0
1556713600 0
1556713601 0
1556713602 0
1556713603 0
1556713604 0
1556713605 0
1556713606 0
1556713607 0
1556713608 0
1556713609 0
1556713610 0
1556713611 0
1556713612 0
1556713613 0
1556713614 0
1556713615 0
1556713616 0
1556713617 0
1556713618 0
1556713619 0
1556713620 0
1556713621 0
1556713622 0
1556713623 0
1556713624 0
1556713625 0
1556713626 0
1556713627 0
1556713628 0
1556713629 0
1556713630 0
1556713631 0
1556713632 0
1556713633 0
1556713634 0
1556713635 0
1556713636 0
1556713637 0
1556713638 0
1556713639 0
1556713640 0
1556713641 0
1556713642 0
1556713643 0
1556713644 0
1556713645 0
1556713646 0
1556713647 0
1556713648 0
1556713649 0
1556713650 0
1556713651 0
1556713652 0
1556713653 0
1556713654 0
1556713655 0
1556713656 0
1556713657 0
1556713658 0
1556713659 0
1556713660 0
1556713661 0
1556713662 0
1556713663 0
1556713664 0
1556713665 0
1556713666 0
1556713667 0
1556713668 0
1556713669 0
1556713670 0
1556713671 0
1556713672 0
1556713673 0
1556713674 0
1556713675 0
1556713676 0
1556713677 0
1556713678 0
1556713679 0
1556713680 0
1556713681 0
1556713682 0
1556713683 0
1556713684 0
1556713685 0
1556713686 0
1556713687 0
1556713688 0
1556713689 0
1556713690 0
1556713691 0
1556713692 0
1556713693 0
1556713694 0
1556713695 0
1556713696 0
1556713697 0
1556713698 0
1556713699 0
1556713700 0
1556713701 0
1556713702 0
1556713703 0
1556713704 0
1556713705 0
1556713706 0
1556713707 0
1556713708 0
1556713709 0
1556713710 0
1556713711 0
1556713712 0
1556713713 0
1556713714 0
1556713715 0
1556713716 0
1556713717 0
1556713718 0
1556713719 0
1556713720 0
1556713721 0
1556713722 0
1556713723 0
1556713724 0
1556713725 0
1556713726 0
1556713727 0
1556713728 0
1556713729 0
1556713730 0
1556713731 0
1556713732 0
1556713733 0
1556713734 0
1556713735 0
1556713736 0
1556713737 0
1556713738 0
1556713739 0
1556713740 0
1556713741 0
1556713742 0
1556713743 0
1556713744 0
1556713745 0
1556713746 0
1556713747 0
1556713748 0
1556713749 0
1556713750 0
1556713751 0
1556713752 0
1556713753 0
1556713754 0
1556713755 0
1556713756 0
1556713757 0
1556713758 0
1556713759 0
1556713760 0
1556713761 0
1556713762 0
1556713763 0
1556713764 0
1556713765 0
1556713766 0
1556713767 0
1556713768 0
1556713769 0
1556713770 0
1556713771 0
1556713772 0
1556713773 0
1556713774 0
1556713775 0
1556713776 0
1556713777 0
1556713778 0
1556713779 0
1556713780 0
1556713781 0
1556713782 0
1556713783 0
1556713784 0
1556713785 0
1556713786 0
1556713787 0
1556713788 0
1556713789 0
1556713790 0
1556713791 0
1556713792 0
1556713793 0
1556713794 0
1556713795 0
1556713796 0
1556713797 0
1556713798 0
1556713799 0
1556713800 0
1556713801 0
1556713802 0
1556713803 0
1556713804 0
1556713805 0
1556713806 0
1556713807 0
1556713808 0
1556713809 0
1556713810 0
1556713811 0
1556713812 0
1556713813 0
1556713814 0
1556713815 0
1556713816 0
1556713817 0
1556713818 0
1556713819 0
1556713820 0
1556713821 0
1556713822 0
1556713823 0
1556713824 0
1556713825 0
1556713826 0
1556713827 0
1556713828 0
1556713829 0
1556713830 0
1556713831 0
1556713832 0
1556713833 0
1556713834 0
1556713835 0
1556713836 0
1556713837 0
1556713838 0
1556713839 0
1556713840 0
1556713841 0
1556713842 0
1556713843 0
1556713844 0
1556713845 0
1556713846 0
1556713847 0
1556713848 0
1556713849 0
1556713850 0
1556713851 0
1556713852 0
1556713853 0
1556713854 0
1556713855 0
1556713856 0
1556713857 0
1556713858 0
1556713859 0
1556713860 0
1556713861 0
1556713862 0
1556713863 0
1556713864 0
1556713865 0
1556713866 0
1556713867 0
1556713868 0
1556713869 0
1556713870 0
1556713871 0
1556713872 0
1556713873 0
1556713874 0
1556713875 0
1556713876 0
1556713877 0
1556713878 0
1556713879 0
1556713880 0
1556713881 0
1556713882 0
1556713883 0
1556713884 0
1556713885 0
1556713886 0
1556713887 0
1556713888 0
1556713889 0
1556713890 0
1556713891 0
1556713892 0
1556713893 0
1556713894 0
1556713895 0
1556713896 0
1556713897 0
1556713898 0
1556713899 0
1556713900 0
1556713901 0
1556713902 0
1556713903 0
1556713904 0
1556713905 0
1556713906 0
1556713907 0
1556713908 0
1556713909 0
1556713910 0
1556713911 0
1556713912 0
1556713913 0
1556713914 0
1556713915 0
1556713916 0
1556713917 0
1556713918 0
1556713919 0
1556713920 0
1556713921 0
1556713922 0
1556713923 0
1556713924 0
1556713925 0
1556713926 0
1556713927 0
1556713928 0
1556713929 0
1556713930 0
1556713931 0
1556713932 0
1556713933 0
1556713934 0
1556713935 0
1556713936 0
1556713937 0
1556713938 0
1556713939 0
1556713940 0
1556713941 0
1556713942 0
1556713943 0
1556713944 0
1556713945 0
1556713946 0
1556713947 0
1556713948 0
1556713949 0
1556713950 0
1556713951 0
1556713952 0
1556713953 0
1556713954 0
1556713955 0
1556713956 0
1556713957 0
1556713958 0
1556713959 0
1556713960 0
1556713961 0
1556713962 0
1556713963 0
1556713964 0
1556713965 0
1556713966 0
1556713967 0
1556713968 0
1556713969 0
1556713970 0
1556713971 0
1556713972 0
1556713973 0
1556713974 0
1556713975 0
1556713976 0
1556713977 0
1556713978 0
1556713979 0
1556713980 0
1556713981 0
1556713982 0
1556713983 0
1556713984 0
1556713985 0
1556713986 0
1556713987 0
1556713988 0
1556713989 0
1556713990 0
1556713991 0
1556713992 0
1556713993 0
1556713994 0
1556713995 0
1556713996 0
1556713997 0
1556713998 0
1556713999 0
1556714000 0
1556714001 0
1556714002 0
1556714003 0
1556714004 0
1556714005 0
1556714006 0
1556714007 0
1556714008 0
1556714009 0
1556714010 0
1556714011 0
1556714012 0
1556714013 0
1556714014 0
1556714015 0
1556714016 0
1556714017 0
1556714018 0
1556714019 0
1556714020 0
1556714021 0
1556714022 0
1556714023 0
1556714024 0
1556714025 0
1556714026 0
1556714027 0
1556714028 0
1556714029 0
1556714030 0
1556714031 0
1556714032 0
1556714033 0
1556714034 0
1556714035 0
1556714036 0
1556714037 0
1556714038 0
1556714039 0
1556714040 0
1556714041 0
1556714042 0
1556714043 0
1556714044 0
1556714045 0
1556714046 0
1556714047 0
1556714048 0
1556714049 0
1556714050 0
1556714051 0
1556714052 0
1556714053 0
1556714054 0
1556714055 0
1556714056 0
1556714057 0
1556714058 0
1556714059 0
1556714060 0
1556714061 0
1556714062 0
1556714063 0
1556714064 0
1556714065 0
1556714066 0
1556714067 0
1556714068 0
1556714069 0
1556714070 0
1556714071 0
1556714072 0
1556714073 0
1556714074 0
1556714075 0
1556714076 0
1556714077 0
1556714078 0
1556714079 0
1556714080 0
1556714081 0
1556714082 0
1556714083 0
1556714084 0
1556714085 0
1556714086 0
1556714087 0
1556714088 0
1556714089 0
1556714090 0
1556714091 0
1556714092 0
1556714093 0
1556714094 0
1556714095 0
1556714096 0
1556714097 0
1556714098 0
1556714099 0
1556714100 0
1556714101 0
1556714102 0
1556714103 0
1556714104 0
1556714105 0
1556714106 0
1556714107 0
1556714108 0
1556714109 0
1556714110 0
1556714111 0
1556714112 0
1556714113 0
1556714114 0
1556714115 0
1556714116 0
1556714117 0
1556714118 0
1556714119 0
1556714120 0
1556714121 0
1556714122 0
1556714123 0
1556714124 0
1556714125 0
1556714126 0
1556714127 0
1556714128 0
1556714129 0
1556714130 0
1556714131 0
1556714132 0
1556714133 0
1556714134 0
1556714135 0
1556714136 0
1556714137 0
1556714138 0
1556714139 0
1556714140 0
1556714141 0
1556714142 0
1556714143 0
1556714144 0
1556714145 0
1556714146 0
1556714147 0
1556714148 0
1556714149 0
1556714150 0
1556714151 0
1556714152 0
1556714153 0
1556714154 0
1556714155 0
1556714156 0
1556714157 0
1556714158 0
1556714159 0
1556714160 0
1556714161 0
1556714162 0
1556714163 0
1556714164 0
1556714165 0
1556714166 0
1556714167 0
1556714168 0
1556714169 0
1556714170 0
1556714171 0
1556714172 0
1556714173 0
1556714174 0
1556714175 0
1556714176 0
1556714177 0
1556714178 0
1556714179 0
1556714180 0
1556714181 0
1556714182 0
1556714183 0
1556714184 0
1556714185 0
1556714186 0
1556714187 0
1556714188 0
1556714189 0
1556714190 0
1556714191 0
1556714192 0
1556714193 0
1556714194 0
1556714195 0
1556714196 0
1556714197 0
1556714198 0
1556714199 0
1556714200 0
1556714201 0
1556714202 0
1556714203 0
1556714204 0
1556714205 0
1556714206 0
1556714207 0
1556714208 0
1556714209 0
1556714210 0
1556714211 0
1556714212 0
1556714213 0
1556714214 0
1556714215 0
1556714216 0
1556714217 0
1556714218 0
1556714219 0
1556714220 0
1556714221 0
1556714222 0
1556714223 0
1556714224 0
1556714225 0
1556714226 0
1556714227 0
1556714228 0
1556714229 0
1556714230 0
1556714231 0
1556714232 0
1556714233 0
1556714234 0
1556714235 0
1556714236 0
1556714237 0
1556714238 0
1556714239 0
1556714240 0
1556714241 0
1556714242 0
1556714243 0
1556714244 0
1556714245 0
1556714246 0
1556714247 0
1556714248 0
1556714249 0
1556714250 0
1556714251 0
1556714252 0
1556714253 0
1556714254 0
1556714255 0
1556714256 0
1556714257 0
1556714258 0
1556714259 0
1556714260 0
1556714261 0
1556714262 0
1556714263 0
1556714264 0
1556714265 0
1556714266 0
1556714267 0
1556714268 0
1556714269 0
1556714270 0
1556714271 0
1556714272 0
1556714273 0
1556714274 0
1556714275 0
1556714276 0
1556714277 0
1556714278 0
1556714279 0
1556714280 0
1556714281 0
1556714282 0
1556714283 0
1556714284 0
1556714285 0
1556714286 0
1556714287 0
1556714288 0
1556714289 0
1556714290 0
1556714291 0
1556714292 0
1556714293 0
1556714294 0
1556714295 0
1556714296 0
1556714297 0
1556714298 0
1556714299 0
1556714300 0
1556714301 0
1556714302 0
1556714303 0
1556714304 0
1556714305 0
1556714306 0
1556714307 0
1556714308 0
1556714309 0
1556714310 0
1556714311 0
1556714312 0
1556714313 0
1556714314 0
1556714315 0
1556714316 0
1556714317 0
1556714318 0
1556714319 0
1556714320 0
1556714321 0
1556714322 0
1556714323 0
1556714324 0
1556714325 0
1556714326 0
1556714327 0
1556714328 0
1556714329 0
1556714330 0
1556714331 0
1556714332 0
1556714333 0
1556714334 0
1556714335 0
1556714336 0
1556714337 0
1556714338 0
1556714339 0
1556714340 0
1556714341 0
1556714342 0
1556714343 0
1556714344 0
1556714345 0
1556714346 0
1556714347 0
1556714348 0
1556714349 0
1556714350 0
1556714351 0
1556714352 0
1556714353 0
1556714354 0
1556714355 0
1556714356 0
1556714357 0
1556714358 0
1556714359 0
1556714360 0
1556714361 0
1556714362 0
1556714363 0
1556714364 0
1556714365 0
1556714366 0
1556714367 0
1556714368 0
1556714369 0
1556714370 0
1556714371 0
1556714372 0
1556714373 0
1556714374 0
1556714375 0
1556714376 0
1556714377 0
1556714378 0
1556714379 0
1556714380 0
1556714381 0
1556714382 0
1556714383 0
1556714384 0
1556714385 0
1556714386 0
1556714387 0
1556714388 0
1556714389 0
1556714390 0
1556714391 0
1556714392 0
1556714393 0
1556714394 0
1556714395 0
1556714396 0
1556714397 0
1556714398 0
1556714399 0
1556714400 0
1556714401 0
1556714402 0
1556714403 0
1556714404 0
1556714405 0
1556714406 0
1556714407 0
1556714408 0
1556714409 0
1556714410 0
1556714411 0
1556714412 0
1556714413 0
1556714414 0
1556714415 0
1556714416 0
1556714417 0
1556714418 0
1556714419 0
1556714420 0
1556714421 0
1556714422 0
1556714423 0
1556714424 0
1556714425 0
1556714426 0
1556714427 0
1556714428 0
1556714429 0
1556714430 0
1556714431 0
1556714432 0
1556714433 0
1556714434 0
1556714435 0
1556714436 0
1556714437 0
1556714438 0
1556714439 0
1556714440 0
1556714441 0
1556714442 0
1556714443 0
1556714444 0
1556714445 0
1556714446 0
1556714447 0
1556714448 0
1556714449 0
1556714450 0
1556714451 0
1556714452 0
1556714453 0
1556714454 0
1556714455 0
1556714456 0
1556714457 0
1556714458 0
1556714459 0
1556714460 0
1556714461 0
1556714462 0
1556714463 0
1556714464 0
1556714465 0
1556714466 0
1556714467 0
1556714468 0
1556714469 0
1556714470 0
1556714471 0
1556714472 0
1556714473 0
1556714474 0
1556714475 0
1556714476 0
1556714477 0
1556714478 0
1556714479 0
1556714480 0
1556714481 0
1556714482 0
1556714483 0
1556714484 0
1556714485 0
1556714486 0
1556714487 0
1556714488 0
1556714489 0
1556714490 0
1556714491 0
1556714492 0
1556714493 0
1556714494 0
1556714495 0
1556714496 0
1556714497 0
1556714498 0
1556714499 0
1556714500 0
1556714501 0
1556714502 0
1556714503 0
1556714504 0
1556714505 0
1556714506 0
1556714507 0
1556714508 0
1556714509 0
1556714510 0
1556714511 0
1556714512 0
1556714513 0
1556714514 0
1556714515 0
1556714516 0
1556714517 0
1556714518 0
1556714519 0
1556714520 0
1556714521 0
1556714522 0
1556714523 0
1556714524 0
1556714525 0
1556714526 0
1556714527 0
1556714528 0
1556714529 0
1556714530 0
1556714531 0
1556714532 0
1556714533 0
1556714534 0
1556714535 0
1556714536 0
1556714537 0
1556714538 0
1556714539 0
1556714540 0
1556714541 0
1556714542 0
1556714543 0
1556714544 0
1556714545 0
1556714546 0
1556714547 0
1556714548 0
1556714549 0
1556714550 0
1556714551 0
1556714552 0
1556714553 0
1556714554 0
1556714555 0
1556714556 0
1556714557 0
1556714558 0
1556714559 0
1556714560 0
1556714561 0
1556714562 0
1556714563 0
1556714564 0
1556714565 0
1556714566 0
1556714567 0
1556714568 0
1556714569 0
1556714570 0
1556714571 0
1556714572 0
1556714573 0
1556714574 0
1556714575 0
1556714576 0
1556714577 0
1556714578 0
1556714579 0
1556714580 0
1556714581 0
1556714582 0
1556714583 0
1556714584 0
1556714585 0
1556714586 0
1556714587 0
1556714588 0
1556714589 0
1556714590 0
1556714591 0
1556714592 0
1556714593 0
1556714594 0
1556714595 0
1556714596 0
1556714597 0
1556714598 0
1556714599 0
1556714600 0
1556714601 0
1556714602 0
1556714603 0
1556714604 0
1556714605 0
1556714606 0
1556714607 0
1556714608 0
1556714609 0
1556714610 0
1556714611 0
1556714612 0
1556714613 0
1556714614 0
1556714615 0
1556714616 0
1556714617 0
1556714618 0
1556714619 0
1556714620 0
1556714621 0
1556714622 0
1556714623 0
1556714624 0
1556714625 0
1556714626 0
1556714627 0
1556714628 0
1556714629 0
1556714630 0
1556714631 0
1556714632 0
1556714633 0
1556714634 0
1556714635 0
1556714636 0
1556714637 0
1556714638 0
1556714639 0
1556714640 0
1556714641 0
1556714642 0
1556714643 0
1556714644 0
1556714645 0
1556714646 0
1556714647 0
1556714648 0
1556714649 0
1556714650 0
1556714651 0
1556714652 0
1556714653 0
1556714654 0
1556714655 0
1556714656 0
1556714657 0
1556714658 0
1556714659 0
1556714660 0
1556714661 0
1556714662 0
1556714663 0
1556714664 0
1556714665 0
1556714666 0
1556714667 0
1556714668 0
1556714669 0
1556714670 0
1556714671 0
1556714672 0
1556714673 0
1556714674 0
1556714675 0
1556714676 0
1556714677 0
1556714678 0
1556714679 0
1556714680 0
1556714681 0
1556714682 0
1556714683 0
1556714684 0
1556714685 0
1556714686 0
1556714687 0
1556714688 0
1556714689 0
1556714690 0
1556714691 0
1556714692 0
1556714693 0
1556714694 0
1556714695 0
1556714696 0
1556714697 0
1556714698 0
1556714699 0
1556714700 0
1556714701 0
1556714702 0
1556714703 0
1556714704 0
1556714705 0
1556714706 0
1556714707 0
1556714708 0
1556714709 0
1556714710 0
1556714711 0
1556714712 0
1556714713 0
1556714714 0
1556714715 0
1556714716 0
1556714717 0
1556714718 0
1556714719 0
1556714720 0
1556714721 0
1556714722 0
1556714723 0
1556714724 0
1556714725 0
1556714726 0
1556714727 0
1556714728 0
1556714729 0
1556714730 0
1556714731 0
1556714732 0
1556714733 0
1556714734 0
1556714735 0
1556714736 0
1556714737 0
1556714738 0
1556714739 0
1556714740 0
1556714741 0
1556714742 0
1556714743 0
1556714744 0
1556714745 0
1556714746 0
1556714747 0
1556714748 0
1556714749 0
1556714750 0
1556714751 0
1556714752 0
1556714753 0
1556714754 0
1556714755 0
1556714756 0
1556714757 0
1556714758 0
1556714759 0
1556714760 0
1556714761 0
1556714762 0
1556714763 0
1556714764 0
1556714765 0
1556714766 0
1556714767 0
1556714768 0
1556714769 0
1556714770 0
1556714771 0
1556714772 0
1556714773 0
1556714774 0
1556714775 0
1556714776 0
1556714777 0
1556714778 0
1556714779 0
1556714780 0
1556714781 0
1556714782 0
1556714783 0
1556714784 0
1556714785 0
1556714786 0
1556714787 0
1556714788 0
1556714789 0
1556714790 0
1556714791 0
1556714792 0
1556714793 0
1556714794 0
1556714795 0
1556714796 0
1556714797 0
1556714798 0
1556714799 0
1556714800 0
1556714801 0
1556714802 0
1556714803 0
1556714804 0
1556714805 0
1556714806 0
1556714807 0
1556714808 0
1556714809 0
1556714810 0
1556714811 0
1556714812 0
1556714813 0
1556714814 0
1556714815 0
1556714816 0
1556714817 0
1556714818 0
1556714819 0
1556714820 0
1556714821 0
1556714822 0
1556714823 0
1556714824 0
1556714825 0
1556714826 0
1556714827 0
1556714828 0
1556714829 0
1556714830 0
1556714831 0
1556714832 0
1556714833 0
1556714834 0
1556714835 0
1556714836 0
1556714837 0
1556714838 0
1556714839 0
1556714840 0
1556714841 0
1556714842 0
1556714843 0
1556714844 0
1556714845 0
1556714846 0
1556714847 0
1556714848 0
1556714849 0
1556714850 0
1556714851 0
1556714852 0
1556714853 0
1556714854 0
1556714855 0
1556714856 0
1556714857 0
1556714858 0
1556714859 0
1556714860 0
1556714861 0
1556714862 0
1556714863 0
1556714864 0
1556714865 0
1556714866 0
1556714867 0
1556714868 0
1556714869 0
1556714870 0
1556714871 0
1556714872 0
1556714873 0
1556714874 0
1556714875 0
1556714876 0
1556714877 0
1556714878 0
1556714879 0
1556714880 0
1556714881 0
1556714882 0
1556714883 0
1556714884 0
1556714885 0
1556714886 0
1556714887 0
1556714888 0
1556714889 0
1556714890 0
1556714891 0
1556714892 0
1556714893 0
1556714894 0
1556714895 0
1556714896 0
1556714897 0
1556714898 0
1556714899 0
1556714900 0
1556714901 0
1556714902 0
1556714903 0
1556714904 0
1556714905 0
1556714906 0
1556714907 0
1556714908 0
1556714909 0
1556714910 0
1556714911 0
1556714912 0
1556714913 0
1556714914 0
1556714915 0
1556714916 0
1556714917 0
1556714918 0
1556714919 0
1556714920 0
1556714921 0
1556714922 0
1556714923 0
1556714924 0
1556714925 0
1556714926 0
1556714927 0
1556714928 0
1556714929 0
1556714930 0
1556714931 0
1556714932 0
1556714933 0
1556714934 0
1556714935 0
1556714936 0
1556714937 0
1556714938 0
1556714939 0
1556714940 0
1556714941 0
1556714942 0
1556714943 0
1556714944 0
1556714945 0
1556714946 0
1556714947 0
1556714948 0
1556714949 0
1556714950 0
1556714951 0
1556714952 0
1556714953 0
1556714954 0
1556714955 0
1556714956 0
1556714957 0
1556714958 0
1556714959 0
1556714960 0
1556714961 0
1556714962 0
1556714963 0
1556714964 0
1556714965 0
1556714966 0
1556714967 0
1556714968 0
1556714969 0
1556714970 0
1556714971 0
1556714972 0
1556714973 0
1556714974 0
1556714975 0
1556714976 0
1556714977 0
1556714978 0
1556714979 0
1556714980 0
1556714981 0
1556714982 0
1556714983 0
1556714984 0
1556714985 0
1556714986 0
1556714987 0
1556714988 0
1556714989 0
1556714990 0
1556714991 0
1556714992 0
1556714993 0
1556714994 0
1556714995 0
1556714996 0
1556714997 0
1556714998 0
1556714999 0
1556715000 0
1556715001 0
1556715002 0
1556715003 0
1556715004 0
1556715005 0
1556715006 0
1556715007 0
1556715008 0
1556715009 0
1556715010 0
1556715011 0
1556715012 0
1556715013 0
1556715014 0
1556715015 0
1556715016 0
1556715017 0
1556715018 0
1556715019 0
1556715020 0
1556715021 0
1556715022 0
1556715023 0
1556715024 0
1556715025 0
1556715026 0
1556715027 0
1556715028 0
1556715029 0
1556715030 0
1556715031 0
1556715032 0
1556715033 0
1556715034 0
1556715035 0
1556715036 0
1556715037 0
1556715038 0
1556715039 0
1556715040 0
1556715041 0
1556715042 0
1556715043 0
1556715044 0
1556715045 0
1556715046 0
1556715047 0
1556715048 0
1556715049 0
1556715050 0
1556715051 0
1556715052 0
1556715053 0
1556715054 0
1556715055 0
1556715056 0
1556715057 0
1556715058 0
1556715059 0
1556715060 0
1556715061 0
1556715062 0
1556715063 0
1556715064 0
1556715065 0
1556715066 0
1556715067 0
1556715068 0
1556715069 0
1556715070 0
1556715071 0
1556715072 0
1556715073 0
1556715074 0
1556715075 0
1556715076 0
1556715077 0
1556715078 0
1556715079 0
1556715080 0
1556715081 0
1556715082 0
1556715083 0
1556715084 0
1556715085 0
1556715086 0
1556715087 0
1556715088 0
1556715089 0
1556715090 0
1556715091 0
1556715092 0
1556715093 0
1556715094 0
1556715095 0
1556715096 0
1556715097 0
1556715098 0
1556715099 0
1556715100 0
1556715101 0
1556715102 0
1556715103 0
1556715104 0
1556715105 0
1556715106 0
1556715107 0
1556715108 0
1556715109 0
1556715110 0
1556715111 0
1556715112 0
1556715113 0
1556715114 0
1556715115 0
1556715116 0
1556715117 0
1556715118 0
1556715119 0
1556715120 0
1556715121 0
1556715122 0
1556715123 0
1556715124 0
1556715125 0
1556715126 0
1556715127 0
1556715128 0
1556715129 0
1556715130 0
1556715131 0
1556715132 0
1556715133 0
1556715134 0
1556715135 0
1556715136 0
1556715137 0
1556715138 0
1556715139 0
1556715140 0
1556715141 0
1556715142 0
1556715143 0
1556715144 0
1556715145 0
1556715146 0
1556715147 0
1556715148 0
1556715149 0
1556715150 0
1556715151 0
1556715152 0
1556715153 0
1556715154 0
1556715155 0
1556715156 0
1556715157 0
1556715158 0
1556715159 0
1556715160 0
1556715161 0
1556715162 0
1556715163 0
1556715164 0
1556715165 0
1556715166 0
1556715167 0
1556715168 0
1556715169 0
1556715170 0
1556715171 0
1556715172 0
1556715173 0
1556715174 0
1556715175 0
1556715176 0
1556715177 0
1556715178 0
1556715179 0
1556715180 0
1556715181 0
1556715182 0
1556715183 0
1556715184 0
1556715185 0
1556715186 0
1556715187 0
1556715188 0
1556715189 0
1556715190 0
1556715191 0
1556715192 0
1556715193 0
1556715194 0
1556715195 0
1556715196 0
1556715197 0
1556715198 0
1556715199 0
1556715200 0
1556715201 0
1556715202 0
1556715203 0
1556715204 0
1556715205 0
1556715206 0
1556715207 0
1556715208 0
1556715209 0
1556715210 0
1556715211 0
1556715212 0
1556715213 0
1556715214 0
1556715215 0
1556715216 0
1556715217 0
1556715218 0
1556715219 0
1556715220 0
1556715221 0
1556715222 0
1556715223 0
1556715224 0
1556715225 0
1556715226 0
1556715227 0
1556715228 0
1556715229 0
1556715230 0
1556715231 0
1556715232 0
1556715233 0
1556715234 0
1556715235 0
1556715236 0
1556715237 0
1556715238 0
1556715239 0
1556715240 0
1556715241 0
1556715242 0
1556715243 0
1556715244 0
1556715245 0
1556715246 0
1556715247 0
1556715248 0
1556715249 0
1556715250 0
1556715251 0
1556715252 0
1556715253 0
1556715254 0
1556715255 0
1556715256 0
1556715257 0
1556715258 0
1556715259 0
1556715260 0
1556715261 0
1556715262 0
1556715263 0
1556715264 0
1556715265 0
1556715266 0
1556715267 0
1556715268 0
1556715269 0
1556715270 0
1556715271 0
1556715272 0
1556715273 0
1556715274 0
1556715275 0
1556715276 0
1556715277 0
1556715278 0
1556715279 0
1556715280 0
1556715281 0
1556715282 0
1556715283 0
1556715284 0
1556715285 0
1556715286 0
1556715287 0
1556715288 0
1556715289 0
1556715290 0
1556715291 0
1556715292 0
1556715293 0
1556715294 0
1556715295 0
1556715296 0
1556715297 0
1556715298 0
1556715299 0
1556715300 0
1556715301 0
1556715302 0
1556715303 0
1556715304 0
1556715305 0
1556715306 0
1556715307 0
1556715308 0
1556715309 0
1556715310 0
1556715311 0
1556715312 0
1556715313 0
1556715314 0
1556715315 0
1556715316 0
1556715317 0
1556715318 0
1556715319 0
1556715320 0
1556715321 0
1556715322 0
1556715323 0
1556715324 0
1556715325 0
1556715326 0
1556715327 0
1556715328 0
1556715329 0
1556715330 0
1556715331 0
1556715332 0
1556715333 0
1556715334 0
1556715335 0
1556715336 0
1556715337 0
1556715338 0
1556715339 0
1556715340 0
1556715341 0
1556715342 0
1556715343 0
1556715344 0
1556715345 0
1556715346 0
1556715347 0
1556715348 0
1556715349 0
1556715350 0
1556715351 0
1556715352 0
1556715353 0
1556715354 0
1556715355 0
1556715356 0
1556715357 0
1556715358 0
1556715359 0
1556715360 0
1556715361 0
1556715362 0
1556715363 0
1556715364 0
1556715365 0
1556715366 0
1556715367 0
1556715368 0
1556715369 0
1556715370 0
1556715371 0
1556715372 0
1556715373 0
1556715374 0
1556715375 0
1556715376 0
1556715377 0
1556715378 0
1556715379 0
1556715380 0
1556715381 0
1556715382 0
1556715383 0
1556715384 0
1556715385 0
1556715386 0
1556715387 0
1556715388 0
1556715389 0
1556715390 0
1556715391 0
1556715392 0
1556715393 0
1556715394 0
1556715395 0
1556715396 0
1556715397 0
1556715398 0
1556715399 0
1556715400 0
1556715401 0
1556715402 0
1556715403 0
1556715404 0
1556715405 0
1556715406 0
1556715407 0
1556715408 0
1556715409 0
1556715410 0
1556715411 0
1556715412 0
1556715413 0
1556715414 0
1556715415 0
1556715416 0
1556715417 0
1556715418 0
1556715419 0
1556715420 0
1556715421 0
1556715422 0
1556715423 0
1556715424 0
1556715425 0
1556715426 0
1556715427 0
1556715428 0
1556715429 0
1556715430 0
1556715431 0
1556715432 0
1556715433 0
1556715434 0
1556715435 0
1556715436 0
1556715437 0
1556715438 0
1556715439 0
1556715440 0
1556715441 0
1556715442 0
1556715443 0
1556715444 0
1556715445 0
1556715446 0
1556715447 0
1556715448 0
1556715449 0
1556715450 0
1556715451 0
1556715452 0
1556715453 0
1556715454 0
1556715455 0
1556715456 0
1556715457 0
1556715458 0
1556715459 0
1556715460 0
1556715461 0
1556715462 0
1556715463 0
1556715464 0
1556715465 0
1556715466 0
1556715467 0
1556715468 0
1556715469 0
1556715470 0
1556715471 0
1556715472 0
1556715473 0
1556715474 0
1556715475 0
1556715476 0
1556715477 0
1556715478 0
1556715479 0
1556715480 0
1556715481 0
1556715482 0
1556715483 0
1556715484 0
1556715485 0
1556715486 0
1556715487 0
1556715488 0
1556715489 0
1556715490 0
1556715491 0
1556715492 0
1556715493 0
1556715494 0
1556715495 0
1556715496 0
1556715497 0
1556715498 0
1556715499 0
1556715500 0
1556715501 0
1556715502 0
1556715503 0
1556715504 0
1556715505 0
1556715506 0
1556715507 0
1556715508 0
1556715509 0
1556715510 0
1556715511 0
1556715512 0
1556715513 0
1556715514 0
1556715515 0
1556715516 0
1556715517 0
1556715518 0
1556715519 0
1556715520 0
1556715521 0
1556715522 0
1556715523 0
1556715524 0
1556715525 0
1556715526 0
1556715527 0
1556715528 0
1556715529 0
1556715530 0
1556715531 0
1556715532 0
1556715533 0
1556715534 0
1556715535 0
1556715536 0
1556715537 0
1556715538 0
1556715539 0
1556715540 0
1556715541 0
1556715542 0
1556715543 0
1556715544 0
1556715545 0
1556715546 0
1556715547 0
1556715548 0
1556715549 0
1556715550 0
1556715551 0
1556715552 0
1556715553 0
1556715554 0
1556715555 0
1556715556 0
1556715557 0
1556715558 0
1556715559 0
1556715560 0
1556715561 0
1556715562 0
1556715563 0
1556715564 0
1556715565 0
1556715566 0
1556715567 0
1556715568 0
1556715569 0
1556715570 0
1556715571 0
1556715572 0
1556715573 0
1556715574 0
1556715575 0
1556715576 0
1556715577 0
1556715578 0
1556715579 0
1556715580 0
1556715581 0
1556715582 0
1556715583 0
1556715584 0
1556715585 0
1556715586 0
1556715587 0
1556715588 0
1556715589 0
1556715590 0
1556715591 0
1556715592 0
1556715593 0
1556715594 0
1556715595 0
1556715596 0
1556715597 0
1556715598 0
1556715599 0
1556715600 0
1556715601 0
1556715602 0
1556715603 0
1556715604 0
1556715605 0
1556715606 0
1556715607 0
1556715608 0
1556715609 0
1556715610 0
1556715611 0
1556715612 0
1556715613 0
1556715614 0
1556715615 0
1556715616 0
1556715617 0
1556715618 0
1556715619 0
1556715620 0
1556715621 0
1556715622 0
1556715623 0
1556715624 0
1556715625 0
1556715626 0
1556715627 0
1556715628 0
1556715629 0
1556715630 0
1556715631 0
1556715632 0
1556715633 0
1556715634 0
1556715635 0
1556715636 0
1556715637 0
1556715638 0
1556715639 0
1556715640 0
1556715641 0
1556715642 0
1556715643 0
1556715644 0
1556715645 0
1556715646 0
1556715647 0
1556715648 0
1556715649 0
1556715650 0
1556715651 0
1556715652 0
1556715653 0
1556715654 0
1556715655 0
1556715656 0
1556715657 0
1556715658 0
1556715659 0
1556715660 0
1556715661 0
1556715662 0
1556715663 0
1556715664 0
1556715665 0
1556715666 0
1556715667 0
1556715668 0
1556715669 0
1556715670 0
1556715671 0
1556715672 0
1556715673 0
1556715674 0
1556715675 0
1556715676 0
1556715677 0
1556715678 0
1556715679 0
1556715680 0
1556715681 0
1556715682 0
1556715683 0
1556715684 0
1556715685 0
1556715686 0
1556715687 0
1556715688 0
1556715689 0
1556715690 0
1556715691 0
1556715692 0
1556715693 0
1556715694 0
1556715695 0
1556715696 0
1556715697 0
1556715698 0
1556715699 0
1556715700 0
1556715701 0
1556715702 0
1556715703 0
1556715704 0
1556715705 0
1556715706 0
1556715707 0
1556715708 0
1556715709 0
1556715710 0
1556715711 0
1556715712 0
1556715713 0
1556715714 0
1556715715 0
1556715716 0
1556715717 0
1556715718 0
1556715719 0
1556715720 0
1556715721 0
1556715722 0
1556715723 0
1556715724 0
1556715725 0
1556715726 0
1556715727 0
1556715728 0
1556715729 0
1556715730 0
1556715731 0
1556715732 0
1556715733 0
1556715734 0
1556715735 0
1556715736 0
1556715737 0
1556715738 0
1556715739 0
1556715740 0
1556715741 0
1556715742 0
1556715743 0
1556715744 0
1556715745 0
1556715746 0
1556715747 0
1556715748 0
1556715749 0
1556715750 0
1556715751 0
1556715752 0
1556715753 0
1556715754 0
1556715755 0
1556715756 0
1556715757 0
1556715758 0
1556715759 0
1556715760 0
1556715761 0
1556715762 0
1556715763 0
1556715764 0
1556715765 0
1556715766 0
1556715767 0
1556715768 0
1556715769 0
1556715770 0
1556715771 0
1556715772 0
1556715773 0
1556715774 0
1556715775 0
1556715776 0
1556715777 0
1556715778 0
1556715779 0
1556715780 0
1556715781 0
1556715782 0
1556715783 0
1556715784 0
1556715785 0
1556715786 0
1556715787 0
1556715788 0
1556715789 0
1556715790 0
1556715791 0
1556715792 0
1556715793 0
1556715794 0
1556715795 0
1556715796 0
1556715797 0
1556715798 0
1556715799 0
1556715800 0
1556715801 0
1556715802 0
1556715803 0
1556715804 0
1556715805 0
1556715806 0
1556715807 0
1556715808 0
1556715809 0
1556715810 0
1556715811 0
1556715812 0
1556715813 0
1556715814 0
1556715815 0
1556715816 0
1556715817 0
1556715818 0
1556715819 0
1556715820 0
1556715821 0
1556715822 0
1556715823 0
1556715824 0
1556715825 0
1556715826 0
1556715827 0
1556715828 0
1556715829 0
1556715830 0
1556715831 0
1556715832 0
1556715833 0
1556715834 0
1556715835 0
1556715836 0
1556715837 0
1556715838 0
1556715839 0
1556715840 0
1556715841 0
1556715842 0
1556715843 0
1556715844 0
1556715845 0
1556715846 0
1556715847 0
1556715848 0
1556715849 0
1556715850 0
1556715851 0
1556715852 0
1556715853 0
1556715854 0
1556715855 0
1556715856 0
1556715857 0
1556715858 0
1556715859 0
1556715860 0
1556715861 0
1556715862 0
1556715863 0
1556715864 0
1556715865 0
1556715866 0
1556715867 0
1556715868 0
1556715869 0
1556715870 0
1556715871 0
1556715872 0
1556715873 0
1556715874 0
1556715875 0
1556715876 0
1556715877 0
1556715878 0
1556715879 0
1556715880 0
1556715881 0
1556715882 0
1556715883 0
1556715884 0
1556715885 0
1556715886 0
1556715887 0
1556715888 0
1556715889 0
1556715890 0
1556715891 0
1556715892 0
1556715893 0
1556715894 0
1556715895 0
1556715896 0
1556715897 0
1556715898 0
1556715899 0
1556715900 0
1556715901 0
1556715902 0
1556715903 0
1556715904 0
1556715905 0
1556715906 0
1556715907 0
1556715908 0
1556715909 0
1556715910 0
1556715911 0
1556715912 0
1556715913 0
1556715914 0
1556715915 0
1556715916 0
1556715917 0
1556715918 0
1556715919 0
1556715920 0
1556715921 0
1556715922 0
1556715923 0
1556715924 0
1556715925 0
1556715926 0
1556715927 0
1556715928 0
1556715929 0
1556715930 0
1556715931 0
1556715932 0
1556715933 0
1556715934 0
1556715935 0
1556715936 0
1556715937 0
1556715938 0
1556715939 0
1556715940 0
1556715941 0
1556715942 0
1556715943 0
1556715944 0
1556715945 0
1556715946 0
1556715947 0
1556715948 0
1556715949 0
1556715950 0
1556715951 0
1556715952 0
1556715953 0
1556715954 0
1556715955 0
1556715956 0
1556715957 0
1556715958 0
1556715959 0
1556715960 0
1556715961 0
1556715962 0
1556715963 0
1556715964 0
1556715965 0
1556715966 0
1556715967 0
1556715968 0
1556715969 0
1556715970 0
1556715971 0
1556715972 0
1556715973 0
1556715974 0
1556715975 0
1556715976 0
1556715977 0
1556715978 0
1556715979 0
1556715980 0
1556715981 0
1556715982 0
1556715983 0
1556715984 0
1556715985 0
1556715986 0
1556715987 0
1556715988 0
1556715989 0
1556715990 0
1556715991 0
1556715992 0
1556715993 0
1556715994 0
1556715995 0
1556715996 0
1556715997 0
1556715998 0
1556715999 0
1556716000 0
1556716001 0
1556716002 0
1556716003 0
1556716004 0
1556716005 0
1556716006 0
1556716007 0
1556716008 0
1556716009 0
1556716010 0
1556716011 0
1556716012 0
1556716013 0
1556716014 0
1556716015 0
1556716016 0
1556716017 0
1556716018 0
1556716019 0
1556716020 0
1556716021 0
1556716022 0
1556716023 0
1556716024 0
1556716025 0
1556716026 0
1556716027 0
1556716028 0
1556716029 0
1556716030 0
1556716031 0
1556716032 0
1556716033 0
1556716034 0
1556716035 0
1556716036 0
1556716037 0
1556716038 0
1556716039 0
1556716040 0
1556716041 0
1556716042 0
1556716043 0
1556716044 0
1556716045 0
1556716046 0
1556716047 0
1556716048 0
1556716049 0
1556716050 0
1556716051 0
1556716052 0
1556716053 0
1556716054 0
1556716055 0
1556716056 0
1556716057 0
1556716058 0
1556716059 0
1556716060 0
1556716061 0
1556716062 0
1556716063 0
1556716064 0
1556716065 0
1556716066 0
1556716067 0
1556716068 0
1556716069 0
1556716070 0
1556716071 0
1556716072 0
1556716073 0
1556716074 0
1556716075 0
1556716076 0
1556716077 0
1556716078 0
1556716079 0
1556716080 0
1556716081 0
1556716082 0
1556716083 0
1556716084 0
1556716085 0
1556716086 0
1556716087 0
1556716088 0
1556716089 0
1556716090 0
1556716091 0
1556716092 0
1556716093 0
1556716094 0
1556716095 0
1556716096 0
1556716097 0
1556716098 0
1556716099 0
1556716100 0
1556716101 0
1556716102 0
1556716103 0
1556716104 0
1556716105 0
1556716106 0
1556716107 0
1556716108 0
1556716109 0
1556716110 0
1556716111 0
1556716112 0
1556716113 0
1556716114 0
1556716115 0
1556716116 0
1556716117 0
1556716118 0
1556716119 0
1556716120 0
1556716121 0
1556716122 0
1556716123 0
1556716124 0
1556716125 0
1556716126 0
1556716127 0
1556716128 0
1556716129 0
1556716130 0
1556716131 0
1556716132 0
1556716133 0
1556716134 0
1556716135 0
1556716136 0
1556716137 0
1556716138 0
1556716139 0
1556716140 0
1556716141 0
1556716142 0
1556716143 0
1556716144 0
1556716145 0
1556716146 0
1556716147 0
1556716148 0
1556716149 0
1556716150 0
1556716151 0
1556716152 0
1556716153 0
1556716154 0
1556716155 0
1556716156 0
1556716157 0
1556716158 0
1556716159 0
1556716160 0
1556716161 0
1556716162 0
1556716163 0
1556716164 0
1556716165 0
1556716166 0
1556716167 0
1556716168 0
1556716169 0
1556716170 0
1556716171 0
1556716172 0
1556716173 0
1556716174 0
1556716175 0
1556716176 0
1556716177 0
1556716178 0
1556716179 0
1556716180 0
1556716181 0
1556716182 0
1556716183 0
1556716184 0
1556716185 0
1556716186 0
1556716187 0
1556716188 0
1556716189 0
1556716190 0
1556716191 0
1556716192 0
1556716193 0
1556716194 0
1556716195 0
1556716196 0
1556716197 0
1556716198 0
1556716199 0
1556716200 0
1556716201 0
1556716202 0
1556716203 0
1556716204 0
1556716205 0
1556716206 0
1556716207 0
1556716208 0
1556716209 0
1556716210 0
1556716211 0
1556716212 0
1556716213 0
1556716214 0
1556716215 0
1556716216 0
1556716217 0
1556716218 0
1556716219 0
1556716220 0
1556716221 0
1556716222 0
1556716223 0
1556716224 0
1556716225 0
1556716226 0
1556716227 0
1556716228 0
1556716229 0
1556716230 0
1556716231 0
1556716232 0
1556716233 0
1556716234 0
1556716235 0
1556716236 0
1556716237 0
1556716238 0
1556716239 0
1556716240 0
1556716241 0
1556716242 0
1556716243 0
1556716244 0
1556716245 0
1556716246 0
1556716247 0
1556716248 0
1556716249 0
1556716250 0
1556716251 0
1556716252 0
1556716253 0
1556716254 0
1556716255 0
1556716256 0
1556716257 0
1556716258 0
1556716259 0
1556716260 0
1556716261 0
1556716262 0
1556716263 0
1556716264 0
1556716265 0
1556716266 0
1556716267 0
1556716268 0
1556716269 0
1556716270 0
1556716271 0
1556716272 0
1556716273 0
1556716274 0
1556716275 0
1556716276 0
1556716277 0
1556716278 0
1556716279 0
1556716280 0
1556716281 0
1556716282 0
1556716283 0
1556716284 0
1556716285 0
1556716286 0
1556716287 0
1556716288 0
1556716289 0
1556716290 0
1556716291 0
1556716292 0
1556716293 0
1556716294 0
1556716295 0
1556716296 0
1556716297 0
1556716298 0
1556716299 0
1556716300 0
1556716301 0
1556716302 0
1556716303 0
1556716304 0
1556716305 0
1556716306 0
1556716307 0
1556716308 0
1556716309 0
1556716310 0
1556716311 0
1556716312 0
1556716313 0
1556716314 0
1556716315 0
1556716316 0
1556716317 0
1556716318 0
1556716319 0
1556716320 0
1556716321 0
1556716322 0
1556716323 0
1556716324 0
1556716325 0
1556716326 0
1556716327 0
1556716328 0
1556716329 0
1556716330 0
1556716331 0
1556716332 0
1556716333 0
1556716334 0
1556716335 0
1556716336 0
1556716337 0
1556716338 0
1556716339 0
1556716340 0
1556716341 0
1556716342 0
1556716343 0
1556716344 0
1556716345 0
1556716346 0
1556716347 0
1556716348 0
1556716349 0
1556716350 0
1556716351 0
1556716352 0
1556716353 0
1556716354 0
1556716355 0
1556716356 0
1556716357 0
1556716358 0
1556716359 0
1556716360 0
1556716361 0
1556716362 0
1556716363 0
1556716364 0
1556716365 0
1556716366 0
1556716367 0
1556716368 0
1556716369 0
1556716370 0
1556716371 0
1556716372 0
1556716373 0
1556716374 0
1556716375 0
1556716376 0
1556716377 0
1556716378 0
1556716379 0
1556716380 0
1556716381 0
1556716382 0
1556716383 0
1556716384 0
1556716385 0
1556716386 0
1556716387 0
1556716388 0
1556716389 0
1556716390 0
1556716391 0
1556716392 0
1556716393 0
1556716394 0
1556716395 0
1556716396 0
1556716397 0
1556716398 0
1556716399 0
1556716400 0
1556716401 0
1556716402 0
1556716403 0
1556716404 0
1556716405 0
1556716406 0
1556716407 0
1556716408 0
1556716409 0
1556716410 0
1556716411 0
1556716412 0
1556716413 0
1556716414 0
1556716415 0
1556716416 0
1556716417 0
1556716418 0
1556716419 0
1556716420 0
1556716421 0
1556716422 0
1556716423 0
1556716424 0
1556716425 0
1556716426 0
1556716427 0
1556716428 0
1556716429 0
1556716430 0
1556716431 0
1556716432 0
1556716433 0
1556716434 0
1556716435 0
1556716436 0
1556716437 0
1556716438 0
1556716439 0
1556716440 0
1556716441 0
1556716442 0
1556716443 0
1556716444 0
1556716445 0
1556716446 0
1556716447 0
1556716448 0
1556716449 0
1556716450 0
1556716451 0
1556716452 0
1556716453 0
1556716454 0
1556716455 0
1556716456 0
1556716457 0
1556716458 0
1556716459 0
1556716460 0
1556716461 0
1556716462 0
1556716463 0
1556716464 0
1556716465 0
1556716466 0
1556716467 0
1556716468 0
1556716469 0
1556716470 0
1556716471 0
1556716472 0
1556716473 0
1556716474 0
1556716475 0
1556716476 0
1556716477 0
1556716478 0
1556716479 0
1556716480 0
1556716481 0
1556716482 0
1556716483 0
1556716484 0
1556716485 0
1556716486 0
1556716487 0
1556716488 0
1556716489 0
1556716490 0
1556716491 0
1556716492 0
1556716493 0
1556716494 0
1556716495 0
1556716496 0
1556716497 0
1556716498 0
1556716499 0
1556716500 0
1556716501 0
1556716502 0
1556716503 0
1556716504 0
1556716505 0
1556716506 0
1556716507 0
1556716508 0
1556716509 0
1556716510 0
1556716511 0
1556716512 0
1556716513 0
1556716514 0
1556716515 0
1556716516 0
1556716517 0
1556716518 0
1556716519 0
1556716520 0
1556716521 0
1556716522 0
1556716523 0
1556716524 0
1556716525 0
1556716526 0
1556716527 0
1556716528 0
1556716529 0
1556716530 0
1556716531 0
1556716532 0
1556716533 0
1556716534 0
1556716535 0
1556716536 0
1556716537 0
1556716538 0
1556716539 0
1556716540 0
1556716541 0
1556716542 0
1556716543 0
1556716544 0
1556716545 0
1556716546 0
1556716547 0
1556716548 0
1556716549 0
1556716550 0
1556716551 0
1556716552 0
1556716553 0
1556716554 0
1556716555 0
1556716556 0
1556716557 0
1556716558 0
1556716559 0
1556716560 0
1556716561 0
1556716562 0
1556716563 0
1556716564 0
1556716565 0
1556716566 0
1556716567 0
1556716568 0
1556716569 0
1556716570 0
1556716571 0
1556716572 0
1556716573 0
1556716574 0
1556716575 0
1556716576 0
1556716577 0
1556716578 0
1556716579 0
1556716580 0
1556716581 0
1556716582 0
1556716583 0
1556716584 0
1556716585 0
1556716586 0
1556716587 0
1556716588 0
1556716589 0
1556716590 0
1556716591 0
1556716592 0
1556716593 0
1556716594 0
1556716595 0
1556716596 0
1556716597 0
1556716598 0
1556716599 0
1556716600 0
1556716601 0
1556716602 0
1556716603 0
1556716604 0
1556716605 0
1556716606 0
1556716607 0
1556716608 0
1556716609 0
1556716610 0
1556716611 0
1556716612 0
1556716613 0
1556716614 0
1556716615 0
1556716616 0
1556716617 0
1556716618 0
1556716619 0
1556716620 0
1556716621 0
1556716622 0
1556716623 0
1556716624 0
1556716625 0
1556716626 0
1556716627 0
1556716628 0
1556716629 0
1556716630 0
1556716631 0
1556716632 0
1556716633 0
1556716634 0
1556716635 0
1556716636 0
1556716637 0
1556716638 0
1556716639 0
1556716640 0
1556716641 0
1556716642 0
1556716643 0
1556716644 0
1556716645 0
1556716646 0
1556716647 0
1556716648 0
1556716649 0
1556716650 0
1556716651 0
1556716652 0
1556716653 0
1556716654 0
1556716655 0
1556716656 0
1556716657 0
1556716658 0
1556716659 0
1556716660 0
1556716661 0
1556716662 0
1556716663 0
1556716664 0
1556716665 0
1556716666 0
1556716667 0
1556716668 0
1556716669 0
1556716670 0
1556716671 0
1556716672 0
1556716673 0
1556716674 0
1556716675 0
1556716676 0
1556716677 0
1556716678 0
1556716679 0
1556716680 0
1556716681 0
1556716682 0
1556716683 0
1556716684 0
1556716685 0
1556716686 0
1556716687 0
1556716688 0
1556716689 0
1556716690 0
1556716691 0
1556716692 0
1556716693 0
1556716694 0
1556716695 0
1556716696 0
1556716697 0
1556716698 0
1556716699 0
1556716700 0
1556716701 0
1556716702 0
1556716703 0
1556716704 0
1556716705 0
1556716706 0
1556716707 0
1556716708 0
1556716709 0
1556716710 0
1556716711 0
1556716712 0
1556716713 0
1556716714 0
1556716715 0
1556716716 0
1556716717 0
1556716718 0
1556716719 0
1556716720 0
1556716721 0
1556716722 0
1556716723 0
1556716724 0
1556716725 0
1556716726 0
1556716727 0
1556716728 0
1556716729 0
1556716730 0
1556716731 0
1556716732 0
1556716733 0
1556716734 0
1556716735 0
1556716736 0
1556716737 0
1556716738 0
1556716739 0
1556716740 0
1556716741 0
1556716742 0
1556716743 0
1556716744 0
1556716745 0
1556716746 0
1556716747 0
1556716748 0
1556716749 0
1556716750 0
1556716751 0
1556716752 0
1556716753 0
1556716754 0
1556716755 0
1556716756 0
1556716757 0
1556716758 0
1556716759 0
1556716760 0
1556716761 0
1556716762 0
1556716763 0
1556716764 0
1556716765 0
1556716766 0
1556716767 0
1556716768 0
1556716769 0
1556716770 0
1556716771 0
1556716772 0
1556716773 0
1556716774 0
1556716775 0
1556716776 0
1556716777 0
1556716778 0
1556716779 0
1556716780 0
1556716781 0
1556716782 0
1556716783 0
1556716784 0
1556716785 0
1556716786 0
1556716787 0
1556716788 0
1556716789 0
1556716790 0
1556716791 0
1556716792 0
1556716793 0
1556716794 0
1556716795 0
1556716796 0
1556716797 0
1556716798 0
1556716799 0
1556716800 0
1556716801 0
1556716802 0
1556716803 0
1556716804 0
1556716805 0
1556716806 0
1556716807 0
1556716808 0
1556716809 0
1556716810 0
1556716811 0
1556716812 0
1556716813 0
1556716814 0
1556716815 0
1556716816 0
1556716817 0
1556716818 0
1556716819 0
1556716820 0
1556716821 0
1556716822 0
1556716823 0
1556716824 0
1556716825 0
1556716826 0
1556716827 0
1556716828 0
1556716829 0
1556716830 0
1556716831 0
1556716832 0
1556716833 0
1556716834 0
1556716835 0
1556716836 0
1556716837 0
1556716838 0
1556716839 0
1556716840 0
1556716841 0
1556716842 0
1556716843 0
1556716844 0
1556716845 0
1556716846 0
1556716847 0
1556716848 0
1556716849 0
1556716850 0
1556716851 0
1556716852 0
1556716853 0
1556716854 0
1556716855 0
1556716856 0
1556716857 0
1556716858 0
1556716859 0
1556716860 0
1556716861 0
1556716862 0
1556716863 0
1556716864 0
1556716865 0
1556716866 0
1556716867 0
1556716868 0
1556716869 0
1556716870 0
1556716871 0
1556716872 0
1556716873 0
1556716874 0
1556716875 0
1556716876 0
1556716877 0
1556716878 0
1556716879 0
1556716880 0
1556716881 0
1556716882 0
1556716883 0
1556716884 0
1556716885 0
1556716886 0
1556716887 0
1556716888 0
1556716889 0
1556716890 0
1556716891 0
1556716892 0
1556716893 0
1556716894 0
1556716895 0
1556716896 0
1556716897 0
1556716898 0
1556716899 0
1556716900 0
1556716901 0
1556716902 0
1556716903 0
1556716904 0
1556716905 0
1556716906 0
1556716907 0
1556716908 0
1556716909 0
1556716910 0
1556716911 0
1556716912 0
1556716913 0
1556716914 0
1556716915 0
1556716916 0
1556716917 0
1556716918 0
1556716919 0
1556716920 0
1556716921 0
1556716922 0
1556716923 0
1556716924 0
1556716925 0
1556716926 0
1556716927 0
1556716928 0
1556716929 0
1556716930 0
1556716931 0
1556716932 0
1556716933 0
1556716934 0
1556716935 0
1556716936 0
1556716937 0
1556716938 0
1556716939 0
1556716940 0
1556716941 0
1556716942 0
1556716943 0
1556716944 0
1556716945 0
1556716946 0
1556716947 0
1556716948 0
1556716949 0
1556716950 0
1556716951 0
1556716952 0
1556716953 0
1556716954 0
1556716955 0
1556716956 0
1556716957 0
1556716958 0
1556716959 0
1556716960 0
1556716961 0
1556716962 0
1556716963 0
1556716964 0
1556716965 0
1556716966 0
1556716967 0
1556716968 0
1556716969 0
1556716970 0
1556716971 0
1556716972 0
1556716973 0
1556716974 0
1556716975 0
1556716976 0
1556716977 0
1556716978 0
1556716979 0
1556716980 0
1556716981 0
1556716982 0
1556716983 0
1556716984 0
1556716985 0
1556716986 0
1556716987 0
1556716988 0
1556716989 0
1556716990 0
1556716991 0
1556716992 0
1556716993 0
1556716994 0
1556716995 0
1556716996 0
1556716997 0
1556716998 0
1556716999 0
1556717000 0
1556717001 0
1556717002 0
1556717003 0
1556717004 0
1556717005 0
1556717006 0
1556717007 0
1556717008 0
1556717009 0
1556717010 0
1556717011 0
1556717012 0
1556717013 0
1556717014 0
1556717015 0
1556717016 0
1556717017 0
1556717018 0
1556717019 0
1556717020 0
1556717021 0
1556717022 0
1556717023 0
1556717024 0
1556717025 0
1556717026 0
1556717027 0
1556717028 0
1556717029 0
1556717030 0
1556717031 0
1556717032 0
1556717033 0
1556717034 0
1556717035 0
1556717036 0
1556717037 0
1556717038 0
1556717039 0
1556717040 0
1556717041 0
1556717042 0
1556717043 0
1556717044 0
1556717045 0
1556717046 0
1556717047 0
1556717048 0
1556717049 0
1556717050 0
1556717051 0
1556717052 0
1556717053 0
1556717054 0
1556717055 0
1556717056 0
1556717057 0
1556717058 0
1556717059 0
1556717060 0
1556717061 0
1556717062 0
1556717063 0
1556717064 0
1556717065 0
1556717066 0
1556717067 0
1556717068 0
1556717069 0
1556717070 0
1556717071 0
1556717072 0
1556717073 0
1556717074 0
1556717075 0
1556717076 0
1556717077 0
1556717078 0
1556717079 0
1556717080 0
1556717081 0
1556717082 0
1556717083 0
1556717084 0
1556717085 0
1556717086 0
1556717087 0
1556717088 0
1556717089 0
1556717090 0
1556717091 0
1556717092 0
1556717093 0
1556717094 0
1556717095 0
1556717096 0
1556717097 0
1556717098 0
1556717099 0
1556717100 0
1556717101 0
1556717102 0
1556717103 0
1556717104 0
1556717105 0
1556717106 0
1556717107 0
1556717108 0
1556717109 0
1556717110 0
1556717111 0
1556717112 0
1556717113 0
1556717114 0
1556717115 0
1556717116 0
1556717117 0
1556717118 0
1556717119 0
1556717120 0
1556717121 0
1556717122 0
1556717123 0
1556717124 0
1556717125 0
1556717126 0
1556717127 0
1556717128 0
1556717129 0
1556717130 0
1556717131 0
1556717132 0
1556717133 0
1556717134 0
1556717135 0
1556717136 0
1556717137 0
1556717138 0
1556717139 0
1556717140 0
1556717141 0
1556717142 0
1556717143 0
1556717144 0
1556717145 0
1556717146 0
1556717147 0
1556717148 0
1556717149 0
1556717150 0
1556717151 0
1556717152 0
1556717153 0
1556717154 0
1556717155 0
1556717156 0
1556717157 0
1556717158 0
1556717159 0
1556717160 0
1556717161 0
1556717162 0
1556717163 0
1556717164 0
1556717165 0
1556717166 0
1556717167 0
1556717168 0
1556717169 0
1556717170 0
1556717171 0
1556717172 0
1556717173 0
1556717174 0
1556717175 0
1556717176 0
1556717177 0
1556717178 0
1556717179 0
1556717180 0
1556717181 0
1556717182 0
1556717183 0
1556717184 0
1556717185 0
1556717186 0
1556717187 0
1556717188 0
1556717189 0
1556717190 0
1556717191 0
1556717192 0
1556717193 0
1556717194 0
1556717195 0
1556717196 0
1556717197 0
1556717198 0
1556717199 0
1556717200 0
1556717201 0
1556717202 0
1556717203 0
1556717204 0
1556717205 0
1556717206 0
1556717207 0
1556717208 0
1556717209 0
1556717210 0
1556717211 0
1556717212 0
1556717213 0
1556717214 0
1556717215 0
1556717216 0
1556717217 0
1556717218 0
1556717219 0
1556717220 0
1556717221 0
1556717222 0
1556717223 0
1556717224 0
1556717225 0
1556717226 0
1556717227 0
1556717228 0
1556717229 0
1556717230 0
1556717231 0
1556717232 0
1556717233 0
1556717234 0
1556717235 0
1556717236 0
1556717237 0
1556717238 0
1556717239 0
1556717240 0
1556717241 0
1556717242 0
1556717243 0
1556717244 0
1556717245 0
1556717246 0
1556717247 0
1556717248 0
1556717249 0
1556717250 0
1556717251 0
1556717252 0
1556717253 0
1556717254 0
1556717255 0
1556717256 0
1556717257 0
1556717258 0
1556717259 0
1556717260 0
1556717261 0
1556717262 0
1556717263 0
1556717264 0
1556717265 0
1556717266 0
1556717267 0
1556717268 0
1556717269 0
1556717270 0
1556717271 0
1556717272 0
1556717273 0
1556717274 0
1556717275 0
1556717276 0
1556717277 0
1556717278 0
1556717279 0
1556717280 0
1556717281 0
1556717282 0
1556717283 0
1556717284 0
1556717285 0
1556717286 0
1556717287 0
1556717288 0
1556717289 0
1556717290 0
1556717291 0
1556717292 0
1556717293 0
1556717294 0
1556717295 0
1556717296 0
1556717297 0
1556717298 0
1556717299 0
1556717300 0
1556717301 0
1556717302 0
1556717303 0
1556717304 0
1556717305 0
1556717306 0
1556717307 0
1556717308 0
1556717309 0
1556717310 0
1556717311 0
1556717312 0
1556717313 0
1556717314 0
1556717315 0
1556717316 0
1556717317 0
1556717318 0
1556717319 0
1556717320 0
1556717321 0
1556717322 0
1556717323 0
1556717324 0
1556717325 0
1556717326 0
1556717327 0
1556717328 0
1556717329 0
1556717330 0
1556717331 0
1556717332 0
1556717333 0
1556717334 0
1556717335 0
1556717336 0
1556717337 0
1556717338 0
1556717339 0
1556717340 0
1556717341 0
1556717342 0
1556717343 0
1556717344 0
1556717345 0
1556717346 0
1556717347 0
1556717348 0
1556717349 0
1556717350 0
1556717351 0
1556717352 0
1556717353 0
1556717354 0
1556717355 0
1556717356 0
1556717357 0
1556717358 0
1556717359 0
1556717360 0
1556717361 0
1556717362 0
1556717363 0
1556717364 0
1556717365 0
1556717366 0
1556717367 0
1556717368 0
1556717369 0
1556717370 0
1556717371 0
1556717372 0
1556717373 0
1556717374 0
1556717375 0
1556717376 0
1556717377 0
1556717378 0
1556717379 0
1556717380 0
1556717381 0
1556717382 0
1556717383 0
1556717384 0
1556717385 0
1556717386 0
1556717387 0
1556717388 0
1556717389 0
1556717390 0
1556717391 0
1556717392 0
1556717393 0
1556717394 0
1556717395 0
1556717396 0
1556717397 0
1556717398 0
1556717399 0
1556717400 0
1556717401 0
1556717402 0
1556717403 0
1556717404 0
1556717405 0
1556717406 0
1556717407 0
1556717408 0
1556717409 0
1556717410 0
1556717411 0
1556717412 0
1556717413 0
1556717414 0
1556717415 0
1556717416 0
1556717417 0
1556717418 0
1556717419 0
1556717420 0
1556717421 0
1556717422 0
1556717423 0
1556717424 0
1556717425 0
1556717426 0
1556717427 0
1556717428 0
1556717429 0
1556717430 0
1556717431 0
1556717432 0
1556717433 0
1556717434 0
1556717435 0
1556717436 0
1556717437 0
1556717438 0
1556717439 0
1556717440 0
1556717441 0
1556717442 0
1556717443 0
1556717444 0
1556717445 0
1556717446 0
1556717447 0
1556717448 0
1556717449 0
1556717450 0
1556717451 0
1556717452 0
1556717453 0
1556717454 0
1556717455 0
1556717456 0
1556717457 0
1556717458 0
1556717459 0
1556717460 0
1556717461 0
1556717462 0
1556717463 0
1556717464 0
1556717465 0
1556717466 0
1556717467 0
1556717468 0
1556717469 0
1556717470 0
1556717471 0
1556717472 0
1556717473 0
1556717474 0
1556717475 0
1556717476 0
1556717477 0
1556717478 0
1556717479 0
1556717480 0
1556717481 0
1556717482 0
1556717483 0
1556717484 0
1556717485 0
1556717486 0
1556717487 0
1556717488 0
1556717489 0
1556717490 0
1556717491 0
1556717492 0
1556717493 0
1556717494 0
1556717495 0
1556717496 0
1556717497 0
1556717498 0
1556717499 0
1556717500 0
1556717501 0
1556717502 0
1556717503 0
1556717504 0
1556717505 0
1556717506 0
1556717507 0
1556717508 0
1556717509 0
1556717510 0
1556717511 0
1556717512 0
1556717513 0
1556717514 0
1556717515 0
1556717516 0
1556717517 0
1556717518 0
1556717519 0
1556717520 0
1556717521 0
1556717522 0
1556717523 0
1556717524 0
1556717525 0
1556717526 0
1556717527 0
1556717528 0
1556717529 0
1556717530 0
1556717531 0
1556717532 0
1556717533 0
1556717534 0
1556717535 0
1556717536 0
1556717537 0
1556717538 0
1556717539 0
1556717540 0
1556717541 0
1556717542 0
1556717543 0
1556717544 0
1556717545 0
1556717546 0
1556717547 0
1556717548 0
1556717549 0
1556717550 0
1556717551 0
1556717552 0
1556717553 0
1556717554 0
1556717555 0
1556717556 0
1556717557 0
1556717558 0
1556717559 0
1556717560 0
1556717561 0
1556717562 0
1556717563 0
1556717564 0
1556717565 0
1556717566 0
1556717567 0
1556717568 0
1556717569 0
1556717570 0
1556717571 0
1556717572 0
1556717573 0
1556717574 0
1556717575 0
1556717576 0
1556717577 0
1556717578 0
1556717579 0
1556717580 0
1556717581 0
1556717582 0
1556717583 0
1556717584 0
1556717585 0
1556717586 0
1556717587 0
1556717588 0
1556717589 0
1556717590 0
1556717591 0
1556717592 0
1556717593 0
1556717594 0
1556717595 0
1556717596 0
1556717597 0
1556717598 0
1556717599 0
1556717600 0
1556717601 0
1556717602 0
1556717603 0
1556717604 0
1556717605 0
1556717606 0
1556717607 0
1556717608 0
1556717609 0
1556717610 0
1556717611 0
1556717612 0
1556717613 0
1556717614 0
1556717615 0
1556717616 0
1556717617 0
1556717618 0
1556717619 0
1556717620 0
1556717621 0
1556717622 0
1556717623 0
1556717624 0
1556717625 0
1556717626 0
1556717627 0
1556717628 0
1556717629 0
1556717630 0
1556717631 0
1556717632 0
1556717633 0
1556717634 0
1556717635 0
1556717636 0
1556717637 0
1556717638 0
1556717639 0
1556717640 0
1556717641 0
1556717642 0
1556717643 0
1556717644 0
1556717645 0
1556717646 0
1556717647 0
1556717648 0
1556717649 0
1556717650 0
1556717651 0
1556717652 0
1556717653 0
1556717654 0
1556717655 0
1556717656 0
1556717657 0
1556717658 0
1556717659 0
1556717660 0
1556717661 0
1556717662 0
1556717663 0
1556717664 0
1556717665 0
1556717666 0
1556717667 0
1556717668 0
1556717669 0
1556717670 0
1556717671 0
1556717672 0
1556717673 0
1556717674 0
1556717675 0
1556717676 0
1556717677 0
1556717678 0
1556717679 0
1556717680 0
1556717681 0
1556717682 0
1556717683 0
1556717684 0
1556717685 0
1556717686 0
1556717687 0
1556717688 0
1556717689 0
1556717690 0
1556717691 0
1556717692 0
1556717693 0
1556717694 0
1556717695 0
1556717696 0
1556717697 0
1556717698 0
1556717699 0
1556717700 0
1556717701 0
1556717702 0
1556717703 0
1556717704 0
1556717705 0
1556717706 0
1556717707 0
1556717708 0
1556717709 0
1556717710 0
1556717711 0
1556717712 0
1556717713 0
1556717714 0
1556717715 0
1556717716 0
1556717717 0
1556717718 0
1556717719 0
1556717720 0
1556717721 0
1556717722 0
1556717723 0
1556717724 0
1556717725 0
1556717726 0
1556717727 0
1556717728 0
1556717729 0
1556717730 0
1556717731 0
1556717732 0
1556717733 0
1556717734 0
1556717735 0
1556717736 0
1556717737 0
1556717738 0
1556717739 0
1556717740 0
1556717741 0
1556717742 0
1556717743 0
1556717744 0
1556717745 0
1556717746 0
1556717747 0
1556717748 0
1556717749 0
1556717750 0
1556717751 0
1556717752 0
1556717753 0
1556717754 0
1556717755 0
1556717756 0
1556717757 0
1556717758 0
1556717759 0
1556717760 0
1556717761 0
1556717762 0
1556717763 0
1556717764 0
1556717765 0
1556717766 0
1556717767 0
1556717768 0
1556717769 0
1556717770 0
1556717771 0
1556717772 0
1556717773 0
1556717774 0
1556717775 0
1556717776 0
1556717777 0
1556717778 0
1556717779 0
1556717780 0
1556717781 0
1556717782 0
1556717783 0
1556717784 0
1556717785 0
1556717786 0
1556717787 0
1556717788 0
1556717789 0
1556717790 0
1556717791 0
1556717792 0
1556717793 0
1556717794 0
1556717795 0
1556717796 0
1556717797 0
1556717798 0
1556717799 0
1556717800 0
1556717801 0
1556717802 0
1556717803 0
1556717804 0
1556717805 0
1556717806 0
1556717807 0
1556717808 0
1556717809 0
1556717810 0
1556717811 0
1556717812 0
1556717813 0
1556717814 0
1556717815 0
1556717816 0
1556717817 0
1556717818 0
1556717819 0
1556717820 0
1556717821 0
1556717822 0
1556717823 0
1556717824 0
1556717825 0
1556717826 0
1556717827 0
1556717828 0
1556717829 0
1556717830 0
1556717831 0
1556717832 0
1556717833 0
1556717834 0
1556717835 0
1556717836 0
1556717837 0
1556717838 0
1556717839 0
1556717840 0
1556717841 0
1556717842 0
1556717843 0
1556717844 0
1556717845 0
1556717846 0
1556717847 0
1556717848 0
1556717849 0
1556717850 0
1556717851 0
1556717852 0
1556717853 0
1556717854 0
1556717855 0
1556717856 0
1556717857 0
1556717858 0
1556717859 0
1556717860 0
1556717861 0
1556717862 0
1556717863 0
1556717864 0
1556717865 0
1556717866 0
1556717867 0
1556717868 0
1556717869 0
1556717870 0
1556717871 0
1556717872 0
1556717873 0
1556717874 0
1556717875 0
1556717876 0
1556717877 0
1556717878 0
1556717879 0
1556717880 0
1556717881 0
1556717882 0
1556717883 0
1556717884 0
1556717885 0
1556717886 0
1556717887 0
1556717888 0
1556717889 0
1556717890 0
1556717891 0
1556717892 0
1556717893 0
1556717894 0
1556717895 0
1556717896 0
1556717897 0
1556717898 0
1556717899 0
1556717900 0
1556717901 0
1556717902 0
1556717903 0
1556717904 0
1556717905 0
1556717906 0
1556717907 0
1556717908 0
1556717909 0
1556717910 0
1556717911 0
1556717912 0
1556717913 0
1556717914 0
1556717915 0
1556717916 0
1556717917 0
1556717918 0
1556717919 0
1556717920 0
1556717921 0
1556717922 0
1556717923 0
1556717924 0
1556717925 0
1556717926 0
1556717927 0
1556717928 0
1556717929 0
1556717930 0
1556717931 0
1556717932 0
1556717933 0
1556717934 0
1556717935 0
1556717936 0
1556717937 0
1556717938 0
1556717939 0
1556717940 0
1556717941 0
1556717942 0
1556717943 0
1556717944 0
1556717945 0
1556717946 0
1556717947 0
1556717948 0
1556717949 0
1556717950 0
1556717951 0
1556717952 0
1556717953 0
1556717954 0
1556717955 0
1556717956 0
1556717957 0
1556717958 0
1556717959 0
1556717960 0
1556717961 0
1556717962 0
1556717963 0
1556717964 0
1556717965 0
1556717966 0
1556717967 0
1556717968 0
1556717969 0
1556717970 0
1556717971 0
1556717972 0
1556717973 0
1556717974 0
1556717975 0
1556717976 0
1556717977 0
1556717978 0
1556717979 0
1556717980 0
1556717981 0
1556717982 0
1556717983 0
1556717984 0
1556717985 0
1556717986 0
1556717987 0
1556717988 0
1556717989 0
1556717990 0
1556717991 0
1556717992 0
1556717993 0
1556717994 0
1556717995 0
1556717996 0
1556717997 0
1556717998 0
1556717999 0
1556718000 0
1556718001 0
1556718002 0
1556718003 0
1556718004 0
1556718005 0
1556718006 0
1556718007 0
1556718008 0
1556718009 0
1556718010 0
1556718011 0
1556718012 0
1556718013 0
1556718014 0
1556718015 0
1556718016 0
1556718017 0
1556718018 0
1556718019 0
1556718020 0
1556718021 0
1556718022 0
1556718023 0
1556718024 0
1556718025 0
1556718026 0
1556718027 0
1556718028 0
1556718029 0
1556718030 0
1556718031 0
1556718032 0
1556718033 0
1556718034 0
1556718035 0
1556718036 0
1556718037 0
1556718038 0
1556718039 0
1556718040 0
1556718041 0
1556718042 0
1556718043 0
1556718044 0
1556718045 0
1556718046 0
1556718047 0
1556718048 0
1556718049 0
1556718050 0
1556718051 0
1556718052 0
1556718053 0
1556718054 0
1556718055 0
1556718056 0
1556718057 0
1556718058 0
1556718059 0
1556718060 0
1556718061 0
1556718062 0
1556718063 0
1556718064 0
1556718065 0
1556718066 0
1556718067 0
1556718068 0
1556718069 0
1556718070 0
1556718071 0
1556718072 0
1556718073 0
1556718074 0
1556718075 0
1556718076 0
1556718077 0
1556718078 0
1556718079 0
1556718080 0
1556718081 0
1556718082 0
1556718083 0
1556718084 0
1556718085 0
1556718086 0
1556718087 0
1556718088 0
1556718089 0
1556718090 0
1556718091 0
1556718092 0
1556718093 0
1556718094 0
1556718095 0
1556718096 0
1556718097 0
1556718098 0
1556718099 0
1556718100 0
1556718101 0
1556718102 0
1556718103 0
1556718104 0
1556718105 0
1556718106 0
1556718107 0
1556718108 0
1556718109 0
1556718110 0
1556718111 0
1556718112 0
1556718113 0
1556718114 0
1556718115 0
1556718116 0
1556718117 0
1556718118 0
1556718119 0
1556718120 0
1556718121 0
1556718122 0
1556718123 0
1556718124 0
1556718125 0
1556718126 0
1556718127 0
1556718128 0
1556718129 0
1556718130 0
1556718131 0
1556718132 0
1556718133 0
1556718134 0
1556718135 0
1556718136 0
1556718137 0
1556718138 0
1556718139 0
1556718140 0
1556718141 0
1556718142 0
1556718143 0
1556718144 0
1556718145 0
1556718146 0
1556718147 0
1556718148 0
1556718149 0
1556718150 0
1556718151 0
1556718152 0
1556718153 0
1556718154 0
1556718155 0
1556718156 0
1556718157 0
1556718158 0
1556718159 0
1556718160 0
1556718161 0
1556718162 0
1556718163 0
1556718164 0
1556718165 0
1556718166 0
1556718167 0
1556718168 0
1556718169 0
1556718170 0
1556718171 0
1556718172 0
1556718173 0
1556718174 0
1556718175 0
1556718176 0
1556718177 0
1556718178 0
1556718179 0
1556718180 0
1556718181 0
1556718182 0
1556718183 0
1556718184 0
1556718185 0
1556718186 0
1556718187 0
1556718188 0
1556718189 0
1556718190 0
1556718191 0
1556718192 0
1556718193 0
1556718194 0
1556718195 0
1556718196 0
1556718197 0
1556718198 0
1556718199 0
1556718200 0
1556718201 0
1556718202 0
1556718203 0
1556718204 0
1556718205 0
1556718206 0
1556718207 0
1556718208 0
1556718209 0
1556718210 0
1556718211 0
1556718212 0
1556718213 0
1556718214 0
1556718215 0
1556718216 0
1556718217 0
1556718218 0
1556718219 0
1556718220 0
1556718221 0
1556718222 0
1556718223 0
1556718224 0
1556718225 0
1556718226 0
1556718227 0
1556718228 0
1556718229 0
1556718230 0
1556718231 0
1556718232 0
1556718233 0
1556718234 0
1556718235 0
1556718236 0
1556718237 0
1556718238 0
1556718239 0
1556718240 0
1556718241 0
1556718242 0
1556718243 0
1556718244 0
1556718245 0
1556718246 0
1556718247 0
1556718248 0
1556718249 0
1556718250 0
1556718251 0
1556718252 0
1556718253 0
1556718254 0
1556718255 0
1556718256 0
1556718257 0
1556718258 0
1556718259 0
1556718260 0
1556718261 0
1556718262 0
1556718263 0
1556718264 0
1556718265 0
1556718266 0
1556718267 0
1556718268 0
1556718269 0
1556718270 0
1556718271 0
1556718272 0
1556718273 0
1556718274 0
1556718275 0
1556718276 0
1556718277 0
1556718278 0
1556718279 0
1556718280 0
1556718281 0
1556718282 0
1556718283 0
1556718284 0
1556718285 0
1556718286 0
1556718287 0
1556718288 0
1556718289 0
1556718290 0
1556718291 0
1556718292 0
1556718293 0
1556718294 0
1556718295 0
1556718296 0
1556718297 0
1556718298 0
1556718299 0
1556718300 0
1556718301 0
1556718302 0
1556718303 0
1556718304 0
1556718305 0
1556718306 0
1556718307 0
1556718308 0
1556718309 0
1556718310 0
1556718311 0
1556718312 0
1556718313 0
1556718314 0
1556718315 0
1556718316 0
1556718317 0
1556718318 0
1556718319 0
1556718320 0
1556718321 0
1556718322 0
1556718323 0
1556718324 0
1556718325 0
1556718326 0
1556718327 0
1556718328 0
1556718329 0
1556718330 0
1556718331 0
1556718332 0
1556718333 0
1556718334 0
1556718335 0
1556718336 0
1556718337 0
1556718338 0
1556718339 0
1556718340 0
1556718341 0
1556718342 0
1556718343 0
1556718344 0
1556718345 0
1556718346 0
1556718347 0
1556718348 0
1556718349 0
1556718350 0
1556718351 0
1556718352 0
1556718353 0
1556718354 0
1556718355 0
1556718356 0
1556718357 0
1556718358 0
1556718359 0
1556718360 0
1556718361 0
1556718362 0
1556718363 0
1556718364 0
1556718365 0
1556718366 0
1556718367 0
1556718368 0
1556718369 0
1556718370 0
1556718371 0
1556718372 0
1556718373 0
1556718374 0
1556718375 0
1556718376 0
1556718377 0
1556718378 0
1556718379 0
1556718380 0
1556718381 0
1556718382 0
1556718383 0
1556718384 0
1556718385 0
1556718386 0
1556718387 0
1556718388 0
1556718389 0
1556718390 0
1556718391 0
1556718392 0
1556718393 0
1556718394 0
1556718395 0
1556718396 0
1556718397 0
1556718398 0
1556718399 0
1556718400 0
1556718401 0
1556718402 0
1556718403 0
1556718404 0
1556718405 0
1556718406 0
1556718407 0
1556718408 0
1556718409 0
1556718410 0
1556718411 0
1556718412 0
1556718413 0
1556718414 0
1556718415 0
1556718416 0
1556718417 0
1556718418 0
1556718419 0
1556718420 0
1556718421 0
1556718422 0
1556718423 0
1556718424 0
1556718425 0
1556718426 0
1556718427 0
1556718428 0
1556718429 0
1556718430 0
1556718431 0
1556718432 0
1556718433 0
1556718434 0
1556718435 0
1556718436 0
1556718437 0
1556718438 0
1556718439 0
1556718440 0
1556718441 0
1556718442 0
1556718443 0
1556718444 0
1556718445 0
1556718446 0
1556718447 0
1556718448 0
1556718449 0
1556718450 0
1556718451 0
1556718452 0
1556718453 0
1556718454 0
1556718455 0
1556718456 0
1556718457 0
1556718458 0
1556718459 0
1556718460 0
1556718461 0
1556718462 0
1556718463 0
1556718464 0
1556718465 0
1556718466 0
1556718467 0
1556718468 0
1556718469 0
1556718470 0
1556718471 0
1556718472 0
1556718473 0
1556718474 0
1556718475 0
1556718476 0
1556718477 0
1556718478 0
1556718479 0
1556718480 0
1556718481 0
1556718482 0
1556718483 0
1556718484 0
1556718485 0
1556718486 0
1556718487 0
1556718488 0
1556718489 0
1556718490 0
1556718491 0
1556718492 0
1556718493 0
1556718494 0
1556718495 0
1556718496 0
1556718497 0
1556718498 0
1556718499 0
1556718500 0
1556718501 0
1556718502 0
1556718503 0
1556718504 0
1556718505 0
1556718506 0
1556718507 0
1556718508 0
1556718509 0
1556718510 0
1556718511 0
1556718512 0
1556718513 0
1556718514 0
1556718515 0
1556718516 0
1556718517 0
1556718518 0
1556718519 0
1556718520 0
1556718521 0
1556718522 0
1556718523 0
1556718524 0
1556718525 0
1556718526 0
1556718527 0
1556718528 0
1556718529 0
1556718530 0
1556718531 0
1556718532 0
1556718533 0
1556718534 0
1556718535 0
1556718536 0
1556718537 0
1556718538 0
1556718539 0
1556718540 0
1556718541 0
1556718542 0
1556718543 0
1556718544 0
1556718545 0
1556718546 0
1556718547 0
1556718548 0
1556718549 0
1556718550 0
1556718551 0
1556718552 0
1556718553 0
1556718554 0
1556718555 0
1556718556 0
1556718557 0
1556718558 0
1556718559 0
1556718560 0
1556718561 0
1556718562 0
1556718563 0
1556718564 0
1556718565 0
1556718566 0
1556718567 0
1556718568 0
1556718569 0
1556718570 0
1556718571 0
1556718572 0
1556718573 0
1556718574 0
1556718575 0
1556718576 0
1556718577 0
1556718578 0
1556718579 0
1556718580 0
1556718581 0
1556718582 0
1556718583 0
1556718584 0
1556718585 0
1556718586 0
1556718587 0
1556718588 0
1556718589 0
1556718590 0
1556718591 0
1556718592 0
1556718593 0
1556718594 0
1556718595 0
1556718596 0
1556718597 0
1556718598 0
1556718599 0
1556718600 0
1556718601 0
1556718602 0
1556718603 0
1556718604 0
1556718605 0
1556718606 0
1556718607 0
1556718608 0
1556718609 0
1556718610 0
1556718611 0
1556718612 0
1556718613 0
1556718614 0
1556718615 0
1556718616 0
1556718617 0
1556718618 0
1556718619 0
1556718620 0
1556718621 0
1556718622 0
1556718623 0
1556718624 0
1556718625 0
1556718626 0
1556718627 0
1556718628 0
1556718629 0
1556718630 0
1556718631 0
1556718632 0
1556718633 0
1556718634 0
1556718635 0
1556718636 0
1556718637 0
1556718638 0
1556718639 0
1556718640 0
1556718641 0
1556718642 0
1556718643 0
1556718644 0
1556718645 0
1556718646 0
1556718647 0
1556718648 0
1556718649 0
1556718650 0
1556718651 0
1556718652 0
1556718653 0
1556718654 0
1556718655 0
1556718656 0
1556718657 0
1556718658 0
1556718659 0
1556718660 0
1556718661 0
1556718662 0
1556718663 0
1556718664 0
1556718665 0
1556718666 0
1556718667 0
1556718668 0
1556718669 0
1556718670 0
1556718671 0
1556718672 0
1556718673 0
1556718674 0
1556718675 0
1556718676 0
1556718677 0
1556718678 0
1556718679 0
1556718680 0
1556718681 0
1556718682 0
1556718683 0
1556718684 0
1556718685 0
1556718686 0
1556718687 0
1556718688 0
1556718689 0
1556718690 0
1556718691 0
1556718692 0
1556718693 0
1556718694 0
1556718695 0
1556718696 0
1556718697 0
1556718698 0
1556718699 0
1556718700 0
1556718701 0
1556718702 0
1556718703 0
1556718704 0
1556718705 0
1556718706 0
1556718707 0
1556718708 0
1556718709 0
1556718710 0
1556718711 0
1556718712 0
1556718713 0
1556718714 0
1556718715 0
1556718716 0
1556718717 0
1556718718 0
1556718719 0
1556718720 0
1556718721 0
1556718722 0
1556718723 0
1556718724 0
1556718725 0
1556718726 0
1556718727 0
1556718728 0
1556718729 0
1556718730 0
1556718731 0
1556718732 0
1556718733 0
1556718734 0
1556718735 0
1556718736 0
1556718737 0
1556718738 0
1556718739 0
1556718740 0
1556718741 0
1556718742 0
1556718743 0
1556718744 0
1556718745 0
1556718746 0
1556718747 0
1556718748 0
1556718749 0
1556718750 0
1556718751 0
1556718752 0
1556718753 0
1556718754 0
1556718755 0
1556718756 0
1556718757 0
1556718758 0
1556718759 0
1556718760 0
1556718761 0
1556718762 0
1556718763 0
1556718764 0
1556718765 0
1556718766 0
1556718767 0
1556718768 0
1556718769 0
1556718770 0
1556718771 0
1556718772 0
1556718773 0
1556718774 0
1556718775 0
1556718776 0
1556718777 0
1556718778 0
1556718779 0
1556718780 0
1556718781 0
1556718782 0
1556718783 0
1556718784 0
1556718785 0
1556718786 0
1556718787 0
1556718788 0
1556718789 0
1556718790 0
1556718791 0
1556718792 0
1556718793 0
1556718794 0
1556718795 0
1556718796 0
1556718797 0
1556718798 0
1556718799 0
1556718800 0
1556718801 0
1556718802 0
1556718803 0
1556718804 0
1556718805 0
1556718806 0
1556718807 0
1556718808 0
1556718809 0
1556718810 0
1556718811 0
1556718812 0
1556718813 0
1556718814 0
1556718815 0
1556718816 0
1556718817 0
1556718818 0
1556718819 0
1556718820 0
1556718821 0
1556718822 0
1556718823 0
1556718824 0
1556718825 0
1556718826 0
1556718827 0
1556718828 0
1556718829 0
1556718830 0
1556718831 0
1556718832 0
1556718833 0
1556718834 0
1556718835 0
1556718836 0
1556718837 0
1556718838 0
1556718839 0
1556718840 0
1556718841 0
1556718842 0
1556718843 0
1556718844 0
1556718845 0
1556718846 0
1556718847 0
1556718848 0
1556718849 0
1556718850 0
1556718851 0
1556718852 0
1556718853 0
1556718854 0
1556718855 0
1556718856 0
1556718857 0
1556718858 0
1556718859 0
1556718860 0
1556718861 0
1556718862 0
1556718863 0
1556718864 0
1556718865 0
1556718866 0
1556718867 0
1556718868 0
1556718869 0
1556718870 0
1556718871 0
1556718872 0
1556718873 0
1556718874 0
1556718875 0
1556718876 0
1556718877 0
1556718878 0
1556718879 0
1556718880 0
1556718881 0
1556718882 0
1556718883 0
1556718884 0
1556718885 0
1556718886 0
1556718887 0
1556718888 0
1556718889 0
1556718890 0
1556718891 0
1556718892 0
1556718893 0
1556718894 0
1556718895 0
1556718896 0
1556718897 0
1556718898 0
1556718899 0
1556718900 0
1556718901 0
1556718902 0
1556718903 0
1556718904 0
1556718905 0
1556718906 0
1556718907 0
1556718908 0
1556718909 0
1556718910 0
1556718911 0
1556718912 0
1556718913 0
1556718914 0
1556718915 0
1556718916 0
1556718917 0
1556718918 0
1556718919 0
1556718920 0
1556718921 0
1556718922 0
1556718923 0
1556718924 0
1556718925 0
1556718926 0
1556718927 0
1556718928 0
1556718929 0
1556718930 0
1556718931 0
1556718932 0
1556718933 0
1556718934 0
1556718935 0
1556718936 0
1556718937 0
1556718938 0
1556718939 0
1556718940 0
1556718941 0
1556718942 0
1556718943 0
1556718944 0
1556718945 0
1556718946 0
1556718947 0
1556718948 0
1556718949 0
1556718950 0
1556718951 0
1556718952 0
1556718953 0
1556718954 0
1556718955 0
1556718956 0
1556718957 0
1556718958 0
1556718959 0
1556718960 0
1556718961 0
1556718962 0
1556718963 0
1556718964 0
1556718965 0
1556718966 0
1556718967 0
1556718968 0
1556718969 0
1556718970 0
1556718971 0
1556718972 0
1556718973 0
1556718974 0
1556718975 0
1556718976 0
1556718977 0
1556718978 0
1556718979 0
1556718980 0
1556718981 0
1556718982 0
1556718983 0
1556718984 0
1556718985 0
1556718986 0
1556718987 0
1556718988 0
1556718989 0
1556718990 0
1556718991 0
1556718992 0
1556718993 0
1556718994 0
1556718995 0
1556718996 0
1556718997 0
1556718998 0
1556718999 0
1556719000 0
1556719001 0
1556719002 0
1556719003 0
1556719004 0
1556719005 0
1556719006 0
1556719007 0
1556719008 0
1556719009 0
1556719010 0
1556719011 0
1556719012 0
1556719013 0
1556719014 0
1556719015 0
1556719016 0
1556719017 0
1556719018 0
1556719019 0
1556719020 0
1556719021 0
1556719022 0
1556719023 0
1556719024 0
1556719025 0
1556719026 0
1556719027 0
1556719028 0
1556719029 0
1556719030 0
1556719031 0
1556719032 0
1556719033 0
1556719034 0
1556719035 0
1556719036 0
1556719037 0
1556719038 0
1556719039 0
1556719040 0
1556719041 0
1556719042 0
1556719043 0
1556719044 0
1556719045 0
1556719046 0
1556719047 0
1556719048 0
1556719049 0
1556719050 0
1556719051 0
1556719052 0
1556719053 0
1556719054 0
1556719055 0
1556719056 0
1556719057 0
1556719058 0
1556719059 0
1556719060 0
1556719061 0
1556719062 0
1556719063 0
1556719064 0
1556719065 0
1556719066 0
1556719067 0
1556719068 0
1556719069 0
1556719070 0
1556719071 0
1556719072 0
1556719073 0
1556719074 0
1556719075 0
1556719076 0
1556719077 0
1556719078 0
1556719079 0
1556719080 0
1556719081 0
1556719082 0
1556719083 0
1556719084 0
1556719085 0
1556719086 0
1556719087 0
1556719088 0
1556719089 0
1556719090 0
1556719091 0
1556719092 0
1556719093 0
1556719094 0
1556719095 0
1556719096 0
1556719097 0
1556719098 0
1556719099 0
1556719100 0
1556719101 0
1556719102 0
1556719103 0
1556719104 0
1556719105 0
1556719106 0
1556719107 0
1556719108 0
1556719109 0
1556719110 0
1556719111 0
1556719112 0
1556719113 0
1556719114 0
1556719115 0
1556719116 0
1556719117 0
1556719118 0
1556719119 0
1556719120 0
1556719121 0
1556719122 0
1556719123 0
1556719124 0
1556719125 0
1556719126 0
1556719127 0
1556719128 0
1556719129 0
1556719130 0
1556719131 0
1556719132 0
1556719133 0
1556719134 0
1556719135 0
1556719136 0
1556719137 0
1556719138 0
1556719139 0
1556719140 0
1556719141 0
1556719142 0
1556719143 0
1556719144 0
1556719145 0
1556719146 0
1556719147 0
1556719148 0
1556719149 0
1556719150 0
1556719151 0
1556719152 0
1556719153 0
1556719154 0
1556719155 0
1556719156 0
1556719157 0
1556719158 0
1556719159 0
1556719160 0
1556719161 0
1556719162 0
1556719163 0
1556719164 0
1556719165 0
1556719166 0
1556719167 0
1556719168 0
1556719169 0
1556719170 0
1556719171 0
1556719172 0
1556719173 0
1556719174 0
1556719175 0
1556719176 0
1556719177 0
1556719178 0
1556719179 0
1556719180 0
1556719181 0
1556719182 0
1556719183 0
1556719184 0
1556719185 0
1556719186 0
1556719187 0
1556719188 0
1556719189 0
1556719190 0
1556719191 0
1556719192 0
1556719193 0
1556719194 0
1556719195 0
1556719196 0
1556719197 0
1556719198 0
1556719199 0
1556719200 0
1556719201 0
1556719202 0
1556719203 0
1556719204 0
1556719205 0
1556719206 0
1556719207 0
1556719208 0
1556719209 0
1556719210 0
1556719211 0
1556719212 0
1556719213 0
1556719214 0
1556719215 0
1556719216 0
1556719217 0
1556719218 0
1556719219 0
1556719220 0
1556719221 0
1556719222 0
1556719223 0
1556719224 0
1556719225 0
1556719226 0
1556719227 0
1556719228 0
1556719229 0
1556719230 0
1556719231 0
1556719232 0
1556719233 0
1556719234 0
1556719235 0
1556719236 0
1556719237 0
1556719238 0
1556719239 0
1556719240 0
1556719241 0
1556719242 0
1556719243 0
1556719244 0
1556719245 0
1556719246 0
1556719247 0
1556719248 0
1556719249 0
1556719250 0
1556719251 0
1556719252 0
1556719253 0
1556719254 0
1556719255 0
1556719256 0
1556719257 0
1556719258 0
1556719259 0
1556719260 0
1556719261 0
1556719262 0
1556719263 0
1556719264 0
1556719265 0
1556719266 0
1556719267 0
1556719268 0
1556719269 0
1556719270 0
1556719271 0
1556719272 0
1556719273 0
1556719274 0
1556719275 0
1556719276 0
1556719277 0
1556719278 0
1556719279 0
1556719280 0
1556719281 0
1556719282 0
1556719283 0
1556719284 0
1556719285 0
1556719286 0
1556719287 0
1556719288 0
1556719289 0
1556719290 0
1556719291 0
1556719292 0
1556719293 0
1556719294 0
1556719295 0
1556719296 0
1556719297 0
1556719298 0
1556719299 0
1556719300 0
1556719301 0
1556719302 0
1556719303 0
1556719304 0
1556719305 0
1556719306 0
1556719307 0
1556719308 0
1556719309 0
1556719310 0
1556719311 0
1556719312 0
1556719313 0
1556719314 0
1556719315 0
1556719316 0
1556719317 0
1556719318 0
1556719319 0
1556719320 0
1556719321 0
1556719322 0
1556719323 0
1556719324 0
1556719325 0
1556719326 0
1556719327 0
1556719328 0
1556719329 0
1556719330 0
1556719331 0
1556719332 0
1556719333 0
1556719334 0
1556719335 0
1556719336 0
1556719337 0
1556719338 0
1556719339 0
1556719340 0
1556719341 0
1556719342 0
1556719343 0
1556719344 0
1556719345 0
1556719346 0
1556719347 0
1556719348 0
1556719349 0
1556719350 0
1556719351 0
1556719352 0
1556719353 0
1556719354 0
1556719355 0
1556719356 0
1556719357 0
1556719358 0
1556719359 0
1556719360 0
1556719361 0
1556719362 0
1556719363 0
1556719364 0
1556719365 0
1556719366 0
1556719367 0
1556719368 0
1556719369 0
1556719370 0
1556719371 0
1556719372 0
1556719373 0
1556719374 0
1556719375 0
1556719376 0
1556719377 0
1556719378 0
1556719379 0
1556719380 0
1556719381 0
1556719382 0
1556719383 0
1556719384 0
1556719385 0
1556719386 0
1556719387 0
1556719388 0
1556719389 0
1556719390 0
1556719391 0
1556719392 0
1556719393 0
1556719394 0
1556719395 0
1556719396 0
1556719397 0
1556719398 0
1556719399 0
1556719400 0
1556719401 0
1556719402 0
1556719403 0
1556719404 0
1556719405 0
1556719406 0
1556719407 0
1556719408 0
1556719409 0
1556719410 0
1556719411 0
1556719412 0
1556719413 0
1556719414 0
1556719415 0
1556719416 0
1556719417 0
1556719418 0
1556719419 0
1556719420 0
1556719421 0
1556719422 0
1556719423 0
1556719424 0
1556719425 0
1556719426 0
1556719427 0
1556719428 0
1556719429 0
1556719430 0
1556719431 0
1556719432 0
1556719433 0
1556719434 0
1556719435 0
1556719436 0
1556719437 0
1556719438 0
1556719439 0
1556719440 0
1556719441 0
1556719442 0
1556719443 0
1556719444 0
1556719445 0
1556719446 0
1556719447 0
1556719448 0
1556719449 0
1556719450 0
1556719451 0
1556719452 0
1556719453 0
1556719454 0
1556719455 0
1556719456 0
1556719457 0
1556719458 0
1556719459 0
1556719460 0
1556719461 0
1556719462 0
1556719463 0
1556719464 0
1556719465 0
1556719466 0
1556719467 0
1556719468 0
1556719469 0
1556719470 0
1556719471 0
1556719472 0
1556719473 0
1556719474 0
1556719475 0
1556719476 0
1556719477 0
1556719478 0
1556719479 0
1556719480 0
1556719481 0
1556719482 0
1556719483 0
1556719484 0
1556719485 0
1556719486 0
1556719487 0
1556719488 0
1556719489 0
1556719490 0
1556719491 0
1556719492 0
1556719493 0
1556719494 0
1556719495 0
1556719496 0
1556719497 0
1556719498 0
1556719499 0
1556719500 0
1556719501 0
1556719502 0
1556719503 0
1556719504 0
1556719505 0
1556719506 0
1556719507 0
1556719508 0
1556719509 0
1556719510 0
1556719511 0
1556719512 0
1556719513 0
1556719514 0
1556719515 0
1556719516 0
1556719517 0
1556719518 0
1556719519 0
1556719520 0
1556719521 0
1556719522 0
1556719523 0
1556719524 0
1556719525 0
1556719526 0
1556719527 0
1556719528 0
1556719529 0
1556719530 0
1556719531 0
1556719532 0
1556719533 0
1556719534 0
1556719535 0
1556719536 0
1556719537 0
1556719538 0
1556719539 0
1556719540 0
1556719541 0
1556719542 0
1556719543 0
1556719544 0
1556719545 0
1556719546 0
1556719547 0
1556719548 0
1556719549 0
1556719550 0
1556719551 0
1556719552 0
1556719553 0
1556719554 0
1556719555 0
1556719556 0
1556719557 0
1556719558 0
1556719559 0
1556719560 0
1556719561 0
1556719562 0
1556719563 0
1556719564 0
1556719565 0
1556719566 0
1556719567 0
1556719568 0
1556719569 0
1556719570 0
1556719571 0
1556719572 0
1556719573 0
1556719574 0
1556719575 0
1556719576 0
1556719577 0
1556719578 0
1556719579 0
1556719580 0
1556719581 0
1556719582 0
1556719583 0
1556719584 0
1556719585 0
1556719586 0
1556719587 0
1556719588 0
1556719589 0
1556719590 0
1556719591 0
1556719592 0
1556719593 0
1556719594 0
1556719595 0
1556719596 0
1556719597 0
1556719598 0
1556719599 0
1556719600 0
1556719601 0
1556719602 0
1556719603 0
1556719604 0
1556719605 0
1556719606 0
1556719607 0
1556719608 0
1556719609 0
1556719610 0
1556719611 0
1556719612 0
1556719613 0
1556719614 0
1556719615 0
1556719616 0
1556719617 0
1556719618 0
1556719619 0
1556719620 0
1556719621 0
1556719622 0
1556719623 0
1556719624 0
1556719625 0
1556719626 0
1556719627 0
1556719628 0
1556719629 0
1556719630 0
1556719631 0
1556719632 0
1556719633 0
1556719634 0
1556719635 0
1556719636 0
1556719637 0
1556719638 0
1556719639 0
1556719640 0
1556719641 0
1556719642 0
1556719643 0
1556719644 0
1556719645 0
1556719646 0
1556719647 0
1556719648 0
1556719649 0
1556719650 0
1556719651 0
1556719652 0
1556719653 0
1556719654 0
1556719655 0
1556719656 0
1556719657 0
1556719658 0
1556719659 0
1556719660 0
1556719661 0
1556719662 0
1556719663 0
1556719664 0
1556719665 0
1556719666 0
1556719667 0
1556719668 0
1556719669 0
1556719670 0
1556719671 0
1556719672 0
1556719673 0
1556719674 0
1556719675 0
1556719676 0
1556719677 0
1556719678 0
1556719679 0
1556719680 0
1556719681 0
1556719682 0
1556719683 0
1556719684 0
1556719685 0
1556719686 0
1556719687 0
1556719688 0
1556719689 0
1556719690 0
1556719691 0
1556719692 0
1556719693 0
1556719694 0
1556719695 0
1556719696 0
1556719697 0
1556719698 0
1556719699 0
1556719700 0
1556719701 0
1556719702 0
1556719703 0
1556719704 0
1556719705 0
1556719706 0
1556719707 0
1556719708 0
1556719709 0
1556719710 0
1556719711 0
1556719712 0
1556719713 0
1556719714 0
1556719715 0
1556719716 0
1556719717 0
1556719718 0
1556719719 0
1556719720 0
1556719721 0
1556719722 0
1556719723 0
1556719724 0
1556719725 0
1556719726 0
1556719727 0
1556719728 0
1556719729 0
1556719730 0
1556719731 0
1556719732 0
1556719733 0
1556719734 0
1556719735 0
1556719736 0
1556719737 0
1556719738 0
1556719739 0
1556719740 0
1556719741 0
1556719742 0
1556719743 0
1556719744 0
1556719745 0
1556719746 0
1556719747 0
1556719748 0
1556719749 0
1556719750 0
1556719751 0
1556719752 0
1556719753 0
1556719754 0
1556719755 0
1556719756 0
1556719757 0
1556719758 0
1556719759 0
1556719760 0
1556719761 0
1556719762 0
1556719763 0
1556719764 0
1556719765 0
1556719766 0
1556719767 0
1556719768 0
1556719769 0
1556719770 0
1556719771 0
1556719772 0
1556719773 0
1556719774 0
1556719775 0
1556719776 0
1556719777 0
1556719778 0
1556719779 0
1556719780 0
1556719781 0
1556719782 0
1556719783 0
1556719784 0
1556719785 0
1556719786 0
1556719787 0
1556719788 0
1556719789 0
1556719790 0
1556719791 0
1556719792 0
1556719793 0
1556719794 0
1556719795 0
1556719796 0
1556719797 0
1556719798 0
1556719799 0
1556719800 0
1556719801 0
1556719802 0
1556719803 0
1556719804 0
1556719805 0
1556719806 0
1556719807 0
1556719808 0
1556719809 0
1556719810 0
1556719811 0
1556719812 0
1556719813 0
1556719814 0
1556719815 0
1556719816 0
1556719817 0
1556719818 0
1556719819 0
1556719820 0
1556719821 0
1556719822 0
1556719823 0
1556719824 0
1556719825 0
1556719826 0
1556719827 0
1556719828 0
1556719829 0
1556719830 0
1556719831 0
1556719832 0
1556719833 0
1556719834 0
1556719835 0
1556719836 0
1556719837 0
1556719838 0
1556719839 0
1556719840 0
1556719841 0
1556719842 0
1556719843 0
1556719844 0
1556719845 0
1556719846 0
1556719847 0
1556719848 0
1556719849 0
1556719850 0
1556719851 0
1556719852 0
1556719853 0
1556719854 0
1556719855 0
1556719856 0
1556719857 0
1556719858 0
1556719859 0
1556719860 0
1556719861 0
1556719862 0
1556719863 0
1556719864 0
1556719865 0
1556719866 0
1556719867 0
1556719868 0
1556719869 0
1556719870 0
1556719871 0
1556719872 0
1556719873 0
1556719874 0
1556719875 0
1556719876 0
1556719877 0
1556719878 0
1556719879 0
1556719880 0
1556719881 0
1556719882 0
1556719883 0
1556719884 0
1556719885 0
1556719886 0
1556719887 0
1556719888 0
1556719889 0
1556719890 0
1556719891 0
1556719892 0
1556719893 0
1556719894 0
1556719895 0
1556719896 0
1556719897 0
1556719898 0
1556719899 0
1556719900 0
1556719901 0
1556719902 0
1556719903 0
1556719904 0
1556719905 0
1556719906 0
1556719907 0
1556719908 0
1556719909 0
1556719910 0
1556719911 0
1556719912 0
1556719913 0
1556719914 0
1556719915 0
1556719916 0
1556719917 0
1556719918 0
1556719919 0
1556719920 0
1556719921 0
1556719922 0
1556719923 0
1556719924 0
1556719925 0
1556719926 0
1556719927 0
1556719928 0
1556719929 0
1556719930 0
1556719931 0
1556719932 0
1556719933 0
1556719934 0
1556719935 0
1556719936 0
1556719937 0
1556719938 0
1556719939 0
1556719940 0
1556719941 0
1556719942 0
1556719943 0
1556719944 0
1556719945 0
1556719946 0
1556719947 0
1556719948 0
1556719949 0
1556719950 0
1556719951 0
1556719952 0
1556719953 0
1556719954 0
1556719955 0
1556719956 0
1556719957 0
1556719958 0
1556719959 0
1556719960 0
1556719961 0
1556719962 0
1556719963 0
1556719964 0
1556719965 0
1556719966 0
1556719967 0
1556719968 0
1556719969 0
1556719970 0
1556719971 0
1556719972 0
1556719973 0
1556719974 0
1556719975 0
1556719976 0
1556719977 0
1556719978 0
1556719979 0
1556719980 0
1556719981 0
1556719982 0
1556719983 0
1556719984 0
1556719985 0
1556719986 0
1556719987 0
1556719988 0
1556719989 0
1556719990 0
1556719991 0
1556719992 0
1556719993 0
1556719994 0
1556719995 0
1556719996 0
1556719997 0
1556719998 0
1556719999 0
1556720000 0
1556720001 0
1556720002 0
1556720003 0
1556720004 0
1556720005 0
1556720006 0
1556720007 0
1556720008 0
1556720009 0
1556720010 0
1556720011 0
1556720012 0
1556720013 0
1556720014 0
1556720015 0
1556720016 0
1556720017 0
1556720018 0
1556720019 0
1556720020 0
1556720021 0
1556720022 0
1556720023 0
1556720024 0
1556720025 0
1556720026 0
1556720027 0
1556720028 0
1556720029 0
1556720030 0
1556720031 0
1556720032 0
1556720033 0
1556720034 0
1556720035 0
1556720036 0
1556720037 0
1556720038 0
1556720039 0
1556720040 0
1556720041 0
1556720042 0
1556720043 0
1556720044 0
1556720045 0
1556720046 0
1556720047 0
1556720048 0
1556720049 0
1556720050 0
1556720051 0
1556720052 0
1556720053 0
1556720054 0
1556720055 0
1556720056 0
1556720057 0
1556720058 0
1556720059 0
1556720060 0
1556720061 0
1556720062 0
1556720063 0
1556720064 0
1556720065 0
1556720066 0
1556720067 0
1556720068 0
1556720069 0
1556720070 0
1556720071 0
1556720072 0
1556720073 0
1556720074 0
1556720075 0
1556720076 0
1556720077 0
1556720078 0
1556720079 0
1556720080 0
1556720081 0
1556720082 0
1556720083 0
1556720084 0
1556720085 0
1556720086 0
1556720087 0
1556720088 0
1556720089 0
1556720090 0
1556720091 0
1556720092 0
1556720093 0
1556720094 0
1556720095 0
1556720096 0
1556720097 0
1556720098 0
1556720099 0
1556720100 0
1556720101 0
1556720102 0
1556720103 0
1556720104 0
1556720105 0
1556720106 0
1556720107 0
1556720108 0
1556720109 0
1556720110 0
1556720111 0
1556720112 0
1556720113 0
1556720114 0
1556720115 0
1556720116 0
1556720117 0
1556720118 0
1556720119 0
1556720120 0
1556720121 0
1556720122 0
1556720123 0
1556720124 0
1556720125 0
1556720126 0
1556720127 0
1556720128 0
1556720129 0
1556720130 0
1556720131 0
1556720132 0
1556720133 0
1556720134 0
1556720135 0
1556720136 0
1556720137 0
1556720138 0
1556720139 0
1556720140 0
1556720141 0
1556720142 0
1556720143 0
1556720144 0
1556720145 0
1556720146 0
1556720147 0
1556720148 0
1556720149 0
1556720150 0
1556720151 0
1556720152 0
1556720153 0
1556720154 0
1556720155 0
1556720156 0
1556720157 0
1556720158 0
1556720159 0
1556720160 0
1556720161 0
1556720162 0
1556720163 0
1556720164 0
1556720165 0
1556720166 0
1556720167 0
1556720168 0
1556720169 0
1556720170 0
1556720171 0
1556720172 0
1556720173 0
1556720174 0
1556720175 0
1556720176 0
1556720177 0
1556720178 0
1556720179 0
1556720180 0
1556720181 0
1556720182 0
1556720183 0
1556720184 0
1556720185 0
1556720186 0
1556720187 0
1556720188 0
1556720189 0
1556720190 0
1556720191 0
1556720192 0
1556720193 0
1556720194 0
1556720195 0
1556720196 0
1556720197 0
1556720198 0
1556720199 0
1556720200 0
1556720201 0
1556720202 0
1556720203 0
1556720204 0
1556720205 0
1556720206 0
1556720207 0
1556720208 0
1556720209 0
1556720210 0
1556720211 0
1556720212 0
1556720213 0
1556720214 0
1556720215 0
1556720216 0
1556720217 0
1556720218 0
1556720219 0
1556720220 0
1556720221 0
1556720222 0
1556720223 0
1556720224 0
1556720225 0
1556720226 0
1556720227 0
1556720228 0
1556720229 0
1556720230 0
1556720231 0
1556720232 0
1556720233 0
1556720234 0
1556720235 0
1556720236 0
1556720237 0
1556720238 0
1556720239 0
1556720240 0
1556720241 0
1556720242 0
1556720243 0
1556720244 0
1556720245 0
1556720246 0
1556720247 0
1556720248 0
1556720249 0
1556720250 0
1556720251 0
1556720252 0
1556720253 0
1556720254 0
1556720255 0
1556720256 0
1556720257 0
1556720258 0
1556720259 0
1556720260 0
1556720261 0
1556720262 0
1556720263 0
1556720264 0
1556720265 0
1556720266 0
1556720267 0
1556720268 0
1556720269 0
1556720270 0
1556720271 0
1556720272 0
1556720273 0
1556720274 0
1556720275 0
1556720276 0
1556720277 0
1556720278 0
1556720279 0
1556720280 0
1556720281 0
1556720282 0
1556720283 0
1556720284 0
1556720285 0
1556720286 0
1556720287 0
1556720288 0
1556720289 0
1556720290 0
1556720291 0
1556720292 0
1556720293 0
1556720294 0
1556720295 0
1556720296 0
1556720297 0
1556720298 0
1556720299 0
1556720300 0
1556720301 0
1556720302 0
1556720303 0
1556720304 0
1556720305 0
1556720306 0
1556720307 0
1556720308 0
1556720309 0
1556720310 0
1556720311 0
1556720312 0
1556720313 0
1556720314 0
1556720315 0
1556720316 0
1556720317 0
1556720318 0
1556720319 0
1556720320 0
1556720321 0
1556720322 0
1556720323 0
1556720324 0
1556720325 0
1556720326 0
1556720327 0
1556720328 0
1556720329 0
1556720330 0
1556720331 0
1556720332 0
1556720333 0
1556720334 0
1556720335 0
1556720336 0
1556720337 0
1556720338 0
1556720339 0
1556720340 0
1556720341 0
1556720342 0
1556720343 0
1556720344 0
1556720345 0
1556720346 0
1556720347 0
1556720348 0
1556720349 0
1556720350 0
1556720351 0
1556720352 0
1556720353 0
1556720354 0
1556720355 0
1556720356 0
1556720357 0
1556720358 0
1556720359 0
1556720360 0
1556720361 0
1556720362 0
1556720363 0
1556720364 0
1556720365 0
1556720366 0
1556720367 0
1556720368 0
1556720369 0
1556720370 0
1556720371 0
1556720372 0
1556720373 0
1556720374 0
1556720375 0
1556720376 0
1556720377 0
1556720378 0
1556720379 0
1556720380 0
1556720381 0
1556720382 0
1556720383 0
1556720384 0
1556720385 0
1556720386 0
1556720387 0
1556720388 0
1556720389 0
1556720390 0
1556720391 0
1556720392 0
1556720393 0
1556720394 0
1556720395 0
1556720396 0
1556720397 0
1556720398 0
1556720399 0
1556720400 0
1556720401 0
1556720402 0
1556720403 0
1556720404 0
1556720405 0
1556720406 0
1556720407 0
1556720408 0
1556720409 0
1556720410 0
1556720411 0
1556720412 0
1556720413 0
1556720414 0
1556720415 0
1556720416 0
1556720417 0
1556720418 0
1556720419 0
1556720420 0
1556720421 0
1556720422 0
1556720423 0
1556720424 0
1556720425 0
1556720426 0
1556720427 0
1556720428 0
1556720429 0
1556720430 0
1556720431 0
1556720432 0
1556720433 0
1556720434 0
1556720435 0
1556720436 0
1556720437 0
1556720438 0
1556720439 0
1556720440 0
1556720441 0
1556720442 0
1556720443 0
1556720444 0
1556720445 0
1556720446 0
1556720447 0
1556720448 0
1556720449 0
1556720450 0
1556720451 0
1556720452 0
1556720453 0
1556720454 0
1556720455 0
1556720456 0
1556720457 0
1556720458 0
1556720459 0
1556720460 0
1556720461 0
1556720462 0
1556720463 0
1556720464 0
1556720465 0
1556720466 0
1556720467 0
1556720468 0
1556720469 0
1556720470 0
1556720471 0
1556720472 0
1556720473 0
1556720474 0
1556720475 0
1556720476 0
1556720477 0
1556720478 0
1556720479 0
1556720480 0
1556720481 0
1556720482 0
1556720483 0
1556720484 0
1556720485 0
1556720486 0
1556720487 0
1556720488 0
1556720489 0
1556720490 0
1556720491 0
1556720492 0
1556720493 0
1556720494 0
1556720495 0
1556720496 0
1556720497 0
1556720498 0
1556720499 0
1556720500 0
1556720501 0
1556720502 0
1556720503 0
1556720504 0
1556720505 0
1556720506 0
1556720507 0
1556720508 0
1556720509 0
1556720510 0
1556720511 0
1556720512 0
1556720513 0
1556720514 0
1556720515 0
1556720516 0
1556720517 0
1556720518 0
1556720519 0
1556720520 0
1556720521 0
1556720522 0
1556720523 0
1556720524 0
1556720525 0
1556720526 0
1556720527 0
1556720528 0
1556720529 0
1556720530 0
1556720531 0
1556720532 0
1556720533 0
1556720534 0
1556720535 0
1556720536 0
1556720537 0
1556720538 0
1556720539 0
1556720540 0
1556720541 0
1556720542 0
1556720543 0
1556720544 0
1556720545 0
1556720546 0
1556720547 0
1556720548 0
1556720549 0
1556720550 0
1556720551 0
1556720552 0
1556720553 0
1556720554 0
1556720555 0
1556720556 0
1556720557 0
1556720558 0
1556720559 0
1556720560 0
1556720561 0
1556720562 0
1556720563 0
1556720564 0
1556720565 0
1556720566 0
1556720567 0
1556720568 0
1556720569 0
1556720570 0
1556720571 0
1556720572 0
1556720573 0
1556720574 0
1556720575 0
1556720576 0
1556720577 0
1556720578 0
1556720579 0
1556720580 0
1556720581 0
1556720582 0
1556720583 0
1556720584 0
1556720585 0
1556720586 0
1556720587 0
1556720588 0
1556720589 0
1556720590 0
1556720591 0
1556720592 0
1556720593 0
1556720594 0
1556720595 0
1556720596 0
1556720597 0
1556720598 0
1556720599 0
1556720600 0
1556720601 0
1556720602 0
1556720603 0
1556720604 0
1556720605 0
1556720606 0
1556720607 0
1556720608 0
1556720609 0
1556720610 0
1556720611 0
1556720612 0
1556720613 0
1556720614 0
1556720615 0
1556720616 0
1556720617 0
1556720618 0
1556720619 0
1556720620 0
1556720621 0
1556720622 0
1556720623 0
1556720624 0
1556720625 0
1556720626 0
1556720627 0
1556720628 0
1556720629 0
1556720630 0
1556720631 0
1556720632 0
1556720633 0
1556720634 0
1556720635 0
1556720636 0
1556720637 0
1556720638 0
1556720639 0
1556720640 0
1556720641 0
1556720642 0
1556720643 0
1556720644 0
1556720645 0
1556720646 0
1556720647 0
1556720648 0
1556720649 0
1556720650 0
1556720651 0
1556720652 0
1556720653 0
1556720654 0
1556720655 0
1556720656 0
1556720657 0
1556720658 0
1556720659 0
1556720660 0
1556720661 0
1556720662 0
1556720663 0
1556720664 0
1556720665 0
1556720666 0
1556720667 0
1556720668 0
1556720669 0
1556720670 0
1556720671 0
1556720672 0
1556720673 0
1556720674 0
1556720675 0
1556720676 0
1556720677 0
1556720678 0
1556720679 0
1556720680 0
1556720681 0
1556720682 0
1556720683 0
1556720684 0
1556720685 0
1556720686 0
1556720687 0
1556720688 0
1556720689 0
1556720690 0
1556720691 0
1556720692 0
1556720693 0
1556720694 0
1556720695 0
1556720696 0
1556720697 0
1556720698 0
1556720699 0
1556720700 0
1556720701 0
1556720702 0
1556720703 0
1556720704 0
1556720705 0
1556720706 0
1556720707 0
1556720708 0
1556720709 0
1556720710 0
1556720711 0
1556720712 0
1556720713 0
1556720714 0
1556720715 0
1556720716 0
1556720717 0
1556720718 0
1556720719 0
1556720720 0
1556720721 0
1556720722 0
1556720723 0
1556720724 0
1556720725 0
1556720726 0
1556720727 0
1556720728 0
1556720729 0
1556720730 0
1556720731 0
1556720732 0
1556720733 0
1556720734 0
1556720735 0
1556720736 0
1556720737 0
1556720738 0
1556720739 0
1556720740 0
1556720741 0
1556720742 0
1556720743 0
1556720744 0
1556720745 0
1556720746 0
1556720747 0
1556720748 0
1556720749 0
1556720750 0
1556720751 0
1556720752 0
1556720753 0
1556720754 0
1556720755 0
1556720756 0
1556720757 0
1556720758 0
1556720759 0
1556720760 0
1556720761 0
1556720762 0
1556720763 0
1556720764 0
1556720765 0
1556720766 0
1556720767 0
1556720768 0
1556720769 0
1556720770 0
1556720771 0
1556720772 0
1556720773 0
1556720774 0
1556720775 0
1556720776 0
1556720777 0
1556720778 0
1556720779 0
1556720780 0
1556720781 0
1556720782 0
1556720783 0
1556720784 0
1556720785 0
1556720786 0
1556720787 0
1556720788 0
1556720789 0
1556720790 0
1556720791 0
1556720792 0
1556720793 0
1556720794 0
1556720795 0
1556720796 0
1556720797 0
1556720798 0
1556720799 0
1556720800 0
1556720801 0
1556720802 0
1556720803 0
1556720804 0
1556720805 0
1556720806 0
1556720807 0
1556720808 0
1556720809 0
1556720810 0
1556720811 0
1556720812 0
1556720813 0
1556720814 0
1556720815 0
1556720816 0
1556720817 0
1556720818 0
1556720819 0
1556720820 0
1556720821 0
1556720822 0
1556720823 0
1556720824 0
1556720825 0
1556720826 0
1556720827 0
1556720828 0
1556720829 0
1556720830 0
1556720831 0
1556720832 0
1556720833 0
1556720834 0
1556720835 0
1556720836 0
1556720837 0
1556720838 0
1556720839 0
1556720840 0
1556720841 0
1556720842 0
1556720843 0
1556720844 0
1556720845 0
1556720846 0
1556720847 0
1556720848 0
1556720849 0
1556720850 0
1556720851 0
1556720852 0
1556720853 0
1556720854 0
1556720855 0
1556720856 0
1556720857 0
1556720858 0
1556720859 0
1556720860 0
1556720861 0
1556720862 0
1556720863 0
1556720864 0
1556720865 0
1556720866 0
1556720867 0
1556720868 0
1556720869 0
1556720870 0
1556720871 0
1556720872 0
1556720873 0
1556720874 0
1556720875 0
1556720876 0
1556720877 0
1556720878 0
1556720879 0
1556720880 0
1556720881 0
1556720882 0
1556720883 0
1556720884 0
1556720885 0
1556720886 0
1556720887 0
1556720888 0
1556720889 0
1556720890 0
1556720891 0
1556720892 0
1556720893 0
1556720894 0
1556720895 0
1556720896 0
1556720897 0
1556720898 0
1556720899 0
1556720900 0
1556720901 0
1556720902 0
1556720903 0
1556720904 0
1556720905 0
1556720906 0
1556720907 0
1556720908 0
1556720909 0
1556720910 0
1556720911 0
1556720912 0
1556720913 0
1556720914 0
1556720915 0
1556720916 0
1556720917 0
1556720918 0
1556720919 0
1556720920 0
1556720921 0
1556720922 0
1556720923 0
1556720924 0
1556720925 0
1556720926 0
1556720927 0
1556720928 0
1556720929 0
1556720930 0
1556720931 0
1556720932 0
1556720933 0
1556720934 0
1556720935 0
1556720936 0
1556720937 0
1556720938 0
1556720939 0
1556720940 0
1556720941 0
1556720942 0
1556720943 0
1556720944 0
1556720945 0
1556720946 0
1556720947 0
1556720948 0
1556720949 0
1556720950 0
1556720951 0
1556720952 0
1556720953 0
1556720954 0
1556720955 0
1556720956 0
1556720957 0
1556720958 0
1556720959 0
1556720960 0
1556720961 0
1556720962 0
1556720963 0
1556720964 0
1556720965 0
1556720966 0
1556720967 0
1556720968 0
1556720969 0
1556720970 0
1556720971 0
1556720972 0
1556720973 0
1556720974 0
1556720975 0
1556720976 0
1556720977 0
1556720978 0
1556720979 0
1556720980 0
1556720981 0
1556720982 0
1556720983 0
1556720984 0
1556720985 0
1556720986 0
1556720987 0
1556720988 0
1556720989 0
1556720990 0
1556720991 0
1556720992 0
1556720993 0
1556720994 0
1556720995 0
1556720996 0
1556720997 0
1556720998 0
1556720999 0
1556721000 0
1556721001 0
1556721002 0
1556721003 0
1556721004 0
1556721005 0
1556721006 0
1556721007 0
1556721008 0
1556721009 0
1556721010 0
1556721011 0
1556721012 0
1556721013 0
1556721014 0
1556721015 0
1556721016 0
1556721017 0
1556721018 0
1556721019 0
1556721020 0
1556721021 0
1556721022 0
1556721023 0
1556721024 0
1556721025 0
1556721026 0
1556721027 0
1556721028 0
1556721029 0
1556721030 0
1556721031 0
1556721032 0
1556721033 0
1556721034 0
1556721035 0
1556721036 0
1556721037 0
1556721038 0
1556721039 0
1556721040 0
1556721041 0
1556721042 0
1556721043 0
1556721044 0
1556721045 0
1556721046 0
1556721047 0
1556721048 0
1556721049 0
1556721050 0
1556721051 0
1556721052 0
1556721053 0
1556721054 0
1556721055 0
1556721056 0
1556721057 0
1556721058 0
1556721059 0
1556721060 0
1556721061 0
1556721062 0
1556721063 0
1556721064 0
1556721065 0
1556721066 0
1556721067 0
1556721068 0
1556721069 0
1556721070 0
1556721071 0
1556721072 0
1556721073 0
1556721074 0
1556721075 0
1556721076 0
1556721077 0
1556721078 0
1556721079 0
1556721080 0
1556721081 0
1556721082 0
1556721083 0
1556721084 0
1556721085 0
1556721086 0
1556721087 0
1556721088 0
1556721089 0
1556721090 0
1556721091 0
1556721092 0
1556721093 0
1556721094 0
1556721095 0
1556721096 0
1556721097 0
1556721098 0
1556721099 0
1556721100 0
1556721101 0
1556721102 0
1556721103 0
1556721104 0
1556721105 0
1556721106 0
1556721107 0
1556721108 0
1556721109 0
1556721110 0
1556721111 0
1556721112 0
1556721113 0
1556721114 0
1556721115 0
1556721116 0
1556721117 0
1556721118 0
1556721119 0
1556721120 0
1556721121 0
1556721122 0
1556721123 0
1556721124 0
1556721125 0
1556721126 0
1556721127 0
1556721128 0
1556721129 0
1556721130 0
1556721131 0
1556721132 0
1556721133 0
1556721134 0
1556721135 0
1556721136 0
1556721137 0
1556721138 0
1556721139 0
1556721140 0
1556721141 0
1556721142 0
1556721143 0
1556721144 0
1556721145 0
1556721146 0
1556721147 0
1556721148 0
1556721149 0
1556721150 0
1556721151 0
1556721152 0
1556721153 0
1556721154 0
1556721155 0
1556721156 0
1556721157 0
1556721158 0
1556721159 0
1556721160 0
1556721161 0
1556721162 0
1556721163 0
1556721164 0
1556721165 0
1556721166 0
1556721167 0
1556721168 0
1556721169 0
1556721170 0
1556721171 0
1556721172 0
1556721173 0
1556721174 0
1556721175 0
1556721176 0
1556721177 0
1556721178 0
1556721179 0
1556721180 0
1556721181 0
1556721182 0
1556721183 0
1556721184 0
1556721185 0
1556721186 0
1556721187 0
1556721188 0
1556721189 0
1556721190 0
1556721191 0
1556721192 0
1556721193 0
1556721194 0
1556721195 0
1556721196 0
1556721197 0
1556721198 0
1556721199 0
1556721200 0
1556721201 0
1556721202 0
1556721203 0
1556721204 0
1556721205 0
1556721206 0
1556721207 0
1556721208 0
1556721209 0
1556721210 0
1556721211 0
1556721212 0
1556721213 0
1556721214 0
1556721215 0
1556721216 0
1556721217 0
1556721218 0
1556721219 0
1556721220 0
1556721221 0
1556721222 0
1556721223 0
1556721224 0
1556721225 0
1556721226 0
1556721227 0
1556721228 0
1556721229 0
1556721230 0
1556721231 0
1556721232 0
1556721233 0
1556721234 0
1556721235 0
1556721236 0
1556721237 0
1556721238 0
1556721239 0
1556721240 0
1556721241 0
1556721242 0
1556721243 0
1556721244 0
1556721245 0
1556721246 0
1556721247 0
1556721248 0
1556721249 0
1556721250 0
1556721251 0
1556721252 0
1556721253 0
1556721254 0
1556721255 0
1556721256 0
1556721257 0
1556721258 0
1556721259 0
1556721260 0
1556721261 0
1556721262 0
1556721263 0
1556721264 0
1556721265 0
1556721266 0
1556721267 0
1556721268 0
1556721269 0
1556721270 0
1556721271 0
1556721272 0
1556721273 0
1556721274 0
1556721275 0
1556721276 0
1556721277 0
1556721278 0
1556721279 0
1556721280 0
1556721281 0
1556721282 0
1556721283 0
1556721284 0
1556721285 0
1556721286 0
1556721287 0
1556721288 0
1556721289 0
1556721290 0
1556721291 0
1556721292 0
1556721293 0
1556721294 0
1556721295 0
1556721296 0
1556721297 0
1556721298 0
1556721299 0
1556721300 0
1556721301 0
1556721302 0
1556721303 0
1556721304 0
1556721305 0
1556721306 0
1556721307 0
1556721308 0
1556721309 0
1556721310 0
1556721311 0
1556721312 0
1556721313 0
1556721314 0
1556721315 0
1556721316 0
1556721317 0
1556721318 0
1556721319 0
1556721320 0
1556721321 0
1556721322 0
1556721323 0
1556721324 0
1556721325 0
1556721326 0
1556721327 0
1556721328 0
1556721329 0
1556721330 0
1556721331 0
1556721332 0
1556721333 0
1556721334 0
1556721335 0
1556721336 0
1556721337 0
1556721338 0
1556721339 0
1556721340 0
1556721341 0
1556721342 0
1556721343 0
1556721344 0
1556721345 0
1556721346 0
1556721347 0
1556721348 0
1556721349 0
1556721350 0
1556721351 0
1556721352 0
1556721353 0
1556721354 0
1556721355 0
1556721356 0
1556721357 0
1556721358 0
1556721359 0
1556721360 0
1556721361 0
1556721362 0
1556721363 0
1556721364 0
1556721365 0
1556721366 0
1556721367 0
1556721368 0
1556721369 0
1556721370 0
1556721371 0
1556721372 0
1556721373 0
1556721374 0
1556721375 0
1556721376 0
1556721377 0
1556721378 0
1556721379 0
1556721380 0
1556721381 0
1556721382 0
1556721383 0
1556721384 0
1556721385 0
1556721386 0
1556721387 0
1556721388 0
1556721389 0
1556721390 0
1556721391 0
1556721392 0
1556721393 0
1556721394 0
1556721395 0
1556721396 0
1556721397 0
1556721398 0
1556721399 0
1556721400 0
1556721401 0
1556721402 0
1556721403 0
1556721404 0
1556721405 0
1556721406 0
1556721407 0
1556721408 0
1556721409 0
1556721410 0
1556721411 0
1556721412 0
1556721413 0
1556721414 0
1556721415 0
1556721416 0
1556721417 0
1556721418 0
1556721419 0
1556721420 0
1556721421 0
1556721422 0
1556721423 0
1556721424 0
1556721425 0
1556721426 0
1556721427 0
1556721428 0
1556721429 0
1556721430 0
1556721431 0
1556721432 0
1556721433 0
1556721434 0
1556721435 0
1556721436 0
1556721437 0
1556721438 0
1556721439 0
1556721440 0
1556721441 0
1556721442 0
1556721443 0
1556721444 0
1556721445 0
1556721446 0
1556721447 0
1556721448 0
1556721449 0
1556721450 0
1556721451 0
1556721452 0
1556721453 0
1556721454 0
1556721455 0
1556721456 0
1556721457 0
1556721458 0
1556721459 0
1556721460 0
1556721461 0
1556721462 0
1556721463 0
1556721464 0
1556721465 0
1556721466 0
1556721467 0
1556721468 0
1556721469 0
1556721470 0
1556721471 0
1556721472 0
1556721473 0
1556721474 0
1556721475 0
1556721476 0
1556721477 0
1556721478 0
1556721479 0
1556721480 0
1556721481 0
1556721482 0
1556721483 0
1556721484 0
1556721485 0
1556721486 0
1556721487 0
1556721488 0
1556721489 0
1556721490 0
1556721491 0
1556721492 0
1556721493 0
1556721494 0
1556721495 0
1556721496 0
1556721497 0
1556721498 0
1556721499 0
1556721500 0
1556721501 0
1556721502 0
1556721503 0
1556721504 0
1556721505 0
1556721506 0
1556721507 0
1556721508 0
1556721509 0
1556721510 0
1556721511 0
1556721512 0
1556721513 0
1556721514 0
1556721515 0
1556721516 0
1556721517 0
1556721518 0
1556721519 0
1556721520 0
1556721521 0
1556721522 0
1556721523 0
1556721524 0
1556721525 0
1556721526 0
1556721527 0
1556721528 0
1556721529 0
1556721530 0
1556721531 0
1556721532 0
1556721533 0
1556721534 0
1556721535 0
1556721536 0
1556721537 0
1556721538 0
1556721539 0
1556721540 0
1556721541 0
1556721542 0
1556721543 0
1556721544 0
1556721545 0
1556721546 0
1556721547 0
1556721548 0
1556721549 0
1556721550 0
1556721551 0
1556721552 0
1556721553 0
1556721554 0
1556721555 0
1556721556 0
1556721557 0
1556721558 0
1556721559 0
1556721560 0
1556721561 0
1556721562 0
1556721563 0
1556721564 0
1556721565 0
1556721566 0
1556721567 0
1556721568 0
1556721569 0
1556721570 0
1556721571 0
1556721572 0
1556721573 0
1556721574 0
1556721575 0
1556721576 0
1556721577 0
1556721578 0
1556721579 0
1556721580 0
1556721581 0
1556721582 0
1556721583 0
1556721584 0
1556721585 0
1556721586 0
1556721587 0
1556721588 0
1556721589 0
1556721590 0
1556721591 0
1556721592 0
1556721593 0
1556721594 0
1556721595 0
1556721596 0
1556721597 0
1556721598 0
1556721599 0
1556721600 0
1556721601 0
1556721602 0
1556721603 0
1556721604 0
1556721605 0
1556721606 0
1556721607 0
1556721608 0
1556721609 0
1556721610 0
1556721611 0
1556721612 0
1556721613 0
1556721614 0
1556721615 0
1556721616 0
1556721617 0
1556721618 0
1556721619 0
1556721620 0
1556721621 0
1556721622 0
1556721623 0
1556721624 0
1556721625 0
1556721626 0
1556721627 0
1556721628 0
1556721629 0
1556721630 0
1556721631 0
1556721632 0
1556721633 0
1556721634 0
1556721635 0
1556721636 0
1556721637 0
1556721638 0
1556721639 0
1556721640 0
1556721641 0
1556721642 0
1556721643 0
1556721644 0
1556721645 0
1556721646 0
1556721647 0
1556721648 0
1556721649 0
1556721650 0
1556721651 0
1556721652 0
1556721653 0
1556721654 0
1556721655 0
1556721656 0
1556721657 0
1556721658 0
1556721659 0
1556721660 0
1556721661 0
1556721662 0
1556721663 0
1556721664 0
1556721665 0
1556721666 0
1556721667 0
1556721668 0
1556721669 0
1556721670 0
1556721671 0
1556721672 0
1556721673 0
1556721674 0
1556721675 0
1556721676 0
1556721677 0
1556721678 0
1556721679 0
1556721680 0
1556721681 0
1556721682 0
1556721683 0
1556721684 0
1556721685 0
1556721686 0
1556721687 0
1556721688 0
1556721689 0
1556721690 0
1556721691 0
1556721692 0
1556721693 0
1556721694 0
1556721695 0
1556721696 0
1556721697 0
1556721698 0
1556721699 0
1556721700 0
1556721701 0
1556721702 0
1556721703 0
1556721704 0
1556721705 0
1556721706 0
1556721707 0
1556721708 0
1556721709 0
1556721710 0
1556721711 0
1556721712 0
1556721713 0
1556721714 0
1556721715 0
1556721716 0
1556721717 0
1556721718 0
1556721719 0
1556721720 0
1556721721 0
1556721722 0
1556721723 0
1556721724 0
1556721725 0
1556721726 0
1556721727 0
1556721728 0
1556721729 0
1556721730 0
1556721731 0
1556721732 0
1556721733 0
1556721734 0
1556721735 0
1556721736 0
1556721737 0
1556721738 0
1556721739 0
1556721740 0
1556721741 0
1556721742 0
1556721743 0
1556721744 0
1556721745 0
1556721746 0
1556721747 0
1556721748 0
1556721749 0
1556721750 0
1556721751 0
1556721752 0
1556721753 0
1556721754 0
1556721755 0
1556721756 0
1556721757 0
1556721758 0
1556721759 0
1556721760 0
1556721761 0
1556721762 0
1556721763 0
1556721764 0
1556721765 0
1556721766 0
1556721767 0
1556721768 0
1556721769 0
1556721770 0
1556721771 0
1556721772 0
1556721773 0
1556721774 0
1556721775 0
1556721776 0
1556721777 0
1556721778 0
1556721779 0
1556721780 0
1556721781 0
1556721782 0
1556721783 0
1556721784 0
1556721785 0
1556721786 0
1556721787 0
1556721788 0
1556721789 0
1556721790 0
1556721791 0
1556721792 0
1556721793 0
1556721794 0
1556721795 0
1556721796 0
1556721797 0
1556721798 0
1556721799 0
1556721800 0
1556721801 0
1556721802 0
1556721803 0
1556721804 0
1556721805 0
1556721806 0
1556721807 0
1556721808 0
1556721809 0
1556721810 0
1556721811 0
1556721812 0
1556721813 0
1556721814 0
1556721815 0
1556721816 0
1556721817 0
1556721818 0
1556721819 0
1556721820 0
1556721821 0
1556721822 0
1556721823 0
1556721824 0
1556721825 0
1556721826 0
1556721827 0
1556721828 0
1556721829 0
1556721830 0
1556721831 0
1556721832 0
1556721833 0
1556721834 0
1556721835 0
1556721836 0
1556721837 0
1556721838 0
1556721839 0
1556721840 0
1556721841 0
1556721842 0
1556721843 0
1556721844 0
1556721845 0
1556721846 0
1556721847 0
1556721848 0
1556721849 0
1556721850 0
1556721851 0
1556721852 0
1556721853 0
1556721854 0
1556721855 0
1556721856 0
1556721857 0
1556721858 0
1556721859 0
1556721860 0
1556721861 0
1556721862 0
1556721863 0
1556721864 0
1556721865 0
1556721866 0
1556721867 0
1556721868 0
1556721869 0
1556721870 0
1556721871 0
1556721872 0
1556721873 0
1556721874 0
1556721875 0
1556721876 0
1556721877 0
1556721878 0
1556721879 0
1556721880 0
1556721881 0
1556721882 0
1556721883 0
1556721884 0
1556721885 0
1556721886 0
1556721887 0
1556721888 0
1556721889 0
1556721890 0
1556721891 0
1556721892 0
1556721893 0
1556721894 0
1556721895 0
1556721896 0
1556721897 0
1556721898 0
1556721899 0
1556721900 0
1556721901 0
1556721902 0
1556721903 0
1556721904 0
1556721905 0
1556721906 0
1556721907 0
1556721908 0
1556721909 0
1556721910 0
1556721911 0
1556721912 0
1556721913 0
1556721914 0
1556721915 0
1556721916 0
1556721917 0
1556721918 0
1556721919 0
1556721920 0
1556721921 0
1556721922 0
1556721923 0
1556721924 0
1556721925 0
1556721926 0
1556721927 0
1556721928 0
1556721929 0
1556721930 0
1556721931 0
1556721932 0
1556721933 0
1556721934 0
1556721935 0
1556721936 0
1556721937 0
1556721938 0
1556721939 0
1556721940 0
1556721941 0
1556721942 0
1556721943 0
1556721944 0
1556721945 0
1556721946 0
1556721947 0
1556721948 0
1556721949 0
1556721950 0
1556721951 0
1556721952 0
1556721953 0
1556721954 0
1556721955 0
1556721956 0
1556721957 0
1556721958 0
1556721959 0
1556721960 0
1556721961 0
1556721962 0
1556721963 0
1556721964 0
1556721965 0
1556721966 0
1556721967 0
1556721968 0
1556721969 0
1556721970 0
1556721971 0
1556721972 0
1556721973 0
1556721974 0
1556721975 0
1556721976 0
1556721977 0
1556721978 0
1556721979 0
1556721980 0
1556721981 0
1556721982 0
1556721983 0
1556721984 0
1556721985 0
1556721986 0
1556721987 0
1556721988 0
1556721989 0
1556721990 0
1556721991 0
1556721992 0
1556721993 0
1556721994 0
1556721995 0
1556721996 0
1556721997 0
1556721998 0
1556721999 0
1556722000 0
1556722001 0
1556722002 0
1556722003 0
1556722004 0
1556722005 0
1556722006 0
1556722007 0
1556722008 0
1556722009 0
1556722010 0
1556722011 0
1556722012 0
1556722013 0
1556722014 0
1556722015 0
1556722016 0
1556722017 0
1556722018 0
1556722019 0
1556722020 0
1556722021 0
1556722022 0
1556722023 0
1556722024 0
1556722025 0
1556722026 0
1556722027 0
1556722028 0
1556722029 0
1556722030 0
1556722031 0
1556722032 0
1556722033 0
1556722034 0
1556722035 0
1556722036 0
1556722037 0
1556722038 0
1556722039 0
1556722040 0
1556722041 0
1556722042 0
1556722043 0
1556722044 0
1556722045 0
1556722046 0
1556722047 0
1556722048 0
1556722049 0
1556722050 0
1556722051 0
1556722052 0
1556722053 0
1556722054 0
1556722055 0
1556722056 0
1556722057 0
1556722058 0
1556722059 0
1556722060 0
1556722061 0
1556722062 0
1556722063 0
1556722064 0
1556722065 0
1556722066 0
1556722067 0
1556722068 0
1556722069 0
1556722070 0
1556722071 0
1556722072 0
1556722073 0
1556722074 0
1556722075 0
1556722076 0
1556722077 0
1556722078 0
1556722079 0
1556722080 0
1556722081 0
1556722082 0
1556722083 0
1556722084 0
1556722085 0
1556722086 0
1556722087 0
1556722088 0
1556722089 0
1556722090 0
1556722091 0
1556722092 0
1556722093 0
1556722094 0
1556722095 0
1556722096 0
1556722097 0
1556722098 0
1556722099 0
1556722100 0
1556722101 0
1556722102 0
1556722103 0
1556722104 0
1556722105 0
1556722106 0
1556722107 0
1556722108 0
1556722109 0
1556722110 0
1556722111 0
1556722112 0
1556722113 0
1556722114 0
1556722115 0
1556722116 0
1556722117 0
1556722118 0
1556722119 0
1556722120 0
1556722121 0
1556722122 0
1556722123 0
1556722124 0
1556722125 0
1556722126 0
1556722127 0
1556722128 0
1556722129 0
1556722130 0
1556722131 0
1556722132 0
1556722133 0
1556722134 0
1556722135 0
1556722136 0
1556722137 0
1556722138 0
1556722139 0
1556722140 0
1556722141 0
1556722142 0
1556722143 0
1556722144 0
1556722145 0
1556722146 0
1556722147 0
1556722148 0
1556722149 0
1556722150 0
1556722151 0
1556722152 0
1556722153 0
1556722154 0
1556722155 0
1556722156 0
1556722157 0
1556722158 0
1556722159 0
1556722160 0
1556722161 0
1556722162 0
1556722163 0
1556722164 0
1556722165 0
1556722166 0
1556722167 0
1556722168 0
1556722169 0
1556722170 0
1556722171 0
1556722172 0
1556722173 0
1556722174 0
1556722175 0
1556722176 0
1556722177 0
1556722178 0
1556722179 0
1556722180 0
1556722181 0
1556722182 0
1556722183 0
1556722184 0
1556722185 0
1556722186 0
1556722187 0
1556722188 0
1556722189 0
1556722190 0
1556722191 0
1556722192 0
1556722193 0
1556722194 0
1556722195 0
1556722196 0
1556722197 0
1556722198 0
1556722199 0
1556722200 0
1556722201 0
1556722202 0
1556722203 0
1556722204 0
1556722205 0
1556722206 0
1556722207 0
1556722208 0
1556722209 0
1556722210 0
1556722211 0
1556722212 0
1556722213 0
1556722214 0
1556722215 0
1556722216 0
1556722217 0
1556722218 0
1556722219 0
1556722220 0
1556722221 0
1556722222 0
1556722223 0
1556722224 0
1556722225 0
1556722226 0
1556722227 0
1556722228 0
1556722229 0
1556722230 0
1556722231 0
1556722232 0
1556722233 0
1556722234 0
1556722235 0
1556722236 0
1556722237 0
1556722238 0
1556722239 0
1556722240 0
1556722241 0
1556722242 0
1556722243 0
1556722244 0
1556722245 0
1556722246 0
1556722247 0
1556722248 0
1556722249 0
1556722250 0
1556722251 0
1556722252 0
1556722253 0
1556722254 0
1556722255 0
1556722256 0
1556722257 0
1556722258 0
1556722259 0
1556722260 0
1556722261 0
1556722262 0
1556722263 0
1556722264 0
1556722265 0
1556722266 0
1556722267 0
1556722268 0
1556722269 0
1556722270 0
1556722271 0
1556722272 0
1556722273 0
1556722274 0
1556722275 0
1556722276 0
1556722277 0
1556722278 0
1556722279 0
1556722280 0
1556722281 0
1556722282 0
1556722283 0
1556722284 0
1556722285 0
1556722286 0
1556722287 0
1556722288 0
1556722289 0
1556722290 0
1556722291 0
1556722292 0
1556722293 0
1556722294 0
1556722295 0
1556722296 0
1556722297 0
1556722298 0
1556722299 0
1556722300 0
1556722301 0
1556722302 0
1556722303 0
1556722304 0
1556722305 0
1556722306 0
1556722307 0
1556722308 0
1556722309 0
1556722310 0
1556722311 0
1556722312 0
1556722313 0
1556722314 0
1556722315 0
1556722316 0
1556722317 0
1556722318 0
1556722319 0
1556722320 0
1556722321 0
1556722322 0
1556722323 0
1556722324 0
1556722325 0
1556722326 0
1556722327 0
1556722328 0
1556722329 0
1556722330 0
1556722331 0
1556722332 0
1556722333 0
1556722334 0
1556722335 0
1556722336 0
1556722337 0
1556722338 0
1556722339 0
1556722340 0
1556722341 0
1556722342 0
1556722343 0
1556722344 0
1556722345 0
1556722346 0
1556722347 0
1556722348 0
1556722349 0
1556722350 0
1556722351 0
1556722352 0
1556722353 0
1556722354 0
1556722355 0
1556722356 0
1556722357 0
1556722358 0
1556722359 0
1556722360 0
1556722361 0
1556722362 0
1556722363 0
1556722364 0
1556722365 0
1556722366 0
1556722367 0
1556722368 0
1556722369 0
1556722370 0
1556722371 0
1556722372 0
1556722373 0
1556722374 0
1556722375 0
1556722376 0
1556722377 0
1556722378 0
1556722379 0
1556722380 0
1556722381 0
1556722382 0
1556722383 0
1556722384 0
1556722385 0
1556722386 0
1556722387 0
1556722388 0
1556722389 0
1556722390 0
1556722391 0
1556722392 0
1556722393 0
1556722394 0
1556722395 0
1556722396 0
1556722397 0
1556722398 0
1556722399 0
1556722400 0
1556722401 0
1556722402 0
1556722403 0
1556722404 0
1556722405 0
1556722406 0
1556722407 0
1556722408 0
1556722409 0
1556722410 0
1556722411 0
1556722412 0
1556722413 0
1556722414 0
1556722415 0
1556722416 0
1556722417 0
1556722418 0
1556722419 0
1556722420 0
1556722421 0
1556722422 0
1556722423 0
1556722424 0
1556722425 0
1556722426 0
1556722427 0
1556722428 0
1556722429 0
1556722430 0
1556722431 0
1556722432 0
1556722433 0
1556722434 0
1556722435 0
1556722436 0
1556722437 0
1556722438 0
1556722439 0
1556722440 0
1556722441 0
1556722442 0
1556722443 0
1556722444 0
1556722445 0
1556722446 0
1556722447 0
1556722448 0
1556722449 0
1556722450 0
1556722451 0
1556722452 0
1556722453 0
1556722454 0
1556722455 0
1556722456 0
1556722457 0
1556722458 0
1556722459 0
1556722460 0
1556722461 0
1556722462 0
1556722463 0
1556722464 0
1556722465 0
1556722466 0
1556722467 0
1556722468 0
1556722469 0
1556722470 0
1556722471 0
1556722472 0
1556722473 0
1556722474 0
1556722475 0
1556722476 0
1556722477 0
1556722478 0
1556722479 0
1556722480 0
1556722481 0
1556722482 0
1556722483 0
1556722484 0
1556722485 0
1556722486 0
1556722487 0
1556722488 0
1556722489 0
1556722490 0
1556722491 0
1556722492 0
1556722493 0
1556722494 0
1556722495 0
1556722496 0
1556722497 0
1556722498 0
1556722499 0
1556722500 0
1556722501 0
1556722502 0
1556722503 0
1556722504 0
1556722505 0
1556722506 0
1556722507 0
1556722508 0
1556722509 0
1556722510 0
1556722511 0
1556722512 0
1556722513 0
1556722514 0
1556722515 0
1556722516 0
1556722517 0
1556722518 0
1556722519 0
1556722520 0
1556722521 0
1556722522 0
1556722523 0
1556722524 0
1556722525 0
1556722526 0
1556722527 0
1556722528 0
1556722529 0
1556722530 0
1556722531 0
1556722532 0
1556722533 0
1556722534 0
1556722535 0
1556722536 0
1556722537 0
1556722538 0
1556722539 0
1556722540 0
1556722541 0
1556722542 0
1556722543 0
1556722544 0
1556722545 0
1556722546 0
1556722547 0
1556722548 0
1556722549 0
1556722550 0
1556722551 0
1556722552 0
1556722553 0
1556722554 0
1556722555 0
1556722556 0
1556722557 0
1556722558 0
1556722559 0
1556722560 0
1556722561 0
1556722562 0
1556722563 0
1556722564 0
1556722565 0
1556722566 0
1556722567 0
1556722568 0
1556722569 0
1556722570 0
1556722571 0
1556722572 0
1556722573 0
1556722574 0
1556722575 0
1556722576 0
1556722577 0
1556722578 0
1556722579 0
1556722580 0
1556722581 0
1556722582 0
1556722583 0
1556722584 0
1556722585 0
1556722586 0
1556722587 0
1556722588 0
1556722589 0
1556722590 0
1556722591 0
1556722592 0
1556722593 0
1556722594 0
1556722595 0
1556722596 0
1556722597 0
1556722598 0
1556722599 0
1556722600 0
1556722601 0
1556722602 0
1556722603 0
1556722604 0
1556722605 0
1556722606 0
1556722607 0
1556722608 0
1556722609 0
1556722610 0
1556722611 0
1556722612 0
1556722613 0
1556722614 0
1556722615 0
1556722616 0
1556722617 0
1556722618 0
1556722619 0
1556722620 0
1556722621 0
1556722622 0
1556722623 0
1556722624 0
1556722625 0
1556722626 0
1556722627 0
1556722628 0
1556722629 0
1556722630 0
1556722631 0
1556722632 0
1556722633 0
1556722634 0
1556722635 0
1556722636 0
1556722637 0
1556722638 0
1556722639 0
1556722640 0
1556722641 0
1556722642 0
1556722643 0
1556722644 0
1556722645 0
1556722646 0
1556722647 0
1556722648 0
1556722649 0
1556722650 0
1556722651 0
1556722652 0
1556722653 0
1556722654 0
1556722655 0
1556722656 0
1556722657 0
1556722658 0
1556722659 0
1556722660 0
1556722661 0
1556722662 0
1556722663 0
1556722664 0
1556722665 0
1556722666 0
1556722667 0
1556722668 0
1556722669 0
1556722670 0
1556722671 0
1556722672 0
1556722673 0
1556722674 0
1556722675 0
1556722676 0
1556722677 0
1556722678 0
1556722679 0
1556722680 0
1556722681 0
1556722682 0
1556722683 0
1556722684 0
1556722685 0
1556722686 0
1556722687 0
1556722688 0
1556722689 0
1556722690 0
1556722691 0
1556722692 0
1556722693 0
1556722694 0
1556722695 0
1556722696 0
1556722697 0
1556722698 0
1556722699 0
1556722700 0
1556722701 0
1556722702 0
1556722703 0
1556722704 0
1556722705 0
1556722706 0
1556722707 0
1556722708 0
1556722709 0
1556722710 0
1556722711 0
1556722712 0
1556722713 0
1556722714 0
1556722715 0
1556722716 0
1556722717 0
1556722718 0
1556722719 0
1556722720 0
1556722721 0
1556722722 0
1556722723 0
1556722724 0
1556722725 0
1556722726 0
1556722727 0
1556722728 0
1556722729 0
1556722730 0
1556722731 0
1556722732 0
1556722733 0
1556722734 0
1556722735 0
1556722736 0
1556722737 0
1556722738 0
1556722739 0
1556722740 0
1556722741 0
1556722742 0
1556722743 0
1556722744 0
1556722745 0
1556722746 0
1556722747 0
1556722748 0
1556722749 0
1556722750 0
1556722751 0
1556722752 0
1556722753 0
1556722754 0
1556722755 0
1556722756 0
1556722757 0
1556722758 0
1556722759 0
1556722760 0
1556722761 0
1556722762 0
1556722763 0
1556722764 0
1556722765 0
1556722766 0
1556722767 0
1556722768 0
1556722769 0
1556722770 0
1556722771 0
1556722772 0
1556722773 0
1556722774 0
1556722775 0
1556722776 0
1556722777 0
1556722778 0
1556722779 0
1556722780 0
1556722781 0
1556722782 0
1556722783 0
1556722784 0
1556722785 0
1556722786 0
1556722787 0
1556722788 0
1556722789 0
1556722790 0
1556722791 0
1556722792 0
1556722793 0
1556722794 0
1556722795 0
1556722796 0
1556722797 0
1556722798 0
1556722799 0
1556722800 0
1556722801 0
1556722802 0
1556722803 0
1556722804 0
1556722805 0
1556722806 0
1556722807 0
1556722808 0
1556722809 0
1556722810 0
1556722811 0
1556722812 0
1556722813 0
1556722814 0
1556722815 0
1556722816 0
1556722817 0
1556722818 0
1556722819 0
1556722820 0
1556722821 0
1556722822 0
1556722823 0
1556722824 0
1556722825 0
1556722826 0
1556722827 0
1556722828 0
1556722829 0
1556722830 0
1556722831 0
1556722832 0
1556722833 0
1556722834 0
1556722835 0
1556722836 0
1556722837 0
1556722838 0
1556722839 0
1556722840 0
1556722841 0
1556722842 0
1556722843 0
1556722844 0
1556722845 0
1556722846 0
1556722847 0
1556722848 0
1556722849 0
1556722850 0
1556722851 0
1556722852 0
1556722853 0
1556722854 0
1556722855 0
1556722856 0
1556722857 0
1556722858 0
1556722859 0
1556722860 0
1556722861 0
1556722862 0
1556722863 0
1556722864 0
1556722865 0
1556722866 0
1556722867 0
1556722868 0
1556722869 0
1556722870 0
1556722871 0
1556722872 0
1556722873 0
1556722874 0
1556722875 0
1556722876 0
1556722877 0
1556722878 0
1556722879 0
1556722880 0
1556722881 0
1556722882 0
1556722883 0
1556722884 0
1556722885 0
1556722886 0
1556722887 0
1556722888 0
1556722889 0
1556722890 0
1556722891 0
1556722892 0
1556722893 0
1556722894 0
1556722895 0
1556722896 0
1556722897 0
1556722898 0
1556722899 0
1556722900 0
1556722901 0
1556722902 0
1556722903 0
1556722904 0
1556722905 0
1556722906 0
1556722907 0
1556722908 0
1556722909 0
1556722910 0
1556722911 0
1556722912 0
1556722913 0
1556722914 0
1556722915 0
1556722916 0
1556722917 0
1556722918 0
1556722919 0
1556722920 0
1556722921 0
1556722922 0
1556722923 0
1556722924 0
1556722925 0
1556722926 0
1556722927 0
1556722928 0
1556722929 0
1556722930 0
1556722931 0
1556722932 0
1556722933 0
1556722934 0
1556722935 0
1556722936 0
1556722937 0
1556722938 0
1556722939 0
1556722940 0
1556722941 0
1556722942 0
1556722943 0
1556722944 0
1556722945 0
1556722946 0
1556722947 0
1556722948 0
1556722949 0
1556722950 0
1556722951 0
1556722952 0
1556722953 0
1556722954 0
1556722955 0
1556722956 0
1556722957 0
1556722958 0
1556722959 0
1556722960 0
1556722961 0
1556722962 0
1556722963 0
1556722964 0
1556722965 0
1556722966 0
1556722967 0
1556722968 0
1556722969 0
1556722970 0
1556722971 0
1556722972 0
1556722973 0
1556722974 0
1556722975 0
1556722976 0
1556722977 0
1556722978 0
1556722979 0
1556722980 0
1556722981 0
1556722982 0
1556722983 0
1556722984 0
1556722985 0
1556722986 0
1556722987 0
1556722988 0
1556722989 0
1556722990 0
1556722991 0
1556722992 0
1556722993 0
1556722994 0
1556722995 0
1556722996 0
1556722997 0
1556722998 0
1556722999 0
1556723000 0
1556723001 0
1556723002 0
1556723003 0
1556723004 0
1556723005 0
1556723006 0
1556723007 0
1556723008 0
1556723009 0
1556723010 0
1556723011 0
1556723012 0
1556723013 0
1556723014 0
1556723015 0
1556723016 0
1556723017 0
1556723018 0
1556723019 0
1556723020 0
1556723021 0
1556723022 0
1556723023 0
1556723024 0
1556723025 0
1556723026 0
1556723027 0
1556723028 0
1556723029 0
1556723030 0
1556723031 0
1556723032 0
1556723033 0
1556723034 0
1556723035 0
1556723036 0
1556723037 0
1556723038 0
1556723039 0
1556723040 0
1556723041 0
1556723042 0
1556723043 0
1556723044 0
1556723045 0
1556723046 0
1556723047 0
1556723048 0
1556723049 0
1556723050 0
1556723051 0
1556723052 0
1556723053 0
1556723054 0
1556723055 0
1556723056 0
1556723057 0
1556723058 0
1556723059 0
1556723060 0
1556723061 0
1556723062 0
1556723063 0
1556723064 0
1556723065 0
1556723066 0
1556723067 0
1556723068 0
1556723069 0
1556723070 0
1556723071 0
1556723072 0
1556723073 0
1556723074 0
1556723075 0
1556723076 0
1556723077 0
1556723078 0
1556723079 0
1556723080 0
1556723081 0
1556723082 0
1556723083 0
1556723084 0
1556723085 0
1556723086 0
1556723087 0
1556723088 0
1556723089 0
1556723090 0
1556723091 0
1556723092 0
1556723093 0
1556723094 0
1556723095 0
1556723096 0
1556723097 0
1556723098 0
1556723099 0
1556723100 0
1556723101 0
1556723102 0
1556723103 0
1556723104 0
1556723105 0
1556723106 0
1556723107 0
1556723108 0
1556723109 0
1556723110 0
1556723111 0
1556723112 0
1556723113 0
1556723114 0
1556723115 0
1556723116 0
1556723117 0
1556723118 0
1556723119 0
1556723120 0
1556723121 0
1556723122 0
1556723123 0
1556723124 0
1556723125 0
1556723126 0
1556723127 0
1556723128 0
1556723129 0
1556723130 0
1556723131 0
1556723132 0
1556723133 0
1556723134 0
1556723135 0
1556723136 0
1556723137 0
1556723138 0
1556723139 0
1556723140 0
1556723141 0
1556723142 0
1556723143 0
1556723144 0
1556723145 0
1556723146 0
1556723147 0
1556723148 0
1556723149 0
1556723150 0
1556723151 0
1556723152 0
1556723153 0
1556723154 0
1556723155 0
1556723156 0
1556723157 0
1556723158 0
1556723159 0
1556723160 0
1556723161 0
1556723162 0
1556723163 0
1556723164 0
1556723165 0
1556723166 0
1556723167 0
1556723168 0
1556723169 0
1556723170 0
1556723171 0
1556723172 0
1556723173 0
1556723174 0
1556723175 0
1556723176 0
1556723177 0
1556723178 0
1556723179 0
1556723180 0
1556723181 0
1556723182 0
1556723183 0
1556723184 0
1556723185 0
1556723186 0
1556723187 0
1556723188 0
1556723189 0
1556723190 0
1556723191 0
1556723192 0
1556723193 0
1556723194 0
1556723195 0
1556723196 0
1556723197 0
1556723198 0
1556723199 0
1556723200 0
1556723201 0
1556723202 0
1556723203 0
1556723204 0
1556723205 0
1556723206 0
1556723207 0
1556723208 0
1556723209 0
1556723210 0
1556723211 0
1556723212 0
1556723213 0
1556723214 0
1556723215 0
1556723216 0
1556723217 0
1556723218 0
1556723219 0
1556723220 0
1556723221 0
1556723222 0
1556723223 0
1556723224 0
1556723225 0
1556723226 0
1556723227 0
1556723228 0
1556723229 0
1556723230 0
1556723231 0
1556723232 0
1556723233 0
1556723234 0
1556723235 0
1556723236 0
1556723237 0
1556723238 0
1556723239 0
1556723240 0
1556723241 0
1556723242 0
1556723243 0
1556723244 0
1556723245 0
1556723246 0
1556723247 0
1556723248 0
1556723249 0
1556723250 0
1556723251 0
1556723252 0
1556723253 0
1556723254 0
1556723255 0
1556723256 0
1556723257 0
1556723258 0
1556723259 0
1556723260 0
1556723261 0
1556723262 0
1556723263 0
1556723264 0
1556723265 0
1556723266 0
1556723267 0
1556723268 0
1556723269 0
1556723270 0
1556723271 0
1556723272 0
1556723273 0
1556723274 0
1556723275 0
1556723276 0
1556723277 0
1556723278 0
1556723279 0
1556723280 0
1556723281 0
1556723282 0
1556723283 0
1556723284 0
1556723285 0
1556723286 0
1556723287 0
1556723288 0
1556723289 0
1556723290 0
1556723291 0
1556723292 0
1556723293 0
1556723294 0
1556723295 0
1556723296 0
1556723297 0
1556723298 0
1556723299 0
1556723300 0
1556723301 0
1556723302 0
1556723303 0
1556723304 0
1556723305 0
1556723306 0
1556723307 0
1556723308 0
1556723309 0
1556723310 0
1556723311 0
1556723312 0
1556723313 0
1556723314 0
1556723315 0
1556723316 0
1556723317 0
1556723318 0
1556723319 0
1556723320 0
1556723321 0
1556723322 0
1556723323 0
1556723324 0
1556723325 0
1556723326 0
1556723327 0
1556723328 0
1556723329 0
1556723330 0
1556723331 0
1556723332 0
1556723333 0
1556723334 0
1556723335 0
1556723336 0
1556723337 0
1556723338 0
1556723339 0
1556723340 0
1556723341 0
1556723342 0
1556723343 0
1556723344 0
1556723345 0
1556723346 0
1556723347 0
1556723348 0
1556723349 0
1556723350 0
1556723351 0
1556723352 0
1556723353 0
1556723354 0
1556723355 0
1556723356 0
1556723357 0
1556723358 0
1556723359 0
1556723360 0
1556723361 0
1556723362 0
1556723363 0
1556723364 0
1556723365 0
1556723366 0
1556723367 0
1556723368 0
1556723369 0
1556723370 0
1556723371 0
1556723372 0
1556723373 0
1556723374 0
1556723375 0
1556723376 0
1556723377 0
1556723378 0
1556723379 0
1556723380 0
1556723381 0
1556723382 0
1556723383 0
1556723384 0
1556723385 0
1556723386 0
1556723387 0
1556723388 0
1556723389 0
1556723390 0
1556723391 0
1556723392 0
1556723393 0
1556723394 0
1556723395 0
1556723396 0
1556723397 0
1556723398 0
1556723399 0
1556723400 0
1556723401 0
1556723402 0
1556723403 0
1556723404 0
1556723405 0
1556723406 0
1556723407 0
1556723408 0
1556723409 0
1556723410 0
1556723411 0
1556723412 0
1556723413 0
1556723414 0
1556723415 0
1556723416 0
1556723417 0
1556723418 0
1556723419 0
1556723420 0
1556723421 0
1556723422 0
1556723423 0
1556723424 0
1556723425 0
1556723426 0
1556723427 0
1556723428 0
1556723429 0
1556723430 0
1556723431 0
1556723432 0
1556723433 0
1556723434 0
1556723435 0
1556723436 0
1556723437 0
1556723438 0
1556723439 0
1556723440 0
1556723441 0
1556723442 0
1556723443 0
1556723444 0
1556723445 0
1556723446 0
1556723447 0
1556723448 0
1556723449 0
1556723450 0
1556723451 0
1556723452 0
1556723453 0
1556723454 0
1556723455 0
1556723456 0
1556723457 0
1556723458 0
1556723459 0
1556723460 0
1556723461 0
1556723462 0
1556723463 0
1556723464 0
1556723465 0
1556723466 0
1556723467 0
1556723468 0
1556723469 0
1556723470 0
1556723471 0
1556723472 0
1556723473 0
1556723474 0
1556723475 0
1556723476 0
1556723477 0
1556723478 0
1556723479 0
1556723480 0
1556723481 0
1556723482 0
1556723483 0
1556723484 0
1556723485 0
1556723486 0
1556723487 0
1556723488 0
1556723489 0
1556723490 0
1556723491 0
1556723492 0
1556723493 0
1556723494 0
1556723495 0
1556723496 0
1556723497 0
1556723498 0
1556723499 0
1556723500 0
1556723501 0
1556723502 0
1556723503 0
1556723504 0
1556723505 0
1556723506 0
1556723507 0
1556723508 0
1556723509 0
1556723510 0
1556723511 0
1556723512 0
1556723513 0
1556723514 0
1556723515 0
1556723516 0
1556723517 0
1556723518 0
1556723519 0
1556723520 0
1556723521 0
1556723522 0
1556723523 0
1556723524 0
1556723525 0
1556723526 0
1556723527 0
1556723528 0
1556723529 0
1556723530 0
1556723531 0
1556723532 0
1556723533 0
1556723534 0
1556723535 0
1556723536 0
1556723537 0
1556723538 0
1556723539 0
1556723540 0
1556723541 0
1556723542 0
1556723543 0
1556723544 0
1556723545 0
1556723546 0
1556723547 0
1556723548 0
1556723549 0
1556723550 0
1556723551 0
1556723552 0
1556723553 0
1556723554 0
1556723555 0
1556723556 0
1556723557 0
1556723558 0
1556723559 0
1556723560 0
1556723561 0
1556723562 0
1556723563 0
1556723564 0
1556723565 0
1556723566 0
1556723567 0
1556723568 0
1556723569 0
1556723570 0
1556723571 0
1556723572 0
1556723573 0
1556723574 0
1556723575 0
1556723576 0
1556723577 0
1556723578 0
1556723579 0
1556723580 0
1556723581 0
1556723582 0
1556723583 0
1556723584 0
1556723585 0
1556723586 0
1556723587 0
1556723588 0
1556723589 0
1556723590 0
1556723591 0
1556723592 0
1556723593 0
1556723594 0
1556723595 0
1556723596 0
1556723597 0
1556723598 0
1556723599 0
1556723600 0
1556723601 0
1556723602 0
1556723603 0
1556723604 0
1556723605 0
1556723606 0
1556723607 0
1556723608 0
1556723609 0
1556723610 0
1556723611 0
1556723612 0
1556723613 0
1556723614 0
1556723615 0
1556723616 0
1556723617 0
1556723618 0
1556723619 0
1556723620 0
1556723621 0
1556723622 0
1556723623 0
1556723624 0
1556723625 0
1556723626 0
1556723627 0
1556723628 0
1556723629 0
1556723630 0
1556723631 0
1556723632 0
1556723633 0
1556723634 0
1556723635 0
1556723636 0
1556723637 0
1556723638 0
1556723639 0
1556723640 0
1556723641 0
1556723642 0
1556723643 0
1556723644 0
1556723645 0
1556723646 0
1556723647 0
1556723648 0
1556723649 0
1556723650 0
1556723651 0
1556723652 0
1556723653 0
1556723654 0
1556723655 0
1556723656 0
1556723657 0
1556723658 0
1556723659 0
1556723660 0
1556723661 0
1556723662 0
1556723663 0
1556723664 0
1556723665 0
1556723666 0
1556723667 0
1556723668 0
1556723669 0
1556723670 0
1556723671 0
1556723672 0
1556723673 0
1556723674 0
1556723675 0
1556723676 0
1556723677 0
1556723678 0
1556723679 0
1556723680 0
1556723681 0
1556723682 0
1556723683 0
1556723684 0
1556723685 0
1556723686 0
1556723687 0
1556723688 0
1556723689 0
1556723690 0
1556723691 0
1556723692 0
1556723693 0
1556723694 0
1556723695 0
1556723696 0
1556723697 0
1556723698 0
1556723699 0
1556723700 0
1556723701 0
1556723702 0
1556723703 0
1556723704 0
1556723705 0
1556723706 0
1556723707 0
1556723708 0
1556723709 0
1556723710 0
1556723711 0
1556723712 0
1556723713 0
1556723714 0
1556723715 0
1556723716 0
1556723717 0
1556723718 0
1556723719 0
1556723720 0
1556723721 0
1556723722 0
1556723723 0
1556723724 0
1556723725 0
1556723726 0
1556723727 0
1556723728 0
1556723729 0
1556723730 0
1556723731 0
1556723732 0
1556723733 0
1556723734 0
1556723735 0
1556723736 0
1556723737 0
1556723738 0
1556723739 0
1556723740 0
1556723741 0
1556723742 0
1556723743 0
1556723744 0
1556723745 0
1556723746 0
1556723747 0
1556723748 0
1556723749 0
1556723750 0
1556723751 0
1556723752 0
1556723753 0
1556723754 0
1556723755 0
1556723756 0
1556723757 0
1556723758 0
1556723759 0
1556723760 0
1556723761 0
1556723762 0
1556723763 0
1556723764 0
1556723765 0
1556723766 0
1556723767 0
1556723768 0
1556723769 0
1556723770 0
1556723771 0
1556723772 0
1556723773 0
1556723774 0
1556723775 0
1556723776 0
1556723777 0
1556723778 0
1556723779 0
1556723780 0
1556723781 0
1556723782 0
1556723783 0
1556723784 0
1556723785 0
1556723786 0
1556723787 0
1556723788 0
1556723789 0
1556723790 0
1556723791 0
1556723792 0
1556723793 0
1556723794 0
1556723795 0
1556723796 0
1556723797 0
1556723798 0
1556723799 0
1556723800 0
1556723801 0
1556723802 0
1556723803 0
1556723804 0
1556723805 0
1556723806 0
1556723807 0
1556723808 0
1556723809 0
1556723810 0
1556723811 0
1556723812 0
1556723813 0
1556723814 0
1556723815 0
1556723816 0
1556723817 0
1556723818 0
1556723819 0
1556723820 0
1556723821 0
1556723822 0
1556723823 0
1556723824 0
1556723825 0
1556723826 0
1556723827 0
1556723828 0
1556723829 0
1556723830 0
1556723831 0
1556723832 0
1556723833 0
1556723834 0
1556723835 0
1556723836 0
1556723837 0
1556723838 0
1556723839 0
1556723840 0
1556723841 0
1556723842 0
1556723843 0
1556723844 0
1556723845 0
1556723846 0
1556723847 0
1556723848 0
1556723849 0
1556723850 0
1556723851 0
1556723852 0
1556723853 0
1556723854 0
1556723855 0
1556723856 0
1556723857 0
1556723858 0
1556723859 0
1556723860 0
1556723861 0
1556723862 0
1556723863 0
1556723864 0
1556723865 0
1556723866 0
1556723867 0
1556723868 0
1556723869 0
1556723870 0
1556723871 0
1556723872 0
1556723873 0
1556723874 0
1556723875 0
1556723876 0
1556723877 0
1556723878 0
1556723879 0
1556723880 0
1556723881 0
1556723882 0
1556723883 0
1556723884 0
1556723885 0
1556723886 0
1556723887 0
1556723888 0
1556723889 0
1556723890 0
1556723891 0
1556723892 0
1556723893 0
1556723894 0
1556723895 0
1556723896 0
1556723897 0
1556723898 0
1556723899 0
1556723900 0
1556723901 0
1556723902 0
1556723903 0
1556723904 0
1556723905 0
1556723906 0
1556723907 0
1556723908 0
1556723909 0
1556723910 0
1556723911 0
1556723912 0
1556723913 0
1556723914 0
1556723915 0
1556723916 0
1556723917 0
1556723918 0
1556723919 0
1556723920 0
1556723921 0
1556723922 0
1556723923 0
1556723924 0
1556723925 0
1556723926 0
1556723927 0
1556723928 0
1556723929 0
1556723930 0
1556723931 0
1556723932 0
1556723933 0
1556723934 0
1556723935 0
1556723936 0
1556723937 0
1556723938 0
1556723939 0
1556723940 0
1556723941 0
1556723942 0
1556723943 0
1556723944 0
1556723945 0
1556723946 0
1556723947 0
1556723948 0
1556723949 0
1556723950 0
1556723951 0
1556723952 0
1556723953 0
1556723954 0
1556723955 0
1556723956 0
1556723957 0
1556723958 0
1556723959 0
1556723960 0
1556723961 0
1556723962 0
1556723963 0
1556723964 0
1556723965 0
1556723966 0
1556723967 0
1556723968 0
1556723969 0
1556723970 0
1556723971 0
1556723972 0
1556723973 0
1556723974 0
1556723975 0
1556723976 0
1556723977 0
1556723978 0
1556723979 0
1556723980 0
1556723981 0
1556723982 0
1556723983 0
1556723984 0
1556723985 0
1556723986 0
1556723987 0
1556723988 0
1556723989 0
1556723990 0
1556723991 0
1556723992 0
1556723993 0
1556723994 0
1556723995 0
1556723996 0
1556723997 0
1556723998 0
1556723999 0
1556724000 0
1556724001 0
1556724002 0
1556724003 0
1556724004 0
1556724005 0
1556724006 0
1556724007 0
1556724008 0
1556724009 0
1556724010 0
1556724011 0
1556724012 0
1556724013 0
1556724014 0
1556724015 0
1556724016 0
1556724017 0
1556724018 0
1556724019 0
1556724020 0
1556724021 0
1556724022 0
1556724023 0
1556724024 0
1556724025 0
1556724026 0
1556724027 0
1556724028 0
1556724029 0
1556724030 0
1556724031 0
1556724032 0
1556724033 0
1556724034 0
1556724035 0
1556724036 0
1556724037 0
1556724038 0
1556724039 0
1556724040 0
1556724041 0
1556724042 0
1556724043 0
1556724044 0
1556724045 0
1556724046 0
1556724047 0
1556724048 0
1556724049 0
1556724050 0
1556724051 0
1556724052 0
1556724053 0
1556724054 0
1556724055 0
1556724056 0
1556724057 0
1556724058 0
1556724059 0
1556724060 0
1556724061 0
1556724062 0
1556724063 0
1556724064 0
1556724065 0
1556724066 0
1556724067 0
1556724068 0
1556724069 0
1556724070 0
1556724071 0
1556724072 0
1556724073 0
1556724074 0
1556724075 0
1556724076 0
1556724077 0
1556724078 0
1556724079 0
1556724080 0
1556724081 0
1556724082 0
1556724083 0
1556724084 0
1556724085 0
1556724086 0
1556724087 0
1556724088 0
1556724089 0
1556724090 0
1556724091 0
1556724092 0
1556724093 0
1556724094 0
1556724095 0
1556724096 0
1556724097 0
1556724098 0
1556724099 0
1556724100 0
1556724101 0
1556724102 0
1556724103 0
1556724104 0
1556724105 0
1556724106 0
1556724107 0
1556724108 0
1556724109 0
1556724110 0
1556724111 0
1556724112 0
1556724113 0
1556724114 0
1556724115 0
1556724116 0
1556724117 0
1556724118 0
1556724119 0
1556724120 0
1556724121 0
1556724122 0
1556724123 0
1556724124 0
1556724125 0
1556724126 0
1556724127 0
1556724128 0
1556724129 0
1556724130 0
1556724131 0
1556724132 0
1556724133 0
1556724134 0
1556724135 0
1556724136 0
1556724137 0
1556724138 0
1556724139 0
1556724140 0
1556724141 0
1556724142 0
1556724143 0
1556724144 0
1556724145 0
1556724146 0
1556724147 0
1556724148 0
1556724149 0
1556724150 0
1556724151 0
1556724152 0
1556724153 0
1556724154 0
1556724155 0
1556724156 0
1556724157 0
1556724158 0
1556724159 0
1556724160 0
1556724161 0
1556724162 0
1556724163 0
1556724164 0
1556724165 0
1556724166 0
1556724167 0
1556724168 0
1556724169 0
1556724170 0
1556724171 0
1556724172 0
1556724173 0
1556724174 0
1556724175 0
1556724176 0
1556724177 0
1556724178 0
1556724179 0
1556724180 0
1556724181 0
1556724182 0
1556724183 0
1556724184 0
1556724185 0
1556724186 0
1556724187 0
1556724188 0
1556724189 0
1556724190 0
1556724191 0
1556724192 0
1556724193 0
1556724194 0
1556724195 0
1556724196 0
1556724197 0
1556724198 0
1556724199 0
1556724200 0
1556724201 0
1556724202 0
1556724203 0
1556724204 0
1556724205 0
1556724206 0
1556724207 0
1556724208 0
1556724209 0
1556724210 0
1556724211 0
1556724212 0
1556724213 0
1556724214 0
1556724215 0
1556724216 0
1556724217 0
1556724218 0
1556724219 0
1556724220 0
1556724221 0
1556724222 0
1556724223 0
1556724224 0
1556724225 0
1556724226 0
1556724227 0
1556724228 0
1556724229 0
1556724230 0
1556724231 0
1556724232 0
1556724233 0
1556724234 0
1556724235 0
1556724236 0
1556724237 0
1556724238 0
1556724239 0
1556724240 0
1556724241 0
1556724242 0
1556724243 0
1556724244 0
1556724245 0
1556724246 0
1556724247 0
1556724248 0
1556724249 0
1556724250 0
1556724251 0
1556724252 0
1556724253 0
1556724254 0
1556724255 0
1556724256 0
1556724257 0
1556724258 0
1556724259 0
1556724260 0
1556724261 0
1556724262 0
1556724263 0
1556724264 0
1556724265 0
1556724266 0
1556724267 0
1556724268 0
1556724269 0
1556724270 0
1556724271 0
1556724272 0
1556724273 0
1556724274 0
1556724275 0
1556724276 0
1556724277 0
1556724278 0
1556724279 0
1556724280 0
1556724281 0
1556724282 0
1556724283 0
1556724284 0
1556724285 0
1556724286 0
1556724287 0
1556724288 0
1556724289 0
1556724290 0
1556724291 0
1556724292 0
1556724293 0
1556724294 0
1556724295 0
1556724296 0
1556724297 0
1556724298 0
1556724299 0
1556724300 0
1556724301 0
1556724302 0
1556724303 0
1556724304 0
1556724305 0
1556724306 0
1556724307 0
1556724308 0
1556724309 0
1556724310 0
1556724311 0
1556724312 0
1556724313 0
1556724314 0
1556724315 0
1556724316 0
1556724317 0
1556724318 0
1556724319 0
1556724320 0
1556724321 0
1556724322 0
1556724323 0
1556724324 0
1556724325 0
1556724326 0
1556724327 0
1556724328 0
1556724329 0
1556724330 0
1556724331 0
1556724332 0
1556724333 0
1556724334 0
1556724335 0
1556724336 0
1556724337 0
1556724338 0
1556724339 0
1556724340 0
1556724341 0
1556724342 0
1556724343 0
1556724344 0
1556724345 0
1556724346 0
1556724347 0
1556724348 0
1556724349 0
1556724350 0
1556724351 0
1556724352 0
1556724353 0
1556724354 0
1556724355 0
1556724356 0
1556724357 0
1556724358 0
1556724359 0
1556724360 0
1556724361 0
1556724362 0
1556724363 0
1556724364 0
1556724365 0
1556724366 0
1556724367 0
1556724368 0
1556724369 0
1556724370 0
1556724371 0
1556724372 0
1556724373 0
1556724374 0
1556724375 0
1556724376 0
1556724377 0
1556724378 0
1556724379 0
1556724380 0
1556724381 0
1556724382 0
1556724383 0
1556724384 0
1556724385 0
1556724386 0
1556724387 0
1556724388 0
1556724389 0
1556724390 0
1556724391 0
1556724392 0
1556724393 0
1556724394 0
1556724395 0
1556724396 0
1556724397 0
1556724398 0
1556724399 0
1556724400 0
1556724401 0
1556724402 0
1556724403 0
1556724404 0
1556724405 0
1556724406 0
1556724407 0
1556724408 0
1556724409 0
1556724410 0
1556724411 0
1556724412 0
1556724413 0
1556724414 0
1556724415 0
1556724416 0
1556724417 0
1556724418 0
1556724419 0
1556724420 0
1556724421 0
1556724422 0
1556724423 0
1556724424 0
1556724425 0
1556724426 0
1556724427 0
1556724428 0
1556724429 0
1556724430 0
1556724431 0
1556724432 0
1556724433 0
1556724434 0
1556724435 0
1556724436 0
1556724437 0
1556724438 0
1556724439 0
1556724440 0
1556724441 0
1556724442 0
1556724443 0
1556724444 0
1556724445 0
1556724446 0
1556724447 0
1556724448 0
1556724449 0
1556724450 0
1556724451 0
1556724452 0
1556724453 0
1556724454 0
1556724455 0
1556724456 0
1556724457 0
1556724458 0
1556724459 0
1556724460 0
1556724461 0
1556724462 0
1556724463 0
1556724464 0
1556724465 0
1556724466 0
1556724467 0
1556724468 0
1556724469 0
1556724470 0
1556724471 0
1556724472 0
1556724473 0
1556724474 0
1556724475 0
1556724476 0
1556724477 0
1556724478 0
1556724479 0
1556724480 0
1556724481 0
1556724482 0
1556724483 0
1556724484 0
1556724485 0
1556724486 0
1556724487 0
1556724488 0
1556724489 0
1556724490 0
1556724491 0
1556724492 0
1556724493 0
1556724494 0
1556724495 0
1556724496 0
1556724497 0
1556724498 0
1556724499 0
1556724500 0
1556724501 0
1556724502 0
1556724503 0
1556724504 0
1556724505 0
1556724506 0
1556724507 0
1556724508 0
1556724509 0
1556724510 0
1556724511 0
1556724512 0
1556724513 0
1556724514 0
1556724515 0
1556724516 0
1556724517 0
1556724518 0
1556724519 0
1556724520 0
1556724521 0
1556724522 0
1556724523 0
1556724524 0
1556724525 0
1556724526 0
1556724527 0
1556724528 0
1556724529 0
1556724530 0
1556724531 0
1556724532 0
1556724533 0
1556724534 0
1556724535 0
1556724536 0
1556724537 0
1556724538 0
1556724539 0
1556724540 0
1556724541 0
1556724542 0
1556724543 0
1556724544 0
1556724545 0
1556724546 0
1556724547 0
1556724548 0
1556724549 0
1556724550 0
1556724551 0
1556724552 0
1556724553 0
1556724554 0
1556724555 0
1556724556 0
1556724557 0
1556724558 0
1556724559 0
1556724560 0
1556724561 0
1556724562 0
1556724563 0
1556724564 0
1556724565 0
1556724566 0
1556724567 0
1556724568 0
1556724569 0
1556724570 0
1556724571 0
1556724572 0
1556724573 0
1556724574 0
1556724575 0
1556724576 0
1556724577 0
1556724578 0
1556724579 0
1556724580 0
1556724581 0
1556724582 0
1556724583 0
1556724584 0
1556724585 0
1556724586 0
1556724587 0
1556724588 0
1556724589 0
1556724590 0
1556724591 0
1556724592 0
1556724593 0
1556724594 0
1556724595 0
1556724596 0
1556724597 0
1556724598 0
1556724599 0
1556724600 0
1556724601 0
1556724602 0
1556724603 0
1556724604 0
1556724605 0
1556724606 0
1556724607 0
1556724608 0
1556724609 0
1556724610 0
1556724611 0
1556724612 0
1556724613 0
1556724614 0
1556724615 0
1556724616 0
1556724617 0
1556724618 0
1556724619 0
1556724620 0
1556724621 0
1556724622 0
1556724623 0
1556724624 0
1556724625 0
1556724626 0
1556724627 0
1556724628 0
1556724629 0
1556724630 0
1556724631 0
1556724632 0
1556724633 0
1556724634 0
1556724635 0
1556724636 0
1556724637 0
1556724638 0
1556724639 0
1556724640 0
1556724641 0
1556724642 0
1556724643 0
1556724644 0
1556724645 0
1556724646 0
1556724647 0
1556724648 0
1556724649 0
1556724650 0
1556724651 0
1556724652 0
1556724653 0
1556724654 0
1556724655 0
1556724656 0
1556724657 0
1556724658 0
1556724659 0
1556724660 0
1556724661 0
1556724662 0
1556724663 0
1556724664 0
1556724665 0
1556724666 0
1556724667 0
1556724668 0
1556724669 0
1556724670 0
1556724671 0
1556724672 0
1556724673 0
1556724674 0
1556724675 0
1556724676 0
1556724677 0
1556724678 0
1556724679 0
1556724680 0
1556724681 0
1556724682 0
1556724683 0
1556724684 0
1556724685 0
1556724686 0
1556724687 0
1556724688 0
1556724689 0
1556724690 0
1556724691 0
1556724692 0
1556724693 0
1556724694 0
1556724695 0
1556724696 0
1556724697 0
1556724698 0
1556724699 0
1556724700 0
1556724701 0
1556724702 0
1556724703 0
1556724704 0
1556724705 0
1556724706 0
1556724707 0
1556724708 0
1556724709 0
1556724710 0
1556724711 0
1556724712 0
1556724713 0
1556724714 0
1556724715 0
1556724716 0
1556724717 0
1556724718 0
1556724719 0
1556724720 0
1556724721 0
1556724722 0
1556724723 0
1556724724 0
1556724725 0
1556724726 0
1556724727 0
1556724728 0
1556724729 0
1556724730 0
1556724731 0
1556724732 0
1556724733 0
1556724734 0
1556724735 0
1556724736 0
1556724737 0
1556724738 0
1556724739 0
1556724740 0
1556724741 0
1556724742 0
1556724743 0
1556724744 0
1556724745 0
1556724746 0
1556724747 0
1556724748 0
1556724749 0
1556724750 0
1556724751 0
1556724752 0
1556724753 0
1556724754 0
1556724755 0
1556724756 0
1556724757 0
1556724758 0
1556724759 0
1556724760 0
1556724761 0
1556724762 0
1556724763 0
1556724764 0
1556724765 0
1556724766 0
1556724767 0
1556724768 0
1556724769 0
1556724770 0
1556724771 0
1556724772 0
1556724773 0
1556724774 0
1556724775 0
1556724776 0
1556724777 0
1556724778 0
1556724779 0
1556724780 0
1556724781 0
1556724782 0
1556724783 0
1556724784 0
1556724785 0
1556724786 0
1556724787 0
1556724788 0
1556724789 0
1556724790 0
1556724791 0
1556724792 0
1556724793 0
1556724794 0
1556724795 0
1556724796 0
1556724797 0
1556724798 0
1556724799 0
1556724800 0
1556724801 0
1556724802 0
1556724803 0
1556724804 0
1556724805 0
1556724806 0
1556724807 0
1556724808 0
1556724809 0
1556724810 0
1556724811 0
1556724812 0
1556724813 0
1556724814 0
1556724815 0
1556724816 0
1556724817 0
1556724818 0
1556724819 0
1556724820 0
1556724821 0
1556724822 0
1556724823 0
1556724824 0
1556724825 0
1556724826 0
1556724827 0
1556724828 0
1556724829 0
1556724830 0
1556724831 0
1556724832 0
1556724833 0
1556724834 0
1556724835 0
1556724836 0
1556724837 0
1556724838 0
1556724839 0
1556724840 0
1556724841 0
1556724842 0
1556724843 0
1556724844 0
1556724845 0
1556724846 0
1556724847 0
1556724848 0
1556724849 0
1556724850 0
1556724851 0
1556724852 0
1556724853 0
1556724854 0
1556724855 0
1556724856 0
1556724857 0
1556724858 0
1556724859 0
1556724860 0
1556724861 0
1556724862 0
1556724863 0
1556724864 0
1556724865 0
1556724866 0
1556724867 0
1556724868 0
1556724869 0
1556724870 0
1556724871 0
1556724872 0
1556724873 0
1556724874 0
1556724875 0
1556724876 0
1556724877 0
1556724878 0
1556724879 0
1556724880 0
1556724881 0
1556724882 0
1556724883 0
1556724884 0
1556724885 0
1556724886 0
1556724887 0
1556724888 0
1556724889 0
1556724890 0
1556724891 0
1556724892 0
1556724893 0
1556724894 0
1556724895 0
1556724896 0
1556724897 0
1556724898 0
1556724899 0
1556724900 0
1556724901 0
1556724902 0
1556724903 0
1556724904 0
1556724905 0
1556724906 0
1556724907 0
1556724908 0
1556724909 0
1556724910 0
1556724911 0
1556724912 0
1556724913 0
1556724914 0
1556724915 0
1556724916 0
1556724917 0
1556724918 0
1556724919 0
1556724920 0
1556724921 0
1556724922 0
1556724923 0
1556724924 0
1556724925 0
1556724926 0
1556724927 0
1556724928 0
1556724929 0
1556724930 0
1556724931 0
1556724932 0
1556724933 0
1556724934 0
1556724935 0
1556724936 0
1556724937 0
1556724938 0
1556724939 0
1556724940 0
1556724941 0
1556724942 0
1556724943 0
1556724944 0
1556724945 0
1556724946 0
1556724947 0
1556724948 0
1556724949 0
1556724950 0
1556724951 0
1556724952 0
1556724953 0
1556724954 0
1556724955 0
1556724956 0
1556724957 0
1556724958 0
1556724959 0
1556724960 0
1556724961 0
1556724962 0
1556724963 0
1556724964 0
1556724965 0
1556724966 0
1556724967 0
1556724968 0
1556724969 0
1556724970 0
1556724971 0
1556724972 0
1556724973 0
1556724974 0
1556724975 0
1556724976 0
1556724977 0
1556724978 0
1556724979 0
1556724980 0
1556724981 0
1556724982 0
1556724983 0
1556724984 0
1556724985 0
1556724986 0
1556724987 0
1556724988 0
1556724989 0
1556724990 0
1556724991 0
1556724992 0
1556724993 0
1556724994 0
1556724995 0
1556724996 0
1556724997 0
1556724998 0
1556724999 0
1556725000 0
1556725001 0
1556725002 0
1556725003 0
1556725004 0
1556725005 0
1556725006 0
1556725007 0
1556725008 0
1556725009 0
1556725010 0
1556725011 0
1556725012 0
1556725013 0
1556725014 0
1556725015 0
1556725016 0
1556725017 0
1556725018 0
1556725019 0
1556725020 0
1556725021 0
1556725022 0
1556725023 0
1556725024 0
1556725025 0
1556725026 0
1556725027 0
1556725028 0
1556725029 0
1556725030 0
1556725031 0
1556725032 0
1556725033 0
1556725034 0
1556725035 0
1556725036 0
1556725037 0
1556725038 0
1556725039 0
1556725040 0
1556725041 0
1556725042 0
1556725043 0
1556725044 0
1556725045 0
1556725046 0
1556725047 0
1556725048 0
1556725049 0
1556725050 0
1556725051 0
1556725052 0
1556725053 0
1556725054 0
1556725055 0
1556725056 0
1556725057 0
1556725058 0
1556725059 0
1556725060 0
1556725061 0
1556725062 0
1556725063 0
1556725064 0
1556725065 0
1556725066 0
1556725067 0
1556725068 0
1556725069 0
1556725070 0
1556725071 0
1556725072 0
1556725073 0
1556725074 0
1556725075 0
1556725076 0
1556725077 0
1556725078 0
1556725079 0
1556725080 0
1556725081 0
1556725082 0
1556725083 0
1556725084 0
1556725085 0
1556725086 0
1556725087 0
1556725088 0
1556725089 0
1556725090 0
1556725091 0
1556725092 0
1556725093 0
1556725094 0
1556725095 0
1556725096 0
1556725097 0
1556725098 0
1556725099 0
1556725100 0
1556725101 0
1556725102 0
1556725103 0
1556725104 0
1556725105 0
1556725106 0
1556725107 0
1556725108 0
1556725109 0
1556725110 0
1556725111 0
1556725112 0
1556725113 0
1556725114 0
1556725115 0
1556725116 0
1556725117 0
1556725118 0
1556725119 0
1556725120 0
1556725121 0
1556725122 0
1556725123 0
1556725124 0
1556725125 0
1556725126 0
1556725127 0
1556725128 0
1556725129 0
1556725130 0
1556725131 0
1556725132 0
1556725133 0
1556725134 0
1556725135 0
1556725136 0
1556725137 0
1556725138 0
1556725139 0
1556725140 0
1556725141 0
1556725142 0
1556725143 0
1556725144 0
1556725145 0
1556725146 0
1556725147 0
1556725148 0
1556725149 0
1556725150 0
1556725151 0
1556725152 0
1556725153 0
1556725154 0
1556725155 0
1556725156 0
1556725157 0
1556725158 0
1556725159 0
1556725160 0
1556725161 0
1556725162 0
1556725163 0
1556725164 0
1556725165 0
1556725166 0
1556725167 0
1556725168 0
1556725169 0
1556725170 0
1556725171 0
1556725172 0
1556725173 0
1556725174 0
1556725175 0
1556725176 0
1556725177 0
1556725178 0
1556725179 0
1556725180 0
1556725181 0
1556725182 0
1556725183 0
1556725184 0
1556725185 0
1556725186 0
1556725187 0
1556725188 0
1556725189 0
1556725190 0
1556725191 0
1556725192 0
1556725193 0
1556725194 0
1556725195 0
1556725196 0
1556725197 0
1556725198 0
1556725199 0
1556725200 0
1556725201 0
1556725202 0
1556725203 0
1556725204 0
1556725205 0
1556725206 0
1556725207 0
1556725208 0
1556725209 0
1556725210 0
1556725211 0
1556725212 0
1556725213 0
1556725214 0
1556725215 0
1556725216 0
1556725217 0
1556725218 0
1556725219 0
1556725220 0
1556725221 0
1556725222 0
1556725223 0
1556725224 0
1556725225 0
1556725226 0
1556725227 0
1556725228 0
1556725229 0
1556725230 0
1556725231 0
1556725232 0
1556725233 0
1556725234 0
1556725235 0
1556725236 0
1556725237 0
1556725238 0
1556725239 0
1556725240 0
1556725241 0
1556725242 0
1556725243 0
1556725244 0
1556725245 0
1556725246 0
1556725247 0
1556725248 0
1556725249 0
1556725250 0
1556725251 0
1556725252 0
1556725253 0
1556725254 0
1556725255 0
1556725256 0
1556725257 0
1556725258 0
1556725259 0
1556725260 0
1556725261 0
1556725262 0
1556725263 0
1556725264 0
1556725265 0
1556725266 0
1556725267 0
1556725268 0
1556725269 0
1556725270 0
1556725271 0
1556725272 0
1556725273 0
1556725274 0
1556725275 0
1556725276 0
1556725277 0
1556725278 0
1556725279 0
1556725280 0
1556725281 0
1556725282 0
1556725283 0
1556725284 0
1556725285 0
1556725286 0
1556725287 0
1556725288 0
1556725289 0
1556725290 0
1556725291 0
1556725292 0
1556725293 0
1556725294 0
1556725295 0
1556725296 0
1556725297 0
1556725298 0
1556725299 0
1556725300 0
1556725301 0
1556725302 0
1556725303 0
1556725304 0
1556725305 0
1556725306 0
1556725307 0
1556725308 0
1556725309 0
1556725310 0
1556725311 0
1556725312 0
1556725313 0
1556725314 0
1556725315 0
1556725316 0
1556725317 0
1556725318 0
1556725319 0
1556725320 0
1556725321 0
1556725322 0
1556725323 0
1556725324 0
1556725325 0
1556725326 0
1556725327 0
1556725328 0
1556725329 0
1556725330 0
1556725331 0
1556725332 0
1556725333 0
1556725334 0
1556725335 0
1556725336 0
1556725337 0
1556725338 0
1556725339 0
1556725340 0
1556725341 0
1556725342 0
1556725343 0
1556725344 0
1556725345 0
1556725346 0
1556725347 0
1556725348 0
1556725349 0
1556725350 0
1556725351 0
1556725352 0
1556725353 0
1556725354 0
1556725355 0
1556725356 0
1556725357 0
1556725358 0
1556725359 0
1556725360 0
1556725361 0
1556725362 0
1556725363 0
1556725364 0
1556725365 0
1556725366 0
1556725367 0
1556725368 0
1556725369 0
1556725370 0
1556725371 0
1556725372 0
1556725373 0
1556725374 0
1556725375 0
1556725376 0
1556725377 0
1556725378 0
1556725379 0
1556725380 0
1556725381 0
1556725382 0
1556725383 0
1556725384 0
1556725385 0
1556725386 0
1556725387 0
1556725388 0
1556725389 0
1556725390 0
1556725391 0
1556725392 0
1556725393 0
1556725394 0
1556725395 0
1556725396 0
1556725397 0
1556725398 0
1556725399 0
1556725400 0
1556725401 0
1556725402 0
1556725403 0
1556725404 0
1556725405 0
1556725406 0
1556725407 0
1556725408 0
1556725409 0
1556725410 0
1556725411 0
1556725412 0
1556725413 0
1556725414 0
1556725415 0
1556725416 0
1556725417 0
1556725418 0
1556725419 0
1556725420 0
1556725421 0
1556725422 0
1556725423 0
1556725424 0
1556725425 0
1556725426 0
1556725427 0
1556725428 0
1556725429 0
1556725430 0
1556725431 0
1556725432 0
1556725433 0
1556725434 0
1556725435 0
1556725436 0
1556725437 0
1556725438 0
1556725439 0
1556725440 0
1556725441 0
1556725442 0
1556725443 0
1556725444 0
1556725445 0
1556725446 0
1556725447 0
1556725448 0
1556725449 0
1556725450 0
1556725451 0
1556725452 0
1556725453 0
1556725454 0
1556725455 0
1556725456 0
1556725457 0
1556725458 0
1556725459 0
1556725460 0
1556725461 0
1556725462 0
1556725463 0
1556725464 0
1556725465 0
1556725466 0
1556725467 0
1556725468 0
1556725469 0
1556725470 0
1556725471 0
1556725472 0
1556725473 0
1556725474 0
1556725475 0
1556725476 0
1556725477 0
1556725478 0
1556725479 0
1556725480 0
1556725481 0
1556725482 0
1556725483 0
1556725484 0
1556725485 0
1556725486 0
1556725487 0
1556725488 0
1556725489 0
1556725490 0
1556725491 0
1556725492 0
1556725493 0
1556725494 0
1556725495 0
1556725496 0
1556725497 0
1556725498 0
1556725499 0
1556725500 0
1556725501 0
1556725502 0
1556725503 0
1556725504 0
1556725505 0
1556725506 0
1556725507 0
1556725508 0
1556725509 0
1556725510 0
1556725511 0
1556725512 0
1556725513 0
1556725514 0
1556725515 0
1556725516 0
1556725517 0
1556725518 0
1556725519 0
1556725520 0
1556725521 0
1556725522 0
1556725523 0
1556725524 0
1556725525 0
1556725526 0
1556725527 0
1556725528 0
1556725529 0
1556725530 0
1556725531 0
1556725532 0
1556725533 0
1556725534 0
1556725535 0
1556725536 0
1556725537 0
1556725538 0
1556725539 0
1556725540 0
1556725541 0
1556725542 0
1556725543 0
1556725544 0
1556725545 0
1556725546 0
1556725547 0
1556725548 0
1556725549 0
1556725550 0
1556725551 0
1556725552 0
1556725553 0
1556725554 0
1556725555 0
1556725556 0
1556725557 0
1556725558 0
1556725559 0
1556725560 0
1556725561 0
1556725562 0
1556725563 0
1556725564 0
1556725565 0
1556725566 0
1556725567 0
1556725568 0
1556725569 0
1556725570 0
1556725571 0
1556725572 0
1556725573 0
1556725574 0
1556725575 0
1556725576 0
1556725577 0
1556725578 0
1556725579 0
1556725580 0
1556725581 0
1556725582 0
1556725583 0
1556725584 0
1556725585 0
1556725586 0
1556725587 0
1556725588 0
1556725589 0
1556725590 0
1556725591 0
1556725592 0
1556725593 0
1556725594 0
1556725595 0
1556725596 0
1556725597 0
1556725598 0
1556725599 0
1556725600 0
1556725601 0
1556725602 0
1556725603 0
1556725604 0
1556725605 0
1556725606 0
1556725607 0
1556725608 0
1556725609 0
1556725610 0
1556725611 0
1556725612 0
1556725613 0
1556725614 0
1556725615 0
1556725616 0
1556725617 0
1556725618 0
1556725619 0
1556725620 0
1556725621 0
1556725622 0
1556725623 0
1556725624 0
1556725625 0
1556725626 0
1556725627 0
1556725628 0
1556725629 0
1556725630 0
1556725631 0
1556725632 0
1556725633 0
1556725634 0
1556725635 0
1556725636 0
1556725637 0
1556725638 0
1556725639 0
1556725640 0
1556725641 0
1556725642 0
1556725643 0
1556725644 0
1556725645 0
1556725646 0
1556725647 0
1556725648 0
1556725649 0
1556725650 0
1556725651 0
1556725652 0
1556725653 0
1556725654 0
1556725655 0
1556725656 0
1556725657 0
1556725658 0
1556725659 0
1556725660 0
1556725661 0
1556725662 0
1556725663 0
1556725664 0
1556725665 0
1556725666 0
1556725667 0
1556725668 0
1556725669 0
1556725670 0
1556725671 0
1556725672 0
1556725673 0
1556725674 0
1556725675 0
1556725676 0
1556725677 0
1556725678 0
1556725679 0
1556725680 0
1556725681 0
1556725682 0
1556725683 0
1556725684 0
1556725685 0
1556725686 0
1556725687 0
1556725688 0
1556725689 0
1556725690 0
1556725691 0
1556725692 0
1556725693 0
1556725694 0
1556725695 0
1556725696 0
1556725697 0
1556725698 0
1556725699 0
1556725700 0
1556725701 0
1556725702 0
1556725703 0
1556725704 0
1556725705 0
1556725706 0
1556725707 0
1556725708 0
1556725709 0
1556725710 0
1556725711 0
1556725712 0
1556725713 0
1556725714 0
1556725715 0
1556725716 0
1556725717 0
1556725718 0
1556725719 0
1556725720 0
1556725721 0
1556725722 0
1556725723 0
1556725724 0
1556725725 0
1556725726 0
1556725727 0
1556725728 0
1556725729 0
1556725730 0
1556725731 0
1556725732 0
1556725733 0
1556725734 0
1556725735 0
1556725736 0
1556725737 0
1556725738 0
1556725739 0
1556725740 0
1556725741 0
1556725742 0
1556725743 0
1556725744 0
1556725745 0
1556725746 0
1556725747 0
1556725748 0
1556725749 0
1556725750 0
1556725751 0
1556725752 0
1556725753 0
1556725754 0
1556725755 0
1556725756 0
1556725757 0
1556725758 0
1556725759 0
1556725760 0
1556725761 0
1556725762 0
1556725763 0
1556725764 0
1556725765 0
1556725766 0
1556725767 0
1556725768 0
1556725769 0
1556725770 0
1556725771 0
1556725772 0
1556725773 0
1556725774 0
1556725775 0
1556725776 0
1556725777 0
1556725778 0
1556725779 0
1556725780 0
1556725781 0
1556725782 0
1556725783 0
1556725784 0
1556725785 0
1556725786 0
1556725787 0
1556725788 0
1556725789 0
1556725790 0
1556725791 0
1556725792 0
1556725793 0
1556725794 0
1556725795 0
1556725796 0
1556725797 0
1556725798 0
1556725799 0
1556725800 0
1556725801 0
1556725802 0
1556725803 0
1556725804 0
1556725805 0
1556725806 0
1556725807 0
1556725808 0
1556725809 0
1556725810 0
1556725811 0
1556725812 0
1556725813 0
1556725814 0
1556725815 0
1556725816 0
1556725817 0
1556725818 0
1556725819 0
1556725820 0
1556725821 0
1556725822 0
1556725823 0
1556725824 0
1556725825 0
1556725826 0
1556725827 0
1556725828 0
1556725829 0
1556725830 0
1556725831 0
1556725832 0
1556725833 0
1556725834 0
1556725835 0
1556725836 0
1556725837 0
1556725838 0
1556725839 0
1556725840 0
1556725841 0
1556725842 0
1556725843 0
1556725844 0
1556725845 0
1556725846 0
1556725847 0
1556725848 0
1556725849 0
1556725850 0
1556725851 0
1556725852 0
1556725853 0
1556725854 0
1556725855 0
1556725856 0
1556725857 0
1556725858 0
1556725859 0
1556725860 0
1556725861 0
1556725862 0
1556725863 0
1556725864 0
1556725865 0
1556725866 0
1556725867 0
1556725868 0
1556725869 0
1556725870 0
1556725871 0
1556725872 0
1556725873 0
1556725874 0
1556725875 0
1556725876 0
1556725877 0
1556725878 0
1556725879 0
1556725880 0
1556725881 0
1556725882 0
1556725883 0
1556725884 0
1556725885 0
1556725886 0
1556725887 0
1556725888 0
1556725889 0
1556725890 0
1556725891 0
1556725892 0
1556725893 0
1556725894 0
1556725895 0
1556725896 0
1556725897 0
1556725898 0
1556725899 0
1556725900 0
1556725901 0
1556725902 0
1556725903 0
1556725904 0
1556725905 0
1556725906 0
1556725907 0
1556725908 0
1556725909 0
1556725910 0
1556725911 0
1556725912 0
1556725913 0
1556725914 0
1556725915 0
1556725916 0
1556725917 0
1556725918 0
1556725919 0
1556725920 0
1556725921 0
1556725922 0
1556725923 0
1556725924 0
1556725925 0
1556725926 0
1556725927 0
1556725928 0
1556725929 0
1556725930 0
1556725931 0
1556725932 0
1556725933 0
1556725934 0
1556725935 0
1556725936 0
1556725937 0
1556725938 0
1556725939 0
1556725940 0
1556725941 0
1556725942 0
1556725943 0
1556725944 0
1556725945 0
1556725946 0
1556725947 0
1556725948 0
1556725949 0
1556725950 0
1556725951 0
1556725952 0
1556725953 0
1556725954 0
1556725955 0
1556725956 0
1556725957 0
1556725958 0
1556725959 0
1556725960 0
1556725961 0
1556725962 0
1556725963 0
1556725964 0
1556725965 0
1556725966 0
1556725967 0
1556725968 0
1556725969 0
1556725970 0
1556725971 0
1556725972 0
1556725973 0
1556725974 0
1556725975 0
1556725976 0
1556725977 0
1556725978 0
1556725979 0
1556725980 0
1556725981 0
1556725982 0
1556725983 0
1556725984 0
1556725985 0
1556725986 0
1556725987 0
1556725988 0
1556725989 0
1556725990 0
1556725991 0
1556725992 0
1556725993 0
1556725994 0
1556725995 0
1556725996 0
1556725997 0
1556725998 0
1556725999 0
1556726000 0
1556726001 0
1556726002 0
1556726003 0
1556726004 0
1556726005 0
1556726006 0
1556726007 0
1556726008 0
1556726009 0
1556726010 0
1556726011 0
1556726012 0
1556726013 0
1556726014 0
1556726015 0
1556726016 0
1556726017 0
1556726018 0
1556726019 0
1556726020 0
1556726021 0
1556726022 0
1556726023 0
1556726024 0
1556726025 0
1556726026 0
1556726027 0
1556726028 0
1556726029 0
1556726030 0
1556726031 0
1556726032 0
1556726033 0
1556726034 0
1556726035 0
1556726036 0
1556726037 0
1556726038 0
1556726039 0
1556726040 0
1556726041 0
1556726042 0
1556726043 0
1556726044 0
1556726045 0
1556726046 0
1556726047 0
1556726048 0
1556726049 0
1556726050 0
1556726051 0
1556726052 0
1556726053 0
1556726054 0
1556726055 0
1556726056 0
1556726057 0
1556726058 0
1556726059 0
1556726060 0
1556726061 0
1556726062 0
1556726063 0
1556726064 0
1556726065 0
1556726066 0
1556726067 0
1556726068 0
1556726069 0
1556726070 0
1556726071 0
1556726072 0
1556726073 0
1556726074 0
1556726075 0
1556726076 0
1556726077 0
1556726078 0
1556726079 0
1556726080 0
1556726081 0
1556726082 0
1556726083 0
1556726084 0
1556726085 0
1556726086 0
1556726087 0
1556726088 0
1556726089 0
1556726090 0
1556726091 0
1556726092 0
1556726093 0
1556726094 0
1556726095 0
1556726096 0
1556726097 0
1556726098 0
1556726099 0
1556726100 0
1556726101 0
1556726102 0
1556726103 0
1556726104 0
1556726105 0
1556726106 0
1556726107 0
1556726108 0
1556726109 0
1556726110 0
1556726111 0
1556726112 0
1556726113 0
1556726114 0
1556726115 0
1556726116 0
1556726117 0
1556726118 0
1556726119 0
1556726120 0
1556726121 0
1556726122 0
1556726123 0
1556726124 0
1556726125 0
1556726126 0
1556726127 0
1556726128 0
1556726129 0
1556726130 0
1556726131 0
1556726132 0
1556726133 0
1556726134 0
1556726135 0
1556726136 0
1556726137 0
1556726138 0
1556726139 0
1556726140 0
1556726141 0
1556726142 0
1556726143 0
1556726144 0
1556726145 0
1556726146 0
1556726147 0
1556726148 0
1556726149 0
1556726150 0
1556726151 0
1556726152 0
1556726153 0
1556726154 0
1556726155 0
1556726156 0
1556726157 0
1556726158 0
1556726159 0
1556726160 0
1556726161 0
1556726162 0
1556726163 0
1556726164 0
1556726165 0
1556726166 0
1556726167 0
1556726168 0
1556726169 0
1556726170 0
1556726171 0
1556726172 0
1556726173 0
1556726174 0
1556726175 0
1556726176 0
1556726177 0
1556726178 0
1556726179 0
1556726180 0
1556726181 0
1556726182 0
1556726183 0
1556726184 0
1556726185 0
1556726186 0
1556726187 0
1556726188 0
1556726189 0
1556726190 0
1556726191 0
1556726192 0
1556726193 0
1556726194 0
1556726195 0
1556726196 0
1556726197 0
1556726198 0
1556726199 0
1556726200 0
1556726201 0
1556726202 0
1556726203 0
1556726204 0
1556726205 0
1556726206 0
1556726207 0
1556726208 0
1556726209 0
1556726210 0
1556726211 0
1556726212 0
1556726213 0
1556726214 0
1556726215 0
1556726216 0
1556726217 0
1556726218 0
1556726219 0
1556726220 0
1556726221 0
1556726222 0
1556726223 0
1556726224 0
1556726225 0
1556726226 0
1556726227 0
1556726228 0
1556726229 0
1556726230 0
1556726231 0
1556726232 0
1556726233 0
1556726234 0
1556726235 0
1556726236 0
1556726237 0
1556726238 0
1556726239 0
1556726240 0
1556726241 0
1556726242 0
1556726243 0
1556726244 0
1556726245 0
1556726246 0
1556726247 0
1556726248 0
1556726249 0
1556726250 0
1556726251 0
1556726252 0
1556726253 0
1556726254 0
1556726255 0
1556726256 0
1556726257 0
1556726258 0
1556726259 0
1556726260 0
1556726261 0
1556726262 0
1556726263 0
1556726264 0
1556726265 0
1556726266 0
1556726267 0
1556726268 0
1556726269 0
1556726270 0
1556726271 0
1556726272 0
1556726273 0
1556726274 0
1556726275 0
1556726276 0
1556726277 0
1556726278 0
1556726279 0
1556726280 0
1556726281 0
1556726282 0
1556726283 0
1556726284 0
1556726285 0
1556726286 0
1556726287 0
1556726288 0
1556726289 0
1556726290 0
1556726291 0
1556726292 0
1556726293 0
1556726294 0
1556726295 0
1556726296 0
1556726297 0
1556726298 0
1556726299 0
1556726300 0
1556726301 0
1556726302 0
1556726303 0
1556726304 0
1556726305 0
1556726306 0
1556726307 0
1556726308 0
1556726309 0
1556726310 0
1556726311 0
1556726312 0
1556726313 0
1556726314 0
1556726315 0
1556726316 0
1556726317 0
1556726318 0
1556726319 0
1556726320 0
1556726321 0
1556726322 0
1556726323 0
1556726324 0
1556726325 0
1556726326 0
1556726327 0
1556726328 0
1556726329 0
1556726330 0
1556726331 0
1556726332 0
1556726333 0
1556726334 0
1556726335 0
1556726336 0
1556726337 0
1556726338 0
1556726339 0
1556726340 0
1556726341 0
1556726342 0
1556726343 0
1556726344 0
1556726345 0
1556726346 0
1556726347 0
1556726348 0
1556726349 0
1556726350 0
1556726351 0
1556726352 0
1556726353 0
1556726354 0
1556726355 0
1556726356 0
1556726357 0
1556726358 0
1556726359 0
1556726360 0
1556726361 0
1556726362 0
1556726363 0
1556726364 0
1556726365 0
1556726366 0
1556726367 0
1556726368 0
1556726369 0
1556726370 0
1556726371 0
1556726372 0
1556726373 0
1556726374 0
1556726375 0
1556726376 0
1556726377 0
1556726378 0
1556726379 0
1556726380 0
1556726381 0
1556726382 0
1556726383 0
1556726384 0
1556726385 0
1556726386 0
1556726387 0
1556726388 0
1556726389 0
1556726390 0
1556726391 0
1556726392 0
1556726393 0
1556726394 0
1556726395 0
1556726396 0
1556726397 0
1556726398 0
1556726399 0
1556726400 0
1556726401 0
1556726402 0
1556726403 0
1556726404 0
1556726405 0
1556726406 0
1556726407 0
1556726408 0
1556726409 0
1556726410 0
1556726411 0
1556726412 0
1556726413 0
1556726414 0
1556726415 0
1556726416 0
1556726417 0
1556726418 0
1556726419 0
1556726420 0
1556726421 0
1556726422 0
1556726423 0
1556726424 0
1556726425 0
1556726426 0
1556726427 0
1556726428 0
1556726429 0
1556726430 0
1556726431 0
1556726432 0
1556726433 0
1556726434 0
1556726435 0
1556726436 0
1556726437 0
1556726438 0
1556726439 0
1556726440 0
1556726441 0
1556726442 0
1556726443 0
1556726444 0
1556726445 0
1556726446 0
1556726447 0
1556726448 0
1556726449 0
1556726450 0
1556726451 0
1556726452 0
1556726453 0
1556726454 0
1556726455 0
1556726456 0
1556726457 0
1556726458 0
1556726459 0
1556726460 0
1556726461 0
1556726462 0
1556726463 0
1556726464 0
1556726465 0
1556726466 0
1556726467 0
1556726468 0
1556726469 0
1556726470 0
1556726471 0
1556726472 0
1556726473 0
1556726474 0
1556726475 0
1556726476 0
1556726477 0
1556726478 0
1556726479 0
1556726480 0
1556726481 0
1556726482 0
1556726483 0
1556726484 0
1556726485 0
1556726486 0
1556726487 0
1556726488 0
1556726489 0
1556726490 0
1556726491 0
1556726492 0
1556726493 0
1556726494 0
1556726495 0
1556726496 0
1556726497 0
1556726498 0
1556726499 0
1556726500 0
1556726501 0
1556726502 0
1556726503 0
1556726504 0
1556726505 0
1556726506 0
1556726507 0
1556726508 0
1556726509 0
1556726510 0
1556726511 0
1556726512 0
1556726513 0
1556726514 0
1556726515 0
1556726516 0
1556726517 0
1556726518 0
1556726519 0
1556726520 0
1556726521 0
1556726522 0
1556726523 0
1556726524 0
1556726525 0
1556726526 0
1556726527 0
1556726528 0
1556726529 0
1556726530 0
1556726531 0
1556726532 0
1556726533 0
1556726534 0
1556726535 0
1556726536 0
1556726537 0
1556726538 0
1556726539 0
1556726540 0
1556726541 0
1556726542 0
1556726543 0
1556726544 0
1556726545 0
1556726546 0
1556726547 0
1556726548 0
1556726549 0
1556726550 0
1556726551 0
1556726552 0
1556726553 0
1556726554 0
1556726555 0
1556726556 0
1556726557 0
1556726558 0
1556726559 0
1556726560 0
1556726561 0
1556726562 0
1556726563 0
1556726564 0
1556726565 0
1556726566 0
1556726567 0
1556726568 0
1556726569 0
1556726570 0
1556726571 0
1556726572 0
1556726573 0
1556726574 0
1556726575 0
1556726576 0
1556726577 0
1556726578 0
1556726579 0
1556726580 0
1556726581 0
1556726582 0
1556726583 0
1556726584 0
1556726585 0
1556726586 0
1556726587 0
1556726588 0
1556726589 0
1556726590 0
1556726591 0
1556726592 0
1556726593 0
1556726594 0
1556726595 0
1556726596 0
1556726597 0
1556726598 0
1556726599 0
1556726600 0
1556726601 0
1556726602 0
1556726603 0
1556726604 0
1556726605 0
1556726606 0
1556726607 0
1556726608 0
1556726609 0
1556726610 0
1556726611 0
1556726612 0
1556726613 0
1556726614 0
1556726615 0
1556726616 0
1556726617 0
1556726618 0
1556726619 0
1556726620 0
1556726621 0
1556726622 0
1556726623 0
1556726624 0
1556726625 0
1556726626 0
1556726627 0
1556726628 0
1556726629 0
1556726630 0
1556726631 0
1556726632 0
1556726633 0
1556726634 0
1556726635 0
1556726636 0
1556726637 0
1556726638 0
1556726639 0
1556726640 0
1556726641 0
1556726642 0
1556726643 0
1556726644 0
1556726645 0
1556726646 0
1556726647 0
1556726648 0
1556726649 0
1556726650 0
1556726651 0
1556726652 0
1556726653 0
1556726654 0
1556726655 0
1556726656 0
1556726657 0
1556726658 0
1556726659 0
1556726660 0
1556726661 0
1556726662 0
1556726663 0
1556726664 0
1556726665 0
1556726666 0
1556726667 0
1556726668 0
1556726669 0
1556726670 0
1556726671 0
1556726672 0
1556726673 0
1556726674 0
1556726675 0
1556726676 0
1556726677 0
1556726678 0
1556726679 0
1556726680 0
1556726681 0
1556726682 0
1556726683 0
1556726684 0
1556726685 0
1556726686 0
1556726687 0
1556726688 0
1556726689 0
1556726690 0
1556726691 0
1556726692 0
1556726693 0
1556726694 0
1556726695 0
1556726696 0
1556726697 0
1556726698 0
1556726699 0
1556726700 0
1556726701 0
1556726702 0
1556726703 0
1556726704 0
1556726705 0
1556726706 0
1556726707 0
1556726708 0
1556726709 0
1556726710 0
1556726711 0
1556726712 0
1556726713 0
1556726714 0
1556726715 0
1556726716 0
1556726717 0
1556726718 0
1556726719 0
1556726720 0
1556726721 0
1556726722 0
1556726723 0
1556726724 0
1556726725 0
1556726726 0
1556726727 0
1556726728 0
1556726729 0
1556726730 0
1556726731 0
1556726732 0
1556726733 0
1556726734 0
1556726735 0
1556726736 0
1556726737 0
1556726738 0
1556726739 0
1556726740 0
1556726741 0
1556726742 0
1556726743 0
1556726744 0
1556726745 0
1556726746 0
1556726747 0
1556726748 0
1556726749 0
1556726750 0
1556726751 0
1556726752 0
1556726753 0
1556726754 0
1556726755 0
1556726756 0
1556726757 0
1556726758 0
1556726759 0
1556726760 0
1556726761 0
1556726762 0
1556726763 0
1556726764 0
1556726765 0
1556726766 0
1556726767 0
1556726768 0
1556726769 0
1556726770 0
1556726771 0
1556726772 0
1556726773 0
1556726774 0
1556726775 0
1556726776 0
1556726777 0
1556726778 0
1556726779 0
1556726780 0
1556726781 0
1556726782 0
1556726783 0
1556726784 0
1556726785 0
1556726786 0
1556726787 0
1556726788 0
1556726789 0
1556726790 0
1556726791 0
1556726792 0
1556726793 0
1556726794 0
1556726795 0
1556726796 0
1556726797 0
1556726798 0
1556726799 0
1556726800 0
1556726801 0
1556726802 0
1556726803 0
1556726804 0
1556726805 0
1556726806 0
1556726807 0
1556726808 0
1556726809 0
1556726810 0
1556726811 0
1556726812 0
1556726813 0
1556726814 0
1556726815 0
1556726816 0
1556726817 0
1556726818 0
1556726819 0
1556726820 0
1556726821 0
1556726822 0
1556726823 0
1556726824 0
1556726825 0
1556726826 0
1556726827 0
1556726828 0
1556726829 0
1556726830 0
1556726831 0
1556726832 0
1556726833 0
1556726834 0
1556726835 0
1556726836 0
1556726837 0
1556726838 0
1556726839 0
1556726840 0
1556726841 0
1556726842 0
1556726843 0
1556726844 0
1556726845 0
1556726846 0
1556726847 0
1556726848 0
1556726849 0
1556726850 0
1556726851 0
1556726852 0
1556726853 0
1556726854 0
1556726855 0
1556726856 0
1556726857 0
1556726858 0
1556726859 0
1556726860 0
1556726861 0
1556726862 0
1556726863 0
1556726864 0
1556726865 0
1556726866 0
1556726867 0
1556726868 0
1556726869 0
1556726870 0
1556726871 0
1556726872 0
1556726873 0
1556726874 0
1556726875 0
1556726876 0
1556726877 0
1556726878 0
1556726879 0
1556726880 0
1556726881 0
1556726882 0
1556726883 0
1556726884 0
1556726885 0
1556726886 0
1556726887 0
1556726888 0
1556726889 0
1556726890 0
1556726891 0
1556726892 0
1556726893 0
1556726894 0
1556726895 0
1556726896 0
1556726897 0
1556726898 0
1556726899 0
1556726900 0
1556726901 0
1556726902 0
1556726903 0
1556726904 0
1556726905 0
1556726906 0
1556726907 0
1556726908 0
1556726909 0
1556726910 0
1556726911 0
1556726912 0
1556726913 0
1556726914 0
1556726915 0
1556726916 0
1556726917 0
1556726918 0
1556726919 0
1556726920 0
1556726921 0
1556726922 0
1556726923 0
1556726924 0
1556726925 0
1556726926 0
1556726927 0
1556726928 0
1556726929 0
1556726930 0
1556726931 0
1556726932 0
1556726933 0
1556726934 0
1556726935 0
1556726936 0
1556726937 0
1556726938 0
1556726939 0
1556726940 0
1556726941 0
1556726942 0
1556726943 0
1556726944 0
1556726945 0
1556726946 0
1556726947 0
1556726948 0
1556726949 0
1556726950 0
1556726951 0
1556726952 0
1556726953 0
1556726954 0
1556726955 0
1556726956 0
1556726957 0
1556726958 0
1556726959 0
1556726960 0
1556726961 0
1556726962 0
1556726963 0
1556726964 0
1556726965 0
1556726966 0
1556726967 0
1556726968 0
1556726969 0
1556726970 0
1556726971 0
1556726972 0
1556726973 0
1556726974 0
1556726975 0
1556726976 0
1556726977 0
1556726978 0
1556726979 0
1556726980 0
1556726981 0
1556726982 0
1556726983 0
1556726984 0
1556726985 0
1556726986 0
1556726987 0
1556726988 0
1556726989 0
1556726990 0
1556726991 0
1556726992 0
1556726993 0
1556726994 0
1556726995 0
1556726996 0
1556726997 0
1556726998 0
1556726999 0
1556727000 0
1556727001 0
1556727002 0
1556727003 0
1556727004 0
1556727005 0
1556727006 0
1556727007 0
1556727008 0
1556727009 0
1556727010 0
1556727011 0
1556727012 0
1556727013 0
1556727014 0
1556727015 0
1556727016 0
1556727017 0
1556727018 0
1556727019 0
1556727020 0
1556727021 0
1556727022 0
1556727023 0
1556727024 0
1556727025 0
1556727026 0
1556727027 0
1556727028 0
1556727029 0
1556727030 0
1556727031 0
1556727032 0
1556727033 0
1556727034 0
1556727035 0
1556727036 0
1556727037 0
1556727038 0
1556727039 0
1556727040 0
1556727041 0
1556727042 0
1556727043 0
1556727044 0
1556727045 0
1556727046 0
1556727047 0
1556727048 0
1556727049 0
1556727050 0
1556727051 0
1556727052 0
1556727053 0
1556727054 0
1556727055 0
1556727056 0
1556727057 0
1556727058 0
1556727059 0
1556727060 0
1556727061 0
1556727062 0
1556727063 0
1556727064 0
1556727065 0
1556727066 0
1556727067 0
1556727068 0
1556727069 0
1556727070 0
1556727071 0
1556727072 0
1556727073 0
1556727074 0
1556727075 0
1556727076 0
1556727077 0
1556727078 0
1556727079 0
1556727080 0
1556727081 0
1556727082 0
1556727083 0
1556727084 0
1556727085 0
1556727086 0
1556727087 0
1556727088 0
1556727089 0
1556727090 0
1556727091 0
1556727092 0
1556727093 0
1556727094 0
1556727095 0
1556727096 0
1556727097 0
1556727098 0
1556727099 0
1556727100 0
1556727101 0
1556727102 0
1556727103 0
1556727104 0
1556727105 0
1556727106 0
1556727107 0
1556727108 0
1556727109 0
1556727110 0
1556727111 0
1556727112 0
1556727113 0
1556727114 0
1556727115 0
1556727116 0
1556727117 0
1556727118 0
1556727119 0
1556727120 0
1556727121 0
1556727122 0
1556727123 0
1556727124 0
1556727125 0
1556727126 0
1556727127 0
1556727128 0
1556727129 0
1556727130 0
1556727131 0
1556727132 0
1556727133 0
1556727134 0
1556727135 0
1556727136 0
1556727137 0
1556727138 0
1556727139 0
1556727140 0
1556727141 0
1556727142 0
1556727143 0
1556727144 0
1556727145 0
1556727146 0
1556727147 0
1556727148 0
1556727149 0
1556727150 0
1556727151 0
1556727152 0
1556727153 0
1556727154 0
1556727155 0
1556727156 0
1556727157 0
1556727158 0
1556727159 0
1556727160 0
1556727161 0
1556727162 0
1556727163 0
1556727164 0
1556727165 0
1556727166 0
1556727167 0
1556727168 0
1556727169 0
1556727170 0
1556727171 0
1556727172 0
1556727173 0
1556727174 0
1556727175 0
1556727176 0
1556727177 0
1556727178 0
1556727179 0
1556727180 0
1556727181 0
1556727182 0
1556727183 0
1556727184 0
1556727185 0
1556727186 0
1556727187 0
1556727188 0
1556727189 0
1556727190 0
1556727191 0
1556727192 0
1556727193 0
1556727194 0
1556727195 0
1556727196 0
1556727197 0
1556727198 0
1556727199 0
1556727200 0
1556727201 0
1556727202 0
1556727203 0
1556727204 0
1556727205 0
1556727206 0
1556727207 0
1556727208 0
1556727209 0
1556727210 0
1556727211 0
1556727212 0
1556727213 0
1556727214 0
1556727215 0
1556727216 0
1556727217 0
1556727218 0
1556727219 0
1556727220 0
1556727221 0
1556727222 0
1556727223 0
1556727224 0
1556727225 0
1556727226 0
1556727227 0
1556727228 0
1556727229 0
1556727230 0
1556727231 0
1556727232 0
1556727233 0
1556727234 0
1556727235 0
1556727236 0
1556727237 0
1556727238 0
1556727239 0
1556727240 0
1556727241 0
1556727242 0
1556727243 0
1556727244 0
1556727245 0
1556727246 0
1556727247 0
1556727248 0
1556727249 0
1556727250 0
1556727251 0
1556727252 0
1556727253 0
1556727254 0
1556727255 0
1556727256 0
1556727257 0
1556727258 0
1556727259 0
1556727260 0
1556727261 0
1556727262 0
1556727263 0
1556727264 0
1556727265 0
1556727266 0
1556727267 0
1556727268 0
1556727269 0
1556727270 0
1556727271 0
1556727272 0
1556727273 0
1556727274 0
1556727275 0
1556727276 0
1556727277 0
1556727278 0
1556727279 0
1556727280 0
1556727281 0
1556727282 0
1556727283 0
1556727284 0
1556727285 0
1556727286 0
1556727287 0
1556727288 0
1556727289 0
1556727290 0
1556727291 0
1556727292 0
1556727293 0
1556727294 0
1556727295 0
1556727296 0
1556727297 0
1556727298 0
1556727299 0
1556727300 0
1556727301 0
1556727302 0
1556727303 0
1556727304 0
1556727305 0
1556727306 0
1556727307 0
1556727308 0
1556727309 0
1556727310 0
1556727311 0
1556727312 0
1556727313 0
1556727314 0
1556727315 0
1556727316 0
1556727317 0
1556727318 0
1556727319 0
1556727320 0
1556727321 0
1556727322 0
1556727323 0
1556727324 0
1556727325 0
1556727326 0
1556727327 0
1556727328 0
1556727329 0
1556727330 0
1556727331 0
1556727332 0
1556727333 0
1556727334 0
1556727335 0
1556727336 0
1556727337 0
1556727338 0
1556727339 0
1556727340 0
1556727341 0
1556727342 0
1556727343 0
1556727344 0
1556727345 0
1556727346 0
1556727347 0
1556727348 0
1556727349 0
1556727350 0
1556727351 0
1556727352 0
1556727353 0
1556727354 0
1556727355 0
1556727356 0
1556727357 0
1556727358 0
1556727359 0
1556727360 0
1556727361 0
1556727362 0
1556727363 0
1556727364 0
1556727365 0
1556727366 0
1556727367 0
1556727368 0
1556727369 0
1556727370 0
1556727371 0
1556727372 0
1556727373 0
1556727374 0
1556727375 0
1556727376 0
1556727377 0
1556727378 0
1556727379 0
1556727380 0
1556727381 0
1556727382 0
1556727383 0
1556727384 0
1556727385 0
1556727386 0
1556727387 0
1556727388 0
1556727389 0
1556727390 0
1556727391 0
1556727392 0
1556727393 0
1556727394 0
1556727395 0
1556727396 0
1556727397 0
1556727398 0
1556727399 0
1556727400 0
1556727401 0
1556727402 0
1556727403 0
1556727404 0
1556727405 0
1556727406 0
1556727407 0
1556727408 0
1556727409 0
1556727410 0
1556727411 0
1556727412 0
1556727413 0
1556727414 0
1556727415 0
1556727416 0
1556727417 0
1556727418 0
1556727419 0
1556727420 0
1556727421 0
1556727422 0
1556727423 0
1556727424 0
1556727425 0
1556727426 0
1556727427 0
1556727428 0
1556727429 0
1556727430 0
1556727431 0
1556727432 0
1556727433 0
1556727434 0
1556727435 0
1556727436 0
1556727437 0
1556727438 0
1556727439 0
1556727440 0
1556727441 0
1556727442 0
1556727443 0
1556727444 0
1556727445 0
1556727446 0
1556727447 0
1556727448 0
1556727449 0
1556727450 0
1556727451 0
1556727452 0
1556727453 0
1556727454 0
1556727455 0
1556727456 0
1556727457 0
1556727458 0
1556727459 0
1556727460 0
1556727461 0
1556727462 0
1556727463 0
1556727464 0
1556727465 0
1556727466 0
1556727467 0
1556727468 0
1556727469 0
1556727470 0
1556727471 0
1556727472 0
1556727473 0
1556727474 0
1556727475 0
1556727476 0
1556727477 0
1556727478 0
1556727479 0
1556727480 0
1556727481 0
1556727482 0
1556727483 0
1556727484 0
1556727485 0
1556727486 0
1556727487 0
1556727488 0
1556727489 0
1556727490 0
1556727491 0
1556727492 0
1556727493 0
1556727494 0
1556727495 0
1556727496 0
1556727497 0
1556727498 0
1556727499 0
1556727500 0
1556727501 0
1556727502 0
1556727503 0
1556727504 0
1556727505 0
1556727506 0
1556727507 0
1556727508 0
1556727509 0
1556727510 0
1556727511 0
1556727512 0
1556727513 0
1556727514 0
1556727515 0
1556727516 0
1556727517 0
1556727518 0
1556727519 0
1556727520 0
1556727521 0
1556727522 0
1556727523 0
1556727524 0
1556727525 0
1556727526 0
1556727527 0
1556727528 0
1556727529 0
1556727530 0
1556727531 0
1556727532 0
1556727533 0
1556727534 0
1556727535 0
1556727536 0
1556727537 0
1556727538 0
1556727539 0
1556727540 0
1556727541 0
1556727542 0
1556727543 0
1556727544 0
1556727545 0
1556727546 0
1556727547 0
1556727548 0
1556727549 0
1556727550 0
1556727551 0
1556727552 0
1556727553 0
1556727554 0
1556727555 0
1556727556 0
1556727557 0
1556727558 0
1556727559 0
1556727560 0
1556727561 0
1556727562 0
1556727563 0
1556727564 0
1556727565 0
1556727566 0
1556727567 0
1556727568 0
1556727569 0
1556727570 0
1556727571 0
1556727572 0
1556727573 0
1556727574 0
1556727575 0
1556727576 0
1556727577 0
1556727578 0
1556727579 0
1556727580 0
1556727581 0
1556727582 0
1556727583 0
1556727584 0
1556727585 0
1556727586 0
1556727587 0
1556727588 0
1556727589 0
1556727590 0
1556727591 0
1556727592 0
1556727593 0
1556727594 0
1556727595 0
1556727596 0
1556727597 0
1556727598 0
1556727599 0
1556727600 0
1556727601 0
1556727602 0
1556727603 0
1556727604 0
1556727605 0
1556727606 0
1556727607 0
1556727608 0
1556727609 0
1556727610 0
1556727611 0
1556727612 0
1556727613 0
1556727614 0
1556727615 0
1556727616 0
1556727617 0
1556727618 0
1556727619 0
1556727620 0
1556727621 0
1556727622 0
1556727623 0
1556727624 0
1556727625 0
1556727626 0
1556727627 0
1556727628 0
1556727629 0
1556727630 0
1556727631 0
1556727632 0
1556727633 0
1556727634 0
1556727635 0
1556727636 0
1556727637 0
1556727638 0
1556727639 0
1556727640 0
1556727641 0
1556727642 0
1556727643 0
1556727644 0
1556727645 0
1556727646 0
1556727647 0
1556727648 0
1556727649 0
1556727650 0
1556727651 0
1556727652 0
1556727653 0
1556727654 0
1556727655 0
1556727656 0
1556727657 0
1556727658 0
1556727659 0
1556727660 0
1556727661 0
1556727662 0
1556727663 0
1556727664 0
1556727665 0
1556727666 0
1556727667 0
1556727668 0
1556727669 0
1556727670 0
1556727671 0
1556727672 0
1556727673 0
1556727674 0
1556727675 0
1556727676 0
1556727677 0
1556727678 0
1556727679 0
1556727680 0
1556727681 0
1556727682 0
1556727683 0
1556727684 0
1556727685 0
1556727686 0
1556727687 0
1556727688 0
1556727689 0
1556727690 0
1556727691 0
1556727692 0
1556727693 0
1556727694 0
1556727695 0
1556727696 0
1556727697 0
1556727698 0
1556727699 0
1556727700 0
1556727701 0
1556727702 0
1556727703 0
1556727704 0
1556727705 0
1556727706 0
1556727707 0
1556727708 0
1556727709 0
1556727710 0
1556727711 0
1556727712 0
1556727713 0
1556727714 0
1556727715 0
1556727716 0
1556727717 0
1556727718 0
1556727719 0
1556727720 0
1556727721 0
1556727722 0
1556727723 0
1556727724 0
1556727725 0
1556727726 0
1556727727 0
1556727728 0
1556727729 0
1556727730 0
1556727731 0
1556727732 0
1556727733 0
1556727734 0
1556727735 0
1556727736 0
1556727737 0
1556727738 0
1556727739 0
1556727740 0
1556727741 0
1556727742 0
1556727743 0
1556727744 0
1556727745 0
1556727746 0
1556727747 0
1556727748 0
1556727749 0
1556727750 0
1556727751 0
1556727752 0
1556727753 0
1556727754 0
1556727755 0
1556727756 0
1556727757 0
1556727758 0
1556727759 0
1556727760 0
1556727761 0
1556727762 0
1556727763 0
1556727764 0
1556727765 0
1556727766 0
1556727767 0
1556727768 0
1556727769 0
1556727770 0
1556727771 0
1556727772 0
1556727773 0
1556727774 0
1556727775 0
1556727776 0
1556727777 0
1556727778 0
1556727779 0
1556727780 0
1556727781 0
1556727782 0
1556727783 0
1556727784 0
1556727785 0
1556727786 0
1556727787 0
1556727788 0
1556727789 0
1556727790 0
1556727791 0
1556727792 0
1556727793 0
1556727794 0
1556727795 0
1556727796 0
1556727797 0
1556727798 0
1556727799 0
1556727800 0
1556727801 0
1556727802 0
1556727803 0
1556727804 0
1556727805 0
1556727806 0
1556727807 0
1556727808 0
1556727809 0
1556727810 0
1556727811 0
1556727812 0
1556727813 0
1556727814 0
1556727815 0
1556727816 0
1556727817 0
1556727818 0
1556727819 0
1556727820 0
1556727821 0
1556727822 0
1556727823 0
1556727824 0
1556727825 0
1556727826 0
1556727827 0
1556727828 0
1556727829 0
1556727830 0
1556727831 0
1556727832 0
1556727833 0
1556727834 0
1556727835 0
1556727836 0
1556727837 0
1556727838 0
1556727839 0
1556727840 0
1556727841 0
1556727842 0
1556727843 0
1556727844 0
1556727845 0
1556727846 0
1556727847 0
1556727848 0
1556727849 0
1556727850 0
1556727851 0
1556727852 0
1556727853 0
1556727854 0
1556727855 0
1556727856 0
1556727857 0
1556727858 0
1556727859 0
1556727860 0
1556727861 0
1556727862 0
1556727863 0
1556727864 0
1556727865 0
1556727866 0
1556727867 0
1556727868 0
1556727869 0
1556727870 0
1556727871 0
1556727872 0
1556727873 0
1556727874 0
1556727875 0
1556727876 0
1556727877 0
1556727878 0
1556727879 0
1556727880 0
1556727881 0
1556727882 0
1556727883 0
1556727884 0
1556727885 0
1556727886 0
1556727887 0
1556727888 0
1556727889 0
1556727890 0
1556727891 0
1556727892 0
1556727893 0
1556727894 0
1556727895 0
1556727896 0
1556727897 0
1556727898 0
1556727899 0
1556727900 0
1556727901 0
1556727902 0
1556727903 0
1556727904 0
1556727905 0
1556727906 0
1556727907 0
1556727908 0
1556727909 0
1556727910 0
1556727911 0
1556727912 0
1556727913 0
1556727914 0
1556727915 0
1556727916 0
1556727917 0
1556727918 0
1556727919 0
1556727920 0
1556727921 0
1556727922 0
1556727923 0
1556727924 0
1556727925 0
1556727926 0
1556727927 0
1556727928 0
1556727929 0
1556727930 0
1556727931 0
1556727932 0
1556727933 0
1556727934 0
1556727935 0
1556727936 0
1556727937 0
1556727938 0
1556727939 0
1556727940 0
1556727941 0
1556727942 0
1556727943 0
1556727944 0
1556727945 0
1556727946 0
1556727947 0
1556727948 0
1556727949 0
1556727950 0
1556727951 0
1556727952 0
1556727953 0
1556727954 0
1556727955 0
1556727956 0
1556727957 0
1556727958 0
1556727959 0
1556727960 0
1556727961 0
1556727962 0
1556727963 0
1556727964 0
1556727965 0
1556727966 0
1556727967 0
1556727968 0
1556727969 0
1556727970 0
1556727971 0
1556727972 0
1556727973 0
1556727974 0
1556727975 0
1556727976 0
1556727977 0
1556727978 0
1556727979 0
1556727980 0
1556727981 0
1556727982 0
1556727983 0
1556727984 0
1556727985 0
1556727986 0
1556727987 0
1556727988 0
1556727989 0
1556727990 0
1556727991 0
1556727992 0
1556727993 0
1556727994 0
1556727995 0
1556727996 0
1556727997 0
1556727998 0
1556727999 0
1556728000 0
1556728001 0
1556728002 0
1556728003 0
1556728004 0
1556728005 0
1556728006 0
1556728007 0
1556728008 0
1556728009 0
1556728010 0
1556728011 0
1556728012 0
1556728013 0
1556728014 0
1556728015 0
1556728016 0
1556728017 0
1556728018 0
1556728019 0
1556728020 0
1556728021 0
1556728022 0
1556728023 0
1556728024 0
1556728025 0
1556728026 0
1556728027 0
1556728028 0
1556728029 0
1556728030 0
1556728031 0
1556728032 0
1556728033 0
1556728034 0
1556728035 0
1556728036 0
1556728037 0
1556728038 0
1556728039 0
1556728040 0
1556728041 0
1556728042 0
1556728043 0
1556728044 0
1556728045 0
1556728046 0
1556728047 0
1556728048 0
1556728049 0
1556728050 0
1556728051 0
1556728052 0
1556728053 0
1556728054 0
1556728055 0
1556728056 0
1556728057 0
1556728058 0
1556728059 0
1556728060 0
1556728061 0
1556728062 0
1556728063 0
1556728064 0
1556728065 0
1556728066 0
1556728067 0
1556728068 0
1556728069 0
1556728070 0
1556728071 0
1556728072 0
1556728073 0
1556728074 0
1556728075 0
1556728076 0
1556728077 0
1556728078 0
1556728079 0
1556728080 0
1556728081 0
1556728082 0
1556728083 0
1556728084 0
1556728085 0
1556728086 0
1556728087 0
1556728088 0
1556728089 0
1556728090 0
1556728091 0
1556728092 0
1556728093 0
1556728094 0
1556728095 0
1556728096 0
1556728097 0
1556728098 0
1556728099 0
1556728100 0
1556728101 0
1556728102 0
1556728103 0
1556728104 0
1556728105 0
1556728106 0
1556728107 0
1556728108 0
1556728109 0
1556728110 0
1556728111 0
1556728112 0
1556728113 0
1556728114 0
1556728115 0
1556728116 0
1556728117 0
1556728118 0
1556728119 0
1556728120 0
1556728121 0
1556728122 0
1556728123 0
1556728124 0
1556728125 0
1556728126 0
1556728127 0
1556728128 0
1556728129 0
1556728130 0
1556728131 0
1556728132 0
1556728133 0
1556728134 0
1556728135 0
1556728136 0
1556728137 0
1556728138 0
1556728139 0
1556728140 0
1556728141 0
1556728142 0
1556728143 0
1556728144 0
1556728145 0
1556728146 0
1556728147 0
1556728148 0
1556728149 0
1556728150 0
1556728151 0
1556728152 0
1556728153 0
1556728154 0
1556728155 0
1556728156 0
1556728157 0
1556728158 0
1556728159 0
1556728160 0
1556728161 0
1556728162 0
1556728163 0
1556728164 0
1556728165 0
1556728166 0
1556728167 0
1556728168 0
1556728169 0
1556728170 0
1556728171 0
1556728172 0
1556728173 0
1556728174 0
1556728175 0
1556728176 0
1556728177 0
1556728178 0
1556728179 0
1556728180 0
1556728181 0
1556728182 0
1556728183 0
1556728184 0
1556728185 0
1556728186 0
1556728187 0
1556728188 0
1556728189 0
1556728190 0
1556728191 0
1556728192 0
1556728193 0
1556728194 0
1556728195 0
1556728196 0
1556728197 0
1556728198 0
1556728199 0
1556728200 0
1556728201 0
1556728202 0
1556728203 0
1556728204 0
1556728205 0
1556728206 0
1556728207 0
1556728208 0
1556728209 0
1556728210 0
1556728211 0
1556728212 0
1556728213 0
1556728214 0
1556728215 0
1556728216 0
1556728217 0
1556728218 0
1556728219 0
1556728220 0
1556728221 0
1556728222 0
1556728223 0
1556728224 0
1556728225 0
1556728226 0
1556728227 0
1556728228 0
1556728229 0
1556728230 0
1556728231 0
1556728232 0
1556728233 0
1556728234 0
1556728235 0
1556728236 0
1556728237 0
1556728238 0
1556728239 0
1556728240 0
1556728241 0
1556728242 0
1556728243 0
1556728244 0
1556728245 0
1556728246 0
1556728247 0
1556728248 0
1556728249 0
1556728250 0
1556728251 0
1556728252 0
1556728253 0
1556728254 0
1556728255 0
1556728256 0
1556728257 0
1556728258 0
1556728259 0
1556728260 0
1556728261 0
1556728262 0
1556728263 0
1556728264 0
1556728265 0
1556728266 0
1556728267 0
1556728268 0
1556728269 0
1556728270 0
1556728271 0
1556728272 0
1556728273 0
1556728274 0
1556728275 0
1556728276 0
1556728277 0
1556728278 0
1556728279 0
1556728280 0
1556728281 0
1556728282 0
1556728283 0
1556728284 0
1556728285 0
1556728286 0
1556728287 0
1556728288 0
1556728289 0
1556728290 0
1556728291 0
1556728292 0
1556728293 0
1556728294 0
1556728295 0
1556728296 0
1556728297 0
1556728298 0
1556728299 0
1556728300 0
1556728301 0
1556728302 0
1556728303 0
1556728304 0
1556728305 0
1556728306 0
1556728307 0
1556728308 0
1556728309 0
1556728310 0
1556728311 0
1556728312 0
1556728313 0
1556728314 0
1556728315 0
1556728316 0
1556728317 0
1556728318 0
1556728319 0
1556728320 0
1556728321 0
1556728322 0
1556728323 0
1556728324 0
1556728325 0
1556728326 0
1556728327 0
1556728328 0
1556728329 0
1556728330 0
1556728331 0
1556728332 0
1556728333 0
1556728334 0
1556728335 0
1556728336 0
1556728337 0
1556728338 0
1556728339 0
1556728340 0
1556728341 0
1556728342 0
1556728343 0
1556728344 0
1556728345 0
1556728346 0
1556728347 0
1556728348 0
1556728349 0
1556728350 0
1556728351 0
1556728352 0
1556728353 0
1556728354 0
1556728355 0
1556728356 0
1556728357 0
1556728358 0
1556728359 0
1556728360 0
1556728361 0
1556728362 0
1556728363 0
1556728364 0
1556728365 0
1556728366 0
1556728367 0
1556728368 0
1556728369 0
1556728370 0
1556728371 0
1556728372 0
1556728373 0
1556728374 0
1556728375 0
1556728376 0
1556728377 0
1556728378 0
1556728379 0
1556728380 0
1556728381 0
1556728382 0
1556728383 0
1556728384 0
1556728385 0
1556728386 0
1556728387 0
1556728388 0
1556728389 0
1556728390 0
1556728391 0
1556728392 0
1556728393 0
1556728394 0
1556728395 0
1556728396 0
1556728397 0
1556728398 0
1556728399 0
1556728400 0
1556728401 0
1556728402 0
1556728403 0
1556728404 0
1556728405 0
1556728406 0
1556728407 0
1556728408 0
1556728409 0
1556728410 0
1556728411 0
1556728412 0
1556728413 0
1556728414 0
1556728415 0
1556728416 0
1556728417 0
1556728418 0
1556728419 0
1556728420 0
1556728421 0
1556728422 0
1556728423 0
1556728424 0
1556728425 0
1556728426 0
1556728427 0
1556728428 0
1556728429 0
1556728430 0
1556728431 0
1556728432 0
1556728433 0
1556728434 0
1556728435 0
1556728436 0
1556728437 0
1556728438 0
1556728439 0
1556728440 0
1556728441 0
1556728442 0
1556728443 0
1556728444 0
1556728445 0
1556728446 0
1556728447 0
1556728448 0
1556728449 0
1556728450 0
1556728451 0
1556728452 0
1556728453 0
1556728454 0
1556728455 0
1556728456 0
1556728457 0
1556728458 0
1556728459 0
1556728460 0
1556728461 0
1556728462 0
1556728463 0
1556728464 0
1556728465 0
1556728466 0
1556728467 0
1556728468 0
1556728469 0
1556728470 0
1556728471 0
1556728472 0
1556728473 0
1556728474 0
1556728475 0
1556728476 0
1556728477 0
1556728478 0
1556728479 0
1556728480 0
1556728481 0
1556728482 0
1556728483 0
1556728484 0
1556728485 0
1556728486 0
1556728487 0
1556728488 0
1556728489 0
1556728490 0
1556728491 0
1556728492 0
1556728493 0
1556728494 0
1556728495 0
1556728496 0
1556728497 0
1556728498 0
1556728499 0
1556728500 0
1556728501 0
1556728502 0
1556728503 0
1556728504 0
1556728505 0
1556728506 0
1556728507 0
1556728508 0
1556728509 0
1556728510 0
1556728511 0
1556728512 0
1556728513 0
1556728514 0
1556728515 0
1556728516 0
1556728517 0
1556728518 0
1556728519 0
1556728520 0
1556728521 0
1556728522 0
1556728523 0
1556728524 0
1556728525 0
1556728526 0
1556728527 0
1556728528 0
1556728529 0
1556728530 0
1556728531 0
1556728532 0
1556728533 0
1556728534 0
1556728535 0
1556728536 0
1556728537 0
1556728538 0
1556728539 0
1556728540 0
1556728541 0
1556728542 0
1556728543 0
1556728544 0
1556728545 0
1556728546 0
1556728547 0
1556728548 0
1556728549 0
1556728550 0
1556728551 0
1556728552 0
1556728553 0
1556728554 0
1556728555 0
1556728556 0
1556728557 0
1556728558 0
1556728559 0
1556728560 0
1556728561 0
1556728562 0
1556728563 0
1556728564 0
1556728565 0
1556728566 0
1556728567 0
1556728568 0
1556728569 0
1556728570 0
1556728571 0
1556728572 0
1556728573 0
1556728574 0
1556728575 0
1556728576 0
1556728577 0
1556728578 0
1556728579 0
1556728580 0
1556728581 0
1556728582 0
1556728583 0
1556728584 0
1556728585 0
1556728586 0
1556728587 0
1556728588 0
1556728589 0
1556728590 0
1556728591 0
1556728592 0
1556728593 0
1556728594 0
1556728595 0
1556728596 0
1556728597 0
1556728598 0
1556728599 0
1556728600 0
1556728601 0
1556728602 0
1556728603 0
1556728604 0
1556728605 0
1556728606 0
1556728607 0
1556728608 0
1556728609 0
1556728610 0
1556728611 0
1556728612 0
1556728613 0
1556728614 0
1556728615 0
1556728616 0
1556728617 0
1556728618 0
1556728619 0
1556728620 0
1556728621 0
1556728622 0
1556728623 0
1556728624 0
1556728625 0
1556728626 0
1556728627 0
1556728628 0
1556728629 0
1556728630 0
1556728631 0
1556728632 0
1556728633 0
1556728634 0
1556728635 0
1556728636 0
1556728637 0
1556728638 0
1556728639 0
1556728640 0
1556728641 0
1556728642 0
1556728643 0
1556728644 0
1556728645 0
1556728646 0
1556728647 0
1556728648 0
1556728649 0
1556728650 0
1556728651 0
1556728652 0
1556728653 0
1556728654 0
1556728655 0
1556728656 0
1556728657 0
1556728658 0
1556728659 0
1556728660 0
1556728661 0
1556728662 0
1556728663 0
1556728664 0
1556728665 0
1556728666 0
1556728667 0
1556728668 0
1556728669 0
1556728670 0
1556728671 0
1556728672 0
1556728673 0
1556728674 0
1556728675 0
1556728676 0
1556728677 0
1556728678 0
1556728679 0
1556728680 0
1556728681 0
1556728682 0
1556728683 0
1556728684 0
1556728685 0
1556728686 0
1556728687 0
1556728688 0
1556728689 0
1556728690 0
1556728691 0
1556728692 0
1556728693 0
1556728694 0
1556728695 0
1556728696 0
1556728697 0
1556728698 0
1556728699 0
1556728700 0
1556728701 0
1556728702 0
1556728703 0
1556728704 0
1556728705 0
1556728706 0
1556728707 0
1556728708 0
1556728709 0
1556728710 0
1556728711 0
1556728712 0
1556728713 0
1556728714 0
1556728715 0
1556728716 0
1556728717 0
1556728718 0
1556728719 0
1556728720 0
1556728721 0
1556728722 0
1556728723 0
1556728724 0
1556728725 0
1556728726 0
1556728727 0
1556728728 0
1556728729 0
1556728730 0
1556728731 0
1556728732 0
1556728733 0
1556728734 0
1556728735 0
1556728736 0
1556728737 0
1556728738 0
1556728739 0
1556728740 0
1556728741 0
1556728742 0
1556728743 0
1556728744 0
1556728745 0
1556728746 0
1556728747 0
1556728748 0
1556728749 0
1556728750 0
1556728751 0
1556728752 0
1556728753 0
1556728754 0
1556728755 0
1556728756 0
1556728757 0
1556728758 0
1556728759 0
1556728760 0
1556728761 0
1556728762 0
1556728763 0
1556728764 0
1556728765 0
1556728766 0
1556728767 0
1556728768 0
1556728769 0
1556728770 0
1556728771 0
1556728772 0
1556728773 0
1556728774 0
1556728775 0
1556728776 0
1556728777 0
1556728778 0
1556728779 0
1556728780 0
1556728781 0
1556728782 0
1556728783 0
1556728784 0
1556728785 0
1556728786 0
1556728787 0
1556728788 0
1556728789 0
1556728790 0
1556728791 0
1556728792 0
1556728793 0
1556728794 0
1556728795 0
1556728796 0
1556728797 0
1556728798 0
1556728799 0
1556728800 0
1556728801 0
1556728802 0
1556728803 0
1556728804 0
1556728805 0
1556728806 0
1556728807 0
1556728808 0
1556728809 0
1556728810 0
1556728811 0
1556728812 0
1556728813 0
1556728814 0
1556728815 0
1556728816 0
1556728817 0
1556728818 0
1556728819 0
1556728820 0
1556728821 0
1556728822 0
1556728823 0
1556728824 0
1556728825 0
1556728826 0
1556728827 0
1556728828 0
1556728829 0
1556728830 0
1556728831 0
1556728832 0
1556728833 0
1556728834 0
1556728835 0
1556728836 0
1556728837 0
1556728838 0
1556728839 0
1556728840 0
1556728841 0
1556728842 0
1556728843 0
1556728844 0
1556728845 0
1556728846 0
1556728847 0
1556728848 0
1556728849 0
1556728850 0
1556728851 0
1556728852 0
1556728853 0
1556728854 0
1556728855 0
1556728856 0
1556728857 0
1556728858 0
1556728859 0
1556728860 0
1556728861 0
1556728862 0
1556728863 0
1556728864 0
1556728865 0
1556728866 0
1556728867 0
1556728868 0
1556728869 0
1556728870 0
1556728871 0
1556728872 0
1556728873 0
1556728874 0
1556728875 0
1556728876 0
1556728877 0
1556728878 0
1556728879 0
1556728880 0
1556728881 0
1556728882 0
1556728883 0
1556728884 0
1556728885 0
1556728886 0
1556728887 0
1556728888 0
1556728889 0
1556728890 0
1556728891 0
1556728892 0
1556728893 0
1556728894 0
1556728895 0
1556728896 0
1556728897 0
1556728898 0
1556728899 0
1556728900 0
1556728901 0
1556728902 0
1556728903 0
1556728904 0
1556728905 0
1556728906 0
1556728907 0
1556728908 0
1556728909 0
1556728910 0
1556728911 0
1556728912 0
1556728913 0
1556728914 0
1556728915 0
1556728916 0
1556728917 0
1556728918 0
1556728919 0
1556728920 0
1556728921 0
1556728922 0
1556728923 0
1556728924 0
1556728925 0
1556728926 0
1556728927 0
1556728928 0
1556728929 0
1556728930 0
1556728931 0
1556728932 0
1556728933 0
1556728934 0
1556728935 0
1556728936 0
1556728937 0
1556728938 0
1556728939 0
1556728940 0
1556728941 0
1556728942 0
1556728943 0
1556728944 0
1556728945 0
1556728946 0
1556728947 0
1556728948 0
1556728949 0
1556728950 0
1556728951 0
1556728952 0
1556728953 0
1556728954 0
1556728955 0
1556728956 0
1556728957 0
1556728958 0
1556728959 0
1556728960 0
1556728961 0
1556728962 0
1556728963 0
1556728964 0
1556728965 0
1556728966 0
1556728967 0
1556728968 0
1556728969 0
1556728970 0
1556728971 0
1556728972 0
1556728973 0
1556728974 0
1556728975 0
1556728976 0
1556728977 0
1556728978 0
1556728979 0
1556728980 0
1556728981 0
1556728982 0
1556728983 0
1556728984 0
1556728985 0
1556728986 0
1556728987 0
1556728988 0
1556728989 0
1556728990 0
1556728991 0
1556728992 0
1556728993 0
1556728994 0
1556728995 0
1556728996 0
1556728997 0
1556728998 0
1556728999 0
1556729000 0
1556729001 0
1556729002 0
1556729003 0
1556729004 0
1556729005 0
1556729006 0
1556729007 0
1556729008 0
1556729009 0
1556729010 0
1556729011 0
1556729012 0
1556729013 0
1556729014 0
1556729015 0
1556729016 0
1556729017 0
1556729018 0
1556729019 0
1556729020 0
1556729021 0
1556729022 0
1556729023 0
1556729024 0
1556729025 0
1556729026 0
1556729027 0
1556729028 0
1556729029 0
1556729030 0
1556729031 0
1556729032 0
1556729033 0
1556729034 0
1556729035 0
1556729036 0
1556729037 0
1556729038 0
1556729039 0
1556729040 0
1556729041 0
1556729042 0
1556729043 0
1556729044 0
1556729045 0
1556729046 0
1556729047 0
1556729048 0
1556729049 0
1556729050 0
1556729051 0
1556729052 0
1556729053 0
1556729054 0
1556729055 0
1556729056 0
1556729057 0
1556729058 0
1556729059 0
1556729060 0
1556729061 0
1556729062 0
1556729063 0
1556729064 0
1556729065 0
1556729066 0
1556729067 0
1556729068 0
1556729069 0
1556729070 0
1556729071 0
1556729072 0
1556729073 0
1556729074 0
1556729075 0
1556729076 0
1556729077 0
1556729078 0
1556729079 0
1556729080 0
1556729081 0
1556729082 0
1556729083 0
1556729084 0
1556729085 0
1556729086 0
1556729087 0
1556729088 0
1556729089 0
1556729090 0
1556729091 0
1556729092 0
1556729093 0
1556729094 0
1556729095 0
1556729096 0
1556729097 0
1556729098 0
1556729099 0
1556729100 0
1556729101 0
1556729102 0
1556729103 0
1556729104 0
1556729105 0
1556729106 0
1556729107 0
1556729108 0
1556729109 0
1556729110 0
1556729111 0
1556729112 0
1556729113 0
1556729114 0
1556729115 0
1556729116 0
1556729117 0
1556729118 0
1556729119 0
1556729120 0
1556729121 0
1556729122 0
1556729123 0
1556729124 0
1556729125 0
1556729126 0
1556729127 0
1556729128 0
1556729129 0
1556729130 0
1556729131 0
1556729132 0
1556729133 0
1556729134 0
1556729135 0
1556729136 0
1556729137 0
1556729138 0
1556729139 0
1556729140 0
1556729141 0
1556729142 0
1556729143 0
1556729144 0
1556729145 0
1556729146 0
1556729147 0
1556729148 0
1556729149 0
1556729150 0
1556729151 0
1556729152 0
1556729153 0
1556729154 0
1556729155 0
1556729156 0
1556729157 0
1556729158 0
1556729159 0
1556729160 0
1556729161 0
1556729162 0
1556729163 0
1556729164 0
1556729165 0
1556729166 0
1556729167 0
1556729168 0
1556729169 0
1556729170 0
1556729171 0
1556729172 0
1556729173 0
1556729174 0
1556729175 0
1556729176 0
1556729177 0
1556729178 0
1556729179 0
1556729180 0
1556729181 0
1556729182 0
1556729183 0
1556729184 0
1556729185 0
1556729186 0
1556729187 0
1556729188 0
1556729189 0
1556729190 0
1556729191 0
1556729192 0
1556729193 0
1556729194 0
1556729195 0
1556729196 0
1556729197 0
1556729198 0
1556729199 0
1556729200 0
1556729201 0
1556729202 0
1556729203 0
1556729204 0
1556729205 0
1556729206 0
1556729207 0
1556729208 0
1556729209 0
1556729210 0
1556729211 0
1556729212 0
1556729213 0
1556729214 0
1556729215 0
1556729216 0
1556729217 0
1556729218 0
1556729219 0
1556729220 0
1556729221 0
1556729222 0
1556729223 0
1556729224 0
1556729225 0
1556729226 0
1556729227 0
1556729228 0
1556729229 0
1556729230 0
1556729231 0
1556729232 0
1556729233 0
1556729234 0
1556729235 0
1556729236 0
1556729237 0
1556729238 0
1556729239 0
1556729240 0
1556729241 0
1556729242 0
1556729243 0
1556729244 0
1556729245 0
1556729246 0
1556729247 0
1556729248 0
1556729249 0
1556729250 0
1556729251 0
1556729252 0
1556729253 0
1556729254 0
1556729255 0
1556729256 0
1556729257 0
1556729258 0
1556729259 0
1556729260 0
1556729261 0
1556729262 0
1556729263 0
1556729264 0
1556729265 0
1556729266 0
1556729267 0
1556729268 0
1556729269 0
1556729270 0
1556729271 0
1556729272 0
1556729273 0
1556729274 0
1556729275 0
1556729276 0
1556729277 0
1556729278 0
1556729279 0
1556729280 0
1556729281 0
1556729282 0
1556729283 0
1556729284 0
1556729285 0
1556729286 0
1556729287 0
1556729288 0
1556729289 0
1556729290 0
1556729291 0
1556729292 0
1556729293 0
1556729294 0
1556729295 0
1556729296 0
1556729297 0
1556729298 0
1556729299 0
1556729300 0
1556729301 0
1556729302 0
1556729303 0
1556729304 0
1556729305 0
1556729306 0
1556729307 0
1556729308 0
1556729309 0
1556729310 0
1556729311 0
1556729312 0
1556729313 0
1556729314 0
1556729315 0
1556729316 0
1556729317 0
1556729318 0
1556729319 0
1556729320 0
1556729321 0
1556729322 0
1556729323 0
1556729324 0
1556729325 0
1556729326 0
1556729327 0
1556729328 0
1556729329 0
1556729330 0
1556729331 0
1556729332 0
1556729333 0
1556729334 0
1556729335 0
1556729336 0
1556729337 0
1556729338 0
1556729339 0
1556729340 0
1556729341 0
1556729342 0
1556729343 0
1556729344 0
1556729345 0
1556729346 0
1556729347 0
1556729348 0
1556729349 0
1556729350 0
1556729351 0
1556729352 0
1556729353 0
1556729354 0
1556729355 0
1556729356 0
1556729357 0
1556729358 0
1556729359 0
1556729360 0
1556729361 0
1556729362 0
1556729363 0
1556729364 0
1556729365 0
1556729366 0
1556729367 0
1556729368 0
1556729369 0
1556729370 0
1556729371 0
1556729372 0
1556729373 0
1556729374 0
1556729375 0
1556729376 0
1556729377 0
1556729378 0
1556729379 0
1556729380 0
1556729381 0
1556729382 0
1556729383 0
1556729384 0
1556729385 0
1556729386 0
1556729387 0
1556729388 0
1556729389 0
1556729390 0
1556729391 0
1556729392 0
1556729393 0
1556729394 0
1556729395 0
1556729396 0
1556729397 0
1556729398 0
1556729399 0
1556729400 0
1556729401 0
1556729402 0
1556729403 0
1556729404 0
1556729405 0
1556729406 0
1556729407 0
1556729408 0
1556729409 0
1556729410 0
1556729411 0
1556729412 0
1556729413 0
1556729414 0
1556729415 0
1556729416 0
1556729417 0
1556729418 0
1556729419 0
1556729420 0
1556729421 0
1556729422 0
1556729423 0
1556729424 0
1556729425 0
1556729426 0
1556729427 0
1556729428 0
1556729429 0
1556729430 0
1556729431 0
1556729432 0
1556729433 0
1556729434 0
1556729435 0
1556729436 0
1556729437 0
1556729438 0
1556729439 0
1556729440 0
1556729441 0
1556729442 0
1556729443 0
1556729444 0
1556729445 0
1556729446 0
1556729447 0
1556729448 0
1556729449 0
1556729450 0
1556729451 0
1556729452 0
1556729453 0
1556729454 0
1556729455 0
1556729456 0
1556729457 0
1556729458 0
1556729459 0
1556729460 0
1556729461 0
1556729462 0
1556729463 0
1556729464 0
1556729465 0
1556729466 0
1556729467 0
1556729468 0
1556729469 0
1556729470 0
1556729471 0
1556729472 0
1556729473 0
1556729474 0
1556729475 0
1556729476 0
1556729477 0
1556729478 0
1556729479 0
1556729480 0
1556729481 0
1556729482 0
1556729483 0
1556729484 0
1556729485 0
1556729486 0
1556729487 0
1556729488 0
1556729489 0
1556729490 0
1556729491 0
1556729492 0
1556729493 0
1556729494 0
1556729495 0
1556729496 0
1556729497 0
1556729498 0
1556729499 0
1556729500 0
1556729501 0
1556729502 0
1556729503 0
1556729504 0
1556729505 0
1556729506 0
1556729507 0
1556729508 0
1556729509 0
1556729510 0
1556729511 0
1556729512 0
1556729513 0
1556729514 0
1556729515 0
1556729516 0
1556729517 0
1556729518 0
1556729519 0
1556729520 0
1556729521 0
1556729522 0
1556729523 0
1556729524 0
1556729525 0
1556729526 0
1556729527 0
1556729528 0
1556729529 0
1556729530 0
1556729531 0
1556729532 0
1556729533 0
1556729534 0
1556729535 0
1556729536 0
1556729537 0
1556729538 0
1556729539 0
1556729540 0
1556729541 0
1556729542 0
1556729543 0
1556729544 0
1556729545 0
1556729546 0
1556729547 0
1556729548 0
1556729549 0
1556729550 0
1556729551 0
1556729552 0
1556729553 0
1556729554 0
1556729555 0
1556729556 0
1556729557 0
1556729558 0
1556729559 0
1556729560 0
1556729561 0
1556729562 0
1556729563 0
1556729564 0
1556729565 0
1556729566 0
1556729567 0
1556729568 0
1556729569 0
1556729570 0
1556729571 0
1556729572 0
1556729573 0
1556729574 0
1556729575 0
1556729576 0
1556729577 0
1556729578 0
1556729579 0
1556729580 0
1556729581 0
1556729582 0
1556729583 0
1556729584 0
1556729585 0
1556729586 0
1556729587 0
1556729588 0
1556729589 0
1556729590 0
1556729591 0
1556729592 0
1556729593 0
1556729594 0
1556729595 0
1556729596 0
1556729597 0
1556729598 0
1556729599 0
1556729600 0
1556729601 0
1556729602 0
1556729603 0
1556729604 0
1556729605 0
1556729606 0
1556729607 0
1556729608 0
1556729609 0
1556729610 0
1556729611 0
1556729612 0
1556729613 0
1556729614 0
1556729615 0
1556729616 0
1556729617 0
1556729618 0
1556729619 0
1556729620 0
1556729621 0
1556729622 0
1556729623 0
1556729624 0
1556729625 0
1556729626 0
1556729627 0
1556729628 0
1556729629 0
1556729630 0
1556729631 0
1556729632 0
1556729633 0
1556729634 0
1556729635 0
1556729636 0
1556729637 0
1556729638 0
1556729639 0
1556729640 0
1556729641 0
1556729642 0
1556729643 0
1556729644 0
1556729645 0
1556729646 0
1556729647 0
1556729648 0
1556729649 0
1556729650 0
1556729651 0
1556729652 0
1556729653 0
1556729654 0
1556729655 0
1556729656 0
1556729657 0
1556729658 0
1556729659 0
1556729660 0
1556729661 0
1556729662 0
1556729663 0
1556729664 0
1556729665 0
1556729666 0
1556729667 0
1556729668 0
1556729669 0
1556729670 0
1556729671 0
1556729672 0
1556729673 0
1556729674 0
1556729675 0
1556729676 0
1556729677 0
1556729678 0
1556729679 0
1556729680 0
1556729681 0
1556729682 0
1556729683 0
1556729684 0
1556729685 0
1556729686 0
1556729687 0
1556729688 0
1556729689 0
1556729690 0
1556729691 0
1556729692 0
1556729693 0
1556729694 0
1556729695 0
1556729696 0
1556729697 0
1556729698 0
1556729699 0
1556729700 0
1556729701 0
1556729702 0
1556729703 0
1556729704 0
1556729705 0
1556729706 0
1556729707 0
1556729708 0
1556729709 0
1556729710 0
1556729711 0
1556729712 0
1556729713 0
1556729714 0
1556729715 0
1556729716 0
1556729717 0
1556729718 0
1556729719 0
1556729720 0
1556729721 0
1556729722 0
1556729723 0
1556729724 0
1556729725 0
1556729726 0
1556729727 0
1556729728 0
1556729729 0
1556729730 0
1556729731 0
1556729732 0
1556729733 0
1556729734 0
1556729735 0
1556729736 0
1556729737 0
1556729738 0
1556729739 0
1556729740 0
1556729741 0
1556729742 0
1556729743 0
1556729744 0
1556729745 0
1556729746 0
1556729747 0
1556729748 0
1556729749 0
1556729750 0
1556729751 0
1556729752 0
1556729753 0
1556729754 0
1556729755 0
1556729756 0
1556729757 0
1556729758 0
1556729759 0
1556729760 0
1556729761 0
1556729762 0
1556729763 0
1556729764 0
1556729765 0
1556729766 0
1556729767 0
1556729768 0
1556729769 0
1556729770 0
1556729771 0
1556729772 0
1556729773 0
1556729774 0
1556729775 0
1556729776 0
1556729777 0
1556729778 0
1556729779 0
1556729780 0
1556729781 0
1556729782 0
1556729783 0
1556729784 0
1556729785 0
1556729786 0
1556729787 0
1556729788 0
1556729789 0
1556729790 0
1556729791 0
1556729792 0
1556729793 0
1556729794 0
1556729795 0
1556729796 0
1556729797 0
1556729798 0
1556729799 0
1556729800 0
1556729801 0
1556729802 0
1556729803 0
1556729804 0
1556729805 0
1556729806 0
1556729807 0
1556729808 0
1556729809 0
1556729810 0
1556729811 0
1556729812 0
1556729813 0
1556729814 0
1556729815 0
1556729816 0
1556729817 0
1556729818 0
1556729819 0
1556729820 0
1556729821 0
1556729822 0
1556729823 0
1556729824 0
1556729825 0
1556729826 0
1556729827 0
1556729828 0
1556729829 0
1556729830 0
1556729831 0
1556729832 0
1556729833 0
1556729834 0
1556729835 0
1556729836 0
1556729837 0
1556729838 0
1556729839 0
1556729840 0
1556729841 0
1556729842 0
1556729843 0
1556729844 0
1556729845 0
1556729846 0
1556729847 0
1556729848 0
1556729849 0
1556729850 0
1556729851 0
1556729852 0
1556729853 0
1556729854 0
1556729855 0
1556729856 0
1556729857 0
1556729858 0
1556729859 0
1556729860 0
1556729861 0
1556729862 0
1556729863 0
1556729864 0
1556729865 0
1556729866 0
1556729867 0
1556729868 0
1556729869 0
1556729870 0
1556729871 0
1556729872 0
1556729873 0
1556729874 0
1556729875 0
1556729876 0
1556729877 0
1556729878 0
1556729879 0
1556729880 0
1556729881 0
1556729882 0
1556729883 0
1556729884 0
1556729885 0
1556729886 0
1556729887 0
1556729888 0
1556729889 0
1556729890 0
1556729891 0
1556729892 0
1556729893 0
1556729894 0
1556729895 0
1556729896 0
1556729897 0
1556729898 0
1556729899 0
1556729900 0
1556729901 0
1556729902 0
1556729903 0
1556729904 0
1556729905 0
1556729906 0
1556729907 0
1556729908 0
1556729909 0
1556729910 0
1556729911 0
1556729912 0
1556729913 0
1556729914 0
1556729915 0
1556729916 0
1556729917 0
1556729918 0
1556729919 0
1556729920 0
1556729921 0
1556729922 0
1556729923 0
1556729924 0
1556729925 0
1556729926 0
1556729927 0
1556729928 0
1556729929 0
1556729930 0
1556729931 0
1556729932 0
1556729933 0
1556729934 0
1556729935 0
1556729936 0
1556729937 0
1556729938 0
1556729939 0
1556729940 0
1556729941 0
1556729942 0
1556729943 0
1556729944 0
1556729945 0
1556729946 0
1556729947 0
1556729948 0
1556729949 0
1556729950 0
1556729951 0
1556729952 0
1556729953 0
1556729954 0
1556729955 0
1556729956 0
1556729957 0
1556729958 0
1556729959 0
1556729960 0
1556729961 0
1556729962 0
1556729963 0
1556729964 0
1556729965 0
1556729966 0
1556729967 0
1556729968 0
1556729969 0
1556729970 0
1556729971 0
1556729972 0
1556729973 0
1556729974 0
1556729975 0
1556729976 0
1556729977 0
1556729978 0
1556729979 0
1556729980 0
1556729981 0
1556729982 0
1556729983 0
1556729984 0
1556729985 0
1556729986 0
1556729987 0
1556729988 0
1556729989 0
1556729990 0
1556729991 0
1556729992 0
1556729993 0
1556729994 0
1556729995 0
1556729996 0
1556729997 0
1556729998 0
1556729999 0
1556730000 0
1556730001 0
1556730002 0
1556730003 0
1556730004 0
1556730005 0
1556730006 0
1556730007 0
1556730008 0
1556730009 0
1556730010 0
1556730011 0
1556730012 0
1556730013 0
1556730014 0
1556730015 0
1556730016 0
1556730017 0
1556730018 0
1556730019 0
1556730020 0
1556730021 0
1556730022 0
1556730023 0
1556730024 0
1556730025 0
1556730026 0
1556730027 0
1556730028 0
1556730029 0
1556730030 0
1556730031 0
1556730032 0
1556730033 0
1556730034 0
1556730035 0
1556730036 0
1556730037 0
1556730038 0
1556730039 0
1556730040 0
1556730041 0
1556730042 0
1556730043 0
1556730044 0
1556730045 0
1556730046 0
1556730047 0
1556730048 0
1556730049 0
1556730050 0
1556730051 0
1556730052 0
1556730053 0
1556730054 0
1556730055 0
1556730056 0
1556730057 0
1556730058 0
1556730059 0
1556730060 0
1556730061 0
1556730062 0
1556730063 0
1556730064 0
1556730065 0
1556730066 0
1556730067 0
1556730068 0
1556730069 0
1556730070 0
1556730071 0
1556730072 0
1556730073 0
1556730074 0
1556730075 0
1556730076 0
1556730077 0
1556730078 0
1556730079 0
1556730080 0
1556730081 0
1556730082 0
1556730083 0
1556730084 0
1556730085 0
1556730086 0
1556730087 0
1556730088 0
1556730089 0
1556730090 0
1556730091 0
1556730092 0
1556730093 0
1556730094 0
1556730095 0
1556730096 0
1556730097 0
1556730098 0
1556730099 0
1556730100 0
1556730101 0
1556730102 0
1556730103 0
1556730104 0
1556730105 0
1556730106 0
1556730107 0
1556730108 0
1556730109 0
1556730110 0
1556730111 0
1556730112 0
1556730113 0
1556730114 0
1556730115 0
1556730116 0
1556730117 0
1556730118 0
1556730119 0
1556730120 0
1556730121 0
1556730122 0
1556730123 0
1556730124 0
1556730125 0
1556730126 0
1556730127 0
1556730128 0
1556730129 0
1556730130 0
1556730131 0
1556730132 0
1556730133 0
1556730134 0
1556730135 0
1556730136 0
1556730137 0
1556730138 0
1556730139 0
1556730140 0
1556730141 0
1556730142 0
1556730143 0
1556730144 0
1556730145 0
1556730146 0
1556730147 0
1556730148 0
1556730149 0
1556730150 0
1556730151 0
1556730152 0
1556730153 0
1556730154 0
1556730155 0
1556730156 0
1556730157 0
1556730158 0
1556730159 0
1556730160 0
1556730161 0
1556730162 0
1556730163 0
1556730164 0
1556730165 0
1556730166 0
1556730167 0
1556730168 0
1556730169 0
1556730170 0
1556730171 0
1556730172 0
1556730173 0
1556730174 0
1556730175 0
1556730176 0
1556730177 0
1556730178 0
1556730179 0
1556730180 0
1556730181 0
1556730182 0
1556730183 0
1556730184 0
1556730185 0
1556730186 0
1556730187 0
1556730188 0
1556730189 0
1556730190 0
1556730191 0
1556730192 0
1556730193 0
1556730194 0
1556730195 0
1556730196 0
1556730197 0
1556730198 0
1556730199 0
1556730200 0
1556730201 0
1556730202 0
1556730203 0
1556730204 0
1556730205 0
1556730206 0
1556730207 0
1556730208 0
1556730209 0
1556730210 0
1556730211 0
1556730212 0
1556730213 0
1556730214 0
1556730215 0
1556730216 0
1556730217 0
1556730218 0
1556730219 0
1556730220 0
1556730221 0
1556730222 0
1556730223 0
1556730224 0
1556730225 0
1556730226 0
1556730227 0
1556730228 0
1556730229 0
1556730230 0
1556730231 0
1556730232 0
1556730233 0
1556730234 0
1556730235 0
1556730236 0
1556730237 0
1556730238 0
1556730239 0
1556730240 0
1556730241 0
1556730242 0
1556730243 0
1556730244 0
1556730245 0
1556730246 0
1556730247 0
1556730248 0
1556730249 0
1556730250 0
1556730251 0
1556730252 0
1556730253 0
1556730254 0
1556730255 0
1556730256 0
1556730257 0
1556730258 0
1556730259 0
1556730260 0
1556730261 0
1556730262 0
1556730263 0
1556730264 0
1556730265 0
1556730266 0
1556730267 0
1556730268 0
1556730269 0
1556730270 0
1556730271 0
1556730272 0
1556730273 0
1556730274 0
1556730275 0
1556730276 0
1556730277 0
1556730278 0
1556730279 0
1556730280 0
1556730281 0
1556730282 0
1556730283 0
1556730284 0
1556730285 0
1556730286 0
1556730287 0
1556730288 0
1556730289 0
1556730290 0
1556730291 0
1556730292 0
1556730293 0
1556730294 0
1556730295 0
1556730296 0
1556730297 0
1556730298 0
1556730299 0
1556730300 0
1556730301 0
1556730302 0
1556730303 0
1556730304 0
1556730305 0
1556730306 0
1556730307 0
1556730308 0
1556730309 0
1556730310 0
1556730311 0
1556730312 0
1556730313 0
1556730314 0
1556730315 0
1556730316 0
1556730317 0
1556730318 0
1556730319 0
1556730320 0
1556730321 0
1556730322 0
1556730323 0
1556730324 0
1556730325 0
1556730326 0
1556730327 0
1556730328 0
1556730329 0
1556730330 0
1556730331 0
1556730332 0
1556730333 0
1556730334 0
1556730335 0
1556730336 0
1556730337 0
1556730338 0
1556730339 0
1556730340 0
1556730341 0
1556730342 0
1556730343 0
1556730344 0
1556730345 0
1556730346 0
1556730347 0
1556730348 0
1556730349 0
1556730350 0
1556730351 0
1556730352 0
1556730353 0
1556730354 0
1556730355 0
1556730356 0
1556730357 0
1556730358 0
1556730359 0
1556730360 0
1556730361 0
1556730362 0
1556730363 0
1556730364 0
1556730365 0
1556730366 0
1556730367 0
1556730368 0
1556730369 0
1556730370 0
1556730371 0
1556730372 0
1556730373 0
1556730374 0
1556730375 0
1556730376 0
1556730377 0
1556730378 0
1556730379 0
1556730380 0
1556730381 0
1556730382 0
1556730383 0
1556730384 0
1556730385 0
1556730386 0
1556730387 0
1556730388 0
1556730389 0
1556730390 0
1556730391 0
1556730392 0
1556730393 0
1556730394 0
1556730395 0
1556730396 0
1556730397 0
1556730398 0
1556730399 0
1556730400 0
1556730401 0
1556730402 0
1556730403 0
1556730404 0
1556730405 0
1556730406 0
1556730407 0
1556730408 0
1556730409 0
1556730410 0
1556730411 0
1556730412 0
1556730413 0
1556730414 0
1556730415 0
1556730416 0
1556730417 0
1556730418 0
1556730419 0
1556730420 0
1556730421 0
1556730422 0
1556730423 0
1556730424 0
1556730425 0
1556730426 0
1556730427 0
1556730428 0
1556730429 0
1556730430 0
1556730431 0
1556730432 0
1556730433 0
1556730434 0
1556730435 0
1556730436 0
1556730437 0
1556730438 0
1556730439 0
1556730440 0
1556730441 0
1556730442 0
1556730443 0
1556730444 0
1556730445 0
1556730446 0
1556730447 0
1556730448 0
1556730449 0
1556730450 0
1556730451 0
1556730452 0
1556730453 0
1556730454 0
1556730455 0
1556730456 0
1556730457 0
1556730458 0
1556730459 0
1556730460 0
1556730461 0
1556730462 0
1556730463 0
1556730464 0
1556730465 0
1556730466 0
1556730467 0
1556730468 0
1556730469 0
1556730470 0
1556730471 0
1556730472 0
1556730473 0
1556730474 0
1556730475 0
1556730476 0
1556730477 0
1556730478 0
1556730479 0
1556730480 0
1556730481 0
1556730482 0
1556730483 0
1556730484 0
1556730485 0
1556730486 0
1556730487 0
1556730488 0
1556730489 0
1556730490 0
1556730491 0
1556730492 0
1556730493 0
1556730494 0
1556730495 0
1556730496 0
1556730497 0
1556730498 0
1556730499 0
1556730500 0
1556730501 0
1556730502 0
1556730503 0
1556730504 0
1556730505 0
1556730506 0
1556730507 0
1556730508 0
1556730509 0
1556730510 0
1556730511 0
1556730512 0
1556730513 0
1556730514 0
1556730515 0
1556730516 0
1556730517 0
1556730518 0
1556730519 0
1556730520 0
1556730521 0
1556730522 0
1556730523 0
1556730524 0
1556730525 0
1556730526 0
1556730527 0
1556730528 0
1556730529 0
1556730530 0
1556730531 0
1556730532 0
1556730533 0
1556730534 0
1556730535 0
1556730536 0
1556730537 0
1556730538 0
1556730539 0
1556730540 0
1556730541 0
1556730542 0
1556730543 0
1556730544 0
1556730545 0
1556730546 0
1556730547 0
1556730548 0
1556730549 0
1556730550 0
1556730551 0
1556730552 0
1556730553 0
1556730554 0
1556730555 0
1556730556 0
1556730557 0
1556730558 0
1556730559 0
1556730560 0
1556730561 0
1556730562 0
1556730563 0
1556730564 0
1556730565 0
1556730566 0
1556730567 0
1556730568 0
1556730569 0
1556730570 0
1556730571 0
1556730572 0
1556730573 0
1556730574 0
1556730575 0
1556730576 0
1556730577 0
1556730578 0
1556730579 0
1556730580 0
1556730581 0
1556730582 0
1556730583 0
1556730584 0
1556730585 0
1556730586 0
1556730587 0
1556730588 0
1556730589 0
1556730590 0
1556730591 0
1556730592 0
1556730593 0
1556730594 0
1556730595 0
1556730596 0
1556730597 0
1556730598 0
1556730599 0
1556730600 0
1556730601 0
1556730602 0
1556730603 0
1556730604 0
1556730605 0
1556730606 0
1556730607 0
1556730608 0
1556730609 0
1556730610 0
1556730611 0
1556730612 0
1556730613 0
1556730614 0
1556730615 0
1556730616 0
1556730617 0
1556730618 0
1556730619 0
1556730620 0
1556730621 0
1556730622 0
1556730623 0
1556730624 0
1556730625 0
1556730626 0
1556730627 0
1556730628 0
1556730629 0
1556730630 0
1556730631 0
1556730632 0
1556730633 0
1556730634 0
1556730635 0
1556730636 0
1556730637 0
1556730638 0
1556730639 0
1556730640 0
1556730641 0
1556730642 0
1556730643 0
1556730644 0
1556730645 0
1556730646 0
1556730647 0
1556730648 0
1556730649 0
1556730650 0
1556730651 0
1556730652 0
1556730653 0
1556730654 0
1556730655 0
1556730656 0
1556730657 0
1556730658 0
1556730659 0
1556730660 0
1556730661 0
1556730662 0
1556730663 0
1556730664 0
1556730665 0
1556730666 0
1556730667 0
1556730668 0
1556730669 0
1556730670 0
1556730671 0
1556730672 0
1556730673 0
1556730674 0
1556730675 0
1556730676 0
1556730677 0
1556730678 0
1556730679 0
1556730680 0
1556730681 0
1556730682 0
1556730683 0
1556730684 0
1556730685 0
1556730686 0
1556730687 0
1556730688 0
1556730689 0
1556730690 0
1556730691 0
1556730692 0
1556730693 0
1556730694 0
1556730695 0
1556730696 0
1556730697 0
1556730698 0
1556730699 0
1556730700 0
1556730701 0
1556730702 0
1556730703 0
1556730704 0
1556730705 0
1556730706 0
1556730707 0
1556730708 0
1556730709 0
1556730710 0
1556730711 0
1556730712 0
1556730713 0
1556730714 0
1556730715 0
1556730716 0
1556730717 0
1556730718 0
1556730719 0
1556730720 0
1556730721 0
1556730722 0
1556730723 0
1556730724 0
1556730725 0
1556730726 0
1556730727 0
1556730728 0
1556730729 0
1556730730 0
1556730731 0
1556730732 0
1556730733 0
1556730734 0
1556730735 0
1556730736 0
1556730737 0
1556730738 0
1556730739 0
1556730740 0
1556730741 0
1556730742 0
1556730743 0
1556730744 0
1556730745 0
1556730746 0
1556730747 0
1556730748 0
1556730749 0
1556730750 0
1556730751 0
1556730752 0
1556730753 0
1556730754 0
1556730755 0
1556730756 0
1556730757 0
1556730758 0
1556730759 0
1556730760 0
1556730761 0
1556730762 0
1556730763 0
1556730764 0
1556730765 0
1556730766 0
1556730767 0
1556730768 0
1556730769 0
1556730770 0
1556730771 0
1556730772 0
1556730773 0
1556730774 0
1556730775 0
1556730776 0
1556730777 0
1556730778 0
1556730779 0
1556730780 0
1556730781 0
1556730782 0
1556730783 0
1556730784 0
1556730785 0
1556730786 0
1556730787 0
1556730788 0
1556730789 0
1556730790 0
1556730791 0
1556730792 0
1556730793 0
1556730794 0
1556730795 0
1556730796 0
1556730797 0
1556730798 0
1556730799 0
1556730800 0
1556730801 0
1556730802 0
1556730803 0
1556730804 0
1556730805 0
1556730806 0
1556730807 0
1556730808 0
1556730809 0
1556730810 0
1556730811 0
1556730812 0
1556730813 0
1556730814 0
1556730815 0
1556730816 0
1556730817 0
1556730818 0
1556730819 0
1556730820 0
1556730821 0
1556730822 0
1556730823 0
1556730824 0
1556730825 0
1556730826 0
1556730827 0
1556730828 0
1556730829 0
1556730830 0
1556730831 0
1556730832 0
1556730833 0
1556730834 0
1556730835 0
1556730836 0
1556730837 0
1556730838 0
1556730839 0
1556730840 0
1556730841 0
1556730842 0
1556730843 0
1556730844 0
1556730845 0
1556730846 0
1556730847 0
1556730848 0
1556730849 0
1556730850 0
1556730851 0
1556730852 0
1556730853 0
1556730854 0
1556730855 0
1556730856 0
1556730857 0
1556730858 0
1556730859 0
1556730860 0
1556730861 0
1556730862 0
1556730863 0
1556730864 0
1556730865 0
1556730866 0
1556730867 0
1556730868 0
1556730869 0
1556730870 0
1556730871 0
1556730872 0
1556730873 0
1556730874 0
1556730875 0
1556730876 0
1556730877 0
1556730878 0
1556730879 0
1556730880 0
1556730881 0
1556730882 0
1556730883 0
1556730884 0
1556730885 0
1556730886 0
1556730887 0
1556730888 0
1556730889 0
1556730890 0
1556730891 0
1556730892 0
1556730893 0
1556730894 0
1556730895 0
1556730896 0
1556730897 0
1556730898 0
1556730899 0
1556730900 0
1556730901 0
1556730902 0
1556730903 0
1556730904 0
1556730905 0
1556730906 0
1556730907 0
1556730908 0
1556730909 0
1556730910 0
1556730911 0
1556730912 0
1556730913 0
1556730914 0
1556730915 0
1556730916 0
1556730917 0
1556730918 0
1556730919 0
1556730920 0
1556730921 0
1556730922 0
1556730923 0
1556730924 0
1556730925 0
1556730926 0
1556730927 0
1556730928 0
1556730929 0
1556730930 0
1556730931 0
1556730932 0
1556730933 0
1556730934 0
1556730935 0
1556730936 0
1556730937 0
1556730938 0
1556730939 0
1556730940 0
1556730941 0
1556730942 0
1556730943 0
1556730944 0
1556730945 0
1556730946 0
1556730947 0
1556730948 0
1556730949 0
1556730950 0
1556730951 0
1556730952 0
1556730953 0
1556730954 0
1556730955 0
1556730956 0
1556730957 0
1556730958 0
1556730959 0
1556730960 0
1556730961 0
1556730962 0
1556730963 0
1556730964 0
1556730965 0
1556730966 0
1556730967 0
1556730968 0
1556730969 0
1556730970 0
1556730971 0
1556730972 0
1556730973 0
1556730974 0
1556730975 0
1556730976 0
1556730977 0
1556730978 0
1556730979 0
1556730980 0
1556730981 0
1556730982 0
1556730983 0
1556730984 0
1556730985 0
1556730986 0
1556730987 0
1556730988 0
1556730989 0
1556730990 0
1556730991 0
1556730992 0
1556730993 0
1556730994 0
1556730995 0
1556730996 0
1556730997 0
1556730998 0
1556730999 0
1556731000 0
1556731001 0
1556731002 0
1556731003 0
1556731004 0
1556731005 0
1556731006 0
1556731007 0
1556731008 0
1556731009 0
1556731010 0
1556731011 0
1556731012 0
1556731013 0
1556731014 0
1556731015 0
1556731016 0
1556731017 0
1556731018 0
1556731019 0
1556731020 0
1556731021 0
1556731022 0
1556731023 0
1556731024 0
1556731025 0
1556731026 0
1556731027 0
1556731028 0
1556731029 0
1556731030 0
1556731031 0
1556731032 0
1556731033 0
1556731034 0
1556731035 0
1556731036 0
1556731037 0
1556731038 0
1556731039 0
1556731040 0
1556731041 0
1556731042 0
1556731043 0
1556731044 0
1556731045 0
1556731046 0
1556731047 0
1556731048 0
1556731049 0
1556731050 0
1556731051 0
1556731052 0
1556731053 0
1556731054 0
1556731055 0
1556731056 0
1556731057 0
1556731058 0
1556731059 0
1556731060 0
1556731061 0
1556731062 0
1556731063 0
1556731064 0
1556731065 0
1556731066 0
1556731067 0
1556731068 0
1556731069 0
1556731070 0
1556731071 0
1556731072 0
1556731073 0
1556731074 0
1556731075 0
1556731076 0
1556731077 0
1556731078 0
1556731079 0
1556731080 0
1556731081 0
1556731082 0
1556731083 0
1556731084 0
1556731085 0
1556731086 0
1556731087 0
1556731088 0
1556731089 0
1556731090 0
1556731091 0
1556731092 0
1556731093 0
1556731094 0
1556731095 0
1556731096 0
1556731097 0
1556731098 0
1556731099 0
1556731100 0
1556731101 0
1556731102 0
1556731103 0
1556731104 0
1556731105 0
1556731106 0
1556731107 0
1556731108 0
1556731109 0
1556731110 0
1556731111 0
1556731112 0
1556731113 0
1556731114 0
1556731115 0
1556731116 0
1556731117 0
1556731118 0
1556731119 0
1556731120 0
1556731121 0
1556731122 0
1556731123 0
1556731124 0
1556731125 0
1556731126 0
1556731127 0
1556731128 0
1556731129 0
1556731130 0
1556731131 0
1556731132 0
1556731133 0
1556731134 0
1556731135 0
1556731136 0
1556731137 0
1556731138 0
1556731139 0
1556731140 0
1556731141 0
1556731142 0
1556731143 0
1556731144 0
1556731145 0
1556731146 0
1556731147 0
1556731148 0
1556731149 0
1556731150 0
1556731151 0
1556731152 0
1556731153 0
1556731154 0
1556731155 0
1556731156 0
1556731157 0
1556731158 0
1556731159 0
1556731160 0
1556731161 0
1556731162 0
1556731163 0
1556731164 0
1556731165 0
1556731166 0
1556731167 0
1556731168 0
1556731169 0
1556731170 0
1556731171 0
1556731172 0
1556731173 0
1556731174 0
1556731175 0
1556731176 0
1556731177 0
1556731178 0
1556731179 0
1556731180 0
1556731181 0
1556731182 0
1556731183 0
1556731184 0
1556731185 0
1556731186 0
1556731187 0
1556731188 0
1556731189 0
1556731190 0
1556731191 0
1556731192 0
1556731193 0
1556731194 0
1556731195 0
1556731196 0
1556731197 0
1556731198 0
1556731199 0
1556731200 0
1556731201 0
1556731202 0
1556731203 0
1556731204 0
1556731205 0
1556731206 0
1556731207 0
1556731208 0
1556731209 0
1556731210 0
1556731211 0
1556731212 0
1556731213 0
1556731214 0
1556731215 0
1556731216 0
1556731217 0
1556731218 0
1556731219 0
1556731220 0
1556731221 0
1556731222 0
1556731223 0
1556731224 0
1556731225 0
1556731226 0
1556731227 0
1556731228 0
1556731229 0
1556731230 0
1556731231 0
1556731232 0
1556731233 0
1556731234 0
1556731235 0
1556731236 0
1556731237 0
1556731238 0
1556731239 0
1556731240 0
1556731241 0
1556731242 0
1556731243 0
1556731244 0
1556731245 0
1556731246 0
1556731247 0
1556731248 0
1556731249 0
1556731250 0
1556731251 0
1556731252 0
1556731253 0
1556731254 0
1556731255 0
1556731256 0
1556731257 0
1556731258 0
1556731259 0
1556731260 0
1556731261 0
1556731262 0
1556731263 0
1556731264 0
1556731265 0
1556731266 0
1556731267 0
1556731268 0
1556731269 0
1556731270 0
1556731271 0
1556731272 0
1556731273 0
1556731274 0
1556731275 0
1556731276 0
1556731277 0
1556731278 0
1556731279 0
1556731280 0
1556731281 0
1556731282 0
1556731283 0
1556731284 0
1556731285 0
1556731286 0
1556731287 0
1556731288 0
1556731289 0
1556731290 0
1556731291 0
1556731292 0
1556731293 0
1556731294 0
1556731295 0
1556731296 0
1556731297 0
1556731298 0
1556731299 0
1556731300 0
1556731301 0
1556731302 0
1556731303 0
1556731304 0
1556731305 0
1556731306 0
1556731307 0
1556731308 0
1556731309 0
1556731310 0
1556731311 0
1556731312 0
1556731313 0
1556731314 0
1556731315 0
1556731316 0
1556731317 0
1556731318 0
1556731319 0
1556731320 0
1556731321 0
1556731322 0
1556731323 0
1556731324 0
1556731325 0
1556731326 0
1556731327 0
1556731328 0
1556731329 0
1556731330 0
1556731331 0
1556731332 0
1556731333 0
1556731334 0
1556731335 0
1556731336 0
1556731337 0
1556731338 0
1556731339 0
1556731340 0
1556731341 0
1556731342 0
1556731343 0
1556731344 0
1556731345 0
1556731346 0
1556731347 0
1556731348 0
1556731349 0
1556731350 0
1556731351 0
1556731352 0
1556731353 0
1556731354 0
1556731355 0
1556731356 0
1556731357 0
1556731358 0
1556731359 0
1556731360 0
1556731361 0
1556731362 0
1556731363 0
1556731364 0
1556731365 0
1556731366 0
1556731367 0
1556731368 0
1556731369 0
1556731370 0
1556731371 0
1556731372 0
1556731373 0
1556731374 0
1556731375 0
1556731376 0
1556731377 0
1556731378 0
1556731379 0
1556731380 0
1556731381 0
1556731382 0
1556731383 0
1556731384 0
1556731385 0
1556731386 0
1556731387 0
1556731388 0
1556731389 0
1556731390 0
1556731391 0
1556731392 0
1556731393 0
1556731394 0
1556731395 0
1556731396 0
1556731397 0
1556731398 0
1556731399 0
1556731400 0
1556731401 0
1556731402 0
1556731403 0
1556731404 0
1556731405 0
1556731406 0
1556731407 0
1556731408 0
1556731409 0
1556731410 0
1556731411 0
1556731412 0
1556731413 0
1556731414 0
1556731415 0
1556731416 0
1556731417 0
1556731418 0
1556731419 0
1556731420 0
1556731421 0
1556731422 0
1556731423 0
1556731424 0
1556731425 0
1556731426 0
1556731427 0
1556731428 0
1556731429 0
1556731430 0
1556731431 0
1556731432 0
1556731433 0
1556731434 0
1556731435 0
1556731436 0
1556731437 0
1556731438 0
1556731439 0
1556731440 0
1556731441 0
1556731442 0
1556731443 0
1556731444 0
1556731445 0
1556731446 0
1556731447 0
1556731448 0
1556731449 0
1556731450 0
1556731451 0
1556731452 0
1556731453 0
1556731454 0
1556731455 0
1556731456 0
1556731457 0
1556731458 0
1556731459 0
1556731460 0
1556731461 0
1556731462 0
1556731463 0
1556731464 0
1556731465 0
1556731466 0
1556731467 0
1556731468 0
1556731469 0
1556731470 0
1556731471 0
1556731472 0
1556731473 0
1556731474 0
1556731475 0
1556731476 0
1556731477 0
1556731478 0
1556731479 0
1556731480 0
1556731481 0
1556731482 0
1556731483 0
1556731484 0
1556731485 0
1556731486 0
1556731487 0
1556731488 0
1556731489 0
1556731490 0
1556731491 0
1556731492 0
1556731493 0
1556731494 0
1556731495 0
1556731496 0
1556731497 0
1556731498 0
1556731499 0
1556731500 0
1556731501 0
1556731502 0
1556731503 0
1556731504 0
1556731505 0
1556731506 0
1556731507 0
1556731508 0
1556731509 0
1556731510 0
1556731511 0
1556731512 0
1556731513 0
1556731514 0
1556731515 0
1556731516 0
1556731517 0
1556731518 0
1556731519 0
1556731520 0
1556731521 0
1556731522 0
1556731523 0
1556731524 0
1556731525 0
1556731526 0
1556731527 0
1556731528 0
1556731529 0
1556731530 0
1556731531 0
1556731532 0
1556731533 0
1556731534 0
1556731535 0
1556731536 0
1556731537 0
1556731538 0
1556731539 0
1556731540 0
1556731541 0
1556731542 0
1556731543 0
1556731544 0
1556731545 0
1556731546 0
1556731547 0
1556731548 0
1556731549 0
1556731550 0
1556731551 0
1556731552 0
1556731553 0
1556731554 0
1556731555 0
1556731556 0
1556731557 0
1556731558 0
1556731559 0
1556731560 0
1556731561 0
1556731562 0
1556731563 0
1556731564 0
1556731565 0
1556731566 0
1556731567 0
1556731568 0
1556731569 0
1556731570 0
1556731571 0
1556731572 0
1556731573 0
1556731574 0
1556731575 0
1556731576 0
1556731577 0
1556731578 0
1556731579 0
1556731580 0
1556731581 0
1556731582 0
1556731583 0
1556731584 0
1556731585 0
1556731586 0
1556731587 0
1556731588 0
1556731589 0
1556731590 0
1556731591 0
1556731592 0
1556731593 0
1556731594 0
1556731595 0
1556731596 0
1556731597 0
1556731598 0
1556731599 0
1556731600 0
1556731601 0
1556731602 0
1556731603 0
1556731604 0
1556731605 0
1556731606 0
1556731607 0
1556731608 0
1556731609 0
1556731610 0
1556731611 0
1556731612 0
1556731613 0
1556731614 0
1556731615 0
1556731616 0
1556731617 0
1556731618 0
1556731619 0
1556731620 0
1556731621 0
1556731622 0
1556731623 0
1556731624 0
1556731625 0
1556731626 0
1556731627 0
1556731628 0
1556731629 0
1556731630 0
1556731631 0
1556731632 0
1556731633 0
1556731634 0
1556731635 0
1556731636 0
1556731637 0
1556731638 0
1556731639 0
1556731640 0
1556731641 0
1556731642 0
1556731643 0
1556731644 0
1556731645 0
1556731646 0
1556731647 0
1556731648 0
1556731649 0
1556731650 0
1556731651 0
1556731652 0
1556731653 0
1556731654 0
1556731655 0
1556731656 0
1556731657 0
1556731658 0
1556731659 0
1556731660 0
1556731661 0
1556731662 0
1556731663 0
1556731664 0
1556731665 0
1556731666 0
1556731667 0
1556731668 0
1556731669 0
1556731670 0
1556731671 0
1556731672 0
1556731673 0
1556731674 0
1556731675 0
1556731676 0
1556731677 0
1556731678 0
1556731679 0
1556731680 0
1556731681 0
1556731682 0
1556731683 0
1556731684 0
1556731685 0
1556731686 0
1556731687 0
1556731688 0
1556731689 0
1556731690 0
1556731691 0
1556731692 0
1556731693 0
1556731694 0
1556731695 0
1556731696 0
1556731697 0
1556731698 0
1556731699 0
1556731700 0
1556731701 0
1556731702 0
1556731703 0
1556731704 0
1556731705 0
1556731706 0
1556731707 0
1556731708 0
1556731709 0
1556731710 0
1556731711 0
1556731712 0
1556731713 0
1556731714 0
1556731715 0
1556731716 0
1556731717 0
1556731718 0
1556731719 0
1556731720 0
1556731721 0
1556731722 0
1556731723 0
1556731724 0
1556731725 0
1556731726 0
1556731727 0
1556731728 0
1556731729 0
1556731730 0
1556731731 0
1556731732 0
1556731733 0
1556731734 0
1556731735 0
1556731736 0
1556731737 0
1556731738 0
1556731739 0
1556731740 0
1556731741 0
1556731742 0
1556731743 0
1556731744 0
1556731745 0
1556731746 0
1556731747 0
1556731748 0
1556731749 0
1556731750 0
1556731751 0
1556731752 0
1556731753 0
1556731754 0
1556731755 0
1556731756 0
1556731757 0
1556731758 0
1556731759 0
1556731760 0
1556731761 0
1556731762 0
1556731763 0
1556731764 0
1556731765 0
1556731766 0
1556731767 0
1556731768 0
1556731769 0
1556731770 0
1556731771 0
1556731772 0
1556731773 0
1556731774 0
1556731775 0
1556731776 0
1556731777 0
1556731778 0
1556731779 0
1556731780 0
1556731781 0
1556731782 0
1556731783 0
1556731784 0
1556731785 0
1556731786 0
1556731787 0
1556731788 0
1556731789 0
1556731790 0
1556731791 0
1556731792 0
1556731793 0
1556731794 0
1556731795 0
1556731796 0
1556731797 0
1556731798 0
1556731799 0
1556731800 0
1556731801 0
1556731802 0
1556731803 0
1556731804 0
1556731805 0
1556731806 0
1556731807 0
1556731808 0
1556731809 0
1556731810 0
1556731811 0
1556731812 0
1556731813 0
1556731814 0
1556731815 0
1556731816 0
1556731817 0
1556731818 0
1556731819 0
1556731820 0
1556731821 0
1556731822 0
1556731823 0
1556731824 0
1556731825 0
1556731826 0
1556731827 0
1556731828 0
1556731829 0
1556731830 0
1556731831 0
1556731832 0
1556731833 0
1556731834 0
1556731835 0
1556731836 0
1556731837 0
1556731838 0
1556731839 0
1556731840 0
1556731841 0
1556731842 0
1556731843 0
1556731844 0
1556731845 0
1556731846 0
1556731847 0
1556731848 0
1556731849 0
1556731850 0
1556731851 0
1556731852 0
1556731853 0
1556731854 0
1556731855 0
1556731856 0
1556731857 0
1556731858 0
1556731859 0
1556731860 0
1556731861 0
1556731862 0
1556731863 0
1556731864 0
1556731865 0
1556731866 0
1556731867 0
1556731868 0
1556731869 0
1556731870 0
1556731871 0
1556731872 0
1556731873 0
1556731874 0
1556731875 0
1556731876 0
1556731877 0
1556731878 0
1556731879 0
1556731880 0
1556731881 0
1556731882 0
1556731883 0
1556731884 0
1556731885 0
1556731886 0
1556731887 0
1556731888 0
1556731889 0
1556731890 0
1556731891 0
1556731892 0
1556731893 0
1556731894 0
1556731895 0
1556731896 0
1556731897 0
1556731898 0
1556731899 0
1556731900 0
1556731901 0
1556731902 0
1556731903 0
1556731904 0
1556731905 0
1556731906 0
1556731907 0
1556731908 0
1556731909 0
1556731910 0
1556731911 0
1556731912 0
1556731913 0
1556731914 0
1556731915 0
1556731916 0
1556731917 0
1556731918 0
1556731919 0
1556731920 0
1556731921 0
1556731922 0
1556731923 0
1556731924 0
1556731925 0
1556731926 0
1556731927 0
1556731928 0
1556731929 0
1556731930 0
1556731931 0
1556731932 0
1556731933 0
1556731934 0
1556731935 0
1556731936 0
1556731937 0
1556731938 0
1556731939 0
1556731940 0
1556731941 0
1556731942 0
1556731943 0
1556731944 0
1556731945 0
1556731946 0
1556731947 0
1556731948 0
1556731949 0
1556731950 0
1556731951 0
1556731952 0
1556731953 0
1556731954 0
1556731955 0
1556731956 0
1556731957 0
1556731958 0
1556731959 0
1556731960 0
1556731961 0
1556731962 0
1556731963 0
1556731964 0
1556731965 0
1556731966 0
1556731967 0
1556731968 0
1556731969 0
1556731970 0
1556731971 0
1556731972 0
1556731973 0
1556731974 0
1556731975 0
1556731976 0
1556731977 0
1556731978 0
1556731979 0
1556731980 0
1556731981 0
1556731982 0
1556731983 0
1556731984 0
1556731985 0
1556731986 0
1556731987 0
1556731988 0
1556731989 0
1556731990 0
1556731991 0
1556731992 0
1556731993 0
1556731994 0
1556731995 0
1556731996 0
1556731997 0
1556731998 0
1556731999 0
1556732000 0
1556732001 0
1556732002 0
1556732003 0
1556732004 0
1556732005 0
1556732006 0
1556732007 0
1556732008 0
1556732009 0
1556732010 0
1556732011 0
1556732012 0
1556732013 0
1556732014 0
1556732015 0
1556732016 0
1556732017 0
1556732018 0
1556732019 0
1556732020 0
1556732021 0
1556732022 0
1556732023 0
1556732024 0
1556732025 0
1556732026 0
1556732027 0
1556732028 0
1556732029 0
1556732030 0
1556732031 0
1556732032 0
1556732033 0
1556732034 0
1556732035 0
1556732036 0
1556732037 0
1556732038 0
1556732039 0
1556732040 0
1556732041 0
1556732042 0
1556732043 0
1556732044 0
1556732045 0
1556732046 0
1556732047 0
1556732048 0
1556732049 0
1556732050 0
1556732051 0
1556732052 0
1556732053 0
1556732054 0
1556732055 0
1556732056 0
1556732057 0
1556732058 0
1556732059 0
1556732060 0
1556732061 0
1556732062 0
1556732063 0
1556732064 0
1556732065 0
1556732066 0
1556732067 0
1556732068 0
1556732069 0
1556732070 0
1556732071 0
1556732072 0
1556732073 0
1556732074 0
1556732075 0
1556732076 0
1556732077 0
1556732078 0
1556732079 0
1556732080 0
1556732081 0
1556732082 0
1556732083 0
1556732084 0
1556732085 0
1556732086 0
1556732087 0
1556732088 0
1556732089 0
1556732090 0
1556732091 0
1556732092 0
1556732093 0
1556732094 0
1556732095 0
1556732096 0
1556732097 0
1556732098 0
1556732099 0
1556732100 0
1556732101 0
1556732102 0
1556732103 0
1556732104 0
1556732105 0
1556732106 0
1556732107 0
1556732108 0
1556732109 0
1556732110 0
1556732111 0
1556732112 0
1556732113 0
1556732114 0
1556732115 0
1556732116 0
1556732117 0
1556732118 0
1556732119 0
1556732120 0
1556732121 0
1556732122 0
1556732123 0
1556732124 0
1556732125 0
1556732126 0
1556732127 0
1556732128 0
1556732129 0
1556732130 0
1556732131 0
1556732132 0
1556732133 0
1556732134 0
1556732135 0
1556732136 0
1556732137 0
1556732138 0
1556732139 0
1556732140 0
1556732141 0
1556732142 0
1556732143 0
1556732144 0
1556732145 0
1556732146 0
1556732147 0
1556732148 0
1556732149 0
1556732150 0
1556732151 0
1556732152 0
1556732153 0
1556732154 0
1556732155 0
1556732156 0
1556732157 0
1556732158 0
1556732159 0
1556732160 0
1556732161 0
1556732162 0
1556732163 0
1556732164 0
1556732165 0
1556732166 0
1556732167 0
1556732168 0
1556732169 0
1556732170 0
1556732171 0
1556732172 0
1556732173 0
1556732174 0
1556732175 0
1556732176 0
1556732177 0
1556732178 0
1556732179 0
1556732180 0
1556732181 0
1556732182 0
1556732183 0
1556732184 0
1556732185 0
1556732186 0
1556732187 0
1556732188 0
1556732189 0
1556732190 0
1556732191 0
1556732192 0
1556732193 0
1556732194 0
1556732195 0
1556732196 0
1556732197 0
1556732198 0
1556732199 0
1556732200 0
1556732201 0
1556732202 0
1556732203 0
1556732204 0
1556732205 0
1556732206 0
1556732207 0
1556732208 0
1556732209 0
1556732210 0
1556732211 0
1556732212 0
1556732213 0
1556732214 0
1556732215 0
1556732216 0
1556732217 0
1556732218 0
1556732219 0
1556732220 0
1556732221 0
1556732222 0
1556732223 0
1556732224 0
1556732225 0
1556732226 0
1556732227 0
1556732228 0
1556732229 0
1556732230 0
1556732231 0
1556732232 0
1556732233 0
1556732234 0
1556732235 0
1556732236 0
1556732237 0
1556732238 0
1556732239 0
1556732240 0
1556732241 0
1556732242 0
1556732243 0
1556732244 0
1556732245 0
1556732246 0
1556732247 0
1556732248 0
1556732249 0
1556732250 0
1556732251 0
1556732252 0
1556732253 0
1556732254 0
1556732255 0
1556732256 0
1556732257 0
1556732258 0
1556732259 0
1556732260 0
1556732261 0
1556732262 0
1556732263 0
1556732264 0
1556732265 0
1556732266 0
1556732267 0
1556732268 0
1556732269 0
1556732270 0
1556732271 0
1556732272 0
1556732273 0
1556732274 0
1556732275 0
1556732276 0
1556732277 0
1556732278 0
1556732279 0
1556732280 0
1556732281 0
1556732282 0
1556732283 0
1556732284 0
1556732285 0
1556732286 0
1556732287 0
1556732288 0
1556732289 0
1556732290 0
1556732291 0
1556732292 0
1556732293 0
1556732294 0
1556732295 0
1556732296 0
1556732297 0
1556732298 0
1556732299 0
1556732300 0
1556732301 0
1556732302 0
1556732303 0
1556732304 0
1556732305 0
1556732306 0
1556732307 0
1556732308 0
1556732309 0
1556732310 0
1556732311 0
1556732312 0
1556732313 0
1556732314 0
1556732315 0
1556732316 0
1556732317 0
1556732318 0
1556732319 0
1556732320 0
1556732321 0
1556732322 0
1556732323 0
1556732324 0
1556732325 0
1556732326 0
1556732327 0
1556732328 0
1556732329 0
1556732330 0
1556732331 0
1556732332 0
1556732333 0
1556732334 0
1556732335 0
1556732336 0
1556732337 0
1556732338 0
1556732339 0
1556732340 0
1556732341 0
1556732342 0
1556732343 0
1556732344 0
1556732345 0
1556732346 0
1556732347 0
1556732348 0
1556732349 0
1556732350 0
1556732351 0
1556732352 0
1556732353 0
1556732354 0
1556732355 0
1556732356 0
1556732357 0
1556732358 0
1556732359 0
1556732360 0
1556732361 0
1556732362 0
1556732363 0
1556732364 0
1556732365 0
1556732366 0
1556732367 0
1556732368 0
1556732369 0
1556732370 0
1556732371 0
1556732372 0
1556732373 0
1556732374 0
1556732375 0
1556732376 0
1556732377 0
1556732378 0
1556732379 0
1556732380 0
1556732381 0
1556732382 0
1556732383 0
1556732384 0
1556732385 0
1556732386 0
1556732387 0
1556732388 0
1556732389 0
1556732390 0
1556732391 0
1556732392 0
1556732393 0
1556732394 0
1556732395 0
1556732396 0
1556732397 0
1556732398 0
1556732399 0
1556732400 0
1556732401 0
1556732402 0
1556732403 0
1556732404 0
1556732405 0
1556732406 0
1556732407 0
1556732408 0
1556732409 0
1556732410 0
1556732411 0
1556732412 0
1556732413 0
1556732414 0
1556732415 0
1556732416 0
1556732417 0
1556732418 0
1556732419 0
1556732420 0
1556732421 0
1556732422 0
1556732423 0
1556732424 0
1556732425 0
1556732426 0
1556732427 0
1556732428 0
1556732429 0
1556732430 0
1556732431 0
1556732432 0
1556732433 0
1556732434 0
1556732435 0
1556732436 0
1556732437 0
1556732438 0
1556732439 0
1556732440 0
1556732441 0
1556732442 0
1556732443 0
1556732444 0
1556732445 0
1556732446 0
1556732447 0
1556732448 0
1556732449 0
1556732450 0
1556732451 0
1556732452 0
1556732453 0
1556732454 0
1556732455 0
1556732456 0
1556732457 0
1556732458 0
1556732459 0
1556732460 0
1556732461 0
1556732462 0
1556732463 0
1556732464 0
1556732465 0
1556732466 0
1556732467 0
1556732468 0
1556732469 0
1556732470 0
1556732471 0
1556732472 0
1556732473 0
1556732474 0
1556732475 0
1556732476 0
1556732477 0
1556732478 0
1556732479 0
1556732480 0
1556732481 0
1556732482 0
1556732483 0
1556732484 0
1556732485 0
1556732486 0
1556732487 0
1556732488 0
1556732489 0
1556732490 0
1556732491 0
1556732492 0
1556732493 0
1556732494 0
1556732495 0
1556732496 0
1556732497 0
1556732498 0
1556732499 0
1556732500 0
1556732501 0
1556732502 0
1556732503 0
1556732504 0
1556732505 0
1556732506 0
1556732507 0
1556732508 0
1556732509 0
1556732510 0
1556732511 0
1556732512 0
1556732513 0
1556732514 0
1556732515 0
1556732516 0
1556732517 0
1556732518 0
1556732519 0
1556732520 0
1556732521 0
1556732522 0
1556732523 0
1556732524 0
1556732525 0
1556732526 0
1556732527 0
1556732528 0
1556732529 0
1556732530 0
1556732531 0
1556732532 0
1556732533 0
1556732534 0
1556732535 0
1556732536 0
1556732537 0
1556732538 0
1556732539 0
1556732540 0
1556732541 0
1556732542 0
1556732543 0
1556732544 0
1556732545 0
1556732546 0
1556732547 0
1556732548 0
1556732549 0
1556732550 0
1556732551 0
1556732552 0
1556732553 0
1556732554 0
1556732555 0
1556732556 0
1556732557 0
1556732558 0
1556732559 0
1556732560 0
1556732561 0
1556732562 0
1556732563 0
1556732564 0
1556732565 0
1556732566 0
1556732567 0
1556732568 0
1556732569 0
1556732570 0
1556732571 0
1556732572 0
1556732573 0
1556732574 0
1556732575 0
1556732576 0
1556732577 0
1556732578 0
1556732579 0
1556732580 0
1556732581 0
1556732582 0
1556732583 0
1556732584 0
1556732585 0
1556732586 0
1556732587 0
1556732588 0
1556732589 0
1556732590 0
1556732591 0
1556732592 0
1556732593 0
1556732594 0
1556732595 0
1556732596 0
1556732597 0
1556732598 0
1556732599 0
1556732600 0
1556732601 0
1556732602 0
1556732603 0
1556732604 0
1556732605 0
1556732606 0
1556732607 0
1556732608 0
1556732609 0
1556732610 0
1556732611 0
1556732612 0
1556732613 0
1556732614 0
1556732615 0
1556732616 0
1556732617 0
1556732618 0
1556732619 0
1556732620 0
1556732621 0
1556732622 0
1556732623 0
1556732624 0
1556732625 0
1556732626 0
1556732627 0
1556732628 0
1556732629 0
1556732630 0
1556732631 0
1556732632 0
1556732633 0
1556732634 0
1556732635 0
1556732636 0
1556732637 0
1556732638 0
1556732639 0
1556732640 0
1556732641 0
1556732642 0
1556732643 0
1556732644 0
1556732645 0
1556732646 0
1556732647 0
1556732648 0
1556732649 0
1556732650 0
1556732651 0
1556732652 0
1556732653 0
1556732654 0
1556732655 0
1556732656 0
1556732657 0
1556732658 0
1556732659 0
1556732660 0
1556732661 0
1556732662 0
1556732663 0
1556732664 0
1556732665 0
1556732666 0
1556732667 0
1556732668 0
1556732669 0
1556732670 0
1556732671 0
1556732672 0
1556732673 0
1556732674 0
1556732675 0
1556732676 0
1556732677 0
1556732678 0
1556732679 0
1556732680 0
1556732681 0
1556732682 0
1556732683 0
1556732684 0
1556732685 0
1556732686 0
1556732687 0
1556732688 0
1556732689 0
1556732690 0
1556732691 0
1556732692 0
1556732693 0
1556732694 0
1556732695 0
1556732696 0
1556732697 0
1556732698 0
1556732699 0
1556732700 0
1556732701 0
1556732702 0
1556732703 0
1556732704 0
1556732705 0
1556732706 0
1556732707 0
1556732708 0
1556732709 0
1556732710 0
1556732711 0
1556732712 0
1556732713 0
1556732714 0
1556732715 0
1556732716 0
1556732717 0
1556732718 0
1556732719 0
1556732720 0
1556732721 0
1556732722 0
1556732723 0
1556732724 0
1556732725 0
1556732726 0
1556732727 0
1556732728 0
1556732729 0
1556732730 0
1556732731 0
1556732732 0
1556732733 0
1556732734 0
1556732735 0
1556732736 0
1556732737 0
1556732738 0
1556732739 0
1556732740 0
1556732741 0
1556732742 0
1556732743 0
1556732744 0
1556732745 0
1556732746 0
1556732747 0
1556732748 0
1556732749 0
1556732750 0
1556732751 0
1556732752 0
1556732753 0
1556732754 0
1556732755 0
1556732756 0
1556732757 0
1556732758 0
1556732759 0
1556732760 0
1556732761 0
1556732762 0
1556732763 0
1556732764 0
1556732765 0
1556732766 0
1556732767 0
1556732768 0
1556732769 0
1556732770 0
1556732771 0
1556732772 0
1556732773 0
1556732774 0
1556732775 0
1556732776 0
1556732777 0
1556732778 0
1556732779 0
1556732780 0
1556732781 0
1556732782 0
1556732783 0
1556732784 0
1556732785 0
1556732786 0
1556732787 0
1556732788 0
1556732789 0
1556732790 0
1556732791 0
1556732792 0
1556732793 0
1556732794 0
1556732795 0
1556732796 0
1556732797 0
1556732798 0
1556732799 0
1556732800 0
1556732801 0
1556732802 0
1556732803 0
1556732804 0
1556732805 0
1556732806 0
1556732807 0
1556732808 0
1556732809 0
1556732810 0
1556732811 0
1556732812 0
1556732813 0
1556732814 0
1556732815 0
1556732816 0
1556732817 0
1556732818 0
1556732819 0
1556732820 0
1556732821 0
1556732822 0
1556732823 0
1556732824 0
1556732825 0
1556732826 0
1556732827 0
1556732828 0
1556732829 0
1556732830 0
1556732831 0
1556732832 0
1556732833 0
1556732834 0
1556732835 0
1556732836 0
1556732837 0
1556732838 0
1556732839 0
1556732840 0
1556732841 0
1556732842 0
1556732843 0
1556732844 0
1556732845 0
1556732846 0
1556732847 0
1556732848 0
1556732849 0
1556732850 0
1556732851 0
1556732852 0
1556732853 0
1556732854 0
1556732855 0
1556732856 0
1556732857 0
1556732858 0
1556732859 0
1556732860 0
1556732861 0
1556732862 0
1556732863 0
1556732864 0
1556732865 0
1556732866 0
1556732867 0
1556732868 0
1556732869 0
1556732870 0
1556732871 0
1556732872 0
1556732873 0
1556732874 0
1556732875 0
1556732876 0
1556732877 0
1556732878 0
1556732879 0
1556732880 0
1556732881 0
1556732882 0
1556732883 0
1556732884 0
1556732885 0
1556732886 0
1556732887 0
1556732888 0
1556732889 0
1556732890 0
1556732891 0
1556732892 0
1556732893 0
1556732894 0
1556732895 0
1556732896 0
1556732897 0
1556732898 0
1556732899 0
1556732900 0
1556732901 0
1556732902 0
1556732903 0
1556732904 0
1556732905 0
1556732906 0
1556732907 0
1556732908 0
1556732909 0
1556732910 0
1556732911 0
1556732912 0
1556732913 0
1556732914 0
1556732915 0
1556732916 0
1556732917 0
1556732918 0
1556732919 0
1556732920 0
1556732921 0
1556732922 0
1556732923 0
1556732924 0
1556732925 0
1556732926 0
1556732927 0
1556732928 0
1556732929 0
1556732930 0
1556732931 0
1556732932 0
1556732933 0
1556732934 0
1556732935 0
1556732936 0
1556732937 0
1556732938 0
1556732939 0
1556732940 0
1556732941 0
1556732942 0
1556732943 0
1556732944 0
1556732945 0
1556732946 0
1556732947 0
1556732948 0
1556732949 0
1556732950 0
1556732951 0
1556732952 0
1556732953 0
1556732954 0
1556732955 0
1556732956 0
1556732957 0
1556732958 0
1556732959 0
1556732960 0
1556732961 0
1556732962 0
1556732963 0
1556732964 0
1556732965 0
1556732966 0
1556732967 0
1556732968 0
1556732969 0
1556732970 0
1556732971 0
1556732972 0
1556732973 0
1556732974 0
1556732975 0
1556732976 0
1556732977 0
1556732978 0
1556732979 0
1556732980 0
1556732981 0
1556732982 0
1556732983 0
1556732984 0
1556732985 0
1556732986 0
1556732987 0
1556732988 0
1556732989 0
1556732990 0
1556732991 0
1556732992 0
1556732993 0
1556732994 0
1556732995 0
1556732996 0
1556732997 0
1556732998 0
1556732999 0
1556733000 0
1556733001 0
1556733002 0
1556733003 0
1556733004 0
1556733005 0
1556733006 0
1556733007 0
1556733008 0
1556733009 0
1556733010 0
1556733011 0
1556733012 0
1556733013 0
1556733014 0
1556733015 0
1556733016 0
1556733017 0
1556733018 0
1556733019 0
1556733020 0
1556733021 0
1556733022 0
1556733023 0
1556733024 0
1556733025 0
1556733026 0
1556733027 0
1556733028 0
1556733029 0
1556733030 0
1556733031 0
1556733032 0
1556733033 0
1556733034 0
1556733035 0
1556733036 0
1556733037 0
1556733038 0
1556733039 0
1556733040 0
1556733041 0
1556733042 0
1556733043 0
1556733044 0
1556733045 0
1556733046 0
1556733047 0
1556733048 0
1556733049 0
1556733050 0
1556733051 0
1556733052 0
1556733053 0
1556733054 0
1556733055 0
1556733056 0
1556733057 0
1556733058 0
1556733059 0
1556733060 0
1556733061 0
1556733062 0
1556733063 0
1556733064 0
1556733065 0
1556733066 0
1556733067 0
1556733068 0
1556733069 0
1556733070 0
1556733071 0
1556733072 0
1556733073 0
1556733074 0
1556733075 0
1556733076 0
1556733077 0
1556733078 0
1556733079 0
1556733080 0
1556733081 0
1556733082 0
1556733083 0
1556733084 0
1556733085 0
1556733086 0
1556733087 0
1556733088 0
1556733089 0
1556733090 0
1556733091 0
1556733092 0
1556733093 0
1556733094 0
1556733095 0
1556733096 0
1556733097 0
1556733098 0
1556733099 0
1556733100 0
1556733101 0
1556733102 0
1556733103 0
1556733104 0
1556733105 0
1556733106 0
1556733107 0
1556733108 0
1556733109 0
1556733110 0
1556733111 0
1556733112 0
1556733113 0
1556733114 0
1556733115 0
1556733116 0
1556733117 0
1556733118 0
1556733119 0
1556733120 0
1556733121 0
1556733122 0
1556733123 0
1556733124 0
1556733125 0
1556733126 0
1556733127 0
1556733128 0
1556733129 0
1556733130 0
1556733131 0
1556733132 0
1556733133 0
1556733134 0
1556733135 0
1556733136 0
1556733137 0
1556733138 0
1556733139 0
1556733140 0
1556733141 0
1556733142 0
1556733143 0
1556733144 0
1556733145 0
1556733146 0
1556733147 0
1556733148 0
1556733149 0
1556733150 0
1556733151 0
1556733152 0
1556733153 0
1556733154 0
1556733155 0
1556733156 0
1556733157 0
1556733158 0
1556733159 0
1556733160 0
1556733161 0
1556733162 0
1556733163 0
1556733164 0
1556733165 0
1556733166 0
1556733167 0
1556733168 0
1556733169 0
1556733170 0
1556733171 0
1556733172 0
1556733173 0
1556733174 0
1556733175 0
1556733176 0
1556733177 0
1556733178 0
1556733179 0
1556733180 0
1556733181 0
1556733182 0
1556733183 0
1556733184 0
1556733185 0
1556733186 0
1556733187 0
1556733188 0
1556733189 0
1556733190 0
1556733191 0
1556733192 0
1556733193 0
1556733194 0
1556733195 0
1556733196 0
1556733197 0
1556733198 0
1556733199 0
1556733200 0
1556733201 0
1556733202 0
1556733203 0
1556733204 0
1556733205 0
1556733206 0
1556733207 0
1556733208 0
1556733209 0
1556733210 0
1556733211 0
1556733212 0
1556733213 0
1556733214 0
1556733215 0
1556733216 0
1556733217 0
1556733218 0
1556733219 0
1556733220 0
1556733221 0
1556733222 0
1556733223 0
1556733224 0
1556733225 0
1556733226 0
1556733227 0
1556733228 0
1556733229 0
1556733230 0
1556733231 0
1556733232 0
1556733233 0
1556733234 0
1556733235 0
1556733236 0
1556733237 0
1556733238 0
1556733239 0
1556733240 0
1556733241 0
1556733242 0
1556733243 0
1556733244 0
1556733245 0
1556733246 0
1556733247 0
1556733248 0
1556733249 0
1556733250 0
1556733251 0
1556733252 0
1556733253 0
1556733254 0
1556733255 0
1556733256 0
1556733257 0
1556733258 0
1556733259 0
1556733260 0
1556733261 0
1556733262 0
1556733263 0
1556733264 0
1556733265 0
1556733266 0
1556733267 0
1556733268 0
1556733269 0
1556733270 0
1556733271 0
1556733272 0
1556733273 0
1556733274 0
1556733275 0
1556733276 0
1556733277 0
1556733278 0
1556733279 0
1556733280 0
1556733281 0
1556733282 0
1556733283 0
1556733284 0
1556733285 0
1556733286 0
1556733287 0
1556733288 0
1556733289 0
1556733290 0
1556733291 0
1556733292 0
1556733293 0
1556733294 0
1556733295 0
1556733296 0
1556733297 0
1556733298 0
1556733299 0
1556733300 0
1556733301 0
1556733302 0
1556733303 0
1556733304 0
1556733305 0
1556733306 0
1556733307 0
1556733308 0
1556733309 0
1556733310 0
1556733311 0
1556733312 0
1556733313 0
1556733314 0
1556733315 0
1556733316 0
1556733317 0
1556733318 0
1556733319 0
1556733320 0
1556733321 0
1556733322 0
1556733323 0
1556733324 0
1556733325 0
1556733326 0
1556733327 0
1556733328 0
1556733329 0
1556733330 0
1556733331 0
1556733332 0
1556733333 0
1556733334 0
1556733335 0
1556733336 0
1556733337 0
1556733338 0
1556733339 0
1556733340 0
1556733341 0
1556733342 0
1556733343 0
1556733344 0
1556733345 0
1556733346 0
1556733347 0
1556733348 0
1556733349 0
1556733350 0
1556733351 0
1556733352 0
1556733353 0
1556733354 0
1556733355 0
1556733356 0
1556733357 0
1556733358 0
1556733359 0
1556733360 0
1556733361 0
1556733362 0
1556733363 0
1556733364 0
1556733365 0
1556733366 0
1556733367 0
1556733368 0
1556733369 0
1556733370 0
1556733371 0
1556733372 0
1556733373 0
1556733374 0
1556733375 0
1556733376 0
1556733377 0
1556733378 0
1556733379 0
1556733380 0
1556733381 0
1556733382 0
1556733383 0
1556733384 0
1556733385 0
1556733386 0
1556733387 0
1556733388 0
1556733389 0
1556733390 0
1556733391 0
1556733392 0
1556733393 0
1556733394 0
1556733395 0
1556733396 0
1556733397 0
1556733398 0
1556733399 0
1556733400 0
1556733401 0
1556733402 0
1556733403 0
1556733404 0
1556733405 0
1556733406 0
1556733407 0
1556733408 0
1556733409 0
1556733410 0
1556733411 0
1556733412 0
1556733413 0
1556733414 0
1556733415 0
1556733416 0
1556733417 0
1556733418 0
1556733419 0
1556733420 0
1556733421 0
1556733422 0
1556733423 0
1556733424 0
1556733425 0
1556733426 0
1556733427 0
1556733428 0
1556733429 0
1556733430 0
1556733431 0
1556733432 0
1556733433 0
1556733434 0
1556733435 0
1556733436 0
1556733437 0
1556733438 0
1556733439 0
1556733440 0
1556733441 0
1556733442 0
1556733443 0
1556733444 0
1556733445 0
1556733446 0
1556733447 0
1556733448 0
1556733449 0
1556733450 0
1556733451 0
1556733452 0
1556733453 0
1556733454 0
1556733455 0
1556733456 0
1556733457 0
1556733458 0
1556733459 0
1556733460 0
1556733461 0
1556733462 0
1556733463 0
1556733464 0
1556733465 0
1556733466 0
1556733467 0
1556733468 0
1556733469 0
1556733470 0
1556733471 0
1556733472 0
1556733473 0
1556733474 0
1556733475 0
1556733476 0
1556733477 0
1556733478 0
1556733479 0
1556733480 0
1556733481 0
1556733482 0
1556733483 0
1556733484 0
1556733485 0
1556733486 0
1556733487 0
1556733488 0
1556733489 0
1556733490 0
1556733491 0
1556733492 0
1556733493 0
1556733494 0
1556733495 0
1556733496 0
1556733497 0
1556733498 0
1556733499 0
1556733500 0
1556733501 0
1556733502 0
1556733503 0
1556733504 0
1556733505 0
1556733506 0
1556733507 0
1556733508 0
1556733509 0
1556733510 0
1556733511 0
1556733512 0
1556733513 0
1556733514 0
1556733515 0
1556733516 0
1556733517 0
1556733518 0
1556733519 0
1556733520 0
1556733521 0
1556733522 0
1556733523 0
1556733524 0
1556733525 0
1556733526 0
1556733527 0
1556733528 0
1556733529 0
1556733530 0
1556733531 0
1556733532 0
1556733533 0
1556733534 0
1556733535 0
1556733536 0
1556733537 0
1556733538 0
1556733539 0
1556733540 0
1556733541 0
1556733542 0
1556733543 0
1556733544 0
1556733545 0
1556733546 0
1556733547 0
1556733548 0
1556733549 0
1556733550 0
1556733551 0
1556733552 0
1556733553 0
1556733554 0
1556733555 0
1556733556 0
1556733557 0
1556733558 0
1556733559 0
1556733560 0
1556733561 0
1556733562 0
1556733563 0
1556733564 0
1556733565 0
1556733566 0
1556733567 0
1556733568 0
1556733569 0
1556733570 0
1556733571 0
1556733572 0
1556733573 0
1556733574 0
1556733575 0
1556733576 0
1556733577 0
1556733578 0
1556733579 0
1556733580 0
1556733581 0
1556733582 0
1556733583 0
1556733584 0
1556733585 0
1556733586 0
1556733587 0
1556733588 0
1556733589 0
1556733590 0
1556733591 0
1556733592 0
1556733593 0
1556733594 0
1556733595 0
1556733596 0
1556733597 0
1556733598 0
1556733599 0
1556733600 0
1556733601 0
1556733602 0
1556733603 0
1556733604 0
1556733605 0
1556733606 0
1556733607 0
1556733608 0
1556733609 0
1556733610 0
1556733611 0
1556733612 0
1556733613 0
1556733614 0
1556733615 0
1556733616 0
1556733617 0
1556733618 0
1556733619 0
1556733620 0
1556733621 0
1556733622 0
1556733623 0
1556733624 0
1556733625 0
1556733626 0
1556733627 0
1556733628 0
1556733629 0
1556733630 0
1556733631 0
1556733632 0
1556733633 0
1556733634 0
1556733635 0
1556733636 0
1556733637 0
1556733638 0
1556733639 0
1556733640 0
1556733641 0
1556733642 0
1556733643 0
1556733644 0
1556733645 0
1556733646 0
1556733647 0
1556733648 0
1556733649 0
1556733650 0
1556733651 0
1556733652 0
1556733653 0
1556733654 0
1556733655 0
1556733656 0
1556733657 0
1556733658 0
1556733659 0
1556733660 0
1556733661 0
1556733662 0
1556733663 0
1556733664 0
1556733665 0
1556733666 0
1556733667 0
1556733668 0
1556733669 0
1556733670 0
1556733671 0
1556733672 0
1556733673 0
1556733674 0
1556733675 0
1556733676 0
1556733677 0
1556733678 0
1556733679 0
1556733680 0
1556733681 0
1556733682 0
1556733683 0
1556733684 0
1556733685 0
1556733686 0
1556733687 0
1556733688 0
1556733689 0
1556733690 0
1556733691 0
1556733692 0
1556733693 0
1556733694 0
1556733695 0
1556733696 0
1556733697 0
1556733698 0
1556733699 0
1556733700 0
1556733701 0
1556733702 0
1556733703 0
1556733704 0
1556733705 0
1556733706 0
1556733707 0
1556733708 0
1556733709 0
1556733710 0
1556733711 0
1556733712 0
1556733713 0
1556733714 0
1556733715 0
1556733716 0
1556733717 0
1556733718 0
1556733719 0
1556733720 0
1556733721 0
1556733722 0
1556733723 0
1556733724 0
1556733725 0
1556733726 0
1556733727 0
1556733728 0
1556733729 0
1556733730 0
1556733731 0
1556733732 0
1556733733 0
1556733734 0
1556733735 0
1556733736 0
1556733737 0
1556733738 0
1556733739 0
1556733740 0
1556733741 0
1556733742 0
1556733743 0
1556733744 0
1556733745 0
1556733746 0
1556733747 0
1556733748 0
1556733749 0
1556733750 0
1556733751 0
1556733752 0
1556733753 0
1556733754 0
1556733755 0
1556733756 0
1556733757 0
1556733758 0
1556733759 0
1556733760 0
1556733761 0
1556733762 0
1556733763 0
1556733764 0
1556733765 0
1556733766 0
1556733767 0
1556733768 0
1556733769 0
1556733770 0
1556733771 0
1556733772 0
1556733773 0
1556733774 0
1556733775 0
1556733776 0
1556733777 0
1556733778 0
1556733779 0
1556733780 0
1556733781 0
1556733782 0
1556733783 0
1556733784 0
1556733785 0
1556733786 0
1556733787 0
1556733788 0
1556733789 0
1556733790 0
1556733791 0
1556733792 0
1556733793 0
1556733794 0
1556733795 0
1556733796 0
1556733797 0
1556733798 0
1556733799 0
1556733800 0
1556733801 0
1556733802 0
1556733803 0
1556733804 0
1556733805 0
1556733806 0
1556733807 0
1556733808 0
1556733809 0
1556733810 0
1556733811 0
1556733812 0
1556733813 0
1556733814 0
1556733815 0
1556733816 0
1556733817 0
1556733818 0
1556733819 0
1556733820 0
1556733821 0
1556733822 0
1556733823 0
1556733824 0
1556733825 0
1556733826 0
1556733827 0
1556733828 0
1556733829 0
1556733830 0
1556733831 0
1556733832 0
1556733833 0
1556733834 0
1556733835 0
1556733836 0
1556733837 0
1556733838 0
1556733839 0
1556733840 0
1556733841 0
1556733842 0
1556733843 0
1556733844 0
1556733845 0
1556733846 0
1556733847 0
1556733848 0
1556733849 0
1556733850 0
1556733851 0
1556733852 0
1556733853 0
1556733854 0
1556733855 0
1556733856 0
1556733857 0
1556733858 0
1556733859 0
1556733860 0
1556733861 0
1556733862 0
1556733863 0
1556733864 0
1556733865 0
1556733866 0
1556733867 0
1556733868 0
1556733869 0
1556733870 0
1556733871 0
1556733872 0
1556733873 0
1556733874 0
1556733875 0
1556733876 0
1556733877 0
1556733878 0
1556733879 0
1556733880 0
1556733881 0
1556733882 0
1556733883 0
1556733884 0
1556733885 0
1556733886 0
1556733887 0
1556733888 0
1556733889 0
1556733890 0
1556733891 0
1556733892 0
1556733893 0
1556733894 0
1556733895 0
1556733896 0
1556733897 0
1556733898 0
1556733899 0
1556733900 0
1556733901 0
1556733902 0
1556733903 0
1556733904 0
1556733905 0
1556733906 0
1556733907 0
1556733908 0
1556733909 0
1556733910 0
1556733911 0
1556733912 0
1556733913 0
1556733914 0
1556733915 0
1556733916 0
1556733917 0
1556733918 0
1556733919 0
1556733920 0
1556733921 0
1556733922 0
1556733923 0
1556733924 0
1556733925 0
1556733926 0
1556733927 0
1556733928 0
1556733929 0
1556733930 0
1556733931 0
1556733932 0
1556733933 0
1556733934 0
1556733935 0
1556733936 0
1556733937 0
1556733938 0
1556733939 0
1556733940 0
1556733941 0
1556733942 0
1556733943 0
1556733944 0
1556733945 0
1556733946 0
1556733947 0
1556733948 0
1556733949 0
1556733950 0
1556733951 0
1556733952 0
1556733953 0
1556733954 0
1556733955 0
1556733956 0
1556733957 0
1556733958 0
1556733959 0
1556733960 0
1556733961 0
1556733962 0
1556733963 0
1556733964 0
1556733965 0
1556733966 0
1556733967 0
1556733968 0
1556733969 0
1556733970 0
1556733971 0
1556733972 0
1556733973 0
1556733974 0
1556733975 0
1556733976 0
1556733977 0
1556733978 0
1556733979 0
1556733980 0
1556733981 0
1556733982 0
1556733983 0
1556733984 0
1556733985 0
1556733986 0
1556733987 0
1556733988 0
1556733989 0
1556733990 0
1556733991 0
1556733992 0
1556733993 0
1556733994 0
1556733995 0
1556733996 0
1556733997 0
1556733998 0
1556733999 0
1556734000 0
1556734001 0
1556734002 0
1556734003 0
1556734004 0
1556734005 0
1556734006 0
1556734007 0
1556734008 0
1556734009 0
1556734010 0
1556734011 0
1556734012 0
1556734013 0
1556734014 0
1556734015 0
1556734016 0
1556734017 0
1556734018 0
1556734019 0
1556734020 0
1556734021 0
1556734022 0
1556734023 0
1556734024 0
1556734025 0
1556734026 0
1556734027 0
1556734028 0
1556734029 0
1556734030 0
1556734031 0
1556734032 0
1556734033 0
1556734034 0
1556734035 0
1556734036 0
1556734037 0
1556734038 0
1556734039 0
1556734040 0
1556734041 0
1556734042 0
1556734043 0
1556734044 0
1556734045 0
1556734046 0
1556734047 0
1556734048 0
1556734049 0
1556734050 0
1556734051 0
1556734052 0
1556734053 0
1556734054 0
1556734055 0
1556734056 0
1556734057 0
1556734058 0
1556734059 0
1556734060 0
1556734061 0
1556734062 0
1556734063 0
1556734064 0
1556734065 0
1556734066 0
1556734067 0
1556734068 0
1556734069 0
1556734070 0
1556734071 0
1556734072 0
1556734073 0
1556734074 0
1556734075 0
1556734076 0
1556734077 0
1556734078 0
1556734079 0
1556734080 0
1556734081 0
1556734082 0
1556734083 0
1556734084 0
1556734085 0
1556734086 0
1556734087 0
1556734088 0
1556734089 0
1556734090 0
1556734091 0
1556734092 0
1556734093 0
1556734094 0
1556734095 0
1556734096 0
1556734097 0
1556734098 0
1556734099 0
1556734100 0
1556734101 0
1556734102 0
1556734103 0
1556734104 0
1556734105 0
1556734106 0
1556734107 0
1556734108 0
1556734109 0
1556734110 0
1556734111 0
1556734112 0
1556734113 0
1556734114 0
1556734115 0
1556734116 0
1556734117 0
1556734118 0
1556734119 0
1556734120 0
1556734121 0
1556734122 0
1556734123 0
1556734124 0
1556734125 0
1556734126 0
1556734127 0
1556734128 0
1556734129 0
1556734130 0
1556734131 0
1556734132 0
1556734133 0
1556734134 0
1556734135 0
1556734136 0
1556734137 0
1556734138 0
1556734139 0
1556734140 0
1556734141 0
1556734142 0
1556734143 0
1556734144 0
1556734145 0
1556734146 0
1556734147 0
1556734148 0
1556734149 0
1556734150 0
1556734151 0
1556734152 0
1556734153 0
1556734154 0
1556734155 0
1556734156 0
1556734157 0
1556734158 0
1556734159 0
1556734160 0
1556734161 0
1556734162 0
1556734163 0
1556734164 0
1556734165 0
1556734166 0
1556734167 0
1556734168 0
1556734169 0
1556734170 0
1556734171 0
1556734172 0
1556734173 0
1556734174 0
1556734175 0
1556734176 0
1556734177 0
1556734178 0
1556734179 0
1556734180 0
1556734181 0
1556734182 0
1556734183 0
1556734184 0
1556734185 0
1556734186 0
1556734187 0
1556734188 0
1556734189 0
1556734190 0
1556734191 0
1556734192 0
1556734193 0
1556734194 0
1556734195 0
1556734196 0
1556734197 0
1556734198 0
1556734199 0
1556734200 0
1556734201 0
1556734202 0
1556734203 0
1556734204 0
1556734205 0
1556734206 0
1556734207 0
1556734208 0
1556734209 0
1556734210 0
1556734211 0
1556734212 0
1556734213 0
1556734214 0
1556734215 0
1556734216 0
1556734217 0
1556734218 0
1556734219 0
1556734220 0
1556734221 0
1556734222 0
1556734223 0
1556734224 0
1556734225 0
1556734226 0
1556734227 0
1556734228 0
1556734229 0
1556734230 0
1556734231 0
1556734232 0
1556734233 0
1556734234 0
1556734235 0
1556734236 0
1556734237 0
1556734238 0
1556734239 0
1556734240 0
1556734241 0
1556734242 0
1556734243 0
1556734244 0
1556734245 0
1556734246 0
1556734247 0
1556734248 0
1556734249 0
1556734250 0
1556734251 0
1556734252 0
1556734253 0
1556734254 0
1556734255 0
1556734256 0
1556734257 0
1556734258 0
1556734259 0
1556734260 0
1556734261 0
1556734262 0
1556734263 0
1556734264 0
1556734265 0
1556734266 0
1556734267 0
1556734268 0
1556734269 0
1556734270 0
1556734271 0
1556734272 0
1556734273 0
1556734274 0
1556734275 0
1556734276 0
1556734277 0
1556734278 0
1556734279 0
1556734280 0
1556734281 0
1556734282 0
1556734283 0
1556734284 0
1556734285 0
1556734286 0
1556734287 0
1556734288 0
1556734289 0
1556734290 0
1556734291 0
1556734292 0
1556734293 0
1556734294 0
1556734295 0
1556734296 0
1556734297 0
1556734298 0
1556734299 0
1556734300 0
1556734301 0
1556734302 0
1556734303 0
1556734304 0
1556734305 0
1556734306 0
1556734307 0
1556734308 0
1556734309 0
1556734310 0
1556734311 0
1556734312 0
1556734313 0
1556734314 0
1556734315 0
1556734316 0
1556734317 0
1556734318 0
1556734319 0
1556734320 0
1556734321 0
1556734322 0
1556734323 0
1556734324 0
1556734325 0
1556734326 0
1556734327 0
1556734328 0
1556734329 0
1556734330 0
1556734331 0
1556734332 0
1556734333 0
1556734334 0
1556734335 0
1556734336 0
1556734337 0
1556734338 0
1556734339 0
1556734340 0
1556734341 0
1556734342 0
1556734343 0
1556734344 0
1556734345 0
1556734346 0
1556734347 0
1556734348 0
1556734349 0
1556734350 0
1556734351 0
1556734352 0
1556734353 0
1556734354 0
1556734355 0
1556734356 0
1556734357 0
1556734358 0
1556734359 0
1556734360 0
1556734361 0
1556734362 0
1556734363 0
1556734364 0
1556734365 0
1556734366 0
1556734367 0
1556734368 0
1556734369 0
1556734370 0
1556734371 0
1556734372 0
1556734373 0
1556734374 0
1556734375 0
1556734376 0
1556734377 0
1556734378 0
1556734379 0
1556734380 0
1556734381 0
1556734382 0
1556734383 0
1556734384 0
1556734385 0
1556734386 0
1556734387 0
1556734388 0
1556734389 0
1556734390 0
1556734391 0
1556734392 0
1556734393 0
1556734394 0
1556734395 0
1556734396 0
1556734397 0
1556734398 0
1556734399 0
1556734400 0
1556734401 0
1556734402 0
1556734403 0
1556734404 0
1556734405 0
1556734406 0
1556734407 0
1556734408 0
1556734409 0
1556734410 0
1556734411 0
1556734412 0
1556734413 0
1556734414 0
1556734415 0
1556734416 0
1556734417 0
1556734418 0
1556734419 0
1556734420 0
1556734421 0
1556734422 0
1556734423 0
1556734424 0
1556734425 0
1556734426 0
1556734427 0
1556734428 0
1556734429 0
1556734430 0
1556734431 0
1556734432 0
1556734433 0
1556734434 0
1556734435 0
1556734436 0
1556734437 0
1556734438 0
1556734439 0
1556734440 0
1556734441 0
1556734442 0
1556734443 0
1556734444 0
1556734445 0
1556734446 0
1556734447 0
1556734448 0
1556734449 0
1556734450 0
1556734451 0
1556734452 0
1556734453 0
1556734454 0
1556734455 0
1556734456 0
1556734457 0
1556734458 0
1556734459 0
1556734460 0
1556734461 0
1556734462 0
1556734463 0
1556734464 0
1556734465 0
1556734466 0
1556734467 0
1556734468 0
1556734469 0
1556734470 0
1556734471 0
1556734472 0
1556734473 0
1556734474 0
1556734475 0
1556734476 0
1556734477 0
1556734478 0
1556734479 0
1556734480 0
1556734481 0
1556734482 0
1556734483 0
1556734484 0
1556734485 0
1556734486 0
1556734487 0
1556734488 0
1556734489 0
1556734490 0
1556734491 0
1556734492 0
1556734493 0
1556734494 0
1556734495 0
1556734496 0
1556734497 0
1556734498 0
1556734499 0
1556734500 0
1556734501 0
1556734502 0
1556734503 0
1556734504 0
1556734505 0
1556734506 0
1556734507 0
1556734508 0
1556734509 0
1556734510 0
1556734511 0
1556734512 0
1556734513 0
1556734514 0
1556734515 0
1556734516 0
1556734517 0
1556734518 0
1556734519 0
1556734520 0
1556734521 0
1556734522 0
1556734523 0
1556734524 0
1556734525 0
1556734526 0
1556734527 0
1556734528 0
1556734529 0
1556734530 0
1556734531 0
1556734532 0
1556734533 0
1556734534 0
1556734535 0
1556734536 0
1556734537 0
1556734538 0
1556734539 0
1556734540 0
1556734541 0
1556734542 0
1556734543 0
1556734544 0
1556734545 0
1556734546 0
1556734547 0
1556734548 0
1556734549 0
1556734550 0
1556734551 0
1556734552 0
1556734553 0
1556734554 0
1556734555 0
1556734556 0
1556734557 0
1556734558 0
1556734559 0
1556734560 0
1556734561 0
1556734562 0
1556734563 0
1556734564 0
1556734565 0
1556734566 0
1556734567 0
1556734568 0
1556734569 0
1556734570 0
1556734571 0
1556734572 0
1556734573 0
1556734574 0
1556734575 0
1556734576 0
1556734577 0
1556734578 0
1556734579 0
1556734580 0
1556734581 0
1556734582 0
1556734583 0
1556734584 0
1556734585 0
1556734586 0
1556734587 0
1556734588 0
1556734589 0
1556734590 0
1556734591 0
1556734592 0
1556734593 0
1556734594 0
1556734595 0
1556734596 0
1556734597 0
1556734598 0
1556734599 0
1556734600 0
1556734601 0
1556734602 0
1556734603 0
1556734604 0
1556734605 0
1556734606 0
1556734607 0
1556734608 0
1556734609 0
1556734610 0
1556734611 0
1556734612 0
1556734613 0
1556734614 0
1556734615 0
1556734616 0
1556734617 0
1556734618 0
1556734619 0
1556734620 0
1556734621 0
1556734622 0
1556734623 0
1556734624 0
1556734625 0
1556734626 0
1556734627 0
1556734628 0
1556734629 0
1556734630 0
1556734631 0
1556734632 0
1556734633 0
1556734634 0
1556734635 0
1556734636 0
1556734637 0
1556734638 0
1556734639 0
1556734640 0
1556734641 0
1556734642 0
1556734643 0
1556734644 0
1556734645 0
1556734646 0
1556734647 0
1556734648 0
1556734649 0
1556734650 0
1556734651 0
1556734652 0
1556734653 0
1556734654 0
1556734655 0
1556734656 0
1556734657 0
1556734658 0
1556734659 0
1556734660 0
1556734661 0
1556734662 0
1556734663 0
1556734664 0
1556734665 0
1556734666 0
1556734667 0
1556734668 0
1556734669 0
1556734670 0
1556734671 0
1556734672 0
1556734673 0
1556734674 0
1556734675 0
1556734676 0
1556734677 0
1556734678 0
1556734679 0
1556734680 0
1556734681 0
1556734682 0
1556734683 0
1556734684 0
1556734685 0
1556734686 0
1556734687 0
1556734688 0
1556734689 0
1556734690 0
1556734691 0
1556734692 0
1556734693 0
1556734694 0
1556734695 0
1556734696 0
1556734697 0
1556734698 0
1556734699 0
1556734700 0
1556734701 0
1556734702 0
1556734703 0
1556734704 0
1556734705 0
1556734706 0
1556734707 0
1556734708 0
1556734709 0
1556734710 0
1556734711 0
1556734712 0
1556734713 0
1556734714 0
1556734715 0
1556734716 0
1556734717 0
1556734718 0
1556734719 0
1556734720 0
1556734721 0
1556734722 0
1556734723 0
1556734724 0
1556734725 0
1556734726 0
1556734727 0
1556734728 0
1556734729 0
1556734730 0
1556734731 0
1556734732 0
1556734733 0
1556734734 0
1556734735 0
1556734736 0
1556734737 0
1556734738 0
1556734739 0
1556734740 0
1556734741 0
1556734742 0
1556734743 0
1556734744 0
1556734745 0
1556734746 0
1556734747 0
1556734748 0
1556734749 0
1556734750 0
1556734751 0
1556734752 0
1556734753 0
1556734754 0
1556734755 0
1556734756 0
1556734757 0
1556734758 0
1556734759 0
1556734760 0
1556734761 0
1556734762 0
1556734763 0
1556734764 0
1556734765 0
1556734766 0
1556734767 0
1556734768 0
1556734769 0
1556734770 0
1556734771 0
1556734772 0
1556734773 0
1556734774 0
1556734775 0
1556734776 0
1556734777 0
1556734778 0
1556734779 0
1556734780 0
1556734781 0
1556734782 0
1556734783 0
1556734784 0
1556734785 0
1556734786 0
1556734787 0
1556734788 0
1556734789 0
1556734790 0
1556734791 0
1556734792 0
1556734793 0
1556734794 0
1556734795 0
1556734796 0
1556734797 0
1556734798 0
1556734799 0
1556734800 0
1556734801 0
1556734802 0
1556734803 0
1556734804 0
1556734805 0
1556734806 0
1556734807 0
1556734808 0
1556734809 0
1556734810 0
1556734811 0
1556734812 0
1556734813 0
1556734814 0
1556734815 0
1556734816 0
1556734817 0
1556734818 0
1556734819 0
1556734820 0
1556734821 0
1556734822 0
1556734823 0
1556734824 0
1556734825 0
1556734826 0
1556734827 0
1556734828 0
1556734829 0
1556734830 0
1556734831 0
1556734832 0
1556734833 0
1556734834 0
1556734835 0
1556734836 0
1556734837 0
1556734838 0
1556734839 0
1556734840 0
1556734841 0
1556734842 0
1556734843 0
1556734844 0
1556734845 0
1556734846 0
1556734847 0
1556734848 0
1556734849 0
1556734850 0
1556734851 0
1556734852 0
1556734853 0
1556734854 0
1556734855 0
1556734856 0
1556734857 0
1556734858 0
1556734859 0
1556734860 0
1556734861 0
1556734862 0
1556734863 0
1556734864 0
1556734865 0
1556734866 0
1556734867 0
1556734868 0
1556734869 0
1556734870 0
1556734871 0
1556734872 0
1556734873 0
1556734874 0
1556734875 0
1556734876 0
1556734877 0
1556734878 0
1556734879 0
1556734880 0
1556734881 0
1556734882 0
1556734883 0
1556734884 0
1556734885 0
1556734886 0
1556734887 0
1556734888 0
1556734889 0
1556734890 0
1556734891 0
1556734892 0
1556734893 0
1556734894 0
1556734895 0
1556734896 0
1556734897 0
1556734898 0
1556734899 0
1556734900 0
1556734901 0
1556734902 0
1556734903 0
1556734904 0
1556734905 0
1556734906 0
1556734907 0
1556734908 0
1556734909 0
1556734910 0
1556734911 0
1556734912 0
1556734913 0
1556734914 0
1556734915 0
1556734916 0
1556734917 0
1556734918 0
1556734919 0
1556734920 0
1556734921 0
1556734922 0
1556734923 0
1556734924 0
1556734925 0
1556734926 0
1556734927 0
1556734928 0
1556734929 0
1556734930 0
1556734931 0
1556734932 0
1556734933 0
1556734934 0
1556734935 0
1556734936 0
1556734937 0
1556734938 0
1556734939 0
1556734940 0
1556734941 0
1556734942 0
1556734943 0
1556734944 0
1556734945 0
1556734946 0
1556734947 0
1556734948 0
1556734949 0
1556734950 0
1556734951 0
1556734952 0
1556734953 0
1556734954 0
1556734955 0
1556734956 0
1556734957 0
1556734958 0
1556734959 0
1556734960 0
1556734961 0
1556734962 0
1556734963 0
1556734964 0
1556734965 0
1556734966 0
1556734967 0
1556734968 0
1556734969 0
1556734970 0
1556734971 0
1556734972 0
1556734973 0
1556734974 0
1556734975 0
1556734976 0
1556734977 0
1556734978 0
1556734979 0
1556734980 0
1556734981 0
1556734982 0
1556734983 0
1556734984 0
1556734985 0
1556734986 0
1556734987 0
1556734988 0
1556734989 0
1556734990 0
1556734991 0
1556734992 0
1556734993 0
1556734994 0
1556734995 0
1556734996 0
1556734997 0
1556734998 0
1556734999 0
1556735000 0
1556735001 0
1556735002 0
1556735003 0
1556735004 0
1556735005 0
1556735006 0
1556735007 0
1556735008 0
1556735009 0
1556735010 0
1556735011 0
1556735012 0
1556735013 0
1556735014 0
1556735015 0
1556735016 0
1556735017 0
1556735018 0
1556735019 0
1556735020 0
1556735021 0
1556735022 0
1556735023 0
1556735024 0
1556735025 0
1556735026 0
1556735027 0
1556735028 0
1556735029 0
1556735030 0
1556735031 0
1556735032 0
1556735033 0
1556735034 0
1556735035 0
1556735036 0
1556735037 0
1556735038 0
1556735039 0
1556735040 0
1556735041 0
1556735042 0
1556735043 0
1556735044 0
1556735045 0
1556735046 0
1556735047 0
1556735048 0
1556735049 0
1556735050 0
1556735051 0
1556735052 0
1556735053 0
1556735054 0
1556735055 0
1556735056 0
1556735057 0
1556735058 0
1556735059 0
1556735060 0
1556735061 0
1556735062 0
1556735063 0
1556735064 0
1556735065 0
1556735066 0
1556735067 0
1556735068 0
1556735069 0
1556735070 0
1556735071 0
1556735072 0
1556735073 0
1556735074 0
1556735075 0
1556735076 0
1556735077 0
1556735078 0
1556735079 0
1556735080 0
1556735081 0
1556735082 0
1556735083 0
1556735084 0
1556735085 0
1556735086 0
1556735087 0
1556735088 0
1556735089 0
1556735090 0
1556735091 0
1556735092 0
1556735093 0
1556735094 0
1556735095 0
1556735096 0
1556735097 0
1556735098 0
1556735099 0
1556735100 0
1556735101 0
1556735102 0
1556735103 0
1556735104 0
1556735105 0
1556735106 0
1556735107 0
1556735108 0
1556735109 0
1556735110 0
1556735111 0
1556735112 0
1556735113 0
1556735114 0
1556735115 0
1556735116 0
1556735117 0
1556735118 0
1556735119 0
1556735120 0
1556735121 0
1556735122 0
1556735123 0
1556735124 0
1556735125 0
1556735126 0
1556735127 0
1556735128 0
1556735129 0
1556735130 0
1556735131 0
1556735132 0
1556735133 0
1556735134 0
1556735135 0
1556735136 0
1556735137 0
1556735138 0
1556735139 0
1556735140 0
1556735141 0
1556735142 0
1556735143 0
1556735144 0
1556735145 0
1556735146 0
1556735147 0
1556735148 0
1556735149 0
1556735150 0
1556735151 0
1556735152 0
1556735153 0
1556735154 0
1556735155 0
1556735156 0
1556735157 0
1556735158 0
1556735159 0
1556735160 0
1556735161 0
1556735162 0
1556735163 0
1556735164 0
1556735165 0
1556735166 0
1556735167 0
1556735168 0
1556735169 0
1556735170 0
1556735171 0
1556735172 0
1556735173 0
1556735174 0
1556735175 0
1556735176 0
1556735177 0
1556735178 0
1556735179 0
1556735180 0
1556735181 0
1556735182 0
1556735183 0
1556735184 0
1556735185 0
1556735186 0
1556735187 0
1556735188 0
1556735189 0
1556735190 0
1556735191 0
1556735192 0
1556735193 0
1556735194 0
1556735195 0
1556735196 0
1556735197 0
1556735198 0
1556735199 0
1556735200 0
1556735201 0
1556735202 0
1556735203 0
1556735204 0
1556735205 0
1556735206 0
1556735207 0
1556735208 0
1556735209 0
1556735210 0
1556735211 0
1556735212 0
1556735213 0
1556735214 0
1556735215 0
1556735216 0
1556735217 0
1556735218 0
1556735219 0
1556735220 0
1556735221 0
1556735222 0
1556735223 0
1556735224 0
1556735225 0
1556735226 0
1556735227 0
1556735228 0
1556735229 0
1556735230 0
1556735231 0
1556735232 0
1556735233 0
1556735234 0
1556735235 0
1556735236 0
1556735237 0
1556735238 0
1556735239 0
1556735240 0
1556735241 0
1556735242 0
1556735243 0
1556735244 0
1556735245 0
1556735246 0
1556735247 0
1556735248 0
1556735249 0
1556735250 0
1556735251 0
1556735252 0
1556735253 0
1556735254 0
1556735255 0
1556735256 0
1556735257 0
1556735258 0
1556735259 0
1556735260 0
1556735261 0
1556735262 0
1556735263 0
1556735264 0
1556735265 0
1556735266 0
1556735267 0
1556735268 0
1556735269 0
1556735270 0
1556735271 0
1556735272 0
1556735273 0
1556735274 0
1556735275 0
1556735276 0
1556735277 0
1556735278 0
1556735279 0
1556735280 0
1556735281 0
1556735282 0
1556735283 0
1556735284 0
1556735285 0
1556735286 0
1556735287 0
1556735288 0
1556735289 0
1556735290 0
1556735291 0
1556735292 0
1556735293 0
1556735294 0
1556735295 0
1556735296 0
1556735297 0
1556735298 0
1556735299 0
1556735300 0
1556735301 0
1556735302 0
1556735303 0
1556735304 0
1556735305 0
1556735306 0
1556735307 0
1556735308 0
1556735309 0
1556735310 0
1556735311 0
1556735312 0
1556735313 0
1556735314 0
1556735315 0
1556735316 0
1556735317 0
1556735318 0
1556735319 0
1556735320 0
1556735321 0
1556735322 0
1556735323 0
1556735324 0
1556735325 0
1556735326 0
1556735327 0
1556735328 0
1556735329 0
1556735330 0
1556735331 0
1556735332 0
1556735333 0
1556735334 0
1556735335 0
1556735336 0
1556735337 0
1556735338 0
1556735339 0
1556735340 0
1556735341 0
1556735342 0
1556735343 0
1556735344 0
1556735345 0
1556735346 0
1556735347 0
1556735348 0
1556735349 0
1556735350 0
1556735351 0
1556735352 0
1556735353 0
1556735354 0
1556735355 0
1556735356 0
1556735357 0
1556735358 0
1556735359 0
1556735360 0
1556735361 0
1556735362 0
1556735363 0
1556735364 0
1556735365 0
1556735366 0
1556735367 0
1556735368 0
1556735369 0
1556735370 0
1556735371 0
1556735372 0
1556735373 0
1556735374 0
1556735375 0
1556735376 0
1556735377 0
1556735378 0
1556735379 0
1556735380 0
1556735381 0
1556735382 0
1556735383 0
1556735384 0
1556735385 0
1556735386 0
1556735387 0
1556735388 0
1556735389 0
1556735390 0
1556735391 0
1556735392 0
1556735393 0
1556735394 0
1556735395 0
1556735396 0
1556735397 0
1556735398 0
1556735399 0
1556735400 0
1556735401 0
1556735402 0
1556735403 0
1556735404 0
1556735405 0
1556735406 0
1556735407 0
1556735408 0
1556735409 0
1556735410 0
1556735411 0
1556735412 0
1556735413 0
1556735414 0
1556735415 0
1556735416 0
1556735417 0
1556735418 0
1556735419 0
1556735420 0
1556735421 0
1556735422 0
1556735423 0
1556735424 0
1556735425 0
1556735426 0
1556735427 0
1556735428 0
1556735429 0
1556735430 0
1556735431 0
1556735432 0
1556735433 0
1556735434 0
1556735435 0
1556735436 0
1556735437 0
1556735438 0
1556735439 0
1556735440 0
1556735441 0
1556735442 0
1556735443 0
1556735444 0
1556735445 0
1556735446 0
1556735447 0
1556735448 0
1556735449 0
1556735450 0
1556735451 0
1556735452 0
1556735453 0
1556735454 0
1556735455 0
1556735456 0
1556735457 0
1556735458 0
1556735459 0
1556735460 0
1556735461 0
1556735462 0
1556735463 0
1556735464 0
1556735465 0
1556735466 0
1556735467 0
1556735468 0
1556735469 0
1556735470 0
1556735471 0
1556735472 0
1556735473 0
1556735474 0
1556735475 0
1556735476 0
1556735477 0
1556735478 0
1556735479 0
1556735480 0
1556735481 0
1556735482 0
1556735483 0
1556735484 0
1556735485 0
1556735486 0
1556735487 0
1556735488 0
1556735489 0
1556735490 0
1556735491 0
1556735492 0
1556735493 0
1556735494 0
1556735495 0
1556735496 0
1556735497 0
1556735498 0
1556735499 0
1556735500 0
1556735501 0
1556735502 0
1556735503 0
1556735504 0
1556735505 0
1556735506 0
1556735507 0
1556735508 0
1556735509 0
1556735510 0
1556735511 0
1556735512 0
1556735513 0
1556735514 0
1556735515 0
1556735516 0
1556735517 0
1556735518 0
1556735519 0
1556735520 0
1556735521 0
1556735522 0
1556735523 0
1556735524 0
1556735525 0
1556735526 0
1556735527 0
1556735528 0
1556735529 0
1556735530 0
1556735531 0
1556735532 0
1556735533 0
1556735534 0
1556735535 0
1556735536 0
1556735537 0
1556735538 0
1556735539 0
1556735540 0
1556735541 0
1556735542 0
1556735543 0
1556735544 0
1556735545 0
1556735546 0
1556735547 0
1556735548 0
1556735549 0
1556735550 0
1556735551 0
1556735552 0
1556735553 0
1556735554 0
1556735555 0
1556735556 0
1556735557 0
1556735558 0
1556735559 0
1556735560 0
1556735561 0
1556735562 0
1556735563 0
1556735564 0
1556735565 0
1556735566 0
1556735567 0
1556735568 0
1556735569 0
1556735570 0
1556735571 0
1556735572 0
1556735573 0
1556735574 0
1556735575 0
1556735576 0
1556735577 0
1556735578 0
1556735579 0
1556735580 0
1556735581 0
1556735582 0
1556735583 0
1556735584 0
1556735585 0
1556735586 0
1556735587 0
1556735588 0
1556735589 0
1556735590 0
1556735591 0
1556735592 0
1556735593 0
1556735594 0
1556735595 0
1556735596 0
1556735597 0
1556735598 0
1556735599 0
1556735600 0
1556735601 0
1556735602 0
1556735603 0
1556735604 0
1556735605 0
1556735606 0
1556735607 0
1556735608 0
1556735609 0
1556735610 0
1556735611 0
1556735612 0
1556735613 0
1556735614 0
1556735615 0
1556735616 0
1556735617 0
1556735618 0
1556735619 0
1556735620 0
1556735621 0
1556735622 0
1556735623 0
1556735624 0
1556735625 0
1556735626 0
1556735627 0
1556735628 0
1556735629 0
1556735630 0
1556735631 0
1556735632 0
1556735633 0
1556735634 0
1556735635 0
1556735636 0
1556735637 0
1556735638 0
1556735639 0
1556735640 0
1556735641 0
1556735642 0
1556735643 0
1556735644 0
1556735645 0
1556735646 0
1556735647 0
1556735648 0
1556735649 0
1556735650 0
1556735651 0
1556735652 0
1556735653 0
1556735654 0
1556735655 0
1556735656 0
1556735657 0
1556735658 0
1556735659 0
1556735660 0
1556735661 0
1556735662 0
1556735663 0
1556735664 0
1556735665 0
1556735666 0
1556735667 0
1556735668 0
1556735669 0
1556735670 0
1556735671 0
1556735672 0
1556735673 0
1556735674 0
1556735675 0
1556735676 0
1556735677 0
1556735678 0
1556735679 0
1556735680 0
1556735681 0
1556735682 0
1556735683 0
1556735684 0
1556735685 0
1556735686 0
1556735687 0
1556735688 0
1556735689 0
1556735690 0
1556735691 0
1556735692 0
1556735693 0
1556735694 0
1556735695 0
1556735696 0
1556735697 0
1556735698 0
1556735699 0
1556735700 0
1556735701 0
1556735702 0
1556735703 0
1556735704 0
1556735705 0
1556735706 0
1556735707 0
1556735708 0
1556735709 0
1556735710 0
1556735711 0
1556735712 0
1556735713 0
1556735714 0
1556735715 0
1556735716 0
1556735717 0
1556735718 0
1556735719 0
1556735720 0
1556735721 0
1556735722 0
1556735723 0
1556735724 0
1556735725 0
1556735726 0
1556735727 0
1556735728 0
1556735729 0
1556735730 0
1556735731 0
1556735732 0
1556735733 0
1556735734 0
1556735735 0
1556735736 0
1556735737 0
1556735738 0
1556735739 0
1556735740 0
1556735741 0
1556735742 0
1556735743 0
1556735744 0
1556735745 0
1556735746 0
1556735747 0
1556735748 0
1556735749 0
1556735750 0
1556735751 0
1556735752 0
1556735753 0
1556735754 0
1556735755 0
1556735756 0
1556735757 0
1556735758 0
1556735759 0
1556735760 0
1556735761 0
1556735762 0
1556735763 0
1556735764 0
1556735765 0
1556735766 0
1556735767 0
1556735768 0
1556735769 0
1556735770 0
1556735771 0
1556735772 0
1556735773 0
1556735774 0
1556735775 0
1556735776 0
1556735777 0
1556735778 0
1556735779 0
1556735780 0
1556735781 0
1556735782 0
1556735783 0
1556735784 0
1556735785 0
1556735786 0
1556735787 0
1556735788 0
1556735789 0
1556735790 0
1556735791 0
1556735792 0
1556735793 0
1556735794 0
1556735795 0
1556735796 0
1556735797 0
1556735798 0
1556735799 0
1556735800 0
1556735801 0
1556735802 0
1556735803 0
1556735804 0
1556735805 0
1556735806 0
1556735807 0
1556735808 0
1556735809 0
1556735810 0
1556735811 0
1556735812 0
1556735813 0
1556735814 0
1556735815 0
1556735816 0
1556735817 0
1556735818 0
1556735819 0
1556735820 0
1556735821 0
1556735822 0
1556735823 0
1556735824 0
1556735825 0
1556735826 0
1556735827 0
1556735828 0
1556735829 0
1556735830 0
1556735831 0
1556735832 0
1556735833 0
1556735834 0
1556735835 0
1556735836 0
1556735837 0
1556735838 0
1556735839 0
1556735840 0
1556735841 0
1556735842 0
1556735843 0
1556735844 0
1556735845 0
1556735846 0
1556735847 0
1556735848 0
1556735849 0
1556735850 0
1556735851 0
1556735852 0
1556735853 0
1556735854 0
1556735855 0
1556735856 0
1556735857 0
1556735858 0
1556735859 0
1556735860 0
1556735861 0
1556735862 0
1556735863 0
1556735864 0
1556735865 0
1556735866 0
1556735867 0
1556735868 0
1556735869 0
1556735870 0
1556735871 0
1556735872 0
1556735873 0
1556735874 0
1556735875 0
1556735876 0
1556735877 0
1556735878 0
1556735879 0
1556735880 0
1556735881 0
1556735882 0
1556735883 0
1556735884 0
1556735885 0
1556735886 0
1556735887 0
1556735888 0
1556735889 0
1556735890 0
1556735891 0
1556735892 0
1556735893 0
1556735894 0
1556735895 0
1556735896 0
1556735897 0
1556735898 0
1556735899 0
1556735900 0
1556735901 0
1556735902 0
1556735903 0
1556735904 0
1556735905 0
1556735906 0
1556735907 0
1556735908 0
1556735909 0
1556735910 0
1556735911 0
1556735912 0
1556735913 0
1556735914 0
1556735915 0
1556735916 0
1556735917 0
1556735918 0
1556735919 0
1556735920 0
1556735921 0
1556735922 0
1556735923 0
1556735924 0
1556735925 0
1556735926 0
1556735927 0
1556735928 0
1556735929 0
1556735930 0
1556735931 0
1556735932 0
1556735933 0
1556735934 0
1556735935 0
1556735936 0
1556735937 0
1556735938 0
1556735939 0
1556735940 0
1556735941 0
1556735942 0
1556735943 0
1556735944 0
1556735945 0
1556735946 0
1556735947 0
1556735948 0
1556735949 0
1556735950 0
1556735951 0
1556735952 0
1556735953 0
1556735954 0
1556735955 0
1556735956 0
1556735957 0
1556735958 0
1556735959 0
1556735960 0
1556735961 0
1556735962 0
1556735963 0
1556735964 0
1556735965 0
1556735966 0
1556735967 0
1556735968 0
1556735969 0
1556735970 0
1556735971 0
1556735972 0
1556735973 0
1556735974 0
1556735975 0
1556735976 0
1556735977 0
1556735978 0
1556735979 0
1556735980 0
1556735981 0
1556735982 0
1556735983 0
1556735984 0
1556735985 0
1556735986 0
1556735987 0
1556735988 0
1556735989 0
1556735990 0
1556735991 0
1556735992 0
1556735993 0
1556735994 0
1556735995 0
1556735996 0
1556735997 0
1556735998 0
1556735999 0
1556736000 0
1556736001 0
1556736002 0
1556736003 0
1556736004 0
1556736005 0
1556736006 0
1556736007 0
1556736008 0
1556736009 0
1556736010 0
1556736011 0
1556736012 0
1556736013 0
1556736014 0
1556736015 0
1556736016 0
1556736017 0
1556736018 0
1556736019 0
1556736020 0
1556736021 0
1556736022 0
1556736023 0
1556736024 0
1556736025 0
1556736026 0
1556736027 0
1556736028 0
1556736029 0
1556736030 0
1556736031 0
1556736032 0
1556736033 0
1556736034 0
1556736035 0
1556736036 0
1556736037 0
1556736038 0
1556736039 0
1556736040 0
1556736041 0
1556736042 0
1556736043 0
1556736044 0
1556736045 0
1556736046 0
1556736047 0
1556736048 0
1556736049 0
1556736050 0
1556736051 0
1556736052 0
1556736053 0
1556736054 0
1556736055 0
1556736056 0
1556736057 0
1556736058 0
1556736059 0
1556736060 0
1556736061 0
1556736062 0
1556736063 0
1556736064 0
1556736065 0
1556736066 0
1556736067 0
1556736068 0
1556736069 0
1556736070 0
1556736071 0
1556736072 0
1556736073 0
1556736074 0
1556736075 0
1556736076 0
1556736077 0
1556736078 0
1556736079 0
1556736080 0
1556736081 0
1556736082 0
1556736083 0
1556736084 0
1556736085 0
1556736086 0
1556736087 0
1556736088 0
1556736089 0
1556736090 0
1556736091 0
1556736092 0
1556736093 0
1556736094 0
1556736095 0
1556736096 0
1556736097 0
1556736098 0
1556736099 0
1556736100 0
1556736101 0
1556736102 0
1556736103 0
1556736104 0
1556736105 0
1556736106 0
1556736107 0
1556736108 0
1556736109 0
1556736110 0
1556736111 0
1556736112 0
1556736113 0
1556736114 0
1556736115 0
1556736116 0
1556736117 0
1556736118 0
1556736119 0
1556736120 0
1556736121 0
1556736122 0
1556736123 0
1556736124 0
1556736125 0
1556736126 0
1556736127 0
1556736128 0
1556736129 0
1556736130 0
1556736131 0
1556736132 0
1556736133 0
1556736134 0
1556736135 0
1556736136 0
1556736137 0
1556736138 0
1556736139 0
1556736140 0
1556736141 0
1556736142 0
1556736143 0
1556736144 0
1556736145 0
1556736146 0
1556736147 0
1556736148 0
1556736149 0
1556736150 0
1556736151 0
1556736152 0
1556736153 0
1556736154 0
1556736155 0
1556736156 0
1556736157 0
1556736158 0
1556736159 0
1556736160 0
1556736161 0
1556736162 0
1556736163 0
1556736164 0
1556736165 0
1556736166 0
1556736167 0
1556736168 0
1556736169 0
1556736170 0
1556736171 0
1556736172 0
1556736173 0
1556736174 0
1556736175 0
1556736176 0
1556736177 0
1556736178 0
1556736179 0
1556736180 0
1556736181 0
1556736182 0
1556736183 0
1556736184 0
1556736185 0
1556736186 0
1556736187 0
1556736188 0
1556736189 0
1556736190 0
1556736191 0
1556736192 0
1556736193 0
1556736194 0
1556736195 0
1556736196 0
1556736197 0
1556736198 0
1556736199 0
1556736200 0
1556736201 0
1556736202 0
1556736203 0
1556736204 0
1556736205 0
1556736206 0
1556736207 0
1556736208 0
1556736209 0
1556736210 0
1556736211 0
1556736212 0
1556736213 0
1556736214 0
1556736215 0
1556736216 0
1556736217 0
1556736218 0
1556736219 0
1556736220 0
1556736221 0
1556736222 0
1556736223 0
1556736224 0
1556736225 0
1556736226 0
1556736227 0
1556736228 0
1556736229 0
1556736230 0
1556736231 0
1556736232 0
1556736233 0
1556736234 0
1556736235 0
1556736236 0
1556736237 0
1556736238 0
1556736239 0
1556736240 0
1556736241 0
1556736242 0
1556736243 0
1556736244 0
1556736245 0
1556736246 0
1556736247 0
1556736248 0
1556736249 0
1556736250 0
1556736251 0
1556736252 0
1556736253 0
1556736254 0
1556736255 0
1556736256 0
1556736257 0
1556736258 0
1556736259 0
1556736260 0
1556736261 0
1556736262 0
1556736263 0
1556736264 0
1556736265 0
1556736266 0
1556736267 0
1556736268 0
1556736269 0
1556736270 0
1556736271 0
1556736272 0
1556736273 0
1556736274 0
1556736275 0
1556736276 0
1556736277 0
1556736278 0
1556736279 0
1556736280 0
1556736281 0
1556736282 0
1556736283 0
1556736284 0
1556736285 0
1556736286 0
1556736287 0
1556736288 0
1556736289 0
1556736290 0
1556736291 0
1556736292 0
1556736293 0
1556736294 0
1556736295 0
1556736296 0
1556736297 0
1556736298 0
1556736299 0
1556736300 0
1556736301 0
1556736302 0
1556736303 0
1556736304 0
1556736305 0
1556736306 0
1556736307 0
1556736308 0
1556736309 0
1556736310 0
1556736311 0
1556736312 0
1556736313 0
1556736314 0
1556736315 0
1556736316 0
1556736317 0
1556736318 0
1556736319 0
1556736320 0
1556736321 0
1556736322 0
1556736323 0
1556736324 0
1556736325 0
1556736326 0
1556736327 0
1556736328 0
1556736329 0
1556736330 0
1556736331 0
1556736332 0
1556736333 0
1556736334 0
1556736335 0
1556736336 0
1556736337 0
1556736338 0
1556736339 0
1556736340 0
1556736341 0
1556736342 0
1556736343 0
1556736344 0
1556736345 0
1556736346 0
1556736347 0
1556736348 0
1556736349 0
1556736350 0
1556736351 0
1556736352 0
1556736353 0
1556736354 0
1556736355 0
1556736356 0
1556736357 0
1556736358 0
1556736359 0
1556736360 0
1556736361 0
1556736362 0
1556736363 0
1556736364 0
1556736365 0
1556736366 0
1556736367 0
1556736368 0
1556736369 0
1556736370 0
1556736371 0
1556736372 0
1556736373 0
1556736374 0
1556736375 0
1556736376 0
1556736377 0
1556736378 0
1556736379 0
1556736380 0
1556736381 0
1556736382 0
1556736383 0
1556736384 0
1556736385 0
1556736386 0
1556736387 0
1556736388 0
1556736389 0
1556736390 0
1556736391 0
1556736392 0
1556736393 0
1556736394 0
1556736395 0
1556736396 0
1556736397 0
1556736398 0
1556736399 0
1556736400 0
1556736401 0
1556736402 0
1556736403 0
1556736404 0
1556736405 0
1556736406 0
1556736407 0
1556736408 0
1556736409 0
1556736410 0
1556736411 0
1556736412 0
1556736413 0
1556736414 0
1556736415 0
1556736416 0
1556736417 0
1556736418 0
1556736419 0
1556736420 0
1556736421 0
1556736422 0
1556736423 0
1556736424 0
1556736425 0
1556736426 0
1556736427 0
1556736428 0
1556736429 0
1556736430 0
1556736431 0
1556736432 0
1556736433 0
1556736434 0
1556736435 0
1556736436 0
1556736437 0
1556736438 0
1556736439 0
1556736440 0
1556736441 0
1556736442 0
1556736443 0
1556736444 0
1556736445 0
1556736446 0
1556736447 0
1556736448 0
1556736449 0
1556736450 0
1556736451 0
1556736452 0
1556736453 0
1556736454 0
1556736455 0
1556736456 0
1556736457 0
1556736458 0
1556736459 0
1556736460 0
1556736461 0
1556736462 0
1556736463 0
1556736464 0
1556736465 0
1556736466 0
1556736467 0
1556736468 0
1556736469 0
1556736470 0
1556736471 0
1556736472 0
1556736473 0
1556736474 0
1556736475 0
1556736476 0
1556736477 0
1556736478 0
1556736479 0
1556736480 0
1556736481 0
1556736482 0
1556736483 0
1556736484 0
1556736485 0
1556736486 0
1556736487 0
1556736488 0
1556736489 0
1556736490 0
1556736491 0
1556736492 0
1556736493 0
1556736494 0
1556736495 0
1556736496 0
1556736497 0
1556736498 0
1556736499 0
1556736500 0
1556736501 0
1556736502 0
1556736503 0
1556736504 0
1556736505 0
1556736506 0
1556736507 0
1556736508 0
1556736509 0
1556736510 0
1556736511 0
1556736512 0
1556736513 0
1556736514 0
1556736515 0
1556736516 0
1556736517 0
1556736518 0
1556736519 0
1556736520 0
1556736521 0
1556736522 0
1556736523 0
1556736524 0
1556736525 0
1556736526 0
1556736527 0
1556736528 0
1556736529 0
1556736530 0
1556736531 0
1556736532 0
1556736533 0
1556736534 0
1556736535 0
1556736536 0
1556736537 0
1556736538 0
1556736539 0
1556736540 0
1556736541 0
1556736542 0
1556736543 0
1556736544 0
1556736545 0
1556736546 0
1556736547 0
1556736548 0
1556736549 0
1556736550 0
1556736551 0
1556736552 0
1556736553 0
1556736554 0
1556736555 0
1556736556 0
1556736557 0
1556736558 0
1556736559 0
1556736560 0
1556736561 0
1556736562 0
1556736563 0
1556736564 0
1556736565 0
1556736566 0
1556736567 0
1556736568 0
1556736569 0
1556736570 0
1556736571 0
1556736572 0
1556736573 0
1556736574 0
1556736575 0
1556736576 0
1556736577 0
1556736578 0
1556736579 0
1556736580 0
1556736581 0
1556736582 0
1556736583 0
1556736584 0
1556736585 0
1556736586 0
1556736587 0
1556736588 0
1556736589 0
1556736590 0
1556736591 0
1556736592 0
1556736593 0
1556736594 0
1556736595 0
1556736596 0
1556736597 0
1556736598 0
1556736599 0
1556736600 0
1556736601 0
1556736602 0
1556736603 0
1556736604 0
1556736605 0
1556736606 0
1556736607 0
1556736608 0
1556736609 0
1556736610 0
1556736611 0
1556736612 0
1556736613 0
1556736614 0
1556736615 0
1556736616 0
1556736617 0
1556736618 0
1556736619 0
1556736620 0
1556736621 0
1556736622 0
1556736623 0
1556736624 0
1556736625 0
1556736626 0
1556736627 0
1556736628 0
1556736629 0
1556736630 0
1556736631 0
1556736632 0
1556736633 0
1556736634 0
1556736635 0
1556736636 0
1556736637 0
1556736638 0
1556736639 0
1556736640 0
1556736641 0
1556736642 0
1556736643 0
1556736644 0
1556736645 0
1556736646 0
1556736647 0
1556736648 0
1556736649 0
1556736650 0
1556736651 0
1556736652 0
1556736653 0
1556736654 0
1556736655 0
1556736656 0
1556736657 0
1556736658 0
1556736659 0
1556736660 0
1556736661 0
1556736662 0
1556736663 0
1556736664 0
1556736665 0
1556736666 0
1556736667 0
1556736668 0
1556736669 0
1556736670 0
1556736671 0
1556736672 0
1556736673 0
1556736674 0
1556736675 0
1556736676 0
1556736677 0
1556736678 0
1556736679 0
1556736680 0
1556736681 0
1556736682 0
1556736683 0
1556736684 0
1556736685 0
1556736686 0
1556736687 0
1556736688 0
1556736689 0
1556736690 0
1556736691 0
1556736692 0
1556736693 0
1556736694 0
1556736695 0
1556736696 0
1556736697 0
1556736698 0
1556736699 0
1556736700 0
1556736701 0
1556736702 0
1556736703 0
1556736704 0
1556736705 0
1556736706 0
1556736707 0
1556736708 0
1556736709 0
1556736710 0
1556736711 0
1556736712 0
1556736713 0
1556736714 0
1556736715 0
1556736716 0
1556736717 0
1556736718 0
1556736719 0
1556736720 0
1556736721 0
1556736722 0
1556736723 0
1556736724 0
1556736725 0
1556736726 0
1556736727 0
1556736728 0
1556736729 0
1556736730 0
1556736731 0
1556736732 0
1556736733 0
1556736734 0
1556736735 0
1556736736 0
1556736737 0
1556736738 0
1556736739 0
1556736740 0
1556736741 0
1556736742 0
1556736743 0
1556736744 0
1556736745 0
1556736746 0
1556736747 0
1556736748 0
1556736749 0
1556736750 0
1556736751 0
1556736752 0
1556736753 0
1556736754 0
1556736755 0
1556736756 0
1556736757 0
1556736758 0
1556736759 0
1556736760 0
1556736761 0
1556736762 0
1556736763 0
1556736764 0
1556736765 0
1556736766 0
1556736767 0
1556736768 0
1556736769 0
1556736770 0
1556736771 0
1556736772 0
1556736773 0
1556736774 0
1556736775 0
1556736776 0
1556736777 0
1556736778 0
1556736779 0
1556736780 0
1556736781 0
1556736782 0
1556736783 0
1556736784 0
1556736785 0
1556736786 0
1556736787 0
1556736788 0
1556736789 0
1556736790 0
1556736791 0
1556736792 0
1556736793 0
1556736794 0
1556736795 0
1556736796 0
1556736797 0
1556736798 0
1556736799 0
1556736800 0
1556736801 0
1556736802 0
1556736803 0
1556736804 0
1556736805 0
1556736806 0
1556736807 0
1556736808 0
1556736809 0
1556736810 0
1556736811 0
1556736812 0
1556736813 0
1556736814 0
1556736815 0
1556736816 0
1556736817 0
1556736818 0
1556736819 0
1556736820 0
1556736821 0
1556736822 0
1556736823 0
1556736824 0
1556736825 0
1556736826 0
1556736827 0
1556736828 0
1556736829 0
1556736830 0
1556736831 0
1556736832 0
1556736833 0
1556736834 0
1556736835 0
1556736836 0
1556736837 0
1556736838 0
1556736839 0
1556736840 0
1556736841 0
1556736842 0
1556736843 0
1556736844 0
1556736845 0
1556736846 0
1556736847 0
1556736848 0
1556736849 0
1556736850 0
1556736851 0
1556736852 0
1556736853 0
1556736854 0
1556736855 0
1556736856 0
1556736857 0
1556736858 0
1556736859 0
1556736860 0
1556736861 0
1556736862 0
1556736863 0
1556736864 0
1556736865 0
1556736866 0
1556736867 0
1556736868 0
1556736869 0
1556736870 0
1556736871 0
1556736872 0
1556736873 0
1556736874 0
1556736875 0
1556736876 0
1556736877 0
1556736878 0
1556736879 0
1556736880 0
1556736881 0
1556736882 0
1556736883 0
1556736884 0
1556736885 0
1556736886 0
1556736887 0
1556736888 0
1556736889 0
1556736890 0
1556736891 0
1556736892 0
1556736893 0
1556736894 0
1556736895 0
1556736896 0
1556736897 0
1556736898 0
1556736899 0
1556736900 0
1556736901 0
1556736902 0
1556736903 0
1556736904 0
1556736905 0
1556736906 0
1556736907 0
1556736908 0
1556736909 0
1556736910 0
1556736911 0
1556736912 0
1556736913 0
1556736914 0
1556736915 0
1556736916 0
1556736917 0
1556736918 0
1556736919 0
1556736920 0
1556736921 0
1556736922 0
1556736923 0
1556736924 0
1556736925 0
1556736926 0
1556736927 0
1556736928 0
1556736929 0
1556736930 0
1556736931 0
1556736932 0
1556736933 0
1556736934 0
1556736935 0
1556736936 0
1556736937 0
1556736938 0
1556736939 0
1556736940 0
1556736941 0
1556736942 0
1556736943 0
1556736944 0
1556736945 0
1556736946 0
1556736947 0
1556736948 0
1556736949 0
1556736950 0
1556736951 0
1556736952 0
1556736953 0
1556736954 0
1556736955 0
1556736956 0
1556736957 0
1556736958 0
1556736959 0
1556736960 0
1556736961 0
1556736962 0
1556736963 0
1556736964 0
1556736965 0
1556736966 0
1556736967 0
1556736968 0
1556736969 0
1556736970 0
1556736971 0
1556736972 0
1556736973 0
1556736974 0
1556736975 0
1556736976 0
1556736977 0
1556736978 0
1556736979 0
1556736980 0
1556736981 0
1556736982 0
1556736983 0
1556736984 0
1556736985 0
1556736986 0
1556736987 0
1556736988 0
1556736989 0
1556736990 0
1556736991 0
1556736992 0
1556736993 0
1556736994 0
1556736995 0
1556736996 0
1556736997 0
1556736998 0
1556736999 0
1556737000 0
1556737001 0
1556737002 0
1556737003 0
1556737004 0
1556737005 0
1556737006 0
1556737007 0
1556737008 0
1556737009 0
1556737010 0
1556737011 0
1556737012 0
1556737013 0
1556737014 0
1556737015 0
1556737016 0
1556737017 0
1556737018 0
1556737019 0
1556737020 0
1556737021 0
1556737022 0
1556737023 0
1556737024 0
1556737025 0
1556737026 0
1556737027 0
1556737028 0
1556737029 0
1556737030 0
1556737031 0
1556737032 0
1556737033 0
1556737034 0
1556737035 0
1556737036 0
1556737037 0
1556737038 0
1556737039 0
1556737040 0
1556737041 0
1556737042 0
1556737043 0
1556737044 0
1556737045 0
1556737046 0
1556737047 0
1556737048 0
1556737049 0
1556737050 0
1556737051 0
1556737052 0
1556737053 0
1556737054 0
1556737055 0
1556737056 0
1556737057 0
1556737058 0
1556737059 0
1556737060 0
1556737061 0
1556737062 0
1556737063 0
1556737064 0
1556737065 0
1556737066 0
1556737067 0
1556737068 0
1556737069 0
1556737070 0
1556737071 0
1556737072 0
1556737073 0
1556737074 0
1556737075 0
1556737076 0
1556737077 0
1556737078 0
1556737079 0
1556737080 0
1556737081 0
1556737082 0
1556737083 0
1556737084 0
1556737085 0
1556737086 0
1556737087 0
1556737088 0
1556737089 0
1556737090 0
1556737091 0
1556737092 0
1556737093 0
1556737094 0
1556737095 0
1556737096 0
1556737097 0
1556737098 0
1556737099 0
1556737100 0
1556737101 0
1556737102 0
1556737103 0
1556737104 0
1556737105 0
1556737106 0
1556737107 0
1556737108 0
1556737109 0
1556737110 0
1556737111 0
1556737112 0
1556737113 0
1556737114 0
1556737115 0
1556737116 0
1556737117 0
1556737118 0
1556737119 0
1556737120 0
1556737121 0
1556737122 0
1556737123 0
1556737124 0
1556737125 0
1556737126 0
1556737127 0
1556737128 0
1556737129 0
1556737130 0
1556737131 0
1556737132 0
1556737133 0
1556737134 0
1556737135 0
1556737136 0
1556737137 0
1556737138 0
1556737139 0
1556737140 0
1556737141 0
1556737142 0
1556737143 0
1556737144 0
1556737145 0
1556737146 0
1556737147 0
1556737148 0
1556737149 0
1556737150 0
1556737151 0
1556737152 0
1556737153 0
1556737154 0
1556737155 0
1556737156 0
1556737157 0
1556737158 0
1556737159 0
1556737160 0
1556737161 0
1556737162 0
1556737163 0
1556737164 0
1556737165 0
1556737166 0
1556737167 0
1556737168 0
1556737169 0
1556737170 0
1556737171 0
1556737172 0
1556737173 0
1556737174 0
1556737175 0
1556737176 0
1556737177 0
1556737178 0
1556737179 0
1556737180 0
1556737181 0
1556737182 0
1556737183 0
1556737184 0
1556737185 0
1556737186 0
1556737187 0
1556737188 0
1556737189 0
1556737190 0
1556737191 0
1556737192 0
1556737193 0
1556737194 0
1556737195 0
1556737196 0
1556737197 0
1556737198 0
1556737199 0
1556737200 0
1556737201 0
1556737202 0
1556737203 0
1556737204 0
1556737205 0
1556737206 0
1556737207 0
1556737208 0
1556737209 0
1556737210 0
1556737211 0
1556737212 0
1556737213 0
1556737214 0
1556737215 0
1556737216 0
1556737217 0
1556737218 0
1556737219 0
1556737220 0
1556737221 0
1556737222 0
1556737223 0
1556737224 0
1556737225 0
1556737226 0
1556737227 0
1556737228 0
1556737229 0
1556737230 0
1556737231 0
1556737232 0
1556737233 0
1556737234 0
1556737235 0
1556737236 0
1556737237 0
1556737238 0
1556737239 0
1556737240 0
1556737241 0
1556737242 0
1556737243 0
1556737244 0
1556737245 0
1556737246 0
1556737247 0
1556737248 0
1556737249 0
1556737250 0
1556737251 0
1556737252 0
1556737253 0
1556737254 0
1556737255 0
1556737256 0
1556737257 0
1556737258 0
1556737259 0
1556737260 0
1556737261 0
1556737262 0
1556737263 0
1556737264 0
1556737265 0
1556737266 0
1556737267 0
1556737268 0
1556737269 0
1556737270 0
1556737271 0
1556737272 0
1556737273 0
1556737274 0
1556737275 0
1556737276 0
1556737277 0
1556737278 0
1556737279 0
1556737280 0
1556737281 0
1556737282 0
1556737283 0
1556737284 0
1556737285 0
1556737286 0
1556737287 0
1556737288 0
1556737289 0
1556737290 0
1556737291 0
1556737292 0
1556737293 0
1556737294 0
1556737295 0
1556737296 0
1556737297 0
1556737298 0
1556737299 0
1556737300 0
1556737301 0
1556737302 0
1556737303 0
1556737304 0
1556737305 0
1556737306 0
1556737307 0
1556737308 0
1556737309 0
1556737310 0
1556737311 0
1556737312 0
1556737313 0
1556737314 0
1556737315 0
1556737316 0
1556737317 0
1556737318 0
1556737319 0
1556737320 0
1556737321 0
1556737322 0
1556737323 0
1556737324 0
1556737325 0
1556737326 0
1556737327 0
1556737328 0
1556737329 0
1556737330 0
1556737331 0
1556737332 0
1556737333 0
1556737334 0
1556737335 0
1556737336 0
1556737337 0
1556737338 0
1556737339 0
1556737340 0
1556737341 0
1556737342 0
1556737343 0
1556737344 0
1556737345 0
1556737346 0
1556737347 0
1556737348 0
1556737349 0
1556737350 0
1556737351 0
1556737352 0
1556737353 0
1556737354 0
1556737355 0
1556737356 0
1556737357 0
1556737358 0
1556737359 0
1556737360 0
1556737361 0
1556737362 0
1556737363 0
1556737364 0
1556737365 0
1556737366 0
1556737367 0
1556737368 0
1556737369 0
1556737370 0
1556737371 0
1556737372 0
1556737373 0
1556737374 0
1556737375 0
1556737376 0
1556737377 0
1556737378 0
1556737379 0
1556737380 0
1556737381 0
1556737382 0
1556737383 0
1556737384 0
1556737385 0
1556737386 0
1556737387 0
1556737388 0
1556737389 0
1556737390 0
1556737391 0
1556737392 0
1556737393 0
1556737394 0
1556737395 0
1556737396 0
1556737397 0
1556737398 0
1556737399 0
1556737400 0
1556737401 0
1556737402 0
1556737403 0
1556737404 0
1556737405 0
1556737406 0
1556737407 0
1556737408 0
1556737409 0
1556737410 0
1556737411 0
1556737412 0
1556737413 0
1556737414 0
1556737415 0
1556737416 0
1556737417 0
1556737418 0
1556737419 0
1556737420 0
1556737421 0
1556737422 0
1556737423 0
1556737424 0
1556737425 0
1556737426 0
1556737427 0
1556737428 0
1556737429 0
1556737430 0
1556737431 0
1556737432 0
1556737433 0
1556737434 0
1556737435 0
1556737436 0
1556737437 0
1556737438 0
1556737439 0
1556737440 0
1556737441 0
1556737442 0
1556737443 0
1556737444 0
1556737445 0
1556737446 0
1556737447 0
1556737448 0
1556737449 0
1556737450 0
1556737451 0
1556737452 0
1556737453 0
1556737454 0
1556737455 0
1556737456 0
1556737457 0
1556737458 0
1556737459 0
1556737460 0
1556737461 0
1556737462 0
1556737463 0
1556737464 0
1556737465 0
1556737466 0
1556737467 0
1556737468 0
1556737469 0
1556737470 0
1556737471 0
1556737472 0
1556737473 0
1556737474 0
1556737475 0
1556737476 0
1556737477 0
1556737478 0
1556737479 0
1556737480 0
1556737481 0
1556737482 0
1556737483 0
1556737484 0
1556737485 0
1556737486 0
1556737487 0
1556737488 0
1556737489 0
1556737490 0
1556737491 0
1556737492 0
1556737493 0
1556737494 0
1556737495 0
1556737496 0
1556737497 0
1556737498 0
1556737499 0
1556737500 0
1556737501 0
1556737502 0
1556737503 0
1556737504 0
1556737505 0
1556737506 0
1556737507 0
1556737508 0
1556737509 0
1556737510 0
1556737511 0
1556737512 0
1556737513 0
1556737514 0
1556737515 0
1556737516 0
1556737517 0
1556737518 0
1556737519 0
1556737520 0
1556737521 0
1556737522 0
1556737523 0
1556737524 0
1556737525 0
1556737526 0
1556737527 0
1556737528 0
1556737529 0
1556737530 0
1556737531 0
1556737532 0
1556737533 0
1556737534 0
1556737535 0
1556737536 0
1556737537 0
1556737538 0
1556737539 0
1556737540 0
1556737541 0
1556737542 0
1556737543 0
1556737544 0
1556737545 0
1556737546 0
1556737547 0
1556737548 0
1556737549 0
1556737550 0
1556737551 0
1556737552 0
1556737553 0
1556737554 0
1556737555 0
1556737556 0
1556737557 0
1556737558 0
1556737559 0
1556737560 0
1556737561 0
1556737562 0
1556737563 0
1556737564 0
1556737565 0
1556737566 0
1556737567 0
1556737568 0
1556737569 0
1556737570 0
1556737571 0
1556737572 0
1556737573 0
1556737574 0
1556737575 0
1556737576 0
1556737577 0
1556737578 0
1556737579 0
1556737580 0
1556737581 0
1556737582 0
1556737583 0
1556737584 0
1556737585 0
1556737586 0
1556737587 0
1556737588 0
1556737589 0
1556737590 0
1556737591 0
1556737592 0
1556737593 0
1556737594 0
1556737595 0
1556737596 0
1556737597 0
1556737598 0
1556737599 0
1556737600 0
1556737601 0
1556737602 0
1556737603 0
1556737604 0
1556737605 0
1556737606 0
1556737607 0
1556737608 0
1556737609 0
1556737610 0
1556737611 0
1556737612 0
1556737613 0
1556737614 0
1556737615 0
1556737616 0
1556737617 0
1556737618 0
1556737619 0
1556737620 0
1556737621 0
1556737622 0
1556737623 0
1556737624 0
1556737625 0
1556737626 0
1556737627 0
1556737628 0
1556737629 0
1556737630 0
1556737631 0
1556737632 0
1556737633 0
1556737634 0
1556737635 0
1556737636 0
1556737637 0
1556737638 0
1556737639 0
1556737640 0
1556737641 0
1556737642 0
1556737643 0
1556737644 0
1556737645 0
1556737646 0
1556737647 0
1556737648 0
1556737649 0
1556737650 0
1556737651 0
1556737652 0
1556737653 0
1556737654 0
1556737655 0
1556737656 0
1556737657 0
1556737658 0
1556737659 0
1556737660 0
1556737661 0
1556737662 0
1556737663 0
1556737664 0
1556737665 0
1556737666 0
1556737667 0
1556737668 0
1556737669 0
1556737670 0
1556737671 0
1556737672 0
1556737673 0
1556737674 0
1556737675 0
1556737676 0
1556737677 0
1556737678 0
1556737679 0
1556737680 0
1556737681 0
1556737682 0
1556737683 0
1556737684 0
1556737685 0
1556737686 0
1556737687 0
1556737688 0
1556737689 0
1556737690 0
1556737691 0
1556737692 0
1556737693 0
1556737694 0
1556737695 0
1556737696 0
1556737697 0
1556737698 0
1556737699 0
1556737700 0
1556737701 0
1556737702 0
1556737703 0
1556737704 0
1556737705 0
1556737706 0
1556737707 0
1556737708 0
1556737709 0
1556737710 0
1556737711 0
1556737712 0
1556737713 0
1556737714 0
1556737715 0
1556737716 0
1556737717 0
1556737718 0
1556737719 0
1556737720 0
1556737721 0
1556737722 0
1556737723 0
1556737724 0
1556737725 0
1556737726 0
1556737727 0
1556737728 0
1556737729 0
1556737730 0
1556737731 0
1556737732 0
1556737733 0
1556737734 0
1556737735 0
1556737736 0
1556737737 0
1556737738 0
1556737739 0
1556737740 0
1556737741 0
1556737742 0
1556737743 0
1556737744 0
1556737745 0
1556737746 0
1556737747 0
1556737748 0
1556737749 0
1556737750 0
1556737751 0
1556737752 0
1556737753 0
1556737754 0
1556737755 0
1556737756 0
1556737757 0
1556737758 0
1556737759 0
1556737760 0
1556737761 0
1556737762 0
1556737763 0
1556737764 0
1556737765 0
1556737766 0
1556737767 0
1556737768 0
1556737769 0
1556737770 0
1556737771 0
1556737772 0
1556737773 0
1556737774 0
1556737775 0
1556737776 0
1556737777 0
1556737778 0
1556737779 0
1556737780 0
1556737781 0
1556737782 0
1556737783 0
1556737784 0
1556737785 0
1556737786 0
1556737787 0
1556737788 0
1556737789 0
1556737790 0
1556737791 0
1556737792 0
1556737793 0
1556737794 0
1556737795 0
1556737796 0
1556737797 0
1556737798 0
1556737799 0
1556737800 0
1556737801 0
1556737802 0
1556737803 0
1556737804 0
1556737805 0
1556737806 0
1556737807 0
1556737808 0
1556737809 0
1556737810 0
1556737811 0
1556737812 0
1556737813 0
1556737814 0
1556737815 0
1556737816 0
1556737817 0
1556737818 0
1556737819 0
1556737820 0
1556737821 0
1556737822 0
1556737823 0
1556737824 0
1556737825 0
1556737826 0
1556737827 0
1556737828 0
1556737829 0
1556737830 0
1556737831 0
1556737832 0
1556737833 0
1556737834 0
1556737835 0
1556737836 0
1556737837 0
1556737838 0
1556737839 0
1556737840 0
1556737841 0
1556737842 0
1556737843 0
1556737844 0
1556737845 0
1556737846 0
1556737847 0
1556737848 0
1556737849 0
1556737850 0
1556737851 0
1556737852 0
1556737853 0
1556737854 0
1556737855 0
1556737856 0
1556737857 0
1556737858 0
1556737859 0
1556737860 0
1556737861 0
1556737862 0
1556737863 0
1556737864 0
1556737865 0
1556737866 0
1556737867 0
1556737868 0
1556737869 0
1556737870 0
1556737871 0
1556737872 0
1556737873 0
1556737874 0
1556737875 0
1556737876 0
1556737877 0
1556737878 0
1556737879 0
1556737880 0
1556737881 0
1556737882 0
1556737883 0
1556737884 0
1556737885 0
1556737886 0
1556737887 0
1556737888 0
1556737889 0
1556737890 0
1556737891 0
1556737892 0
1556737893 0
1556737894 0
1556737895 0
1556737896 0
1556737897 0
1556737898 0
1556737899 0
1556737900 0
1556737901 0
1556737902 0
1556737903 0
1556737904 0
1556737905 0
1556737906 0
1556737907 0
1556737908 0
1556737909 0
1556737910 0
1556737911 0
1556737912 0
1556737913 0
1556737914 0
1556737915 0
1556737916 0
1556737917 0
1556737918 0
1556737919 0
1556737920 0
1556737921 0
1556737922 0
1556737923 0
1556737924 0
1556737925 0
1556737926 0
1556737927 0
1556737928 0
1556737929 0
1556737930 0
1556737931 0
1556737932 0
1556737933 0
1556737934 0
1556737935 0
1556737936 0
1556737937 0
1556737938 0
1556737939 0
1556737940 0
1556737941 0
1556737942 0
1556737943 0
1556737944 0
1556737945 0
1556737946 0
1556737947 0
1556737948 0
1556737949 0
1556737950 0
1556737951 0
1556737952 0
1556737953 0
1556737954 0
1556737955 0
1556737956 0
1556737957 0
1556737958 0
1556737959 0
1556737960 0
1556737961 0
1556737962 0
1556737963 0
1556737964 0
1556737965 0
1556737966 0
1556737967 0
1556737968 0
1556737969 0
1556737970 0
1556737971 0
1556737972 0
1556737973 0
1556737974 0
1556737975 0
1556737976 0
1556737977 0
1556737978 0
1556737979 0
1556737980 0
1556737981 0
1556737982 0
1556737983 0
1556737984 0
1556737985 0
1556737986 0
1556737987 0
1556737988 0
1556737989 0
1556737990 0
1556737991 0
1556737992 0
1556737993 0
1556737994 0
1556737995 0
1556737996 0
1556737997 0
1556737998 0
1556737999 0
1556738000 0
1556738001 0
1556738002 0
1556738003 0
1556738004 0
1556738005 0
1556738006 0
1556738007 0
1556738008 0
1556738009 0
1556738010 0
1556738011 0
1556738012 0
1556738013 0
1556738014 0
1556738015 0
1556738016 0
1556738017 0
1556738018 0
1556738019 0
1556738020 0
1556738021 0
1556738022 0
1556738023 0
1556738024 0
1556738025 0
1556738026 0
1556738027 0
1556738028 0
1556738029 0
1556738030 0
1556738031 0
1556738032 0
1556738033 0
1556738034 0
1556738035 0
1556738036 0
1556738037 0
1556738038 0
1556738039 0
1556738040 0
1556738041 0
1556738042 0
1556738043 0
1556738044 0
1556738045 0
1556738046 0
1556738047 0
1556738048 0
1556738049 0
1556738050 0
1556738051 0
1556738052 0
1556738053 0
1556738054 0
1556738055 0
1556738056 0
1556738057 0
1556738058 0
1556738059 0
1556738060 0
1556738061 0
1556738062 0
1556738063 0
1556738064 0
1556738065 0
1556738066 0
1556738067 0
1556738068 0
1556738069 0
1556738070 0
1556738071 0
1556738072 0
1556738073 0
1556738074 0
1556738075 0
1556738076 0
1556738077 0
1556738078 0
1556738079 0
1556738080 0
1556738081 0
1556738082 0
1556738083 0
1556738084 0
1556738085 0
1556738086 0
1556738087 0
1556738088 0
1556738089 0
1556738090 0
1556738091 0
1556738092 0
1556738093 0
1556738094 0
1556738095 0
1556738096 0
1556738097 0
1556738098 0
1556738099 0
1556738100 2
1556738101 3
1556738102 0
1556738103 0
1556738104 0
1556738105 0
1556738106 4
1556738107 16
1556738108 0
1556738109 1
1556738110 3
1556738111 2
1556738112 1
1556738113 2
1556738114 1
1556738115 1
1556738116 2
1556738117 2
1556738118 1
1556738119 0
1556738120 2
1556738121 0
1556738122 0
1556738123 3
1556738124 0
1556738125 8
1556738126 0
1556738127 0
1556738128 0
1556738129 13
1556738130 0
1556738131 8
1556738132 3
1556738133 3
1556738134 1
1556738135 3
1556738136 2
1556738137 1
1556738138 5
1556738139 0
1556738140 6
1556738141 4
1556738142 1
1556738143 7
1556738144 1
1556738145 5
1556738146 0
1556738147 1
1556738148 2
1556738149 1
1556738150 0
1556738151 3
1556738152 4
1556738153 0
1556738154 5
1556738155 3
1556738156 1
1556738157 7
1556738158 18
1556738159 8
1556738160 1
1556738161 7
1556738162 0
1556738163 2
1556738164 0
1556738165 2
1556738166 5
1556738167 2
1556738168 0
1556738169 3
1556738170 23
1556738171 0
1556738172 0
1556738173 5
1556738174 5
1556738175 1
1556738176 5
1556738177 3
1556738178 8
1556738179 0
1556738180 1
1556738181 1
1556738182 5
1556738183 12
1556738184 12
1556738185 4
1556738186 0
1556738187 1
1556738188 1
1556738189 3
1556738190 2
1556738191 6
1556738192 0
1556738193 13
1556738194 0
1556738195 1
1556738196 2
1556738197 1
1556738198 0
1556738199 0
1556738200 0
1556738201 2
1556738202 6
1556738203 1
1556738204 2
1556738205 0
1556738206 0
1556738207 0
1556738208 0
1556738209 0
1556738210 13
1556738211 0
1556738212 0
1556738213 0
1556738214 6
1556738215 2
1556738216 0
1556738217 2
1556738218 0
1556738219 1
1556738220 0
1556738221 8
1556738222 6
1556738223 5
1556738224 1
1556738225 0
1556738226 0
1556738227 1
1556738228 1
1556738229 0
1556738230 1
1556738231 3
1556738232 5
1556738233 5
1556738234 2
1556738235 2
1556738236 1
1556738237 5
1556738238 0
1556738239 0
1556738240 4
1556738241 0
1556738242 3
1556738243 0
1556738244 0
1556738245 1
1556738246 0
1556738247 4
1556738248 1
1556738249 4
1556738250 20
1556738251 6
1556738252 1
1556738253 10
1556738254 3
1556738255 10
1556738256 0
1556738257 7
1556738258 4
1556738259 5
1556738260 6
1556738261 3
1556738262 1
1556738263 2
1556738264 1
1556738265 4
1556738266 6
1556738267 10
1556738268 4
1556738269 11
1556738270 0
1556738271 5
1556738272 5
1556738273 12
1556738274 1
1556738275 0
1556738276 0
1556738277 0
1556738278 0
1556738279 0
1556738280 1
1556738281 4
1556738282 0
1556738283 0
1556738284 1
1556738285 3
1556738286 4
1556738287 1
1556738288 6
1556738289 0
1556738290 3
1556738291 2
1556738292 1
1556738293 2
1556738294 6
1556738295 7
1556738296 2
1556738297 3
1556738298 8
1556738299 4
1556738300 7
1556738301 4
1556738302 0
1556738303 3
1556738304 2
1556738305 2
1556738306 0
1556738307 10
1556738308 2
1556738309 5
1556738310 0
1556738311 0
1556738312 1
1556738313 13
1556738314 3
1556738315 2
1556738316 9
1556738317 0
1556738318 4
1556738319 6
1556738320 0
1556738321 2
1556738322 0
1556738323 15
1556738324 1
1556738325 1
1556738326 0
1556738327 0
1556738328 3
1556738329 3
1556738330 0
1556738331 0
1556738332 2
1556738333 1
1556738334 0
1556738335 3
1556738336 7
1556738337 2
1556738338 2
1556738339 3
1556738340 2
1556738341 0
1556738342 0
1556738343 4
1556738344 0
1556738345 10
1556738346 8
1556738347 0
1556738348 0
1556738349 1
1556738350 7
1556738351 1
1556738352 2
1556738353 5
1556738354 7
1556738355 0
1556738356 10
1556738357 9
1556738358 5
1556738359 1
1556738360 1
1556738361 0
1556738362 10
1556738363 0
1556738364 5
1556738365 1
1556738366 5
1556738367 12
1556738368 4
1556738369 10
1556738370 1
1556738371 7
1556738372 0
1556738373 0
1556738374 0
1556738375 1
1556738376 0
1556738377 0
1556738378 1
1556738379 3
1556738380 1
1556738381 2
1556738382 0
1556738383 0
1556738384 0
1556738385 12
1556738386 0
1556738387 7
1556738388 23
1556738389 5
1556738390 5
1556738391 0
1556738392 1
1556738393 6
1556738394 0
1556738395 0
1556738396 0
1556738397 6
1556738398 4
1556738399 6
1556738400 1
1556738401 3
1556738402 0
1556738403 1
1556738404 1
1556738405 2
1556738406 6
1556738407 6
1556738408 0
1556738409 5
1556738410 1
1556738411 0
1556738412 14
1556738413 1
1556738414 5
1556738415 2
1556738416 1
1556738417 8
1556738418 0
1556738419 1
1556738420 3
1556738421 6
1556738422 1
1556738423 1
1556738424 10
1556738425 0
1556738426 8
1556738427 2
1556738428 0
1556738429 3
1556738430 4
1556738431 0
1556738432 3
1556738433 3
1556738434 0
1556738435 8
1556738436 0
1556738437 3
1556738438 0
1556738439 3
1556738440 1
1556738441 1
1556738442 0
1556738443 2
1556738444 2
1556738445 5
1556738446 1
1556738447 0
1556738448 2
1556738449 0
1556738450 0
1556738451 3
1556738452 1
1556738453 4
1556738454 3
1556738455 4
1556738456 0
1556738457 3
1556738458 12
1556738459 6
1556738460 0
1556738461 0
1556738462 2
1556738463 15
1556738464 1
1556738465 0
1556738466 2
1556738467 0
1556738468 7
1556738469 2
1556738470 0
1556738471 0
1556738472 1
1556738473 0
1556738474 8
1556738475 1
1556738476 0
1556738477 0
1556738478 2
1556738479 1
1556738480 5
1556738481 2
1556738482 0
1556738483 0
1556738484 6
1556738485 8
1556738486 0
1556738487 0
1556738488 3
1556738489 5
1556738490 0
1556738491 0
1556738492 5
1556738493 3
1556738494 0
1556738495 3
1556738496 3
1556738497 10
1556738498 0
1556738499 4
1556738500 3
1556738501 1
1556738502 5
1556738503 2
1556738504 7
1556738505 0
1556738506 1
1556738507 2
1556738508 1
1556738509 4
1556738510 4
1556738511 0
1556738512 2
1556738513 1
1556738514 2
1556738515 1
1556738516 0
1556738517 0
1556738518 0
1556738519 1
1556738520 0
1556738521 2
1556738522 2
1556738523 1
1556738524 1
1556738525 5
1556738526 3
1556738527 1
1556738528 0
1556738529 0
1556738530 5
1556738531 8
1556738532 5
1556738533 3
1556738534 2
1556738535 4
1556738536 5
1556738537 11
1556738538 1
1556738539 0
1556738540 3
1556738541 2
1556738542 5
1556738543 4
1556738544 0
1556738545 0
1556738546 2
1556738547 2
1556738548 0
1556738549 0
1556738550 6
1556738551 6
1556738552 0
1556738553 2
1556738554 1
1556738555 1
1556738556 0
1556738557 0
1556738558 0
1556738559 8
1556738560 5
1556738561 2
1556738562 6
1556738563 1
1556738564 0
1556738565 0
1556738566 2
1556738567 0
1556738568 3
1556738569 1
1556738570 5
1556738571 11
1556738572 0
1556738573 1
1556738574 0
1556738575 2
1556738576 3
1556738577 0
1556738578 1
1556738579 3
1556738580 0
1556738581 4
1556738582 5
1556738583 1
1556738584 1
1556738585 1
1556738586 0
1556738587 0
1556738588 0
1556738589 0
1556738590 3
1556738591 7
1556738592 0
1556738593 0
1556738594 0
1556738595 2
1556738596 1
1556738597 1
1556738598 0
1556738599 2
1556738600 0
1556738601 13
1556738602 2
1556738603 0
1556738604 1
1556738605 0
1556738606 4
1556738607 0
1556738608 0
1556738609 4
1556738610 0
1556738611 6
1556738612 1
1556738613 0
1556738614 19
1556738615 0
1556738616 0
1556738617 3
1556738618 6
1556738619 1
1556738620 0
1556738621 2
1556738622 9
1556738623 1
1556738624 8
1556738625 0
1556738626 10
1556738627 6
1556738628 4
1556738629 0
1556738630 2
1556738631 0
1556738632 9
1556738633 7
1556738634 3
1556738635 2
1556738636 4
1556738637 0
1556738638 14
1556738639 0
1556738640 4
1556738641 5
1556738642 1
1556738643 4
1556738644 1
1556738645 4
1556738646 0
1556738647 2
1556738648 1
1556738649 7
1556738650 0
1556738651 10
1556738652 0
1556738653 1
1556738654 2
1556738655 0
1556738656 0
1556738657 0
1556738658 0
1556738659 3
1556738660 2
1556738661 4
1556738662 5
1556738663 0
1556738664 1
1556738665 6
1556738666 1
1556738667 3
1556738668 0
1556738669 0
1556738670 8
1556738671 0
1556738672 11
1556738673 3
1556738674 1
1556738675 0
1556738676 0
1556738677 7
1556738678 0
1556738679 3
1556738680 1
1556738681 9
1556738682 2
1556738683 8
1556738684 11
1556738685 0
1556738686 4
1556738687 0
1556738688 0
1556738689 1
1556738690 0
1556738691 0
1556738692 6
1556738693 7
1556738694 0
1556738695 0
1556738696 9
1556738697 5
1556738698 1
1556738699 2
1556738700 2
1556738701 12
1556738702 3
1556738703 0
1556738704 7
1556738705 3
1556738706 0
1556738707 0
1556738708 1
1556738709 0
1556738710 17
1556738711 0
1556738712 0
1556738713 2
1556738714 9
1556738715 9
1556738716 0
1556738717 5
1556738718 0
1556738719 0
1556738720 1
1556738721 0
1556738722 3
1556738723 0
1556738724 3
1556738725 0
1556738726 3
1556738727 3
1556738728 4
1556738729 5
1556738730 0
1556738731 1
1556738732 0
1556738733 8
1556738734 5
1556738735 1
1556738736 5
1556738737 0
1556738738 0
1556738739 0
1556738740 2
1556738741 0
1556738742 1
1556738743 14
1556738744 0
1556738745 1
1556738746 0
1556738747 7
1556738748 2
1556738749 6
1556738750 0
1556738751 1
1556738752 4
1556738753 0
1556738754 14
1556738755 2
1556738756 10
1556738757 5
1556738758 1
1556738759 7
1556738760 4
1556738761 0
1556738762 1
1556738763 5
1556738764 2
1556738765 1
1556738766 1
1556738767 0
1556738768 0
1556738769 0
1556738770 1
1556738771 2
1556738772 7
1556738773 1
1556738774 4
1556738775 2
1556738776 4
1556738777 0
1556738778 0
1556738779 1
1556738780 5
1556738781 5
1556738782 5
1556738783 0
1556738784 0
1556738785 7
1556738786 0
1556738787 1
1556738788 0
1556738789 4
1556738790 2
1556738791 0
1556738792 3
1556738793 5
1556738794 2
1556738795 0
1556738796 5
1556738797 3
1556738798 1
1556738799 2
1556738800 4
1556738801 0
1556738802 4
1556738803 7
1556738804 0
1556738805 0
1556738806 6
1556738807 0
1556738808 2
1556738809 4
1556738810 10
1556738811 3
1556738812 1
1556738813 1
1556738814 6
1556738815 1
1556738816 2
1556738817 1
1556738818 2
1556738819 3
1556738820 8
1556738821 3
1556738822 3
1556738823 9
1556738824 5
1556738825 1
1556738826 6
1556738827 3
1556738828 1
1556738829 5
1556738830 0
1556738831 1
1556738832 1
1556738833 9
1556738834 2
1556738835 0
1556738836 1
1556738837 0
1556738838 0
1556738839 5
1556738840 2
1556738841 12
1556738842 1
1556738843 6
1556738844 5
1556738845 7
1556738846 5
1556738847 0
1556738848 0
1556738849 14
1556738850 1
1556738851 0
1556738852 1
1556738853 7
1556738854 0
1556738855 4
1556738856 0
1556738857 0
1556738858 4
1556738859 4
1556738860 3
1556738861 0
1556738862 1
1556738863 0
1556738864 1
1556738865 11
1556738866 0
1556738867 6
1556738868 0
1556738869 1
1556738870 0
1556738871 0
1556738872 0
1556738873 0
1556738874 0
1556738875 0
1556738876 0
1556738877 0
1556738878 0
1556738879 0
1556738880 0
1556738881 0
1556738882 0
1556738883 0
1556738884 0
1556738885 0
1556738886 0
1556738887 0
1556738888 0
1556738889 0
1556738890 0
1556738891 0
1556738892 0
1556738893 0
1556738894 0
1556738895 0
1556738896 0
1556738897 0
1556738898 0
1556738899 0
1556738900 0
1556738901 0
1556738902 0
1556738903 0
1556738904 0
1556738905 0
1556738906 0
1556738907 0
1556738908 0
1556738909 0
1556738910 0
1556738911 0
1556738912 0
1556738913 0
1556738914 0
1556738915 0
1556738916 0
1556738917 0
1556738918 0
1556738919 0
1556738920 0
1556738921 0
1556738922 0
1556738923 0
1556738924 0
1556738925 0
1556738926 0
1556738927 0
1556738928 0
1556738929 0
1556738930 0
1556738931 0
1556738932 0
1556738933 0
1556738934 0
1556738935 0
1556738936 0
1556738937 0
1556738938 0
1556738939 0
1556738940 0
1556738941 0
1556738942 0
1556738943 0
1556738944 0
1556738945 0
1556738946 0
1556738947 0
1556738948 0
1556738949 0
1556738950 0
1556738951 0
1556738952 0
1556738953 0
1556738954 0
1556738955 0
1556738956 0
1556738957 0
1556738958 0
1556738959 0
1556738960 0
1556738961 0
1556738962 0
1556738963 0
1556738964 0
1556738965 0
1556738966 0
1556738967 0
1556738968 0
1556738969 0
1556738970 0
1556738971 0
1556738972 0
1556738973 0
1556738974 0
1556738975 0
1556738976 0
1556738977 0
1556738978 0
1556738979 0
1556738980 0
1556738981 0
1556738982 0
1556738983 0
1556738984 0
1556738985 0
1556738986 0
1556738987 0
1556738988 0
1556738989 0
1556738990 0
1556738991 0
1556738992 0
1556738993 0
1556738994 0
1556738995 0
1556738996 0
1556738997 0
1556738998 0
1556738999 0
1556739000 0
1556739001 0
1556739002 0
1556739003 0
1556739004 0
1556739005 0
1556739006 0
1556739007 0
1556739008 0
1556739009 0
1556739010 0
1556739011 0
1556739012 0
1556739013 0
1556739014 0
1556739015 0
1556739016 0
1556739017 0
1556739018 0
1556739019 0
1556739020 0
1556739021 0
1556739022 0
1556739023 0
1556739024 0
1556739025 0
1556739026 0
1556739027 0
1556739028 0
1556739029 0
1556739030 0
1556739031 0
1556739032 0
1556739033 0
1556739034 0
1556739035 0
1556739036 0
1556739037 0
1556739038 0
1556739039 0
1556739040 0
1556739041 0
1556739042 0
1556739043 0
1556739044 0
1556739045 0
1556739046 0
1556739047 0
1556739048 0
1556739049 0
1556739050 0
1556739051 0
1556739052 0
1556739053 0
1556739054 0
1556739055 0
1556739056 0
1556739057 0
1556739058 0
1556739059 0
1556739060 0
1556739061 0
1556739062 0
1556739063 0
1556739064 0
1556739065 0
1556739066 0
1556739067 0
1556739068 0
1556739069 0
1556739070 0
1556739071 0
1556739072 0
1556739073 0
1556739074 0
1556739075 0
1556739076 0
1556739077 0
1556739078 0
1556739079 0
1556739080 0
1556739081 0
1556739082 0
1556739083 0
1556739084 0
1556739085 0
1556739086 0
1556739087 0
1556739088 0
1556739089 0
1556739090 0
1556739091 0
1556739092 0
1556739093 0
1556739094 0
1556739095 0
1556739096 0
1556739097 0
1556739098 0
1556739099 0
1556739100 0
1556739101 0
1556739102 0
1556739103 0
1556739104 0
1556739105 0
1556739106 0
1556739107 0
1556739108 0
1556739109 0
1556739110 0
1556739111 0
1556739112 0
1556739113 0
1556739114 0
1556739115 0
1556739116 0
1556739117 0
1556739118 0
1556739119 0
1556739120 0
1556739121 0
1556739122 0
1556739123 0
1556739124 0
1556739125 0
1556739126 0
1556739127 0
1556739128 0
1556739129 0
1556739130 0
1556739131 0
1556739132 0
1556739133 0
1556739134 0
1556739135 0
1556739136 0
1556739137 0
1556739138 0
1556739139 0
1556739140 0
1556739141 0
1556739142 0
1556739143 0
1556739144 0
1556739145 0
1556739146 0
1556739147 0
1556739148 0
1556739149 0
1556739150 0
1556739151 0
1556739152 0
1556739153 0
1556739154 0
1556739155 0
1556739156 0
1556739157 0
1556739158 0
1556739159 0
1556739160 0
1556739161 0
1556739162 0
1556739163 0
1556739164 0
1556739165 0
1556739166 0
1556739167 0
1556739168 0
1556739169 0
1556739170 0
1556739171 0
1556739172 0
1556739173 0
1556739174 0
1556739175 0
1556739176 0
1556739177 0
1556739178 0
1556739179 0
1556739180 0
1556739181 0
1556739182 0
1556739183 0
1556739184 0
1556739185 0
1556739186 0
1556739187 0
1556739188 0
1556739189 0
1556739190 0
1556739191 0
1556739192 0
1556739193 0
1556739194 0
1556739195 0
1556739196 0
1556739197 0
1556739198 0
1556739199 0
1556739200 0
1556739201 0
1556739202 0
1556739203 0
1556739204 0
1556739205 0
1556739206 0
1556739207 0
1556739208 0
1556739209 0
1556739210 0
1556739211 0
1556739212 0
1556739213 0
1556739214 0
1556739215 0
1556739216 0
1556739217 0
1556739218 0
1556739219 0
1556739220 0
1556739221 0
1556739222 0
1556739223 0
1556739224 0
1556739225 0
1556739226 0
1556739227 0
1556739228 0
1556739229 0
1556739230 0
1556739231 0
1556739232 0
1556739233 0
1556739234 0
1556739235 0
1556739236 0
1556739237 0
1556739238 0
1556739239 0
1556739240 0
1556739241 0
1556739242 0
1556739243 0
1556739244 0
1556739245 0
1556739246 0
1556739247 0
1556739248 0
1556739249 0
1556739250 0
1556739251 0
1556739252 0
1556739253 0
1556739254 0
1556739255 0
1556739256 0
1556739257 0
1556739258 0
1556739259 0
1556739260 0
1556739261 0
1556739262 0
1556739263 0
1556739264 0
1556739265 0
1556739266 0
1556739267 0
1556739268 0
1556739269 0
1556739270 0
1556739271 0
1556739272 0
1556739273 0
1556739274 0
1556739275 0
1556739276 0
1556739277 0
1556739278 0
1556739279 0
1556739280 0
1556739281 0
1556739282 0
1556739283 0
1556739284 0
1556739285 0
1556739286 0
1556739287 0
1556739288 0
1556739289 0
1556739290 0
1556739291 0
1556739292 0
1556739293 0
1556739294 0
1556739295 0
1556739296 0
1556739297 0
1556739298 0
1556739299 0
1556739300 0
1556739301 0
1556739302 0
1556739303 0
1556739304 0
1556739305 0
1556739306 0
1556739307 0
1556739308 0
1556739309 0
1556739310 0
1556739311 0
1556739312 0
1556739313 0
1556739314 0
1556739315 0
1556739316 0
1556739317 0
1556739318 0
1556739319 0
1556739320 0
1556739321 0
1556739322 0
1556739323 0
1556739324 0
1556739325 0
1556739326 0
1556739327 0
1556739328 0
1556739329 0
1556739330 0
1556739331 0
1556739332 0
1556739333 0
1556739334 0
1556739335 0
1556739336 0
1556739337 0
1556739338 0
1556739339 0
1556739340 0
1556739341 0
1556739342 0
1556739343 0
1556739344 0
1556739345 0
1556739346 0
1556739347 0
1556739348 0
1556739349 0
1556739350 0
1556739351 0
1556739352 0
1556739353 0
1556739354 0
1556739355 0
1556739356 0
1556739357 0
1556739358 0
1556739359 0
1556739360 0
1556739361 0
1556739362 0
1556739363 0
1556739364 0
1556739365 0
1556739366 0
1556739367 0
1556739368 0
1556739369 0
1556739370 0
1556739371 0
1556739372 0
1556739373 0
1556739374 0
1556739375 0
1556739376 0
1556739377 0
1556739378 0
1556739379 0
1556739380 0
1556739381 0
1556739382 0
1556739383 0
1556739384 0
1556739385 0
1556739386 0
1556739387 0
1556739388 0
1556739389 0
1556739390 0
1556739391 0
1556739392 0
1556739393 0
1556739394 0
1556739395 0
1556739396 0
1556739397 0
1556739398 0
1556739399 0
1556739400 0
1556739401 0
1556739402 0
1556739403 0
1556739404 0
1556739405 0
1556739406 0
1556739407 0
1556739408 0
1556739409 0
1556739410 0
1556739411 0
1556739412 0
1556739413 0
1556739414 0
1556739415 0
1556739416 0
1556739417 0
1556739418 0
1556739419 0
1556739420 0
1556739421 0
1556739422 0
1556739423 0
1556739424 0
1556739425 0
1556739426 0
1556739427 0
1556739428 0
1556739429 0
1556739430 0
1556739431 0
1556739432 0
1556739433 0
1556739434 0
1556739435 0
1556739436 0
1556739437 0
1556739438 0
1556739439 0
1556739440 0
1556739441 0
1556739442 0
1556739443 0
1556739444 0
1556739445 0
1556739446 0
1556739447 0
1556739448 0
1556739449 0
1556739450 0
1556739451 0
1556739452 0
1556739453 0
1556739454 0
1556739455 0
1556739456 0
1556739457 0
1556739458 0
1556739459 0
1556739460 0
1556739461 0
1556739462 0
1556739463 0
1556739464 0
1556739465 0
1556739466 0
1556739467 0
1556739468 0
1556739469 0
1556739470 0
1556739471 0
1556739472 0
1556739473 0
1556739474 0
1556739475 0
1556739476 0
1556739477 0
1556739478 0
1556739479 0
1556739480 0
1556739481 0
1556739482 0
1556739483 0
1556739484 0
1556739485 0
1556739486 0
1556739487 0
1556739488 0
1556739489 0
1556739490 0
1556739491 0
1556739492 0
1556739493 0
1556739494 0
1556739495 0
1556739496 0
1556739497 0
1556739498 0
1556739499 0
1556739500 0
1556739501 0
1556739502 0
1556739503 0
1556739504 0
1556739505 0
1556739506 0
1556739507 0
1556739508 0
1556739509 0
1556739510 0
1556739511 0
1556739512 0
1556739513 0
1556739514 0
1556739515 0
1556739516 0
1556739517 0
1556739518 0
1556739519 0
1556739520 0
1556739521 0
1556739522 0
1556739523 0
1556739524 0
1556739525 0
1556739526 0
1556739527 0
1556739528 0
1556739529 0
1556739530 0
1556739531 0
1556739532 0
1556739533 0
1556739534 0
1556739535 0
1556739536 0
1556739537 0
1556739538 0
1556739539 0
1556739540 0
1556739541 0
1556739542 0
1556739543 0
1556739544 0
1556739545 0
1556739546 0
1556739547 0
1556739548 0
1556739549 0
1556739550 0
1556739551 0
1556739552 0
1556739553 0
1556739554 0
1556739555 0
1556739556 0
1556739557 0
1556739558 0
1556739559 0
1556739560 0
1556739561 0
1556739562 0
1556739563 0
1556739564 0
1556739565 0
1556739566 0
1556739567 0
1556739568 0
1556739569 0
1556739570 0
1556739571 0
1556739572 0
1556739573 0
1556739574 0
1556739575 0
1556739576 0
1556739577 0
1556739578 0
1556739579 0
1556739580 0
1556739581 0
1556739582 0
1556739583 0
1556739584 0
1556739585 0
1556739586 0
1556739587 0
1556739588 0
1556739589 0
1556739590 0
1556739591 0
1556739592 0
1556739593 0
1556739594 0
1556739595 0
1556739596 0
1556739597 0
1556739598 0
1556739599 0
1556739600 0
1556739601 0
1556739602 0
1556739603 0
1556739604 0
1556739605 0
1556739606 0
1556739607 0
1556739608 0
1556739609 0
1556739610 0
1556739611 0
1556739612 0
1556739613 0
1556739614 0
1556739615 0
1556739616 0
1556739617 0
1556739618 0
1556739619 0
1556739620 0
1556739621 0
1556739622 0
1556739623 0
1556739624 0
1556739625 0
1556739626 0
1556739627 0
1556739628 0
1556739629 0
1556739630 0
1556739631 0
1556739632 0
1556739633 0
1556739634 0
1556739635 0
1556739636 0
1556739637 0
1556739638 0
1556739639 0
1556739640 0
1556739641 0
1556739642 0
1556739643 0
1556739644 0
1556739645 0
1556739646 0
1556739647 0
1556739648 0
1556739649 0
1556739650 0
1556739651 0
1556739652 0
1556739653 0
1556739654 0
1556739655 0
1556739656 0
1556739657 0
1556739658 0
1556739659 0
1556739660 0
1556739661 0
1556739662 0
1556739663 0
1556739664 0
1556739665 0
1556739666 0
1556739667 0
1556739668 0
1556739669 0
1556739670 0
1556739671 0
1556739672 0
1556739673 0
1556739674 0
1556739675 0
1556739676 0
1556739677 0
1556739678 0
1556739679 0
1556739680 0
1556739681 0
1556739682 0
1556739683 0
1556739684 0
1556739685 0
1556739686 0
1556739687 0
1556739688 0
1556739689 0
1556739690 0
1556739691 0
1556739692 0
1556739693 0
1556739694 0
1556739695 0
1556739696 0
1556739697 0
1556739698 0
1556739699 0
1556739700 0
1556739701 0
1556739702 0
1556739703 0
1556739704 0
1556739705 0
1556739706 0
1556739707 0
1556739708 0
1556739709 0
1556739710 0
1556739711 0
1556739712 0
1556739713 0
1556739714 0
1556739715 0
1556739716 0
1556739717 0
1556739718 0
1556739719 0
1556739720 0
1556739721 0
1556739722 0
1556739723 0
1556739724 0
1556739725 0
1556739726 0
1556739727 0
1556739728 0
1556739729 0
1556739730 0
1556739731 0
1556739732 0
1556739733 0
1556739734 0
1556739735 0
1556739736 0
1556739737 0
1556739738 0
1556739739 0
1556739740 0
1556739741 0
1556739742 0
1556739743 0
1556739744 0
1556739745 0
1556739746 0
1556739747 0
1556739748 0
1556739749 0
1556739750 0
1556739751 0
1556739752 0
1556739753 0
1556739754 0
1556739755 0
1556739756 0
1556739757 0
1556739758 0
1556739759 0
1556739760 0
1556739761 0
1556739762 0
1556739763 0
1556739764 0
1556739765 0
1556739766 0
1556739767 0
1556739768 0
1556739769 0
1556739770 0
1556739771 0
1556739772 0
1556739773 0
1556739774 0
1556739775 0
1556739776 0
1556739777 0
1556739778 0
1556739779 0
1556739780 0
1556739781 0
1556739782 0
1556739783 0
1556739784 0
1556739785 0
1556739786 0
1556739787 0
1556739788 0
1556739789 0
1556739790 0
1556739791 0
1556739792 0
1556739793 0
1556739794 0
1556739795 0
1556739796 0
1556739797 0
1556739798 0
1556739799 0
1556739800 0
1556739801 0
1556739802 0
1556739803 0
1556739804 0
1556739805 0
1556739806 0
1556739807 0
1556739808 0
1556739809 0
1556739810 0
1556739811 0
1556739812 0
1556739813 0
1556739814 0
1556739815 0
1556739816 0
1556739817 0
1556739818 0
1556739819 0
1556739820 0
1556739821 0
1556739822 0
1556739823 0
1556739824 0
1556739825 0
1556739826 0
1556739827 0
1556739828 0
1556739829 0
1556739830 0
1556739831 0
1556739832 0
1556739833 0
1556739834 0
1556739835 0
1556739836 0
1556739837 0
1556739838 0
1556739839 0
1556739840 0
1556739841 0
1556739842 0
1556739843 0
1556739844 0
1556739845 0
1556739846 0
1556739847 0
1556739848 0
1556739849 0
1556739850 0
1556739851 0
1556739852 0
1556739853 0
1556739854 0
1556739855 0
1556739856 0
1556739857 0
1556739858 0
1556739859 0
1556739860 0
1556739861 0
1556739862 0
1556739863 0
1556739864 0
1556739865 0
1556739866 0
1556739867 0
1556739868 0
1556739869 0
1556739870 0
1556739871 0
1556739872 0
1556739873 0
1556739874 0
1556739875 0
1556739876 0
1556739877 0
1556739878 0
1556739879 0
1556739880 0
1556739881 0
1556739882 0
1556739883 0
1556739884 0
1556739885 0
1556739886 0
1556739887 0
1556739888 0
1556739889 0
1556739890 0
1556739891 0
1556739892 0
1556739893 0
1556739894 0
1556739895 0
1556739896 0
1556739897 0
1556739898 0
1556739899 0
1556739900 0
1556739901 0
1556739902 0
1556739903 0
1556739904 0
1556739905 0
1556739906 0
1556739907 0
1556739908 0
1556739909 0
1556739910 0
1556739911 0
1556739912 0
1556739913 0
1556739914 0
1556739915 0
1556739916 0
1556739917 0
1556739918 0
1556739919 0
1556739920 0
1556739921 0
1556739922 0
1556739923 0
1556739924 0
1556739925 0
1556739926 0
1556739927 0
1556739928 0
1556739929 0
1556739930 0
1556739931 0
1556739932 0
1556739933 0
1556739934 0
1556739935 0
1556739936 0
1556739937 0
1556739938 0
1556739939 0
1556739940 0
1556739941 0
1556739942 0
1556739943 0
1556739944 0
1556739945 0
1556739946 0
1556739947 0
1556739948 0
1556739949 0
1556739950 0
1556739951 0
1556739952 0
1556739953 0
1556739954 0
1556739955 0
1556739956 0
1556739957 0
1556739958 0
1556739959 0
1556739960 0
1556739961 0
1556739962 0
1556739963 0
1556739964 0
1556739965 0
1556739966 0
1556739967 0
1556739968 0
1556739969 0
1556739970 0
1556739971 0
1556739972 0
1556739973 0
1556739974 0
1556739975 0
1556739976 0
1556739977 0
1556739978 0
1556739979 0
1556739980 0
1556739981 0
1556739982 0
1556739983 0
1556739984 0
1556739985 0
1556739986 0
1556739987 0
1556739988 0
1556739989 0
1556739990 0
1556739991 0
1556739992 0
1556739993 0
1556739994 0
1556739995 0
1556739996 0
1556739997 0
1556739998 0
1556739999 0
1556740000 0
1556740001 0
1556740002 0
1556740003 0
1556740004 0
1556740005 0
1556740006 0
1556740007 0
1556740008 0
1556740009 0
1556740010 0
1556740011 0
1556740012 0
1556740013 0
1556740014 0
1556740015 0
1556740016 0
1556740017 0
1556740018 0
1556740019 0
1556740020 0
1556740021 0
1556740022 0
1556740023 0
1556740024 0
1556740025 0
1556740026 0
1556740027 0
1556740028 0
1556740029 0
1556740030 0
1556740031 0
1556740032 0
1556740033 0
1556740034 0
1556740035 0
1556740036 0
1556740037 0
1556740038 0
1556740039 0
1556740040 0
1556740041 0
1556740042 0
1556740043 0
1556740044 0
1556740045 0
1556740046 0
1556740047 0
1556740048 0
1556740049 0
1556740050 0
1556740051 0
1556740052 0
1556740053 0
1556740054 0
1556740055 0
1556740056 0
1556740057 0
1556740058 0
1556740059 0
1556740060 0
1556740061 0
1556740062 0
1556740063 0
1556740064 0
1556740065 0
1556740066 0
1556740067 0
1556740068 0
1556740069 0
1556740070 0
1556740071 0
1556740072 0
1556740073 0
1556740074 0
1556740075 0
1556740076 0
1556740077 0
1556740078 0
1556740079 0
1556740080 0
1556740081 0
1556740082 0
1556740083 0
1556740084 0
1556740085 0
1556740086 0
1556740087 0
1556740088 0
1556740089 0
1556740090 0
1556740091 0
1556740092 0
1556740093 0
1556740094 0
1556740095 0
1556740096 0
1556740097 0
1556740098 0
1556740099 0
1556740100 0
1556740101 0
1556740102 0
1556740103 0
1556740104 0
1556740105 0
1556740106 0
1556740107 0
1556740108 0
1556740109 0
1556740110 0
1556740111 0
1556740112 0
1556740113 0
1556740114 0
1556740115 0
1556740116 0
1556740117 0
1556740118 0
1556740119 0
1556740120 0
1556740121 0
1556740122 0
1556740123 0
1556740124 0
1556740125 0
1556740126 0
1556740127 0
1556740128 0
1556740129 0
1556740130 0
1556740131 0
1556740132 0
1556740133 0
1556740134 0
1556740135 0
1556740136 0
1556740137 0
1556740138 0
1556740139 0
1556740140 0
1556740141 0
1556740142 0
1556740143 0
1556740144 0
1556740145 0
1556740146 0
1556740147 0
1556740148 0
1556740149 0
1556740150 0
1556740151 0
1556740152 0
1556740153 0
1556740154 0
1556740155 0
1556740156 0
1556740157 0
1556740158 0
1556740159 0
1556740160 0
1556740161 0
1556740162 0
1556740163 0
1556740164 0
1556740165 0
1556740166 0
1556740167 0
1556740168 0
1556740169 0
1556740170 0
1556740171 0
1556740172 0
1556740173 0
1556740174 0
1556740175 0
1556740176 0
1556740177 0
1556740178 0
1556740179 0
1556740180 0
1556740181 0
1556740182 0
1556740183 0
1556740184 0
1556740185 0
1556740186 0
1556740187 0
1556740188 0
1556740189 0
1556740190 0
1556740191 0
1556740192 0
1556740193 0
1556740194 0
1556740195 0
1556740196 0
1556740197 0
1556740198 0
1556740199 0
1556740200 0
1556740201 0
1556740202 0
1556740203 0
1556740204 0
1556740205 0
1556740206 0
1556740207 0
1556740208 0
1556740209 0
1556740210 0
1556740211 0
1556740212 0
1556740213 0
1556740214 0
1556740215 0
1556740216 0
1556740217 0
1556740218 0
1556740219 0
1556740220 0
1556740221 0
1556740222 0
1556740223 0
1556740224 0
1556740225 0
1556740226 0
1556740227 0
1556740228 0
1556740229 0
1556740230 0
1556740231 0
1556740232 0
1556740233 0
1556740234 0
1556740235 0
1556740236 0
1556740237 0
1556740238 0
1556740239 0
1556740240 0
1556740241 0
1556740242 0
1556740243 0
1556740244 0
1556740245 0
1556740246 0
1556740247 0
1556740248 0
1556740249 0
1556740250 0
1556740251 0
1556740252 0
1556740253 0
1556740254 0
1556740255 0
1556740256 0
1556740257 0
1556740258 0
1556740259 0
1556740260 0
1556740261 0
1556740262 0
1556740263 0
1556740264 0
1556740265 0
1556740266 0
1556740267 0
1556740268 0
1556740269 0
1556740270 0
1556740271 0
1556740272 0
1556740273 0
1556740274 0
1556740275 0
1556740276 0
1556740277 0
1556740278 0
1556740279 0
1556740280 0
1556740281 0
1556740282 0
1556740283 0
1556740284 0
1556740285 0
1556740286 0
1556740287 0
1556740288 0
1556740289 0
1556740290 0
1556740291 0
1556740292 0
1556740293 0
1556740294 0
1556740295 0
1556740296 0
1556740297 0
1556740298 0
1556740299 0
1556740300 0
1556740301 0
1556740302 0
1556740303 0
1556740304 0
1556740305 0
1556740306 0
1556740307 0
1556740308 0
1556740309 0
1556740310 0
1556740311 0
1556740312 0
1556740313 0
1556740314 0
1556740315 0
1556740316 0
1556740317 0
1556740318 0
1556740319 0
1556740320 0
1556740321 0
1556740322 0
1556740323 0
1556740324 0
1556740325 0
1556740326 0
1556740327 0
1556740328 0
1556740329 0
1556740330 0
1556740331 0
1556740332 0
1556740333 0
1556740334 0
1556740335 0
1556740336 0
1556740337 0
1556740338 0
1556740339 0
1556740340 0
1556740341 0
1556740342 0
1556740343 0
1556740344 0
1556740345 0
1556740346 0
1556740347 0
1556740348 0
1556740349 0
1556740350 0
1556740351 0
1556740352 0
1556740353 0
1556740354 0
1556740355 0
1556740356 0
1556740357 0
1556740358 0
1556740359 0
1556740360 0
1556740361 0
1556740362 0
1556740363 0
1556740364 0
1556740365 0
1556740366 0
1556740367 0
1556740368 0
1556740369 0
1556740370 0
1556740371 0
1556740372 0
1556740373 0
1556740374 0
1556740375 0
1556740376 0
1556740377 0
1556740378 0
1556740379 0
1556740380 0
1556740381 0
1556740382 0
1556740383 0
1556740384 0
1556740385 0
1556740386 0
1556740387 0
1556740388 0
1556740389 0
1556740390 0
1556740391 0
1556740392 0
1556740393 0
1556740394 0
1556740395 0
1556740396 0
1556740397 0
1556740398 0
1556740399 0
1556740400 0
1556740401 0
1556740402 0
1556740403 0
1556740404 0
1556740405 0
1556740406 0
1556740407 0
1556740408 0
1556740409 0
1556740410 0
1556740411 0
1556740412 0
1556740413 0
1556740414 0
1556740415 0
1556740416 0
1556740417 0
1556740418 0
1556740419 0
1556740420 0
1556740421 0
1556740422 0
1556740423 0
1556740424 0
1556740425 0
1556740426 0
1556740427 0
1556740428 0
1556740429 0
1556740430 0
1556740431 0
1556740432 0
1556740433 0
1556740434 0
1556740435 0
1556740436 0
1556740437 0
1556740438 0
1556740439 0
1556740440 0
1556740441 0
1556740442 0
1556740443 0
1556740444 0
1556740445 0
1556740446 0
1556740447 0
1556740448 0
1556740449 0
1556740450 0
1556740451 0
1556740452 0
1556740453 0
1556740454 0
1556740455 0
1556740456 0
1556740457 0
1556740458 0
1556740459 0
1556740460 0
1556740461 0
1556740462 0
1556740463 0
1556740464 0
1556740465 0
1556740466 0
1556740467 0
1556740468 0
1556740469 0
1556740470 0
1556740471 0
1556740472 0
1556740473 0
1556740474 0
1556740475 0
1556740476 0
1556740477 0
1556740478 0
1556740479 0
1556740480 0
1556740481 0
1556740482 0
1556740483 0
1556740484 0
1556740485 0
1556740486 0
1556740487 0
1556740488 0
1556740489 0
1556740490 0
1556740491 0
1556740492 0
1556740493 0
1556740494 0
1556740495 0
1556740496 0
1556740497 0
1556740498 0
1556740499 0
1556740500 0
1556740501 0
1556740502 0
1556740503 0
1556740504 0
1556740505 0
1556740506 0
1556740507 0
1556740508 0
1556740509 0
1556740510 0
1556740511 0
1556740512 0
1556740513 0
1556740514 0
1556740515 0
1556740516 0
1556740517 0
1556740518 0
1556740519 0
1556740520 0
1556740521 0
1556740522 0
1556740523 0
1556740524 0
1556740525 0
1556740526 0
1556740527 0
1556740528 0
1556740529 0
1556740530 0
1556740531 0
1556740532 0
1556740533 0
1556740534 0
1556740535 0
1556740536 0
1556740537 0
1556740538 0
1556740539 0
1556740540 0
1556740541 0
1556740542 0
1556740543 0
1556740544 0
1556740545 0
1556740546 0
1556740547 0
1556740548 0
1556740549 0
1556740550 0
1556740551 0
1556740552 0
1556740553 0
1556740554 0
1556740555 0
1556740556 0
1556740557 0
1556740558 0
1556740559 0
1556740560 0
1556740561 0
1556740562 0
1556740563 0
1556740564 0
1556740565 0
1556740566 0
1556740567 0
1556740568 0
1556740569 0
1556740570 0
1556740571 0
1556740572 0
1556740573 0
1556740574 0
1556740575 0
1556740576 0
1556740577 0
1556740578 0
1556740579 0
1556740580 0
1556740581 0
1556740582 0
1556740583 0
1556740584 0
1556740585 0
1556740586 0
1556740587 0
1556740588 0
1556740589 0
1556740590 0
1556740591 0
1556740592 0
1556740593 0
1556740594 0
1556740595 0
1556740596 0
1556740597 0
1556740598 0
1556740599 0
1556740600 0
1556740601 0
1556740602 0
1556740603 0
1556740604 0
1556740605 0
1556740606 0
1556740607 0
1556740608 0
1556740609 0
1556740610 0
1556740611 0
1556740612 0
1556740613 0
1556740614 0
1556740615 0
1556740616 0
1556740617 0
1556740618 0
1556740619 0
1556740620 0
1556740621 0
1556740622 0
1556740623 0
1556740624 0
1556740625 0
1556740626 0
1556740627 0
1556740628 0
1556740629 0
1556740630 0
1556740631 0
1556740632 0
1556740633 0
1556740634 0
1556740635 0
1556740636 0
1556740637 0
1556740638 0
1556740639 0
1556740640 0
1556740641 0
1556740642 0
1556740643 0
1556740644 0
1556740645 0
1556740646 0
1556740647 0
1556740648 0
1556740649 0
1556740650 0
1556740651 0
1556740652 0
1556740653 0
1556740654 0
1556740655 0
1556740656 0
1556740657 0
1556740658 0
1556740659 0
1556740660 0
1556740661 0
1556740662 0
1556740663 0
1556740664 0
1556740665 0
1556740666 0
1556740667 0
1556740668 0
1556740669 0
1556740670 0
1556740671 0
1556740672 0
1556740673 0
1556740674 0
1556740675 0
1556740676 0
1556740677 0
1556740678 0
1556740679 0
1556740680 0
1556740681 0
1556740682 0
1556740683 0
1556740684 0
1556740685 0
1556740686 0
1556740687 0
1556740688 0
1556740689 0
1556740690 0
1556740691 0
1556740692 0
1556740693 0
1556740694 0
1556740695 0
1556740696 0
1556740697 0
1556740698 0
1556740699 0
1556740700 0
1556740701 0
1556740702 0
1556740703 0
1556740704 0
1556740705 0
1556740706 0
1556740707 0
1556740708 0
1556740709 0
1556740710 0
1556740711 0
1556740712 0
1556740713 0
1556740714 0
1556740715 0
1556740716 0
1556740717 0
1556740718 0
1556740719 0
1556740720 0
1556740721 0
1556740722 0
1556740723 0
1556740724 0
1556740725 0
1556740726 0
1556740727 0
1556740728 0
1556740729 0
1556740730 0
1556740731 0
1556740732 0
1556740733 0
1556740734 0
1556740735 0
1556740736 0
1556740737 0
1556740738 0
1556740739 0
1556740740 0
1556740741 0
1556740742 0
1556740743 0
1556740744 0
1556740745 0
1556740746 0
1556740747 0
1556740748 0
1556740749 0
1556740750 0
1556740751 0
1556740752 0
1556740753 0
1556740754 0
1556740755 0
1556740756 0
1556740757 0
1556740758 0
1556740759 0
1556740760 0
1556740761 0
1556740762 0
1556740763 0
1556740764 0
1556740765 0
1556740766 0
1556740767 0
1556740768 0
1556740769 0
1556740770 0
1556740771 0
1556740772 0
1556740773 0
1556740774 0
1556740775 0
1556740776 0
1556740777 0
1556740778 0
1556740779 0
1556740780 0
1556740781 0
1556740782 0
1556740783 0
1556740784 0
1556740785 0
1556740786 0
1556740787 0
1556740788 0
1556740789 0
1556740790 0
1556740791 0
1556740792 0
1556740793 0
1556740794 0
1556740795 0
1556740796 0
1556740797 0
1556740798 0
1556740799 0
1556740800 0
1556740801 0
1556740802 0
1556740803 0
1556740804 0
1556740805 0
1556740806 0
1556740807 0
1556740808 0
1556740809 0
1556740810 0
1556740811 0
1556740812 0
1556740813 0
1556740814 0
1556740815 0
1556740816 0
1556740817 0
1556740818 0
1556740819 0
1556740820 0
1556740821 0
1556740822 0
1556740823 0
1556740824 0
1556740825 0
1556740826 0
1556740827 0
1556740828 0
1556740829 0
1556740830 0
1556740831 0
1556740832 0
1556740833 0
1556740834 0
1556740835 0
1556740836 0
1556740837 0
1556740838 0
1556740839 0
1556740840 0
1556740841 0
1556740842 0
1556740843 0
1556740844 0
1556740845 0
1556740846 0
1556740847 0
1556740848 0
1556740849 0
1556740850 0
1556740851 0
1556740852 0
1556740853 0
1556740854 0
1556740855 0
1556740856 0
1556740857 0
1556740858 0
1556740859 0
1556740860 0
1556740861 0
1556740862 0
1556740863 0
1556740864 0
1556740865 0
1556740866 0
1556740867 0
1556740868 0
1556740869 0
1556740870 0
1556740871 0
1556740872 0
1556740873 0
1556740874 0
1556740875 0
1556740876 0
1556740877 0
1556740878 0
1556740879 0
1556740880 0
1556740881 0
1556740882 0
1556740883 0
1556740884 0
1556740885 0
1556740886 0
1556740887 0
1556740888 0
1556740889 0
1556740890 0
1556740891 0
1556740892 0
1556740893 0
1556740894 0
1556740895 0
1556740896 0
1556740897 0
1556740898 0
1556740899 0
1556740900 0
1556740901 0
1556740902 0
1556740903 0
1556740904 0
1556740905 0
1556740906 0
1556740907 0
1556740908 0
1556740909 0
1556740910 0
1556740911 0
1556740912 0
1556740913 0
1556740914 0
1556740915 0
1556740916 0
1556740917 0
1556740918 0
1556740919 0
1556740920 0
1556740921 0
1556740922 0
1556740923 0
1556740924 0
1556740925 0
1556740926 0
1556740927 0
1556740928 0
1556740929 0
1556740930 0
1556740931 0
1556740932 0
1556740933 0
1556740934 0
1556740935 0
1556740936 0
1556740937 0
1556740938 0
1556740939 0
1556740940 0
1556740941 0
1556740942 0
1556740943 0
1556740944 0
1556740945 0
1556740946 0
1556740947 0
1556740948 0
1556740949 0
1556740950 0
1556740951 0
1556740952 0
1556740953 0
1556740954 0
1556740955 0
1556740956 0
1556740957 0
1556740958 0
1556740959 0
1556740960 0
1556740961 0
1556740962 0
1556740963 0
1556740964 0
1556740965 0
1556740966 0
1556740967 0
1556740968 0
1556740969 0
1556740970 0
1556740971 0
1556740972 0
1556740973 0
1556740974 0
1556740975 0
1556740976 0
1556740977 0
1556740978 0
1556740979 0
1556740980 0
1556740981 0
1556740982 0
1556740983 0
1556740984 0
1556740985 0
1556740986 0
1556740987 0
1556740988 0
1556740989 0
1556740990 0
1556740991 0
1556740992 0
1556740993 0
1556740994 0
1556740995 0
1556740996 0
1556740997 0
1556740998 0
1556740999 0
1556741000 0
1556741001 0
1556741002 0
1556741003 0
1556741004 0
1556741005 0
1556741006 0
1556741007 0
1556741008 0
1556741009 0
1556741010 0
1556741011 0
1556741012 0
1556741013 0
1556741014 0
1556741015 0
1556741016 0
1556741017 0
1556741018 0
1556741019 0
1556741020 0
1556741021 0
1556741022 0
1556741023 0
1556741024 0
1556741025 0
1556741026 0
1556741027 0
1556741028 0
1556741029 0
1556741030 0
1556741031 0
1556741032 0
1556741033 0
1556741034 0
1556741035 0
1556741036 0
1556741037 0
1556741038 0
1556741039 0
1556741040 0
1556741041 0
1556741042 0
1556741043 0
1556741044 0
1556741045 0
1556741046 0
1556741047 0
1556741048 0
1556741049 0
1556741050 0
1556741051 0
1556741052 0
1556741053 0
1556741054 0
1556741055 0
1556741056 0
1556741057 0
1556741058 0
1556741059 0
1556741060 0
1556741061 0
1556741062 0
1556741063 0
1556741064 0
1556741065 0
1556741066 0
1556741067 0
1556741068 0
1556741069 0
1556741070 0
1556741071 0
1556741072 0
1556741073 0
1556741074 0
1556741075 0
1556741076 0
1556741077 0
1556741078 0
1556741079 0
1556741080 0
1556741081 0
1556741082 0
1556741083 0
1556741084 0
1556741085 0
1556741086 0
1556741087 0
1556741088 0
1556741089 0
1556741090 0
1556741091 0
1556741092 0
1556741093 0
1556741094 0
1556741095 0
1556741096 0
1556741097 0
1556741098 0
1556741099 0
1556741100 0
1556741101 0
1556741102 0
1556741103 0
1556741104 0
1556741105 0
1556741106 0
1556741107 0
1556741108 0
1556741109 0
1556741110 0
1556741111 0
1556741112 0
1556741113 0
1556741114 0
1556741115 0
1556741116 0
1556741117 0
1556741118 0
1556741119 0
1556741120 0
1556741121 0
1556741122 0
1556741123 0
1556741124 0
1556741125 0
1556741126 0
1556741127 0
1556741128 0
1556741129 0
1556741130 0
1556741131 0
1556741132 0
1556741133 0
1556741134 0
1556741135 0
1556741136 0
1556741137 0
1556741138 0
1556741139 0
1556741140 0
1556741141 0
1556741142 0
1556741143 0
1556741144 0
1556741145 0
1556741146 0
1556741147 0
1556741148 0
1556741149 0
1556741150 0
1556741151 0
1556741152 0
1556741153 0
1556741154 0
1556741155 0
1556741156 0
1556741157 0
1556741158 0
1556741159 0
1556741160 0
1556741161 0
1556741162 0
1556741163 0
1556741164 0
1556741165 0
1556741166 0
1556741167 0
1556741168 0
1556741169 0
1556741170 0
1556741171 0
1556741172 0
1556741173 0
1556741174 0
1556741175 0
1556741176 0
1556741177 0
1556741178 0
1556741179 0
1556741180 0
1556741181 0
1556741182 0
1556741183 0
1556741184 0
1556741185 0
1556741186 0
1556741187 0
1556741188 0
1556741189 0
1556741190 0
1556741191 0
1556741192 0
1556741193 0
1556741194 0
1556741195 0
1556741196 0
1556741197 0
1556741198 0
1556741199 0
1556741200 0
1556741201 0
1556741202 0
1556741203 0
1556741204 0
1556741205 0
1556741206 0
1556741207 0
1556741208 0
1556741209 0
1556741210 0
1556741211 0
1556741212 0
1556741213 0
1556741214 0
1556741215 0
1556741216 0
1556741217 0
1556741218 0
1556741219 0
1556741220 0
1556741221 0
1556741222 0
1556741223 0
1556741224 0
1556741225 0
1556741226 0
1556741227 0
1556741228 0
1556741229 0
1556741230 0
1556741231 0
1556741232 0
1556741233 0
1556741234 0
1556741235 0
1556741236 0
1556741237 0
1556741238 0
1556741239 0
1556741240 0
1556741241 0
1556741242 0
1556741243 0
1556741244 0
1556741245 0
1556741246 0
1556741247 0
1556741248 0
1556741249 0
1556741250 0
1556741251 0
1556741252 0
1556741253 0
1556741254 0
1556741255 0
1556741256 0
1556741257 0
1556741258 0
1556741259 0
1556741260 0
1556741261 0
1556741262 0
1556741263 0
1556741264 0
1556741265 0
1556741266 0
1556741267 0
1556741268 0
1556741269 0
1556741270 0
1556741271 0
1556741272 0
1556741273 0
1556741274 0
1556741275 0
1556741276 0
1556741277 0
1556741278 0
1556741279 0
1556741280 0
1556741281 0
1556741282 0
1556741283 0
1556741284 0
1556741285 0
1556741286 0
1556741287 0
1556741288 0
1556741289 0
1556741290 0
1556741291 0
1556741292 0
1556741293 0
1556741294 0
1556741295 0
1556741296 0
1556741297 0
1556741298 0
1556741299 0
1556741300 0
1556741301 0
1556741302 0
1556741303 0
1556741304 0
1556741305 0
1556741306 0
1556741307 0
1556741308 0
1556741309 0
1556741310 0
1556741311 0
1556741312 0
1556741313 0
1556741314 0
1556741315 0
1556741316 0
1556741317 0
1556741318 0
1556741319 0
1556741320 0
1556741321 0
1556741322 0
1556741323 0
1556741324 0
1556741325 0
1556741326 0
1556741327 0
1556741328 0
1556741329 0
1556741330 0
1556741331 0
1556741332 0
1556741333 0
1556741334 0
1556741335 0
1556741336 0
1556741337 0
1556741338 0
1556741339 0
1556741340 0
1556741341 0
1556741342 0
1556741343 0
1556741344 0
1556741345 0
1556741346 0
1556741347 0
1556741348 0
1556741349 0
1556741350 0
1556741351 0
1556741352 0
1556741353 0
1556741354 0
1556741355 0
1556741356 0
1556741357 0
1556741358 0
1556741359 0
1556741360 0
1556741361 0
1556741362 0
1556741363 0
1556741364 0
1556741365 0
1556741366 0
1556741367 0
1556741368 0
1556741369 0
1556741370 0
1556741371 0
1556741372 0
1556741373 0
1556741374 0
1556741375 0
1556741376 0
1556741377 0
1556741378 0
1556741379 0
1556741380 0
1556741381 0
1556741382 0
1556741383 0
1556741384 0
1556741385 0
1556741386 0
1556741387 0
1556741388 0
1556741389 0
1556741390 0
1556741391 0
1556741392 0
1556741393 0
1556741394 0
1556741395 0
1556741396 0
1556741397 0
1556741398 0
1556741399 0
1556741400 0
1556741401 0
1556741402 0
1556741403 0
1556741404 0
1556741405 0
1556741406 0
1556741407 0
1556741408 0
1556741409 0
1556741410 0
1556741411 0
1556741412 0
1556741413 0
1556741414 0
1556741415 0
1556741416 0
1556741417 0
1556741418 0
1556741419 0
1556741420 0
1556741421 0
1556741422 0
1556741423 0
1556741424 0
1556741425 0
1556741426 0
1556741427 0
1556741428 0
1556741429 0
1556741430 0
1556741431 0
1556741432 0
1556741433 0
1556741434 0
1556741435 0
1556741436 0
1556741437 0
1556741438 0
1556741439 0
1556741440 0
1556741441 0
1556741442 0
1556741443 0
1556741444 0
1556741445 0
1556741446 0
1556741447 0
1556741448 0
1556741449 0
1556741450 0
1556741451 0
1556741452 0
1556741453 0
1556741454 0
1556741455 0
1556741456 0
1556741457 0
1556741458 0
1556741459 0
1556741460 0
1556741461 0
1556741462 0
1556741463 0
1556741464 0
1556741465 0
1556741466 0
1556741467 0
1556741468 0
1556741469 0
1556741470 0
1556741471 0
1556741472 0
1556741473 0
1556741474 0
1556741475 0
1556741476 0
1556741477 0
1556741478 0
1556741479 0
1556741480 0
1556741481 0
1556741482 0
1556741483 0
1556741484 0
1556741485 0
1556741486 0
1556741487 0
1556741488 0
1556741489 0
1556741490 0
1556741491 0
1556741492 0
1556741493 0
1556741494 0
1556741495 0
1556741496 0
1556741497 0
1556741498 0
1556741499 0
1556741500 0
1556741501 0
1556741502 0
1556741503 0
1556741504 0
1556741505 0
1556741506 0
1556741507 0
1556741508 0
1556741509 0
1556741510 0
1556741511 0
1556741512 0
1556741513 0
1556741514 0
1556741515 0
1556741516 0
1556741517 0
1556741518 0
1556741519 0
1556741520 0
1556741521 0
1556741522 0
1556741523 0
1556741524 0
1556741525 0
1556741526 0
1556741527 0
1556741528 0
1556741529 0
1556741530 0
1556741531 0
1556741532 0
1556741533 0
1556741534 0
1556741535 0
1556741536 0
1556741537 0
1556741538 0
1556741539 0
1556741540 0
1556741541 0
1556741542 0
1556741543 0
1556741544 0
1556741545 0
1556741546 0
1556741547 0
1556741548 0
1556741549 0
1556741550 0
1556741551 0
1556741552 0
1556741553 0
1556741554 0
1556741555 0
1556741556 0
1556741557 0
1556741558 0
1556741559 0
1556741560 0
1556741561 0
1556741562 0
1556741563 0
1556741564 0
1556741565 0
1556741566 0
1556741567 0
1556741568 0
1556741569 0
1556741570 0
1556741571 0
1556741572 0
1556741573 0
1556741574 0
1556741575 0
1556741576 0
1556741577 0
1556741578 0
1556741579 0
1556741580 0
1556741581 0
1556741582 0
1556741583 0
1556741584 0
1556741585 0
1556741586 0
1556741587 0
1556741588 0
1556741589 0
1556741590 0
1556741591 0
1556741592 0
1556741593 0
1556741594 0
1556741595 0
1556741596 0
1556741597 0
1556741598 0
1556741599 0
1556741600 0
1556741601 0
1556741602 0
1556741603 0
1556741604 0
1556741605 0
1556741606 0
1556741607 0
1556741608 0
1556741609 0
1556741610 0
1556741611 0
1556741612 0
1556741613 0
1556741614 0
1556741615 0
1556741616 0
1556741617 0
1556741618 0
1556741619 0
1556741620 0
1556741621 0
1556741622 0
1556741623 0
1556741624 0
1556741625 0
1556741626 0
1556741627 0
1556741628 0
1556741629 0
1556741630 0
1556741631 0
1556741632 0
1556741633 0
1556741634 0
1556741635 0
1556741636 0
1556741637 0
1556741638 0
1556741639 0
1556741640 0
1556741641 0
1556741642 0
1556741643 0
1556741644 0
1556741645 0
1556741646 0
1556741647 0
1556741648 0
1556741649 0
1556741650 0
1556741651 0
1556741652 0
1556741653 0
1556741654 0
1556741655 0
1556741656 0
1556741657 0
1556741658 0
1556741659 0
1556741660 0
1556741661 0
1556741662 0
1556741663 0
1556741664 0
1556741665 0
1556741666 0
1556741667 0
1556741668 0
1556741669 0
1556741670 0
1556741671 0
1556741672 0
1556741673 0
1556741674 0
1556741675 0
1556741676 0
1556741677 0
1556741678 0
1556741679 0
1556741680 0
1556741681 0
1556741682 0
1556741683 0
1556741684 0
1556741685 0
1556741686 0
1556741687 0
1556741688 0
1556741689 0
1556741690 0
1556741691 0
1556741692 0
1556741693 0
1556741694 0
1556741695 0
1556741696 0
1556741697 0
1556741698 0
1556741699 0
1556741700 0
1556741701 0
1556741702 0
1556741703 0
1556741704 0
1556741705 0
1556741706 0
1556741707 0
1556741708 0
1556741709 0
1556741710 0
1556741711 0
1556741712 0
1556741713 0
1556741714 0
1556741715 0
1556741716 0
1556741717 0
1556741718 0
1556741719 0
1556741720 0
1556741721 0
1556741722 0
1556741723 0
1556741724 0
1556741725 0
1556741726 0
1556741727 0
1556741728 0
1556741729 0
1556741730 0
1556741731 0
1556741732 0
1556741733 0
1556741734 0
1556741735 0
1556741736 0
1556741737 0
1556741738 0
1556741739 0
1556741740 0
1556741741 0
1556741742 0
1556741743 0
1556741744 0
1556741745 0
1556741746 0
1556741747 0
1556741748 0
1556741749 0
1556741750 0
1556741751 0
1556741752 0
1556741753 0
1556741754 0
1556741755 0
1556741756 0
1556741757 0
1556741758 0
1556741759 0
1556741760 0
1556741761 0
1556741762 0
1556741763 0
1556741764 0
1556741765 0
1556741766 0
1556741767 0
1556741768 0
1556741769 0
1556741770 0
1556741771 0
1556741772 0
1556741773 0
1556741774 0
1556741775 0
1556741776 0
1556741777 0
1556741778 0
1556741779 0
1556741780 0
1556741781 0
1556741782 0
1556741783 0
1556741784 0
1556741785 0
1556741786 0
1556741787 0
1556741788 0
1556741789 0
1556741790 0
1556741791 0
1556741792 0
1556741793 0
1556741794 0
1556741795 0
1556741796 0
1556741797 0
1556741798 0
1556741799 0
1556741800 0
1556741801 0
1556741802 0
1556741803 0
1556741804 0
1556741805 0
1556741806 0
1556741807 0
1556741808 0
1556741809 0
1556741810 0
1556741811 0
1556741812 0
1556741813 0
1556741814 0
1556741815 0
1556741816 0
1556741817 0
1556741818 0
1556741819 0
1556741820 0
1556741821 0
1556741822 0
1556741823 0
1556741824 0
1556741825 0
1556741826 0
1556741827 0
1556741828 0
1556741829 0
1556741830 0
1556741831 0
1556741832 0
1556741833 0
1556741834 0
1556741835 0
1556741836 0
1556741837 0
1556741838 0
1556741839 0
1556741840 0
1556741841 0
1556741842 0
1556741843 0
1556741844 0
1556741845 0
1556741846 0
1556741847 0
1556741848 0
1556741849 0
1556741850 0
1556741851 0
1556741852 0
1556741853 0
1556741854 0
1556741855 0
1556741856 0
1556741857 0
1556741858 0
1556741859 0
1556741860 0
1556741861 0
1556741862 0
1556741863 0
1556741864 0
1556741865 0
1556741866 0
1556741867 0
1556741868 0
1556741869 0
1556741870 0
1556741871 0
1556741872 0
1556741873 0
1556741874 0
1556741875 0
1556741876 0
1556741877 0
1556741878 0
1556741879 0
1556741880 0
1556741881 0
1556741882 0
1556741883 0
1556741884 0
1556741885 0
1556741886 0
1556741887 0
1556741888 0
1556741889 0
1556741890 0
1556741891 0
1556741892 0
1556741893 0
1556741894 0
1556741895 0
1556741896 0
1556741897 0
1556741898 0
1556741899 0
1556741900 0
1556741901 0
1556741902 0
1556741903 0
1556741904 0
1556741905 0
1556741906 0
1556741907 0
1556741908 0
1556741909 0
1556741910 0
1556741911 0
1556741912 0
1556741913 0
1556741914 0
1556741915 0
1556741916 0
1556741917 0
1556741918 0
1556741919 0
1556741920 0
1556741921 0
1556741922 0
1556741923 0
1556741924 0
1556741925 0
1556741926 0
1556741927 0
1556741928 0
1556741929 0
1556741930 0
1556741931 0
1556741932 0
1556741933 0
1556741934 0
1556741935 0
1556741936 0
1556741937 0
1556741938 0
1556741939 0
1556741940 0
1556741941 0
1556741942 0
1556741943 0
1556741944 0
1556741945 0
1556741946 0
1556741947 0
1556741948 0
1556741949 0
1556741950 0
1556741951 0
1556741952 0
1556741953 0
1556741954 0
1556741955 0
1556741956 0
1556741957 0
1556741958 0
1556741959 0
1556741960 0
1556741961 0
1556741962 0
1556741963 0
1556741964 0
1556741965 0
1556741966 0
1556741967 0
1556741968 0
1556741969 0
1556741970 0
1556741971 0
1556741972 0
1556741973 0
1556741974 0
1556741975 0
1556741976 0
1556741977 0
1556741978 0
1556741979 0
1556741980 0
1556741981 0
1556741982 0
1556741983 0
1556741984 0
1556741985 0
1556741986 0
1556741987 0
1556741988 0
1556741989 0
1556741990 0
1556741991 0
1556741992 0
1556741993 0
1556741994 0
1556741995 0
1556741996 0
1556741997 0
1556741998 0
1556741999 0
1556742000 0
1556742001 0
1556742002 0
1556742003 0
1556742004 0
1556742005 0
1556742006 0
1556742007 0
1556742008 0
1556742009 0
1556742010 0
1556742011 0
1556742012 0
1556742013 0
1556742014 0
1556742015 0
1556742016 0
1556742017 0
1556742018 0
1556742019 0
1556742020 0
1556742021 0
1556742022 0
1556742023 0
1556742024 0
1556742025 0
1556742026 0
1556742027 0
1556742028 0
1556742029 0
1556742030 0
1556742031 0
1556742032 0
1556742033 0
1556742034 0
1556742035 0
1556742036 0
1556742037 0
1556742038 0
1556742039 0
1556742040 0
1556742041 0
1556742042 0
1556742043 0
1556742044 0
1556742045 0
1556742046 0
1556742047 0
1556742048 0
1556742049 0
1556742050 0
1556742051 0
1556742052 0
1556742053 0
1556742054 0
1556742055 0
1556742056 0
1556742057 0
1556742058 0
1556742059 0
1556742060 0
1556742061 0
1556742062 0
1556742063 0
1556742064 0
1556742065 0
1556742066 0
1556742067 0
1556742068 0
1556742069 0
1556742070 0
1556742071 0
1556742072 0
1556742073 0
1556742074 0
1556742075 0
1556742076 0
1556742077 0
1556742078 0
1556742079 0
1556742080 0
1556742081 0
1556742082 0
1556742083 0
1556742084 0
1556742085 0
1556742086 0
1556742087 0
1556742088 0
1556742089 0
1556742090 0
1556742091 0
1556742092 0
1556742093 0
1556742094 0
1556742095 0
1556742096 0
1556742097 0
1556742098 0
1556742099 0
1556742100 0
1556742101 0
1556742102 0
1556742103 0
1556742104 0
1556742105 0
1556742106 0
1556742107 0
1556742108 0
1556742109 0
1556742110 0
1556742111 0
1556742112 0
1556742113 0
1556742114 0
1556742115 0
1556742116 0
1556742117 0
1556742118 0
1556742119 0
1556742120 0
1556742121 0
1556742122 0
1556742123 0
1556742124 0
1556742125 0
1556742126 0
1556742127 0
1556742128 0
1556742129 0
1556742130 0
1556742131 0
1556742132 0
1556742133 0
1556742134 0
1556742135 0
1556742136 0
1556742137 0
1556742138 0
1556742139 0
1556742140 0
1556742141 0
1556742142 0
1556742143 0
1556742144 0
1556742145 0
1556742146 0
1556742147 0
1556742148 0
1556742149 0
1556742150 0
1556742151 0
1556742152 0
1556742153 0
1556742154 0
1556742155 0
1556742156 0
1556742157 0
1556742158 0
1556742159 0
1556742160 0
1556742161 0
1556742162 0
1556742163 0
1556742164 0
1556742165 0
1556742166 0
1556742167 0
1556742168 0
1556742169 0
1556742170 0
1556742171 0
1556742172 0
1556742173 0
1556742174 0
1556742175 0
1556742176 0
1556742177 0
1556742178 0
1556742179 0
1556742180 0
1556742181 0
1556742182 0
1556742183 0
1556742184 0
1556742185 0
1556742186 0
1556742187 0
1556742188 0
1556742189 0
1556742190 0
1556742191 0
1556742192 0
1556742193 0
1556742194 0
1556742195 0
1556742196 0
1556742197 0
1556742198 0
1556742199 0
1556742200 0
1556742201 0
1556742202 0
1556742203 0
1556742204 0
1556742205 0
1556742206 0
1556742207 0
1556742208 0
1556742209 0
1556742210 0
1556742211 0
1556742212 0
1556742213 0
1556742214 0
1556742215 0
1556742216 0
1556742217 0
1556742218 0
1556742219 0
1556742220 0
1556742221 0
1556742222 0
1556742223 0
1556742224 0
1556742225 0
1556742226 0
1556742227 0
1556742228 0
1556742229 0
1556742230 0
1556742231 0
1556742232 0
1556742233 0
1556742234 0
1556742235 0
1556742236 0
1556742237 0
1556742238 0
1556742239 0
1556742240 0
1556742241 0
1556742242 0
1556742243 0
1556742244 0
1556742245 0
1556742246 0
1556742247 0
1556742248 0
1556742249 0
1556742250 0
1556742251 0
1556742252 0
1556742253 0
1556742254 0
1556742255 0
1556742256 0
1556742257 0
1556742258 0
1556742259 0
1556742260 0
1556742261 0
1556742262 0
1556742263 0
1556742264 0
1556742265 0
1556742266 0
1556742267 0
1556742268 0
1556742269 0
1556742270 0
1556742271 0
1556742272 0
1556742273 0
1556742274 0
1556742275 0
1556742276 0
1556742277 0
1556742278 0
1556742279 0
1556742280 0
1556742281 0
1556742282 0
1556742283 0
1556742284 0
1556742285 0
1556742286 0
1556742287 0
1556742288 0
1556742289 0
1556742290 0
1556742291 0
1556742292 0
1556742293 0
1556742294 0
1556742295 0
1556742296 0
1556742297 0
1556742298 0
1556742299 0
1556742300 0
1556742301 0
1556742302 0
1556742303 0
1556742304 0
1556742305 0
1556742306 0
1556742307 0
1556742308 0
1556742309 0
1556742310 0
1556742311 0
1556742312 0
1556742313 0
1556742314 0
1556742315 0
1556742316 0
1556742317 0
1556742318 0
1556742319 0
1556742320 0
1556742321 0
1556742322 0
1556742323 0
1556742324 0
1556742325 0
1556742326 0
1556742327 0
1556742328 0
1556742329 0
1556742330 0
1556742331 0
1556742332 0
1556742333 0
1556742334 0
1556742335 0
1556742336 0
1556742337 0
1556742338 0
1556742339 0
1556742340 0
1556742341 0
1556742342 0
1556742343 0
1556742344 0
1556742345 0
1556742346 0
1556742347 0
1556742348 0
1556742349 0
1556742350 0
1556742351 0
1556742352 0
1556742353 0
1556742354 0
1556742355 0
1556742356 0
1556742357 0
1556742358 0
1556742359 0
1556742360 0
1556742361 0
1556742362 0
1556742363 0
1556742364 0
1556742365 0
1556742366 0
1556742367 0
1556742368 0
1556742369 0
1556742370 0
1556742371 0
1556742372 0
1556742373 0
1556742374 0
1556742375 0
1556742376 0
1556742377 0
1556742378 0
1556742379 0
1556742380 0
1556742381 0
1556742382 0
1556742383 0
1556742384 0
1556742385 0
1556742386 0
1556742387 0
1556742388 0
1556742389 0
1556742390 0
1556742391 0
1556742392 0
1556742393 0
1556742394 0
1556742395 0
1556742396 0
1556742397 0
1556742398 0
1556742399 0
1556742400 0
1556742401 0
1556742402 0
1556742403 0
1556742404 0
1556742405 0
1556742406 0
1556742407 0
1556742408 0
1556742409 0
1556742410 0
1556742411 0
1556742412 0
1556742413 0
1556742414 0
1556742415 0
1556742416 0
1556742417 0
1556742418 0
1556742419 0
1556742420 0
1556742421 0
1556742422 0
1556742423 0
1556742424 0
1556742425 0
1556742426 0
1556742427 0
1556742428 0
1556742429 0
1556742430 0
1556742431 0
1556742432 0
1556742433 0
1556742434 0
1556742435 0
1556742436 0
1556742437 0
1556742438 0
1556742439 0
1556742440 0
1556742441 0
1556742442 0
1556742443 0
1556742444 0
1556742445 0
1556742446 0
1556742447 0
1556742448 0
1556742449 0
1556742450 0
1556742451 0
1556742452 0
1556742453 0
1556742454 0
1556742455 0
1556742456 0
1556742457 0
1556742458 0
1556742459 0
1556742460 0
1556742461 0
1556742462 0
1556742463 0
1556742464 0
1556742465 0
1556742466 0
1556742467 0
1556742468 0
1556742469 0
1556742470 0
1556742471 0
1556742472 0
1556742473 0
1556742474 0
1556742475 0
1556742476 0
1556742477 0
1556742478 0
1556742479 0
1556742480 0
1556742481 0
1556742482 0
1556742483 0
1556742484 0
1556742485 0
1556742486 0
1556742487 0
1556742488 0
1556742489 0
1556742490 0
1556742491 0
1556742492 0
1556742493 0
1556742494 0
1556742495 0
1556742496 0
1556742497 0
1556742498 0
1556742499 0
1556742500 0
1556742501 0
1556742502 0
1556742503 0
1556742504 0
1556742505 0
1556742506 0
1556742507 0
1556742508 0
1556742509 0
1556742510 0
1556742511 0
1556742512 0
1556742513 0
1556742514 0
1556742515 0
1556742516 0
1556742517 0
1556742518 0
1556742519 0
1556742520 0
1556742521 0
1556742522 0
1556742523 0
1556742524 0
1556742525 0
1556742526 0
1556742527 0
1556742528 0
1556742529 0
1556742530 0
1556742531 0
1556742532 0
1556742533 0
1556742534 0
1556742535 0
1556742536 0
1556742537 0
1556742538 0
1556742539 0
1556742540 0
1556742541 0
1556742542 0
1556742543 0
1556742544 0
1556742545 0
1556742546 0
1556742547 0
1556742548 0
1556742549 0
1556742550 0
1556742551 0
1556742552 0
1556742553 0
1556742554 0
1556742555 0
1556742556 0
1556742557 0
1556742558 0
1556742559 0
1556742560 0
1556742561 0
1556742562 0
1556742563 0
1556742564 0
1556742565 0
1556742566 0
1556742567 0
1556742568 0
1556742569 0
1556742570 0
1556742571 0
1556742572 0
1556742573 0
1556742574 0
1556742575 0
1556742576 0
1556742577 0
1556742578 0
1556742579 0
1556742580 0
1556742581 0
1556742582 0
1556742583 0
1556742584 0
1556742585 0
1556742586 0
1556742587 0
1556742588 0
1556742589 0
1556742590 0
1556742591 0
1556742592 0
1556742593 0
1556742594 0
1556742595 0
1556742596 0
1556742597 0
1556742598 0
1556742599 0
1556742600 0
1556742601 0
1556742602 0
1556742603 0
1556742604 0
1556742605 0
1556742606 0
1556742607 0
1556742608 0
1556742609 0
1556742610 0
1556742611 0
1556742612 0
1556742613 0
1556742614 0
1556742615 0
1556742616 0
1556742617 0
1556742618 0
1556742619 0
1556742620 0
1556742621 0
1556742622 0
1556742623 0
1556742624 0
1556742625 0
1556742626 0
1556742627 0
1556742628 0
1556742629 0
1556742630 0
1556742631 0
1556742632 0
1556742633 0
1556742634 0
1556742635 0
1556742636 0
1556742637 0
1556742638 0
1556742639 0
1556742640 0
1556742641 0
1556742642 0
1556742643 0
1556742644 0
1556742645 0
1556742646 0
1556742647 0
1556742648 0
1556742649 0
1556742650 0
1556742651 0
1556742652 0
1556742653 0
1556742654 0
1556742655 0
1556742656 0
1556742657 0
1556742658 0
1556742659 0
1556742660 0
1556742661 0
1556742662 0
1556742663 0
1556742664 0
1556742665 0
1556742666 0
1556742667 0
1556742668 0
1556742669 0
1556742670 0
1556742671 0
1556742672 0
1556742673 0
1556742674 0
1556742675 0
1556742676 0
1556742677 0
1556742678 0
1556742679 0
1556742680 0
1556742681 0
1556742682 0
1556742683 0
1556742684 0
1556742685 0
1556742686 0
1556742687 0
1556742688 0
1556742689 0
1556742690 0
1556742691 0
1556742692 0
1556742693 0
1556742694 0
1556742695 0
1556742696 0
1556742697 0
1556742698 0
1556742699 0
1556742700 0
1556742701 0
1556742702 0
1556742703 0
1556742704 0
1556742705 0
1556742706 0
1556742707 0
1556742708 0
1556742709 0
1556742710 0
1556742711 0
1556742712 0
1556742713 0
1556742714 0
1556742715 0
1556742716 0
1556742717 0
1556742718 0
1556742719 0
1556742720 0
1556742721 0
1556742722 0
1556742723 0
1556742724 0
1556742725 0
1556742726 0
1556742727 0
1556742728 0
1556742729 0
1556742730 0
1556742731 0
1556742732 0
1556742733 0
1556742734 0
1556742735 0
1556742736 0
1556742737 0
1556742738 0
1556742739 0
1556742740 0
1556742741 0
1556742742 0
1556742743 0
1556742744 0
1556742745 0
1556742746 0
1556742747 0
1556742748 0
1556742749 0
1556742750 0
1556742751 0
1556742752 0
1556742753 0
1556742754 0
1556742755 0
1556742756 0
1556742757 0
1556742758 0
1556742759 0
1556742760 0
1556742761 0
1556742762 0
1556742763 0
1556742764 0
1556742765 0
1556742766 0
1556742767 0
1556742768 0
1556742769 0
1556742770 0
1556742771 0
1556742772 0
1556742773 0
1556742774 0
1556742775 0
1556742776 0
1556742777 0
1556742778 0
1556742779 0
1556742780 0
1556742781 0
1556742782 0
1556742783 0
1556742784 0
1556742785 0
1556742786 0
1556742787 0
1556742788 0
1556742789 0
1556742790 0
1556742791 0
1556742792 0
1556742793 0
1556742794 0
1556742795 0
1556742796 0
1556742797 0
1556742798 0
1556742799 0
1556742800 0
1556742801 0
1556742802 0
1556742803 0
1556742804 0
1556742805 0
1556742806 0
1556742807 0
1556742808 0
1556742809 0
1556742810 0
1556742811 0
1556742812 0
1556742813 0
1556742814 0
1556742815 0
1556742816 0
1556742817 0
1556742818 0
1556742819 0
1556742820 0
1556742821 0
1556742822 0
1556742823 0
1556742824 0
1556742825 0
1556742826 0
1556742827 0
1556742828 0
1556742829 0
1556742830 0
1556742831 0
1556742832 0
1556742833 0
1556742834 0
1556742835 0
1556742836 0
1556742837 0
1556742838 0
1556742839 0
1556742840 0
1556742841 0
1556742842 0
1556742843 0
1556742844 0
1556742845 0
1556742846 0
1556742847 0
1556742848 0
1556742849 0
1556742850 0
1556742851 0
1556742852 0
1556742853 0
1556742854 0
1556742855 0
1556742856 0
1556742857 0
1556742858 0
1556742859 0
1556742860 0
1556742861 0
1556742862 0
1556742863 0
1556742864 0
1556742865 0
1556742866 0
1556742867 0
1556742868 0
1556742869 0
1556742870 0
1556742871 0
1556742872 0
1556742873 0
1556742874 0
1556742875 0
1556742876 0
1556742877 0
1556742878 0
1556742879 0
1556742880 0
1556742881 0
1556742882 0
1556742883 0
1556742884 0
1556742885 0
1556742886 0
1556742887 0
1556742888 0
1556742889 0
1556742890 0
1556742891 0
1556742892 0
1556742893 0
1556742894 0
1556742895 0
1556742896 0
1556742897 0
1556742898 0
1556742899 0
1556742900 0
1556742901 0
1556742902 0
1556742903 0
1556742904 0
1556742905 0
1556742906 0
1556742907 0
1556742908 0
1556742909 0
1556742910 0
1556742911 0
1556742912 0
1556742913 0
1556742914 0
1556742915 0
1556742916 0
1556742917 0
1556742918 0
1556742919 0
1556742920 0
1556742921 0
1556742922 0
1556742923 0
1556742924 0
1556742925 0
1556742926 0
1556742927 0
1556742928 0
1556742929 0
1556742930 0
1556742931 0
1556742932 0
1556742933 0
1556742934 0
1556742935 0
1556742936 0
1556742937 0
1556742938 0
1556742939 0
1556742940 0
1556742941 0
1556742942 0
1556742943 0
1556742944 0
1556742945 0
1556742946 0
1556742947 0
1556742948 0
1556742949 0
1556742950 0
1556742951 0
1556742952 0
1556742953 0
1556742954 0
1556742955 0
1556742956 0
1556742957 0
1556742958 0
1556742959 0
1556742960 0
1556742961 0
1556742962 0
1556742963 0
1556742964 0
1556742965 0
1556742966 0
1556742967 0
1556742968 0
1556742969 0
1556742970 0
1556742971 0
1556742972 0
1556742973 0
1556742974 0
1556742975 0
1556742976 0
1556742977 0
1556742978 0
1556742979 0
1556742980 0
1556742981 0
1556742982 0
1556742983 0
1556742984 0
1556742985 0
1556742986 0
1556742987 0
1556742988 0
1556742989 0
1556742990 0
1556742991 0
1556742992 0
1556742993 0
1556742994 0
1556742995 0
1556742996 0
1556742997 0
1556742998 0
1556742999 0
1556743000 0
1556743001 0
1556743002 0
1556743003 0
1556743004 0
1556743005 0
1556743006 0
1556743007 0
1556743008 0
1556743009 0
1556743010 0
1556743011 0
1556743012 0
1556743013 0
1556743014 0
1556743015 0
1556743016 0
1556743017 0
1556743018 0
1556743019 0
1556743020 0
1556743021 0
1556743022 0
1556743023 0
1556743024 0
1556743025 0
1556743026 0
1556743027 0
1556743028 0
1556743029 0
1556743030 0
1556743031 0
1556743032 0
1556743033 0
1556743034 0
1556743035 0
1556743036 0
1556743037 0
1556743038 0
1556743039 0
1556743040 0
1556743041 0
1556743042 0
1556743043 0
1556743044 0
1556743045 0
1556743046 0
1556743047 0
1556743048 0
1556743049 0
1556743050 0
1556743051 0
1556743052 0
1556743053 0
1556743054 0
1556743055 0
1556743056 0
1556743057 0
1556743058 0
1556743059 0
1556743060 0
1556743061 0
1556743062 0
1556743063 0
1556743064 0
1556743065 0
1556743066 0
1556743067 0
1556743068 0
1556743069 0
1556743070 0
1556743071 0
1556743072 0
1556743073 0
1556743074 0
1556743075 0
1556743076 0
1556743077 0
1556743078 0
1556743079 0
1556743080 0
1556743081 0
1556743082 0
1556743083 0
1556743084 0
1556743085 0
1556743086 0
1556743087 0
1556743088 0
1556743089 0
1556743090 0
1556743091 0
1556743092 0
1556743093 0
1556743094 0
1556743095 0
1556743096 0
1556743097 0
1556743098 0
1556743099 0
1556743100 0
1556743101 0
1556743102 0
1556743103 0
1556743104 0
1556743105 0
1556743106 0
1556743107 0
1556743108 0
1556743109 0
1556743110 0
1556743111 0
1556743112 0
1556743113 0
1556743114 0
1556743115 0
1556743116 0
1556743117 0
1556743118 0
1556743119 0
1556743120 0
1556743121 0
1556743122 0
1556743123 0
1556743124 0
1556743125 0
1556743126 0
1556743127 0
1556743128 0
1556743129 0
1556743130 0
1556743131 0
1556743132 0
1556743133 0
1556743134 0
1556743135 0
1556743136 0
1556743137 0
1556743138 0
1556743139 0
1556743140 0
1556743141 0
1556743142 0
1556743143 0
1556743144 0
1556743145 0
1556743146 0
1556743147 0
1556743148 0
1556743149 0
1556743150 0
1556743151 0
1556743152 0
1556743153 0
1556743154 0
1556743155 0
1556743156 0
1556743157 0
1556743158 0
1556743159 0
1556743160 0
1556743161 0
1556743162 0
1556743163 0
1556743164 0
1556743165 0
1556743166 0
1556743167 0
1556743168 0
1556743169 0
1556743170 0
1556743171 0
1556743172 0
1556743173 0
1556743174 0
1556743175 0
1556743176 0
1556743177 0
1556743178 0
1556743179 0
1556743180 0
1556743181 0
1556743182 0
1556743183 0
1556743184 0
1556743185 0
1556743186 0
1556743187 0
1556743188 0
1556743189 0
1556743190 0
1556743191 0
1556743192 0
1556743193 0
1556743194 0
1556743195 0
1556743196 0
1556743197 0
1556743198 0
1556743199 0
1556743200 0
1556743201 0
1556743202 0
1556743203 0
1556743204 0
1556743205 0
1556743206 0
1556743207 0
1556743208 0
1556743209 0
1556743210 0
1556743211 0
1556743212 0
1556743213 0
1556743214 0
1556743215 0
1556743216 0
1556743217 0
1556743218 0
1556743219 0
1556743220 0
1556743221 0
1556743222 0
1556743223 0
1556743224 0
1556743225 0
1556743226 0
1556743227 0
1556743228 0
1556743229 0
1556743230 0
1556743231 0
1556743232 0
1556743233 0
1556743234 0
1556743235 0
1556743236 0
1556743237 0
1556743238 0
1556743239 0
1556743240 0
1556743241 0
1556743242 0
1556743243 0
1556743244 0
1556743245 0
1556743246 0
1556743247 0
1556743248 0
1556743249 0
1556743250 0
1556743251 0
1556743252 0
1556743253 0
1556743254 0
1556743255 0
1556743256 0
1556743257 0
1556743258 0
1556743259 0
1556743260 0
1556743261 0
1556743262 0
1556743263 0
1556743264 0
1556743265 0
1556743266 0
1556743267 0
1556743268 0
1556743269 0
1556743270 0
1556743271 0
1556743272 0
1556743273 0
1556743274 0
1556743275 0
1556743276 0
1556743277 0
1556743278 0
1556743279 0
1556743280 0
1556743281 0
1556743282 0
1556743283 0
1556743284 0
1556743285 0
1556743286 0
1556743287 0
1556743288 0
1556743289 0
1556743290 0
1556743291 0
1556743292 0
1556743293 0
1556743294 0
1556743295 0
1556743296 0
1556743297 0
1556743298 0
1556743299 0
1556743300 0
1556743301 0
1556743302 0
1556743303 0
1556743304 0
1556743305 0
1556743306 0
1556743307 0
1556743308 0
1556743309 0
1556743310 0
1556743311 0
1556743312 0
1556743313 0
1556743314 0
1556743315 0
1556743316 0
1556743317 0
1556743318 0
1556743319 0
1556743320 0
1556743321 0
1556743322 0
1556743323 0
1556743324 0
1556743325 0
1556743326 0
1556743327 0
1556743328 0
1556743329 0
1556743330 0
1556743331 0
1556743332 0
1556743333 0
1556743334 0
1556743335 0
1556743336 0
1556743337 0
1556743338 0
1556743339 0
1556743340 0
1556743341 0
1556743342 0
1556743343 0
1556743344 0
1556743345 0
1556743346 0
1556743347 0
1556743348 0
1556743349 0
1556743350 0
1556743351 0
1556743352 0
1556743353 0
1556743354 0
1556743355 0
1556743356 0
1556743357 0
1556743358 0
1556743359 0
1556743360 0
1556743361 0
1556743362 0
1556743363 0
1556743364 0
1556743365 0
1556743366 0
1556743367 0
1556743368 0
1556743369 0
1556743370 0
1556743371 0
1556743372 0
1556743373 0
1556743374 0
1556743375 0
1556743376 0
1556743377 0
1556743378 0
1556743379 0
1556743380 0
1556743381 0
1556743382 0
1556743383 0
1556743384 0
1556743385 0
1556743386 0
1556743387 0
1556743388 0
1556743389 0
1556743390 0
1556743391 0
1556743392 0
1556743393 0
1556743394 0
1556743395 0
1556743396 0
1556743397 0
1556743398 0
1556743399 0
1556743400 0
1556743401 0
1556743402 0
1556743403 0
1556743404 0
1556743405 0
1556743406 0
1556743407 0
1556743408 0
1556743409 0
1556743410 0
1556743411 0
1556743412 0
1556743413 0
1556743414 0
1556743415 0
1556743416 0
1556743417 0
1556743418 0
1556743419 0
1556743420 0
1556743421 0
1556743422 0
1556743423 0
1556743424 0
1556743425 0
1556743426 0
1556743427 0
1556743428 0
1556743429 0
1556743430 0
1556743431 0
1556743432 0
1556743433 0
1556743434 0
1556743435 0
1556743436 0
1556743437 0
1556743438 0
1556743439 0
1556743440 0
1556743441 0
1556743442 0
1556743443 0
1556743444 0
1556743445 0
1556743446 0
1556743447 0
1556743448 0
1556743449 0
1556743450 0
1556743451 0
1556743452 0
1556743453 0
1556743454 0
1556743455 0
1556743456 0
1556743457 0
1556743458 0
1556743459 0
1556743460 0
1556743461 0
1556743462 0
1556743463 0
1556743464 0
1556743465 0
1556743466 0
1556743467 0
1556743468 0
1556743469 0
1556743470 0
1556743471 0
1556743472 0
1556743473 0
1556743474 0
1556743475 0
1556743476 0
1556743477 0
1556743478 0
1556743479 0
1556743480 0
1556743481 0
1556743482 0
1556743483 0
1556743484 0
1556743485 0
1556743486 0
1556743487 0
1556743488 0
1556743489 0
1556743490 0
1556743491 0
1556743492 0
1556743493 0
1556743494 0
1556743495 0
1556743496 0
1556743497 0
1556743498 0
1556743499 0
1556743500 0
1556743501 0
1556743502 0
1556743503 0
1556743504 0
1556743505 0
1556743506 0
1556743507 0
1556743508 0
1556743509 0
1556743510 0
1556743511 0
1556743512 0
1556743513 0
1556743514 0
1556743515 0
1556743516 0
1556743517 0
1556743518 0
1556743519 0
1556743520 0
1556743521 0
1556743522 0
1556743523 0
1556743524 0
1556743525 0
1556743526 0
1556743527 0
1556743528 0
1556743529 0
1556743530 0
1556743531 0
1556743532 0
1556743533 0
1556743534 0
1556743535 0
1556743536 0
1556743537 0
1556743538 0
1556743539 0
1556743540 0
1556743541 0
1556743542 0
1556743543 0
1556743544 0
1556743545 0
1556743546 0
1556743547 0
1556743548 0
1556743549 0
1556743550 0
1556743551 0
1556743552 0
1556743553 0
1556743554 0
1556743555 0
1556743556 0
1556743557 0
1556743558 0
1556743559 0
1556743560 0
1556743561 0
1556743562 0
1556743563 0
1556743564 0
1556743565 0
1556743566 0
1556743567 0
1556743568 0
1556743569 0
1556743570 0
1556743571 0
1556743572 0
1556743573 0
1556743574 0
1556743575 0
1556743576 0
1556743577 0
1556743578 0
1556743579 0
1556743580 0
1556743581 0
1556743582 0
1556743583 0
1556743584 0
1556743585 0
1556743586 0
1556743587 0
1556743588 0
1556743589 0
1556743590 0
1556743591 0
1556743592 0
1556743593 0
1556743594 0
1556743595 0
1556743596 0
1556743597 0
1556743598 0
1556743599 0
1556743600 0
1556743601 0
1556743602 0
1556743603 0
1556743604 0
1556743605 0
1556743606 0
1556743607 0
1556743608 0
1556743609 0
1556743610 0
1556743611 0
1556743612 0
1556743613 0
1556743614 0
1556743615 0
1556743616 0
1556743617 0
1556743618 0
1556743619 0
1556743620 0
1556743621 0
1556743622 0
1556743623 0
1556743624 0
1556743625 0
1556743626 0
1556743627 0
1556743628 0
1556743629 0
1556743630 0
1556743631 0
1556743632 0
1556743633 0
1556743634 0
1556743635 0
1556743636 0
1556743637 0
1556743638 0
1556743639 0
1556743640 0
1556743641 0
1556743642 0
1556743643 0
1556743644 0
1556743645 0
1556743646 0
1556743647 0
1556743648 0
1556743649 0
1556743650 0
1556743651 0
1556743652 0
1556743653 0
1556743654 0
1556743655 0
1556743656 0
1556743657 0
1556743658 0
1556743659 0
1556743660 0
1556743661 0
1556743662 0
1556743663 0
1556743664 0
1556743665 0
1556743666 0
1556743667 0
1556743668 0
1556743669 0
1556743670 0
1556743671 0
1556743672 0
1556743673 0
1556743674 0
1556743675 0
1556743676 0
1556743677 0
1556743678 0
1556743679 0
1556743680 0
1556743681 0
1556743682 0
1556743683 0
1556743684 0
1556743685 0
1556743686 0
1556743687 0
1556743688 0
1556743689 0
1556743690 0
1556743691 0
1556743692 0
1556743693 0
1556743694 0
1556743695 0
1556743696 0
1556743697 0
1556743698 0
1556743699 0
1556743700 0
1556743701 0
1556743702 0
1556743703 0
1556743704 0
1556743705 0
1556743706 0
1556743707 0
1556743708 0
1556743709 0
1556743710 0
1556743711 0
1556743712 0
1556743713 0
1556743714 0
1556743715 0
1556743716 0
1556743717 0
1556743718 0
1556743719 0
1556743720 0
1556743721 0
1556743722 0
1556743723 0
1556743724 0
1556743725 0
1556743726 0
1556743727 0
1556743728 0
1556743729 0
1556743730 0
1556743731 0
1556743732 0
1556743733 0
1556743734 0
1556743735 0
1556743736 0
1556743737 0
1556743738 0
1556743739 0
1556743740 0
1556743741 0
1556743742 0
1556743743 0
1556743744 0
1556743745 0
1556743746 0
1556743747 0
1556743748 0
1556743749 0
1556743750 0
1556743751 0
1556743752 0
1556743753 0
1556743754 0
1556743755 0
1556743756 0
1556743757 0
1556743758 0
1556743759 0
1556743760 0
1556743761 0
1556743762 0
1556743763 0
1556743764 0
1556743765 0
1556743766 0
1556743767 0
1556743768 0
1556743769 0
1556743770 0
1556743771 0
1556743772 0
1556743773 0
1556743774 0
1556743775 0
1556743776 0
1556743777 0
1556743778 0
1556743779 0
1556743780 0
1556743781 0
1556743782 0
1556743783 0
1556743784 0
1556743785 0
1556743786 0
1556743787 0
1556743788 0
1556743789 0
1556743790 0
1556743791 0
1556743792 0
1556743793 0
1556743794 0
1556743795 0
1556743796 0
1556743797 0
1556743798 0
1556743799 0
1556743800 0
1556743801 0
1556743802 0
1556743803 0
1556743804 0
1556743805 0
1556743806 0
1556743807 0
1556743808 0
1556743809 0
1556743810 0
1556743811 0
1556743812 0
1556743813 0
1556743814 0
1556743815 0
1556743816 0
1556743817 0
1556743818 0
1556743819 0
1556743820 0
1556743821 0
1556743822 0
1556743823 0
1556743824 0
1556743825 0
1556743826 0
1556743827 0
1556743828 0
1556743829 0
1556743830 0
1556743831 0
1556743832 0
1556743833 0
1556743834 0
1556743835 0
1556743836 0
1556743837 0
1556743838 0
1556743839 0
1556743840 0
1556743841 0
1556743842 0
1556743843 0
1556743844 0
1556743845 0
1556743846 0
1556743847 0
1556743848 0
1556743849 0
1556743850 0
1556743851 0
1556743852 0
1556743853 0
1556743854 0
1556743855 0
1556743856 0
1556743857 0
1556743858 0
1556743859 0
1556743860 0
1556743861 0
1556743862 0
1556743863 0
1556743864 0
1556743865 0
1556743866 0
1556743867 0
1556743868 0
1556743869 0
1556743870 0
1556743871 0
1556743872 0
1556743873 0
1556743874 0
1556743875 0
1556743876 0
1556743877 0
1556743878 0
1556743879 0
1556743880 0
1556743881 0
1556743882 0
1556743883 0
1556743884 0
1556743885 0
1556743886 0
1556743887 0
1556743888 0
1556743889 0
1556743890 0
1556743891 0
1556743892 0
1556743893 0
1556743894 0
1556743895 0
1556743896 0
1556743897 0
1556743898 0
1556743899 0
1556743900 0
1556743901 0
1556743902 0
1556743903 0
1556743904 0
1556743905 0
1556743906 0
1556743907 0
1556743908 0
1556743909 0
1556743910 0
1556743911 0
1556743912 0
1556743913 0
1556743914 0
1556743915 0
1556743916 0
1556743917 0
1556743918 0
1556743919 0
1556743920 0
1556743921 0
1556743922 0
1556743923 0
1556743924 0
1556743925 0
1556743926 0
1556743927 0
1556743928 0
1556743929 0
1556743930 0
1556743931 0
1556743932 0
1556743933 0
1556743934 0
1556743935 0
1556743936 0
1556743937 0
1556743938 0
1556743939 0
1556743940 0
1556743941 0
1556743942 0
1556743943 0
1556743944 0
1556743945 0
1556743946 0
1556743947 0
1556743948 0
1556743949 0
1556743950 0
1556743951 0
1556743952 0
1556743953 0
1556743954 0
1556743955 0
1556743956 0
1556743957 0
1556743958 0
1556743959 0
1556743960 0
1556743961 0
1556743962 0
1556743963 0
1556743964 0
1556743965 0
1556743966 0
1556743967 0
1556743968 0
1556743969 0
1556743970 0
1556743971 0
1556743972 0
1556743973 0
1556743974 0
1556743975 0
1556743976 0
1556743977 0
1556743978 0
1556743979 0
1556743980 0
1556743981 0
1556743982 0
1556743983 0
1556743984 0
1556743985 0
1556743986 0
1556743987 0
1556743988 0
1556743989 0
1556743990 0
1556743991 0
1556743992 0
1556743993 0
1556743994 0
1556743995 0
1556743996 0
1556743997 0
1556743998 0
1556743999 0
1556744000 0
1556744001 0
1556744002 0
1556744003 0
1556744004 0
1556744005 0
1556744006 0
1556744007 0
1556744008 0
1556744009 0
1556744010 0
1556744011 0
1556744012 0
1556744013 0
1556744014 0
1556744015 0
1556744016 0
1556744017 0
1556744018 0
1556744019 0
1556744020 0
1556744021 0
1556744022 0
1556744023 0
1556744024 0
1556744025 0
1556744026 0
1556744027 0
1556744028 0
1556744029 0
1556744030 0
1556744031 0
1556744032 0
1556744033 0
1556744034 0
1556744035 0
1556744036 0
1556744037 0
1556744038 0
1556744039 0
1556744040 0
1556744041 0
1556744042 0
1556744043 0
1556744044 0
1556744045 0
1556744046 0
1556744047 0
1556744048 0
1556744049 0
1556744050 0
1556744051 0
1556744052 0
1556744053 0
1556744054 0
1556744055 0
1556744056 0
1556744057 0
1556744058 0
1556744059 0
1556744060 0
1556744061 0
1556744062 0
1556744063 0
1556744064 0
1556744065 0
1556744066 0
1556744067 0
1556744068 0
1556744069 0
1556744070 0
1556744071 0
1556744072 0
1556744073 0
1556744074 0
1556744075 0
1556744076 0
1556744077 0
1556744078 0
1556744079 0
1556744080 0
1556744081 0
1556744082 0
1556744083 0
1556744084 0
1556744085 0
1556744086 0
1556744087 0
1556744088 0
1556744089 0
1556744090 0
1556744091 0
1556744092 0
1556744093 0
1556744094 0
1556744095 0
1556744096 0
1556744097 0
1556744098 0
1556744099 0
1556744100 0
1556744101 0
1556744102 0
1556744103 0
1556744104 0
1556744105 0
1556744106 0
1556744107 0
1556744108 0
1556744109 0
1556744110 0
1556744111 0
1556744112 0
1556744113 0
1556744114 0
1556744115 0
1556744116 0
1556744117 0
1556744118 0
1556744119 0
1556744120 0
1556744121 0
1556744122 0
1556744123 0
1556744124 0
1556744125 0
1556744126 0
1556744127 0
1556744128 0
1556744129 0
1556744130 0
1556744131 0
1556744132 0
1556744133 0
1556744134 0
1556744135 0
1556744136 0
1556744137 0
1556744138 0
1556744139 0
1556744140 0
1556744141 0
1556744142 0
1556744143 0
1556744144 0
1556744145 0
1556744146 0
1556744147 0
1556744148 0
1556744149 0
1556744150 0
1556744151 0
1556744152 0
1556744153 0
1556744154 0
1556744155 0
1556744156 0
1556744157 0
1556744158 0
1556744159 0
1556744160 0
1556744161 0
1556744162 0
1556744163 0
1556744164 0
1556744165 0
1556744166 0
1556744167 0
1556744168 0
1556744169 0
1556744170 0
1556744171 0
1556744172 0
1556744173 0
1556744174 0
1556744175 0
1556744176 0
1556744177 0
1556744178 0
1556744179 0
1556744180 0
1556744181 0
1556744182 0
1556744183 0
1556744184 0
1556744185 0
1556744186 0
1556744187 0
1556744188 0
1556744189 0
1556744190 0
1556744191 0
1556744192 0
1556744193 0
1556744194 0
1556744195 0
1556744196 0
1556744197 0
1556744198 0
1556744199 0
1556744200 0
1556744201 0
1556744202 0
1556744203 0
1556744204 0
1556744205 0
1556744206 0
1556744207 0
1556744208 0
1556744209 0
1556744210 0
1556744211 0
1556744212 0
1556744213 0
1556744214 0
1556744215 0
1556744216 0
1556744217 0
1556744218 0
1556744219 0
1556744220 0
1556744221 0
1556744222 0
1556744223 0
1556744224 0
1556744225 0
1556744226 0
1556744227 0
1556744228 0
1556744229 0
1556744230 0
1556744231 0
1556744232 0
1556744233 0
1556744234 0
1556744235 0
1556744236 0
1556744237 0
1556744238 0
1556744239 0
1556744240 0
1556744241 0
1556744242 0
1556744243 0
1556744244 0
1556744245 0
1556744246 0
1556744247 0
1556744248 0
1556744249 0
1556744250 0
1556744251 0
1556744252 0
1556744253 0
1556744254 0
1556744255 0
1556744256 0
1556744257 0
1556744258 0
1556744259 0
1556744260 0
1556744261 0
1556744262 0
1556744263 0
1556744264 0
1556744265 0
1556744266 0
1556744267 0
1556744268 0
1556744269 0
1556744270 0
1556744271 0
1556744272 0
1556744273 0
1556744274 0
1556744275 0
1556744276 0
1556744277 0
1556744278 0
1556744279 0
1556744280 0
1556744281 0
1556744282 0
1556744283 0
1556744284 0
1556744285 0
1556744286 0
1556744287 0
1556744288 0
1556744289 0
1556744290 0
1556744291 0
1556744292 0
1556744293 0
1556744294 0
1556744295 0
1556744296 0
1556744297 0
1556744298 0
1556744299 0
1556744300 0
1556744301 0
1556744302 0
1556744303 0
1556744304 0
1556744305 0
1556744306 0
1556744307 0
1556744308 0
1556744309 0
1556744310 0
1556744311 0
1556744312 0
1556744313 0
1556744314 0
1556744315 0
1556744316 0
1556744317 0
1556744318 0
1556744319 0
1556744320 0
1556744321 0
1556744322 0
1556744323 0
1556744324 0
1556744325 0
1556744326 0
1556744327 0
1556744328 0
1556744329 0
1556744330 0
1556744331 0
1556744332 0
1556744333 0
1556744334 0
1556744335 0
1556744336 0
1556744337 0
1556744338 0
1556744339 0
1556744340 0
1556744341 0
1556744342 0
1556744343 0
1556744344 0
1556744345 0
1556744346 0
1556744347 0
1556744348 0
1556744349 0
1556744350 0
1556744351 0
1556744352 0
1556744353 0
1556744354 0
1556744355 0
1556744356 0
1556744357 0
1556744358 0
1556744359 0
1556744360 0
1556744361 0
1556744362 0
1556744363 0
1556744364 0
1556744365 0
1556744366 0
1556744367 0
1556744368 0
1556744369 0
1556744370 0
1556744371 0
1556744372 0
1556744373 0
1556744374 0
1556744375 0
1556744376 0
1556744377 0
1556744378 0
1556744379 0
1556744380 0
1556744381 0
1556744382 0
1556744383 0
1556744384 0
1556744385 0
1556744386 0
1556744387 0
1556744388 0
1556744389 0
1556744390 0
1556744391 0
1556744392 0
1556744393 0
1556744394 0
1556744395 0
1556744396 0
1556744397 0
1556744398 0
1556744399 0
1556744400 0
1556744401 0
1556744402 0
1556744403 0
1556744404 0
1556744405 0
1556744406 0
1556744407 0
1556744408 0
1556744409 0
1556744410 0
1556744411 0
1556744412 0
1556744413 0
1556744414 0
1556744415 0
1556744416 0
1556744417 0
1556744418 0
1556744419 0
1556744420 0
1556744421 0
1556744422 0
1556744423 0
1556744424 0
1556744425 0
1556744426 0
1556744427 0
1556744428 0
1556744429 0
1556744430 0
1556744431 0
1556744432 0
1556744433 0
1556744434 0
1556744435 0
1556744436 0
1556744437 0
1556744438 0
1556744439 0
1556744440 0
1556744441 0
1556744442 0
1556744443 0
1556744444 0
1556744445 0
1556744446 0
1556744447 0
1556744448 0
1556744449 0
1556744450 0
1556744451 0
1556744452 0
1556744453 0
1556744454 0
1556744455 0
1556744456 0
1556744457 0
1556744458 0
1556744459 0
1556744460 0
1556744461 0
1556744462 0
1556744463 0
1556744464 0
1556744465 0
1556744466 0
1556744467 0
1556744468 0
1556744469 0
1556744470 0
1556744471 0
1556744472 0
1556744473 0
1556744474 0
1556744475 0
1556744476 0
1556744477 0
1556744478 0
1556744479 0
1556744480 0
1556744481 0
1556744482 0
1556744483 0
1556744484 0
1556744485 0
1556744486 0
1556744487 0
1556744488 0
1556744489 0
1556744490 0
1556744491 0
1556744492 0
1556744493 0
1556744494 0
1556744495 0
1556744496 0
1556744497 0
1556744498 0
1556744499 0
1556744500 0
1556744501 0
1556744502 0
1556744503 0
1556744504 0
1556744505 0
1556744506 0
1556744507 0
1556744508 0
1556744509 0
1556744510 0
1556744511 0
1556744512 0
1556744513 0
1556744514 0
1556744515 0
1556744516 0
1556744517 0
1556744518 0
1556744519 0
1556744520 0
1556744521 0
1556744522 0
1556744523 0
1556744524 0
1556744525 0
1556744526 0
1556744527 0
1556744528 0
1556744529 0
1556744530 0
1556744531 0
1556744532 0
1556744533 0
1556744534 0
1556744535 0
1556744536 0
1556744537 0
1556744538 0
1556744539 0
1556744540 0
1556744541 0
1556744542 0
1556744543 0
1556744544 0
1556744545 0
1556744546 0
1556744547 0
1556744548 0
1556744549 0
1556744550 0
1556744551 0
1556744552 0
1556744553 0
1556744554 0
1556744555 0
1556744556 0
1556744557 0
1556744558 0
1556744559 0
1556744560 0
1556744561 0
1556744562 0
1556744563 0
1556744564 0
1556744565 0
1556744566 0
1556744567 0
1556744568 0
1556744569 0
1556744570 0
1556744571 0
1556744572 0
1556744573 0
1556744574 0
1556744575 0
1556744576 0
1556744577 0
1556744578 0
1556744579 0
1556744580 0
1556744581 0
1556744582 0
1556744583 0
1556744584 0
1556744585 0
1556744586 0
1556744587 0
1556744588 0
1556744589 0
1556744590 0
1556744591 0
1556744592 0
1556744593 0
1556744594 0
1556744595 0
1556744596 0
1556744597 0
1556744598 0
1556744599 0
1556744600 0
1556744601 0
1556744602 0
1556744603 0
1556744604 0
1556744605 0
1556744606 0
1556744607 0
1556744608 0
1556744609 0
1556744610 0
1556744611 0
1556744612 0
1556744613 0
1556744614 0
1556744615 0
1556744616 0
1556744617 0
1556744618 0
1556744619 0
1556744620 0
1556744621 0
1556744622 0
1556744623 0
1556744624 0
1556744625 0
1556744626 0
1556744627 0
1556744628 0
1556744629 0
1556744630 0
1556744631 0
1556744632 0
1556744633 0
1556744634 0
1556744635 0
1556744636 0
1556744637 0
1556744638 0
1556744639 0
1556744640 0
1556744641 0
1556744642 0
1556744643 0
1556744644 0
1556744645 0
1556744646 0
1556744647 0
1556744648 0
1556744649 0
1556744650 0
1556744651 0
1556744652 0
1556744653 0
1556744654 0
1556744655 0
1556744656 0
1556744657 0
1556744658 0
1556744659 0
1556744660 0
1556744661 0
1556744662 0
1556744663 0
1556744664 0
1556744665 0
1556744666 0
1556744667 0
1556744668 0
1556744669 0
1556744670 0
1556744671 0
1556744672 0
1556744673 0
1556744674 0
1556744675 0
1556744676 0
1556744677 0
1556744678 0
1556744679 0
1556744680 0
1556744681 0
1556744682 0
1556744683 0
1556744684 0
1556744685 0
1556744686 0
1556744687 0
1556744688 0
1556744689 0
1556744690 0
1556744691 0
1556744692 0
1556744693 0
1556744694 0
1556744695 0
1556744696 0
1556744697 0
1556744698 0
1556744699 0
1556744700 0
1556744701 0
1556744702 0
1556744703 0
1556744704 0
1556744705 0
1556744706 0
1556744707 0
1556744708 0
1556744709 0
1556744710 0
1556744711 0
1556744712 0
1556744713 0
1556744714 0
1556744715 0
1556744716 0
1556744717 0
1556744718 0
1556744719 0
1556744720 0
1556744721 0
1556744722 0
1556744723 0
1556744724 0
1556744725 0
1556744726 0
1556744727 0
1556744728 0
1556744729 0
1556744730 0
1556744731 0
1556744732 0
1556744733 0
1556744734 0
1556744735 0
1556744736 0
1556744737 0
1556744738 0
1556744739 0
1556744740 0
1556744741 0
1556744742 0
1556744743 0
1556744744 0
1556744745 0
1556744746 0
1556744747 0
1556744748 0
1556744749 0
1556744750 0
1556744751 0
1556744752 0
1556744753 0
1556744754 0
1556744755 0
1556744756 0
1556744757 0
1556744758 0
1556744759 0
1556744760 0
1556744761 0
1556744762 0
1556744763 0
1556744764 0
1556744765 0
1556744766 0
1556744767 0
1556744768 0
1556744769 0
1556744770 0
1556744771 0
1556744772 0
1556744773 0
1556744774 0
1556744775 0
1556744776 0
1556744777 0
1556744778 0
1556744779 0
1556744780 0
1556744781 0
1556744782 0
1556744783 0
1556744784 0
1556744785 0
1556744786 0
1556744787 0
1556744788 0
1556744789 0
1556744790 0
1556744791 0
1556744792 0
1556744793 0
1556744794 0
1556744795 0
1556744796 0
1556744797 0
1556744798 0
1556744799 0
1556744800 0
1556744801 0
1556744802 0
1556744803 0
1556744804 0
1556744805 0
1556744806 0
1556744807 0
1556744808 0
1556744809 0
1556744810 0
1556744811 0
1556744812 0
1556744813 0
1556744814 0
1556744815 0
1556744816 0
1556744817 0
1556744818 0
1556744819 0
1556744820 0
1556744821 0
1556744822 0
1556744823 0
1556744824 0
1556744825 0
1556744826 0
1556744827 0
1556744828 0
1556744829 0
1556744830 0
1556744831 0
1556744832 0
1556744833 0
1556744834 0
1556744835 0
1556744836 0
1556744837 0
1556744838 0
1556744839 0
1556744840 0
1556744841 0
1556744842 0
1556744843 0
1556744844 0
1556744845 0
1556744846 0
1556744847 0
1556744848 0
1556744849 0
1556744850 0
1556744851 0
1556744852 0
1556744853 0
1556744854 0
1556744855 0
1556744856 0
1556744857 0
1556744858 0
1556744859 0
1556744860 0
1556744861 0
1556744862 0
1556744863 0
1556744864 0
1556744865 0
1556744866 0
1556744867 0
1556744868 0
1556744869 0
1556744870 0
1556744871 0
1556744872 0
1556744873 0
1556744874 0
1556744875 0
1556744876 0
1556744877 0
1556744878 0
1556744879 0
1556744880 0
1556744881 0
1556744882 0
1556744883 0
1556744884 0
1556744885 0
1556744886 0
1556744887 0
1556744888 0
1556744889 0
1556744890 0
1556744891 0
1556744892 0
1556744893 0
1556744894 0
1556744895 0
1556744896 0
1556744897 0
1556744898 0
1556744899 0
1556744900 0
1556744901 0
1556744902 0
1556744903 0
1556744904 0
1556744905 0
1556744906 0
1556744907 0
1556744908 0
1556744909 0
1556744910 0
1556744911 0
1556744912 0
1556744913 0
1556744914 0
1556744915 0
1556744916 0
1556744917 0
1556744918 0
1556744919 0
1556744920 0
1556744921 0
1556744922 0
1556744923 0
1556744924 0
1556744925 0
1556744926 0
1556744927 0
1556744928 0
1556744929 0
1556744930 0
1556744931 0
1556744932 0
1556744933 0
1556744934 0
1556744935 0
1556744936 0
1556744937 0
1556744938 0
1556744939 0
1556744940 0
1556744941 0
1556744942 0
1556744943 0
1556744944 0
1556744945 0
1556744946 0
1556744947 0
1556744948 0
1556744949 0
1556744950 0
1556744951 0
1556744952 0
1556744953 0
1556744954 0
1556744955 0
1556744956 0
1556744957 0
1556744958 0
1556744959 0
1556744960 0
1556744961 0
1556744962 0
1556744963 0
1556744964 0
1556744965 0
1556744966 0
1556744967 0
1556744968 0
1556744969 0
1556744970 0
1556744971 0
1556744972 0
1556744973 0
1556744974 0
1556744975 0
1556744976 0
1556744977 0
1556744978 0
1556744979 0
1556744980 0
1556744981 0
1556744982 0
1556744983 0
1556744984 0
1556744985 0
1556744986 0
1556744987 0
1556744988 0
1556744989 0
1556744990 0
1556744991 0
1556744992 0
1556744993 0
1556744994 0
1556744995 0
1556744996 0
1556744997 0
1556744998 0
1556744999 0
1556745000 0
1556745001 0
1556745002 0
1556745003 0
1556745004 0
1556745005 0
1556745006 0
1556745007 0
1556745008 0
1556745009 0
1556745010 0
1556745011 0
1556745012 0
1556745013 0
1556745014 0
1556745015 0
1556745016 0
1556745017 0
1556745018 0
1556745019 0
1556745020 0
1556745021 0
1556745022 0
1556745023 0
1556745024 0
1556745025 0
1556745026 0
1556745027 0
1556745028 0
1556745029 0
1556745030 0
1556745031 0
1556745032 0
1556745033 0
1556745034 0
1556745035 0
1556745036 0
1556745037 0
1556745038 0
1556745039 0
1556745040 0
1556745041 0
1556745042 0
1556745043 0
1556745044 0
1556745045 0
1556745046 0
1556745047 0
1556745048 0
1556745049 0
1556745050 0
1556745051 0
1556745052 0
1556745053 0
1556745054 0
1556745055 0
1556745056 0
1556745057 0
1556745058 0
1556745059 0
1556745060 0
1556745061 0
1556745062 0
1556745063 0
1556745064 0
1556745065 0
1556745066 0
1556745067 0
1556745068 0
1556745069 0
1556745070 0
1556745071 0
1556745072 0
1556745073 0
1556745074 0
1556745075 0
1556745076 0
1556745077 0
1556745078 0
1556745079 0
1556745080 0
1556745081 0
1556745082 0
1556745083 0
1556745084 0
1556745085 0
1556745086 0
1556745087 0
1556745088 0
1556745089 0
1556745090 0
1556745091 0
1556745092 0
1556745093 0
1556745094 0
1556745095 0
1556745096 0
1556745097 0
1556745098 0
1556745099 0
1556745100 0
1556745101 0
1556745102 0
1556745103 0
1556745104 0
1556745105 0
1556745106 0
1556745107 0
1556745108 0
1556745109 0
1556745110 0
1556745111 0
1556745112 0
1556745113 0
1556745114 0
1556745115 0
1556745116 0
1556745117 0
1556745118 0
1556745119 0
1556745120 0
1556745121 0
1556745122 0
1556745123 0
1556745124 0
1556745125 0
1556745126 0
1556745127 0
1556745128 0
1556745129 0
1556745130 0
1556745131 0
1556745132 0
1556745133 0
1556745134 0
1556745135 0
1556745136 0
1556745137 0
1556745138 0
1556745139 0
1556745140 0
1556745141 0
1556745142 0
1556745143 0
1556745144 0
1556745145 0
1556745146 0
1556745147 0
1556745148 0
1556745149 0
1556745150 0
1556745151 0
1556745152 0
1556745153 0
1556745154 0
1556745155 0
1556745156 0
1556745157 0
1556745158 0
1556745159 0
1556745160 0
1556745161 0
1556745162 0
1556745163 0
1556745164 0
1556745165 0
1556745166 0
1556745167 0
1556745168 0
1556745169 0
1556745170 0
1556745171 0
1556745172 0
1556745173 0
1556745174 0
1556745175 0
1556745176 0
1556745177 0
1556745178 0
1556745179 0
1556745180 0
1556745181 0
1556745182 0
1556745183 0
1556745184 0
1556745185 0
1556745186 0
1556745187 0
1556745188 0
1556745189 0
1556745190 0
1556745191 0
1556745192 0
1556745193 0
1556745194 0
1556745195 0
1556745196 0
1556745197 0
1556745198 0
1556745199 0
1556745200 0
1556745201 0
1556745202 0
1556745203 0
1556745204 0
1556745205 0
1556745206 0
1556745207 0
1556745208 0
1556745209 0
1556745210 0
1556745211 0
1556745212 0
1556745213 0
1556745214 0
1556745215 0
1556745216 0
1556745217 0
1556745218 0
1556745219 0
1556745220 0
1556745221 0
1556745222 0
1556745223 0
1556745224 0
1556745225 0
1556745226 0
1556745227 0
1556745228 0
1556745229 0
1556745230 0
1556745231 0
1556745232 0
1556745233 0
1556745234 0
1556745235 0
1556745236 0
1556745237 0
1556745238 0
1556745239 0
1556745240 0
1556745241 0
1556745242 0
1556745243 0
1556745244 0
1556745245 0
1556745246 0
1556745247 0
1556745248 0
1556745249 0
1556745250 0
1556745251 0
1556745252 0
1556745253 0
1556745254 0
1556745255 0
1556745256 0
1556745257 0
1556745258 0
1556745259 0
1556745260 0
1556745261 0
1556745262 0
1556745263 0
1556745264 0
1556745265 0
1556745266 0
1556745267 0
1556745268 0
1556745269 0
1556745270 0
1556745271 0
1556745272 0
1556745273 0
1556745274 0
1556745275 0
1556745276 0
1556745277 0
1556745278 0
1556745279 0
1556745280 0
1556745281 0
1556745282 0
1556745283 0
1556745284 0
1556745285 0
1556745286 0
1556745287 0
1556745288 0
1556745289 0
1556745290 0
1556745291 0
1556745292 0
1556745293 0
1556745294 0
1556745295 0
1556745296 0
1556745297 0
1556745298 0
1556745299 0
1556745300 0
1556745301 0
1556745302 0
1556745303 0
1556745304 0
1556745305 0
1556745306 0
1556745307 0
1556745308 0
1556745309 0
1556745310 0
1556745311 0
1556745312 0
1556745313 0
1556745314 0
1556745315 0
1556745316 0
1556745317 0
1556745318 0
1556745319 0
1556745320 0
1556745321 0
1556745322 0
1556745323 0
1556745324 0
1556745325 0
1556745326 0
1556745327 0
1556745328 0
1556745329 0
1556745330 0
1556745331 0
1556745332 0
1556745333 0
1556745334 0
1556745335 0
1556745336 0
1556745337 0
1556745338 0
1556745339 0
1556745340 0
1556745341 0
1556745342 0
1556745343 0
1556745344 0
1556745345 0
1556745346 0
1556745347 0
1556745348 0
1556745349 0
1556745350 0
1556745351 0
1556745352 0
1556745353 0
1556745354 0
1556745355 0
1556745356 0
1556745357 0
1556745358 0
1556745359 0
1556745360 0
1556745361 0
1556745362 0
1556745363 0
1556745364 0
1556745365 0
1556745366 0
1556745367 0
1556745368 0
1556745369 0
1556745370 0
1556745371 0
1556745372 0
1556745373 0
1556745374 0
1556745375 0
1556745376 0
1556745377 0
1556745378 0
1556745379 0
1556745380 0
1556745381 0
1556745382 0
1556745383 0
1556745384 0
1556745385 0
1556745386 0
1556745387 0
1556745388 0
1556745389 0
1556745390 0
1556745391 0
1556745392 0
1556745393 0
1556745394 0
1556745395 0
1556745396 0
1556745397 0
1556745398 0
1556745399 0
1556745400 0
1556745401 0
1556745402 0
1556745403 0
1556745404 0
1556745405 0
1556745406 0
1556745407 0
1556745408 0
1556745409 0
1556745410 0
1556745411 0
1556745412 0
1556745413 0
1556745414 0
1556745415 0
1556745416 0
1556745417 0
1556745418 0
1556745419 0
1556745420 0
1556745421 0
1556745422 0
1556745423 0
1556745424 0
1556745425 0
1556745426 0
1556745427 0
1556745428 0
1556745429 0
1556745430 0
1556745431 0
1556745432 0
1556745433 0
1556745434 0
1556745435 0
1556745436 0
1556745437 0
1556745438 0
1556745439 0
1556745440 0
1556745441 0
1556745442 0
1556745443 0
1556745444 0
1556745445 0
1556745446 0
1556745447 0
1556745448 0
1556745449 0
1556745450 0
1556745451 0
1556745452 0
1556745453 0
1556745454 0
1556745455 0
1556745456 0
1556745457 0
1556745458 0
1556745459 0
1556745460 0
1556745461 0
1556745462 0
1556745463 0
1556745464 0
1556745465 0
1556745466 0
1556745467 0
1556745468 0
1556745469 0
1556745470 0
1556745471 0
1556745472 0
1556745473 0
1556745474 0
1556745475 0
1556745476 0
1556745477 0
1556745478 0
1556745479 0
1556745480 0
1556745481 0
1556745482 0
1556745483 0
1556745484 0
1556745485 0
1556745486 0
1556745487 0
1556745488 0
1556745489 0
1556745490 0
1556745491 0
1556745492 0
1556745493 0
1556745494 0
1556745495 0
1556745496 0
1556745497 0
1556745498 0
1556745499 0
1556745500 0
1556745501 0
1556745502 0
1556745503 0
1556745504 0
1556745505 0
1556745506 0
1556745507 0
1556745508 0
1556745509 0
1556745510 0
1556745511 0
1556745512 0
1556745513 0
1556745514 0
1556745515 0
1556745516 0
1556745517 0
1556745518 0
1556745519 0
1556745520 0
1556745521 0
1556745522 0
1556745523 0
1556745524 0
1556745525 0
1556745526 0
1556745527 0
1556745528 0
1556745529 0
1556745530 0
1556745531 0
1556745532 0
1556745533 0
1556745534 0
1556745535 0
1556745536 0
1556745537 0
1556745538 0
1556745539 0
1556745540 0
1556745541 0
1556745542 0
1556745543 0
1556745544 0
1556745545 0
1556745546 0
1556745547 0
1556745548 0
1556745549 0
1556745550 0
1556745551 0
1556745552 0
1556745553 0
1556745554 0
1556745555 0
1556745556 0
1556745557 0
1556745558 0
1556745559 0
1556745560 0
1556745561 0
1556745562 0
1556745563 0
1556745564 0
1556745565 0
1556745566 0
1556745567 0
1556745568 0
1556745569 0
1556745570 0
1556745571 0
1556745572 0
1556745573 0
1556745574 0
1556745575 0
1556745576 0
1556745577 0
1556745578 0
1556745579 0
1556745580 0
1556745581 0
1556745582 0
1556745583 0
1556745584 0
1556745585 0
1556745586 0
1556745587 0
1556745588 0
1556745589 0
1556745590 0
1556745591 0
1556745592 0
1556745593 0
1556745594 0
1556745595 0
1556745596 0
1556745597 0
1556745598 0
1556745599 0
1556745600 0
1556745601 0
1556745602 0
1556745603 0
1556745604 0
1556745605 0
1556745606 0
1556745607 0
1556745608 0
1556745609 0
1556745610 0
1556745611 0
1556745612 0
1556745613 0
1556745614 0
1556745615 0
1556745616 0
1556745617 0
1556745618 0
1556745619 0
1556745620 0
1556745621 0
1556745622 0
1556745623 0
1556745624 0
1556745625 0
1556745626 0
1556745627 0
1556745628 0
1556745629 0
1556745630 0
1556745631 0
1556745632 0
1556745633 0
1556745634 0
1556745635 0
1556745636 0
1556745637 0
1556745638 0
1556745639 0
1556745640 0
1556745641 0
1556745642 0
1556745643 0
1556745644 0
1556745645 0
1556745646 0
1556745647 0
1556745648 0
1556745649 0
1556745650 0
1556745651 0
1556745652 0
1556745653 0
1556745654 0
1556745655 0
1556745656 0
1556745657 0
1556745658 0
1556745659 0
1556745660 0
1556745661 0
1556745662 0
1556745663 0
1556745664 0
1556745665 0
1556745666 0
1556745667 0
1556745668 0
1556745669 0
1556745670 0
1556745671 0
1556745672 0
1556745673 0
1556745674 0
1556745675 0
1556745676 0
1556745677 0
1556745678 0
1556745679 0
1556745680 0
1556745681 0
1556745682 0
1556745683 0
1556745684 0
1556745685 0
1556745686 0
1556745687 0
1556745688 0
1556745689 0
1556745690 0
1556745691 0
1556745692 0
1556745693 0
1556745694 0
1556745695 0
1556745696 0
1556745697 0
1556745698 0
1556745699 0
1556745700 0
1556745701 0
1556745702 0
1556745703 0
1556745704 0
1556745705 0
1556745706 0
1556745707 0
1556745708 0
1556745709 0
1556745710 0
1556745711 0
1556745712 0
1556745713 0
1556745714 0
1556745715 0
1556745716 0
1556745717 0
1556745718 0
1556745719 0
1556745720 0
1556745721 0
1556745722 0
1556745723 0
1556745724 0
1556745725 0
1556745726 0
1556745727 0
1556745728 0
1556745729 0
1556745730 0
1556745731 0
1556745732 0
1556745733 0
1556745734 0
1556745735 0
1556745736 0
1556745737 0
1556745738 0
1556745739 0
1556745740 0
1556745741 0
1556745742 0
1556745743 0
1556745744 0
1556745745 0
1556745746 0
1556745747 0
1556745748 0
1556745749 0
1556745750 0
1556745751 0
1556745752 0
1556745753 0
1556745754 0
1556745755 0
1556745756 0
1556745757 0
1556745758 0
1556745759 0
1556745760 0
1556745761 0
1556745762 0
1556745763 0
1556745764 0
1556745765 0
1556745766 0
1556745767 0
1556745768 0
1556745769 0
1556745770 0
1556745771 0
1556745772 0
1556745773 0
1556745774 0
1556745775 0
1556745776 0
1556745777 0
1556745778 0
1556745779 0
1556745780 0
1556745781 0
1556745782 0
1556745783 0
1556745784 0
1556745785 0
1556745786 0
1556745787 0
1556745788 0
1556745789 0
1556745790 0
1556745791 0
1556745792 0
1556745793 0
1556745794 0
1556745795 0
1556745796 0
1556745797 0
1556745798 0
1556745799 0
1556745800 0
1556745801 0
1556745802 0
1556745803 0
1556745804 0
1556745805 0
1556745806 0
1556745807 0
1556745808 0
1556745809 0
1556745810 0
1556745811 0
1556745812 0
1556745813 0
1556745814 0
1556745815 0
1556745816 0
1556745817 0
1556745818 0
1556745819 0
1556745820 0
1556745821 0
1556745822 0
1556745823 0
1556745824 0
1556745825 0
1556745826 0
1556745827 0
1556745828 0
1556745829 0
1556745830 0
1556745831 0
1556745832 0
1556745833 0
1556745834 0
1556745835 0
1556745836 0
1556745837 0
1556745838 0
1556745839 0
1556745840 0
1556745841 0
1556745842 0
1556745843 0
1556745844 0
1556745845 0
1556745846 0
1556745847 0
1556745848 0
1556745849 0
1556745850 0
1556745851 0
1556745852 0
1556745853 0
1556745854 0
1556745855 0
1556745856 0
1556745857 0
1556745858 0
1556745859 0
1556745860 0
1556745861 0
1556745862 0
1556745863 0
1556745864 0
1556745865 0
1556745866 0
1556745867 0
1556745868 0
1556745869 0
1556745870 0
1556745871 0
1556745872 0
1556745873 0
1556745874 0
1556745875 0
1556745876 0
1556745877 0
1556745878 0
1556745879 0
1556745880 0
1556745881 0
1556745882 0
1556745883 0
1556745884 0
1556745885 0
1556745886 0
1556745887 0
1556745888 0
1556745889 0
1556745890 0
1556745891 0
1556745892 0
1556745893 0
1556745894 0
1556745895 0
1556745896 0
1556745897 0
1556745898 0
1556745899 0
1556745900 0
1556745901 0
1556745902 0
1556745903 0
1556745904 0
1556745905 0
1556745906 0
1556745907 0
1556745908 0
1556745909 0
1556745910 0
1556745911 0
1556745912 0
1556745913 0
1556745914 0
1556745915 0
1556745916 0
1556745917 0
1556745918 0
1556745919 0
1556745920 0
1556745921 0
1556745922 0
1556745923 0
1556745924 0
1556745925 0
1556745926 0
1556745927 0
1556745928 0
1556745929 0
1556745930 0
1556745931 0
1556745932 0
1556745933 0
1556745934 0
1556745935 0
1556745936 0
1556745937 0
1556745938 0
1556745939 0
1556745940 0
1556745941 0
1556745942 0
1556745943 0
1556745944 0
1556745945 0
1556745946 0
1556745947 0
1556745948 0
1556745949 0
1556745950 0
1556745951 0
1556745952 0
1556745953 0
1556745954 0
1556745955 0
1556745956 0
1556745957 0
1556745958 0
1556745959 0
1556745960 0
1556745961 0
1556745962 0
1556745963 0
1556745964 0
1556745965 0
1556745966 0
1556745967 0
1556745968 0
1556745969 0
1556745970 0
1556745971 0
1556745972 0
1556745973 0
1556745974 0
1556745975 0
1556745976 0
1556745977 0
1556745978 0
1556745979 0
1556745980 0
1556745981 0
1556745982 0
1556745983 0
1556745984 0
1556745985 0
1556745986 0
1556745987 0
1556745988 0
1556745989 0
1556745990 0
1556745991 0
1556745992 0
1556745993 0
1556745994 0
1556745995 0
1556745996 0
1556745997 0
1556745998 0
1556745999 0
1556746000 0
1556746001 0
1556746002 0
1556746003 0
1556746004 0
1556746005 0
1556746006 0
1556746007 0
1556746008 0
1556746009 0
1556746010 0
1556746011 0
1556746012 0
1556746013 0
1556746014 0
1556746015 0
1556746016 0
1556746017 0
1556746018 0
1556746019 0
1556746020 0
1556746021 0
1556746022 0
1556746023 0
1556746024 0
1556746025 0
1556746026 0
1556746027 0
1556746028 0
1556746029 0
1556746030 0
1556746031 0
1556746032 0
1556746033 0
1556746034 0
1556746035 0
1556746036 0
1556746037 0
1556746038 0
1556746039 0
1556746040 0
1556746041 0
1556746042 0
1556746043 0
1556746044 0
1556746045 0
1556746046 0
1556746047 0
1556746048 0
1556746049 0
1556746050 0
1556746051 0
1556746052 0
1556746053 0
1556746054 0
1556746055 0
1556746056 0
1556746057 0
1556746058 0
1556746059 0
1556746060 0
1556746061 0
1556746062 0
1556746063 0
1556746064 0
1556746065 0
1556746066 0
1556746067 0
1556746068 0
1556746069 0
1556746070 0
1556746071 0
1556746072 0
1556746073 0
1556746074 0
1556746075 0
1556746076 0
1556746077 0
1556746078 0
1556746079 0
1556746080 0
1556746081 0
1556746082 0
1556746083 0
1556746084 0
1556746085 0
1556746086 0
1556746087 0
1556746088 0
1556746089 0
1556746090 0
1556746091 0
1556746092 0
1556746093 0
1556746094 0
1556746095 0
1556746096 0
1556746097 0
1556746098 0
1556746099 0
1556746100 0
1556746101 0
1556746102 0
1556746103 0
1556746104 0
1556746105 0
1556746106 0
1556746107 0
1556746108 0
1556746109 0
1556746110 0
1556746111 0
1556746112 0
1556746113 0
1556746114 0
1556746115 0
1556746116 0
1556746117 0
1556746118 0
1556746119 0
1556746120 0
1556746121 0
1556746122 0
1556746123 0
1556746124 0
1556746125 0
1556746126 0
1556746127 0
1556746128 0
1556746129 0
1556746130 0
1556746131 0
1556746132 0
1556746133 0
1556746134 0
1556746135 0
1556746136 0
1556746137 0
1556746138 0
1556746139 0
1556746140 0
1556746141 0
1556746142 0
1556746143 0
1556746144 0
1556746145 0
1556746146 0
1556746147 0
1556746148 0
1556746149 0
1556746150 0
1556746151 0
1556746152 0
1556746153 0
1556746154 0
1556746155 0
1556746156 0
1556746157 0
1556746158 0
1556746159 0
1556746160 0
1556746161 0
1556746162 0
1556746163 0
1556746164 0
1556746165 0
1556746166 0
1556746167 0
1556746168 0
1556746169 0
1556746170 0
1556746171 0
1556746172 0
1556746173 0
1556746174 0
1556746175 0
1556746176 0
1556746177 0
1556746178 0
1556746179 0
1556746180 0
1556746181 0
1556746182 0
1556746183 0
1556746184 0
1556746185 0
1556746186 0
1556746187 0
1556746188 0
1556746189 0
1556746190 0
1556746191 0
1556746192 0
1556746193 0
1556746194 0
1556746195 0
1556746196 0
1556746197 0
1556746198 0
1556746199 0
1556746200 0
1556746201 0
1556746202 0
1556746203 0
1556746204 0
1556746205 0
1556746206 0
1556746207 0
1556746208 0
1556746209 0
1556746210 0
1556746211 0
1556746212 0
1556746213 0
1556746214 0
1556746215 0
1556746216 0
1556746217 0
1556746218 0
1556746219 0
1556746220 0
1556746221 0
1556746222 0
1556746223 0
1556746224 0
1556746225 0
1556746226 0
1556746227 0
1556746228 0
1556746229 0
1556746230 0
1556746231 0
1556746232 0
1556746233 0
1556746234 0
1556746235 0
1556746236 0
1556746237 0
1556746238 0
1556746239 0
1556746240 0
1556746241 0
1556746242 0
1556746243 0
1556746244 0
1556746245 0
1556746246 0
1556746247 0
1556746248 0
1556746249 0
1556746250 0
1556746251 0
1556746252 0
1556746253 0
1556746254 0
1556746255 0
1556746256 0
1556746257 0
1556746258 0
1556746259 0
1556746260 0
1556746261 0
1556746262 0
1556746263 0
1556746264 0
1556746265 0
1556746266 0
1556746267 0
1556746268 0
1556746269 0
1556746270 0
1556746271 0
1556746272 0
1556746273 0
1556746274 0
1556746275 0
1556746276 0
1556746277 0
1556746278 0
1556746279 0
1556746280 0
1556746281 0
1556746282 0
1556746283 0
1556746284 0
1556746285 0
1556746286 0
1556746287 0
1556746288 0
1556746289 0
1556746290 0
1556746291 0
1556746292 0
1556746293 0
1556746294 0
1556746295 0
1556746296 0
1556746297 0
1556746298 0
1556746299 0
1556746300 0
1556746301 0
1556746302 0
1556746303 0
1556746304 0
1556746305 0
1556746306 0
1556746307 0
1556746308 0
1556746309 0
1556746310 0
1556746311 0
1556746312 0
1556746313 0
1556746314 0
1556746315 0
1556746316 0
1556746317 0
1556746318 0
1556746319 0
1556746320 0
1556746321 0
1556746322 0
1556746323 0
1556746324 0
1556746325 0
1556746326 0
1556746327 0
1556746328 0
1556746329 0
1556746330 0
1556746331 0
1556746332 0
1556746333 0
1556746334 0
1556746335 0
1556746336 0
1556746337 0
1556746338 0
1556746339 0
1556746340 0
1556746341 0
1556746342 0
1556746343 0
1556746344 0
1556746345 0
1556746346 0
1556746347 0
1556746348 0
1556746349 0
1556746350 0
1556746351 0
1556746352 0
1556746353 0
1556746354 0
1556746355 0
1556746356 0
1556746357 0
1556746358 0
1556746359 0
1556746360 0
1556746361 0
1556746362 0
1556746363 0
1556746364 0
1556746365 0
1556746366 0
1556746367 0
1556746368 0
1556746369 0
1556746370 0
1556746371 0
1556746372 0
1556746373 0
1556746374 0
1556746375 0
1556746376 0
1556746377 0
1556746378 0
1556746379 0
1556746380 0
1556746381 0
1556746382 0
1556746383 0
1556746384 0
1556746385 0
1556746386 0
1556746387 0
1556746388 0
1556746389 0
1556746390 0
1556746391 0
1556746392 0
1556746393 0
1556746394 0
1556746395 0
1556746396 0
1556746397 0
1556746398 0
1556746399 0
1556746400 0
1556746401 0
1556746402 0
1556746403 0
1556746404 0
1556746405 0
1556746406 0
1556746407 0
1556746408 0
1556746409 0
1556746410 0
1556746411 0
1556746412 0
1556746413 0
1556746414 0
1556746415 0
1556746416 0
1556746417 0
1556746418 0
1556746419 0
1556746420 0
1556746421 0
1556746422 0
1556746423 0
1556746424 0
1556746425 0
1556746426 0
1556746427 0
1556746428 0
1556746429 0
1556746430 0
1556746431 0
1556746432 0
1556746433 0
1556746434 0
1556746435 0
1556746436 0
1556746437 0
1556746438 0
1556746439 0
1556746440 0
1556746441 0
1556746442 0
1556746443 0
1556746444 0
1556746445 0
1556746446 0
1556746447 0
1556746448 0
1556746449 0
1556746450 0
1556746451 0
1556746452 0
1556746453 0
1556746454 0
1556746455 0
1556746456 0
1556746457 0
1556746458 0
1556746459 0
1556746460 0
1556746461 0
1556746462 0
1556746463 0
1556746464 0
1556746465 0
1556746466 0
1556746467 0
1556746468 0
1556746469 0
1556746470 0
1556746471 0
1556746472 0
1556746473 0
1556746474 0
1556746475 0
1556746476 0
1556746477 0
1556746478 0
1556746479 0
1556746480 0
1556746481 0
1556746482 0
1556746483 0
1556746484 0
1556746485 0
1556746486 0
1556746487 0
1556746488 0
1556746489 0
1556746490 0
1556746491 0
1556746492 0
1556746493 0
1556746494 0
1556746495 0
1556746496 0
1556746497 0
1556746498 0
1556746499 0
1556746500 0
1556746501 0
1556746502 0
1556746503 0
1556746504 0
1556746505 0
1556746506 0
1556746507 0
1556746508 0
1556746509 0
1556746510 0
1556746511 0
1556746512 0
1556746513 0
1556746514 0
1556746515 0
1556746516 0
1556746517 0
1556746518 0
1556746519 0
1556746520 0
1556746521 0
1556746522 0
1556746523 0
1556746524 0
1556746525 0
1556746526 0
1556746527 0
1556746528 0
1556746529 0
1556746530 0
1556746531 0
1556746532 0
1556746533 0
1556746534 0
1556746535 0
1556746536 0
1556746537 0
1556746538 0
1556746539 0
1556746540 0
1556746541 0
1556746542 0
1556746543 0
1556746544 0
1556746545 0
1556746546 0
1556746547 0
1556746548 0
1556746549 0
1556746550 0
1556746551 0
1556746552 0
1556746553 0
1556746554 0
1556746555 0
1556746556 0
1556746557 0
1556746558 0
1556746559 0
1556746560 0
1556746561 0
1556746562 0
1556746563 0
1556746564 0
1556746565 0
1556746566 0
1556746567 0
1556746568 0
1556746569 0
1556746570 0
1556746571 0
1556746572 0
1556746573 0
1556746574 0
1556746575 0
1556746576 0
1556746577 0
1556746578 0
1556746579 0
1556746580 0
1556746581 0
1556746582 0
1556746583 0
1556746584 0
1556746585 0
1556746586 0
1556746587 0
1556746588 0
1556746589 0
1556746590 0
1556746591 0
1556746592 0
1556746593 0
1556746594 0
1556746595 0
1556746596 0
1556746597 0
1556746598 0
1556746599 0
1556746600 0
1556746601 0
1556746602 0
1556746603 0
1556746604 0
1556746605 0
1556746606 0
1556746607 0
1556746608 0
1556746609 0
1556746610 0
1556746611 0
1556746612 0
1556746613 0
1556746614 0
1556746615 0
1556746616 0
1556746617 0
1556746618 0
1556746619 0
1556746620 0
1556746621 0
1556746622 0
1556746623 0
1556746624 0
1556746625 0
1556746626 0
1556746627 0
1556746628 0
1556746629 0
1556746630 0
1556746631 0
1556746632 0
1556746633 0
1556746634 0
1556746635 0
1556746636 0
1556746637 0
1556746638 0
1556746639 0
1556746640 0
1556746641 0
1556746642 0
1556746643 0
1556746644 0
1556746645 0
1556746646 0
1556746647 0
1556746648 0
1556746649 0
1556746650 0
1556746651 0
1556746652 0
1556746653 0
1556746654 0
1556746655 0
1556746656 0
1556746657 0
1556746658 0
1556746659 0
1556746660 0
1556746661 0
1556746662 0
1556746663 0
1556746664 0
1556746665 0
1556746666 0
1556746667 0
1556746668 0
1556746669 0
1556746670 0
1556746671 0
1556746672 0
1556746673 0
1556746674 0
1556746675 0
1556746676 0
1556746677 0
1556746678 0
1556746679 0
1556746680 0
1556746681 0
1556746682 0
1556746683 0
1556746684 0
1556746685 0
1556746686 0
1556746687 0
1556746688 0
1556746689 0
1556746690 0
1556746691 0
1556746692 0
1556746693 0
1556746694 0
1556746695 0
1556746696 0
1556746697 0
1556746698 0
1556746699 0
1556746700 0
1556746701 0
1556746702 0
1556746703 0
1556746704 0
1556746705 0
1556746706 0
1556746707 0
1556746708 0
1556746709 0
1556746710 0
1556746711 0
1556746712 0
1556746713 0
1556746714 0
1556746715 0
1556746716 0
1556746717 0
1556746718 0
1556746719 0
1556746720 0
1556746721 0
1556746722 0
1556746723 0
1556746724 0
1556746725 0
1556746726 0
1556746727 0
1556746728 0
1556746729 0
1556746730 0
1556746731 0
1556746732 0
1556746733 0
1556746734 0
1556746735 0
1556746736 0
1556746737 0
1556746738 0
1556746739 0
1556746740 0
1556746741 0
1556746742 0
1556746743 0
1556746744 0
1556746745 0
1556746746 0
1556746747 0
1556746748 0
1556746749 0
1556746750 0
1556746751 0
1556746752 0
1556746753 0
1556746754 0
1556746755 0
1556746756 0
1556746757 0
1556746758 0
1556746759 0
1556746760 0
1556746761 0
1556746762 0
1556746763 0
1556746764 0
1556746765 0
1556746766 0
1556746767 0
1556746768 0
1556746769 0
1556746770 0
1556746771 0
1556746772 0
1556746773 0
1556746774 0
1556746775 0
1556746776 0
1556746777 0
1556746778 0
1556746779 0
1556746780 0
1556746781 0
1556746782 0
1556746783 0
1556746784 0
1556746785 0
1556746786 0
1556746787 0
1556746788 0
1556746789 0
1556746790 0
1556746791 0
1556746792 0
1556746793 0
1556746794 0
1556746795 0
1556746796 0
1556746797 0
1556746798 0
1556746799 0
1556746800 0
1556746801 0
1556746802 0
1556746803 0
1556746804 0
1556746805 0
1556746806 0
1556746807 0
1556746808 0
1556746809 0
1556746810 0
1556746811 0
1556746812 0
1556746813 0
1556746814 0
1556746815 0
1556746816 0
1556746817 0
1556746818 0
1556746819 0
1556746820 0
1556746821 0
1556746822 0
1556746823 0
1556746824 0
1556746825 0
1556746826 0
1556746827 0
1556746828 0
1556746829 0
1556746830 0
1556746831 0
1556746832 0
1556746833 0
1556746834 0
1556746835 0
1556746836 0
1556746837 0
1556746838 0
1556746839 0
1556746840 0
1556746841 0
1556746842 0
1556746843 0
1556746844 0
1556746845 0
1556746846 0
1556746847 0
1556746848 0
1556746849 0
1556746850 0
1556746851 0
1556746852 0
1556746853 0
1556746854 0
1556746855 0
1556746856 0
1556746857 0
1556746858 0
1556746859 0
1556746860 0
1556746861 0
1556746862 0
1556746863 0
1556746864 0
1556746865 0
1556746866 0
1556746867 0
1556746868 0
1556746869 0
1556746870 0
1556746871 0
1556746872 0
1556746873 0
1556746874 0
1556746875 0
1556746876 0
1556746877 0
1556746878 0
1556746879 0
1556746880 0
1556746881 0
1556746882 0
1556746883 0
1556746884 0
1556746885 0
1556746886 0
1556746887 0
1556746888 0
1556746889 0
1556746890 0
1556746891 0
1556746892 0
1556746893 0
1556746894 0
1556746895 0
1556746896 0
1556746897 0
1556746898 0
1556746899 0
1556746900 0
1556746901 0
1556746902 0
1556746903 0
1556746904 0
1556746905 0
1556746906 0
1556746907 0
1556746908 0
1556746909 0
1556746910 0
1556746911 0
1556746912 0
1556746913 0
1556746914 0
1556746915 0
1556746916 0
1556746917 0
1556746918 0
1556746919 0
1556746920 0
1556746921 0
1556746922 0
1556746923 0
1556746924 0
1556746925 0
1556746926 0
1556746927 0
1556746928 0
1556746929 0
1556746930 0
1556746931 0
1556746932 0
1556746933 0
1556746934 0
1556746935 0
1556746936 0
1556746937 0
1556746938 0
1556746939 0
1556746940 0
1556746941 0
1556746942 0
1556746943 0
1556746944 0
1556746945 0
1556746946 0
1556746947 0
1556746948 0
1556746949 0
1556746950 0
1556746951 0
1556746952 0
1556746953 0
1556746954 0
1556746955 0
1556746956 0
1556746957 0
1556746958 0
1556746959 0
1556746960 0
1556746961 0
1556746962 0
1556746963 0
1556746964 0
1556746965 0
1556746966 0
1556746967 0
1556746968 0
1556746969 0
1556746970 0
1556746971 0
1556746972 0
1556746973 0
1556746974 0
1556746975 0
1556746976 0
1556746977 0
1556746978 0
1556746979 0
1556746980 0
1556746981 0
1556746982 0
1556746983 0
1556746984 0
1556746985 0
1556746986 0
1556746987 0
1556746988 0
1556746989 0
1556746990 0
1556746991 0
1556746992 0
1556746993 0
1556746994 0
1556746995 0
1556746996 0
1556746997 0
1556746998 0
1556746999 0
1556747000 0
1556747001 0
1556747002 0
1556747003 0
1556747004 0
1556747005 0
1556747006 0
1556747007 0
1556747008 0
1556747009 0
1556747010 0
1556747011 0
1556747012 0
1556747013 0
1556747014 0
1556747015 0
1556747016 0
1556747017 0
1556747018 0
1556747019 0
1556747020 0
1556747021 0
1556747022 0
1556747023 0
1556747024 0
1556747025 0
1556747026 0
1556747027 0
1556747028 0
1556747029 0
1556747030 0
1556747031 0
1556747032 0
1556747033 0
1556747034 0
1556747035 0
1556747036 0
1556747037 0
1556747038 0
1556747039 0
1556747040 0
1556747041 0
1556747042 0
1556747043 0
1556747044 0
1556747045 0
1556747046 0
1556747047 0
1556747048 0
1556747049 0
1556747050 0
1556747051 0
1556747052 0
1556747053 0
1556747054 0
1556747055 0
1556747056 0
1556747057 0
1556747058 0
1556747059 0
1556747060 0
1556747061 0
1556747062 0
1556747063 0
1556747064 0
1556747065 0
1556747066 0
1556747067 0
1556747068 0
1556747069 0
1556747070 0
1556747071 0
1556747072 0
1556747073 0
1556747074 0
1556747075 0
1556747076 0
1556747077 0
1556747078 0
1556747079 0
1556747080 0
1556747081 0
1556747082 0
1556747083 0
1556747084 0
1556747085 0
1556747086 0
1556747087 0
1556747088 0
1556747089 0
1556747090 0
1556747091 0
1556747092 0
1556747093 0
1556747094 0
1556747095 0
1556747096 0
1556747097 0
1556747098 0
1556747099 0
1556747100 0
1556747101 0
1556747102 0
1556747103 0
1556747104 0
1556747105 0
1556747106 0
1556747107 0
1556747108 0
1556747109 0
1556747110 0
1556747111 0
1556747112 0
1556747113 0
1556747114 0
1556747115 0
1556747116 0
1556747117 0
1556747118 0
1556747119 0
1556747120 0
1556747121 0
1556747122 0
1556747123 0
1556747124 0
1556747125 0
1556747126 0
1556747127 0
1556747128 0
1556747129 0
1556747130 0
1556747131 0
1556747132 0
1556747133 0
1556747134 0
1556747135 0
1556747136 0
1556747137 0
1556747138 0
1556747139 0
1556747140 0
1556747141 0
1556747142 0
1556747143 0
1556747144 0
1556747145 0
1556747146 0
1556747147 0
1556747148 0
1556747149 0
1556747150 0
1556747151 0
1556747152 0
1556747153 0
1556747154 0
1556747155 0
1556747156 0
1556747157 0
1556747158 0
1556747159 0
1556747160 0
1556747161 0
1556747162 0
1556747163 0
1556747164 0
1556747165 0
1556747166 0
1556747167 0
1556747168 0
1556747169 0
1556747170 0
1556747171 0
1556747172 0
1556747173 0
1556747174 0
1556747175 0
1556747176 0
1556747177 0
1556747178 0
1556747179 0
1556747180 0
1556747181 0
1556747182 0
1556747183 0
1556747184 0
1556747185 0
1556747186 0
1556747187 0
1556747188 0
1556747189 0
1556747190 0
1556747191 0
1556747192 0
1556747193 0
1556747194 0
1556747195 0
1556747196 0
1556747197 0
1556747198 0
1556747199 0
1556747200 0
1556747201 0
1556747202 0
1556747203 0
1556747204 0
1556747205 0
1556747206 0
1556747207 0
1556747208 0
1556747209 0
1556747210 0
1556747211 0
1556747212 0
1556747213 0
1556747214 0
1556747215 0
1556747216 0
1556747217 0
1556747218 0
1556747219 0
1556747220 0
1556747221 0
1556747222 0
1556747223 0
1556747224 0
1556747225 0
1556747226 0
1556747227 0
1556747228 0
1556747229 0
1556747230 0
1556747231 0
1556747232 0
1556747233 0
1556747234 0
1556747235 0
1556747236 0
1556747237 0
1556747238 0
1556747239 0
1556747240 0
1556747241 0
1556747242 0
1556747243 0
1556747244 0
1556747245 0
1556747246 0
1556747247 0
1556747248 0
1556747249 0
1556747250 0
1556747251 0
1556747252 0
1556747253 0
1556747254 0
1556747255 0
1556747256 0
1556747257 0
1556747258 0
1556747259 0
1556747260 0
1556747261 0
1556747262 0
1556747263 0
1556747264 0
1556747265 0
1556747266 0
1556747267 0
1556747268 0
1556747269 0
1556747270 0
1556747271 0
1556747272 0
1556747273 0
1556747274 0
1556747275 0
1556747276 0
1556747277 0
1556747278 0
1556747279 0
1556747280 0
1556747281 0
1556747282 0
1556747283 0
1556747284 0
1556747285 0
1556747286 0
1556747287 0
1556747288 0
1556747289 0
1556747290 0
1556747291 0
1556747292 0
1556747293 0
1556747294 0
1556747295 0
1556747296 0
1556747297 0
1556747298 0
1556747299 0
1556747300 0
1556747301 0
1556747302 0
1556747303 0
1556747304 0
1556747305 0
1556747306 0
1556747307 0
1556747308 0
1556747309 0
1556747310 0
1556747311 0
1556747312 0
1556747313 0
1556747314 0
1556747315 0
1556747316 0
1556747317 0
1556747318 0
1556747319 0
1556747320 0
1556747321 0
1556747322 0
1556747323 0
1556747324 0
1556747325 0
1556747326 0
1556747327 0
1556747328 0
1556747329 0
1556747330 0
1556747331 0
1556747332 0
1556747333 0
1556747334 0
1556747335 0
1556747336 0
1556747337 0
1556747338 0
1556747339 0
1556747340 0
1556747341 0
1556747342 0
1556747343 0
1556747344 0
1556747345 0
1556747346 0
1556747347 0
1556747348 0
1556747349 0
1556747350 0
1556747351 0
1556747352 0
1556747353 0
1556747354 0
1556747355 0
1556747356 0
1556747357 0
1556747358 0
1556747359 0
1556747360 0
1556747361 0
1556747362 0
1556747363 0
1556747364 0
1556747365 0
1556747366 0
1556747367 0
1556747368 0
1556747369 0
1556747370 0
1556747371 0
1556747372 0
1556747373 0
1556747374 0
1556747375 0
1556747376 0
1556747377 0
1556747378 0
1556747379 0
1556747380 0
1556747381 0
1556747382 0
1556747383 0
1556747384 0
1556747385 0
1556747386 0
1556747387 0
1556747388 0
1556747389 0
1556747390 0
1556747391 0
1556747392 0
1556747393 0
1556747394 0
1556747395 0
1556747396 0
1556747397 0
1556747398 0
1556747399 0
1556747400 0
1556747401 0
1556747402 0
1556747403 0
1556747404 0
1556747405 0
1556747406 0
1556747407 0
1556747408 0
1556747409 0
1556747410 0
1556747411 0
1556747412 0
1556747413 0
1556747414 0
1556747415 0
1556747416 0
1556747417 0
1556747418 0
1556747419 0
1556747420 0
1556747421 0
1556747422 0
1556747423 0
1556747424 0
1556747425 0
1556747426 0
1556747427 0
1556747428 0
1556747429 0
1556747430 0
1556747431 0
1556747432 0
1556747433 0
1556747434 0
1556747435 0
1556747436 0
1556747437 0
1556747438 0
1556747439 0
1556747440 0
1556747441 0
1556747442 0
1556747443 0
1556747444 0
1556747445 0
1556747446 0
1556747447 0
1556747448 0
1556747449 0
1556747450 0
1556747451 0
1556747452 0
1556747453 0
1556747454 0
1556747455 0
1556747456 0
1556747457 0
1556747458 0
1556747459 0
1556747460 0
1556747461 0
1556747462 0
1556747463 0
1556747464 0
1556747465 0
1556747466 0
1556747467 0
1556747468 0
1556747469 0
1556747470 0
1556747471 0
1556747472 0
1556747473 0
1556747474 0
1556747475 0
1556747476 0
1556747477 0
1556747478 0
1556747479 0
1556747480 0
1556747481 0
1556747482 0
1556747483 0
1556747484 0
1556747485 0
1556747486 0
1556747487 0
1556747488 0
1556747489 0
1556747490 0
1556747491 0
1556747492 0
1556747493 0
1556747494 0
1556747495 0
1556747496 0
1556747497 0
1556747498 0
1556747499 0
1556747500 0
1556747501 0
1556747502 0
1556747503 0
1556747504 0
1556747505 0
1556747506 0
1556747507 0
1556747508 0
1556747509 0
1556747510 0
1556747511 0
1556747512 0
1556747513 0
1556747514 0
1556747515 0
1556747516 0
1556747517 0
1556747518 0
1556747519 0
1556747520 0
1556747521 0
1556747522 0
1556747523 0
1556747524 0
1556747525 0
1556747526 0
1556747527 0
1556747528 0
1556747529 0
1556747530 0
1556747531 0
1556747532 0
1556747533 0
1556747534 0
1556747535 0
1556747536 0
1556747537 0
1556747538 0
1556747539 0
1556747540 0
1556747541 0
1556747542 0
1556747543 0
1556747544 0
1556747545 0
1556747546 0
1556747547 0
1556747548 0
1556747549 0
1556747550 0
1556747551 0
1556747552 0
1556747553 0
1556747554 0
1556747555 0
1556747556 0
1556747557 0
1556747558 0
1556747559 0
1556747560 0
1556747561 0
1556747562 0
1556747563 0
1556747564 0
1556747565 0
1556747566 0
1556747567 0
1556747568 0
1556747569 0
1556747570 0
1556747571 0
1556747572 0
1556747573 0
1556747574 0
1556747575 0
1556747576 0
1556747577 0
1556747578 0
1556747579 0
1556747580 0
1556747581 0
1556747582 0
1556747583 0
1556747584 0
1556747585 0
1556747586 0
1556747587 0
1556747588 0
1556747589 0
1556747590 0
1556747591 0
1556747592 0
1556747593 0
1556747594 0
1556747595 0
1556747596 0
1556747597 0
1556747598 0
1556747599 0
1556747600 0
1556747601 0
1556747602 0
1556747603 0
1556747604 0
1556747605 0
1556747606 0
1556747607 0
1556747608 0
1556747609 0
1556747610 0
1556747611 0
1556747612 0
1556747613 0
1556747614 0
1556747615 0
1556747616 0
1556747617 0
1556747618 0
1556747619 0
1556747620 0
1556747621 0
1556747622 0
1556747623 0
1556747624 0
1556747625 0
1556747626 0
1556747627 0
1556747628 0
1556747629 0
1556747630 0
1556747631 0
1556747632 0
1556747633 0
1556747634 0
1556747635 0
1556747636 0
1556747637 0
1556747638 0
1556747639 0
1556747640 0
1556747641 0
1556747642 0
1556747643 0
1556747644 0
1556747645 0
1556747646 0
1556747647 0
1556747648 0
1556747649 0
1556747650 0
1556747651 0
1556747652 0
1556747653 0
1556747654 0
1556747655 0
1556747656 0
1556747657 0
1556747658 0
1556747659 0
1556747660 0
1556747661 0
1556747662 0
1556747663 0
1556747664 0
1556747665 0
1556747666 0
1556747667 0
1556747668 0
1556747669 0
1556747670 0
1556747671 0
1556747672 0
1556747673 0
1556747674 0
1556747675 0
1556747676 0
1556747677 0
1556747678 0
1556747679 0
1556747680 0
1556747681 0
1556747682 0
1556747683 0
1556747684 0
1556747685 0
1556747686 0
1556747687 0
1556747688 0
1556747689 0
1556747690 0
1556747691 0
1556747692 0
1556747693 0
1556747694 0
1556747695 0
1556747696 0
1556747697 0
1556747698 0
1556747699 0
1556747700 0
1556747701 0
1556747702 0
1556747703 0
1556747704 0
1556747705 0
1556747706 0
1556747707 0
1556747708 0
1556747709 0
1556747710 0
1556747711 0
1556747712 0
1556747713 0
1556747714 0
1556747715 0
1556747716 0
1556747717 0
1556747718 0
1556747719 0
1556747720 0
1556747721 0
1556747722 0
1556747723 0
1556747724 0
1556747725 0
1556747726 0
1556747727 0
1556747728 0
1556747729 0
1556747730 0
1556747731 0
1556747732 0
1556747733 0
1556747734 0
1556747735 0
1556747736 0
1556747737 0
1556747738 0
1556747739 0
1556747740 0
1556747741 0
1556747742 0
1556747743 0
1556747744 0
1556747745 0
1556747746 0
1556747747 0
1556747748 0
1556747749 0
1556747750 0
1556747751 0
1556747752 0
1556747753 0
1556747754 0
1556747755 0
1556747756 0
1556747757 0
1556747758 0
1556747759 0
1556747760 0
1556747761 0
1556747762 0
1556747763 0
1556747764 0
1556747765 0
1556747766 0
1556747767 0
1556747768 0
1556747769 0
1556747770 0
1556747771 0
1556747772 0
1556747773 0
1556747774 0
1556747775 0
1556747776 0
1556747777 0
1556747778 0
1556747779 0
1556747780 0
1556747781 0
1556747782 0
1556747783 0
1556747784 0
1556747785 0
1556747786 0
1556747787 0
1556747788 0
1556747789 0
1556747790 0
1556747791 0
1556747792 0
1556747793 0
1556747794 0
1556747795 0
1556747796 0
1556747797 0
1556747798 0
1556747799 0
1556747800 0
1556747801 0
1556747802 0
1556747803 0
1556747804 0
1556747805 0
1556747806 0
1556747807 0
1556747808 0
1556747809 0
1556747810 0
1556747811 0
1556747812 0
1556747813 0
1556747814 0
1556747815 0
1556747816 0
1556747817 0
1556747818 0
1556747819 0
1556747820 0
1556747821 0
1556747822 0
1556747823 0
1556747824 0
1556747825 0
1556747826 0
1556747827 0
1556747828 0
1556747829 0
1556747830 0
1556747831 0
1556747832 0
1556747833 0
1556747834 0
1556747835 0
1556747836 0
1556747837 0
1556747838 0
1556747839 0
1556747840 0
1556747841 0
1556747842 0
1556747843 0
1556747844 0
1556747845 0
1556747846 0
1556747847 0
1556747848 0
1556747849 0
1556747850 0
1556747851 0
1556747852 0
1556747853 0
1556747854 0
1556747855 0
1556747856 0
1556747857 0
1556747858 0
1556747859 0
1556747860 0
1556747861 0
1556747862 0
1556747863 0
1556747864 0
1556747865 0
1556747866 0
1556747867 0
1556747868 0
1556747869 0
1556747870 0
1556747871 0
1556747872 0
1556747873 0
1556747874 0
1556747875 0
1556747876 0
1556747877 0
1556747878 0
1556747879 0
1556747880 0
1556747881 0
1556747882 0
1556747883 0
1556747884 0
1556747885 0
1556747886 0
1556747887 0
1556747888 0
1556747889 0
1556747890 0
1556747891 0
1556747892 0
1556747893 0
1556747894 0
1556747895 0
1556747896 0
1556747897 0
1556747898 0
1556747899 0
1556747900 0
1556747901 0
1556747902 0
1556747903 0
1556747904 0
1556747905 0
1556747906 0
1556747907 0
1556747908 0
1556747909 0
1556747910 0
1556747911 0
1556747912 0
1556747913 0
1556747914 0
1556747915 0
1556747916 0
1556747917 0
1556747918 0
1556747919 0
1556747920 0
1556747921 0
1556747922 0
1556747923 0
1556747924 0
1556747925 0
1556747926 0
1556747927 0
1556747928 0
1556747929 0
1556747930 0
1556747931 0
1556747932 0
1556747933 0
1556747934 0
1556747935 0
1556747936 0
1556747937 0
1556747938 0
1556747939 0
1556747940 0
1556747941 0
1556747942 0
1556747943 0
1556747944 0
1556747945 0
1556747946 0
1556747947 0
1556747948 0
1556747949 0
1556747950 0
1556747951 0
1556747952 0
1556747953 0
1556747954 0
1556747955 0
1556747956 0
1556747957 0
1556747958 0
1556747959 0
1556747960 0
1556747961 0
1556747962 0
1556747963 0
1556747964 0
1556747965 0
1556747966 0
1556747967 0
1556747968 0
1556747969 0
1556747970 0
1556747971 0
1556747972 0
1556747973 0
1556747974 0
1556747975 0
1556747976 0
1556747977 0
1556747978 0
1556747979 0
1556747980 0
1556747981 0
1556747982 0
1556747983 0
1556747984 0
1556747985 0
1556747986 0
1556747987 0
1556747988 0
1556747989 0
1556747990 0
1556747991 0
1556747992 0
1556747993 0
1556747994 0
1556747995 0
1556747996 0
1556747997 0
1556747998 0
1556747999 0
1556748000 0
1556748001 0
1556748002 0
1556748003 0
1556748004 0
1556748005 0
1556748006 0
1556748007 0
1556748008 0
1556748009 0
1556748010 0
1556748011 0
1556748012 0
1556748013 0
1556748014 0
1556748015 0
1556748016 0
1556748017 0
1556748018 0
1556748019 0
1556748020 0
1556748021 0
1556748022 0
1556748023 0
1556748024 0
1556748025 0
1556748026 0
1556748027 0
1556748028 0
1556748029 0
1556748030 0
1556748031 0
1556748032 0
1556748033 0
1556748034 0
1556748035 0
1556748036 0
1556748037 0
1556748038 0
1556748039 0
1556748040 0
1556748041 0
1556748042 0
1556748043 0
1556748044 0
1556748045 0
1556748046 0
1556748047 0
1556748048 0
1556748049 0
1556748050 0
1556748051 0
1556748052 0
1556748053 0
1556748054 0
1556748055 0
1556748056 0
1556748057 0
1556748058 0
1556748059 0
1556748060 0
1556748061 0
1556748062 0
1556748063 0
1556748064 0
1556748065 0
1556748066 0
1556748067 0
1556748068 0
1556748069 0
1556748070 0
1556748071 0
1556748072 0
1556748073 0
1556748074 0
1556748075 0
1556748076 0
1556748077 0
1556748078 0
1556748079 0
1556748080 0
1556748081 0
1556748082 0
1556748083 0
1556748084 0
1556748085 0
1556748086 0
1556748087 0
1556748088 0
1556748089 0
1556748090 0
1556748091 0
1556748092 0
1556748093 0
1556748094 0
1556748095 0
1556748096 0
1556748097 0
1556748098 0
1556748099 0
1556748100 0
1556748101 0
1556748102 0
1556748103 0
1556748104 0
1556748105 0
1556748106 0
1556748107 0
1556748108 0
1556748109 0
1556748110 0
1556748111 0
1556748112 0
1556748113 0
1556748114 0
1556748115 0
1556748116 0
1556748117 0
1556748118 0
1556748119 0
1556748120 0
1556748121 0
1556748122 0
1556748123 0
1556748124 0
1556748125 0
1556748126 0
1556748127 0
1556748128 0
1556748129 0
1556748130 0
1556748131 0
1556748132 0
1556748133 0
1556748134 0
1556748135 0
1556748136 0
1556748137 0
1556748138 0
1556748139 0
1556748140 0
1556748141 0
1556748142 0
1556748143 0
1556748144 0
1556748145 0
1556748146 0
1556748147 0
1556748148 0
1556748149 0
1556748150 0
1556748151 0
1556748152 0
1556748153 0
1556748154 0
1556748155 0
1556748156 0
1556748157 0
1556748158 0
1556748159 0
1556748160 0
1556748161 0
1556748162 0
1556748163 0
1556748164 0
1556748165 0
1556748166 0
1556748167 0
1556748168 0
1556748169 0
1556748170 0
1556748171 0
1556748172 0
1556748173 0
1556748174 0
1556748175 0
1556748176 0
1556748177 0
1556748178 0
1556748179 0
1556748180 0
1556748181 0
1556748182 0
1556748183 0
1556748184 0
1556748185 0
1556748186 0
1556748187 0
1556748188 0
1556748189 0
1556748190 0
1556748191 0
1556748192 0
1556748193 0
1556748194 0
1556748195 0
1556748196 0
1556748197 0
1556748198 0
1556748199 0
1556748200 0
1556748201 0
1556748202 0
1556748203 0
1556748204 0
1556748205 0
1556748206 0
1556748207 0
1556748208 0
1556748209 0
1556748210 0
1556748211 0
1556748212 0
1556748213 0
1556748214 0
1556748215 0
1556748216 0
1556748217 0
1556748218 0
1556748219 0
1556748220 0
1556748221 0
1556748222 0
1556748223 0
1556748224 0
1556748225 0
1556748226 0
1556748227 0
1556748228 0
1556748229 0
1556748230 0
1556748231 0
1556748232 0
1556748233 0
1556748234 0
1556748235 0
1556748236 0
1556748237 0
1556748238 0
1556748239 0
1556748240 0
1556748241 0
1556748242 0
1556748243 0
1556748244 0
1556748245 0
1556748246 0
1556748247 0
1556748248 0
1556748249 0
1556748250 0
1556748251 0
1556748252 0
1556748253 0
1556748254 0
1556748255 0
1556748256 0
1556748257 0
1556748258 0
1556748259 0
1556748260 0
1556748261 0
1556748262 0
1556748263 0
1556748264 0
1556748265 0
1556748266 0
1556748267 0
1556748268 0
1556748269 0
1556748270 0
1556748271 0
1556748272 0
1556748273 0
1556748274 0
1556748275 0
1556748276 0
1556748277 0
1556748278 0
1556748279 0
1556748280 0
1556748281 0
1556748282 0
1556748283 0
1556748284 0
1556748285 0
1556748286 0
1556748287 0
1556748288 0
1556748289 0
1556748290 0
1556748291 0
1556748292 0
1556748293 0
1556748294 0
1556748295 0
1556748296 0
1556748297 0
1556748298 0
1556748299 0
1556748300 0
1556748301 0
1556748302 0
1556748303 0
1556748304 0
1556748305 0
1556748306 0
1556748307 0
1556748308 0
1556748309 0
1556748310 0
1556748311 0
1556748312 0
1556748313 0
1556748314 0
1556748315 0
1556748316 0
1556748317 0
1556748318 0
1556748319 0
1556748320 0
1556748321 0
1556748322 0
1556748323 0
1556748324 0
1556748325 0
1556748326 0
1556748327 0
1556748328 0
1556748329 0
1556748330 0
1556748331 0
1556748332 0
1556748333 0
1556748334 0
1556748335 0
1556748336 0
1556748337 0
1556748338 0
1556748339 0
1556748340 0
1556748341 0
1556748342 0
1556748343 0
1556748344 0
1556748345 0
1556748346 0
1556748347 0
1556748348 0
1556748349 0
1556748350 0
1556748351 0
1556748352 0
1556748353 0
1556748354 0
1556748355 0
1556748356 0
1556748357 0
1556748358 0
1556748359 0
1556748360 0
1556748361 0
1556748362 0
1556748363 0
1556748364 0
1556748365 0
1556748366 0
1556748367 0
1556748368 0
1556748369 0
1556748370 0
1556748371 0
1556748372 0
1556748373 0
1556748374 0
1556748375 0
1556748376 0
1556748377 0
1556748378 0
1556748379 0
1556748380 0
1556748381 0
1556748382 0
1556748383 0
1556748384 0
1556748385 0
1556748386 0
1556748387 0
1556748388 0
1556748389 0
1556748390 0
1556748391 0
1556748392 0
1556748393 0
1556748394 0
1556748395 0
1556748396 0
1556748397 0
1556748398 0
1556748399 0
1556748400 0
1556748401 0
1556748402 0
1556748403 0
1556748404 0
1556748405 0
1556748406 0
1556748407 0
1556748408 0
1556748409 0
1556748410 0
1556748411 0
1556748412 0
1556748413 0
1556748414 0
1556748415 0
1556748416 0
1556748417 0
1556748418 0
1556748419 0
1556748420 0
1556748421 0
1556748422 0
1556748423 0
1556748424 0
1556748425 0
1556748426 0
1556748427 0
1556748428 0
1556748429 0
1556748430 0
1556748431 0
1556748432 0
1556748433 0
1556748434 0
1556748435 0
1556748436 0
1556748437 0
1556748438 0
1556748439 0
1556748440 0
1556748441 0
1556748442 0
1556748443 0
1556748444 0
1556748445 0
1556748446 0
1556748447 0
1556748448 0
1556748449 0
1556748450 0
1556748451 0
1556748452 0
1556748453 0
1556748454 0
1556748455 0
1556748456 0
1556748457 0
1556748458 0
1556748459 0
1556748460 0
1556748461 0
1556748462 0
1556748463 0
1556748464 0
1556748465 0
1556748466 0
1556748467 0
1556748468 0
1556748469 0
1556748470 0
1556748471 0
1556748472 0
1556748473 0
1556748474 0
1556748475 0
1556748476 0
1556748477 0
1556748478 0
1556748479 0
1556748480 0
1556748481 0
1556748482 0
1556748483 0
1556748484 0
1556748485 0
1556748486 0
1556748487 0
1556748488 0
1556748489 0
1556748490 0
1556748491 0
1556748492 0
1556748493 0
1556748494 0
1556748495 0
1556748496 0
1556748497 0
1556748498 0
1556748499 0
1556748500 0
1556748501 0
1556748502 0
1556748503 0
1556748504 0
1556748505 0
1556748506 0
1556748507 0
1556748508 0
1556748509 0
1556748510 0
1556748511 0
1556748512 0
1556748513 0
1556748514 0
1556748515 0
1556748516 0
1556748517 0
1556748518 0
1556748519 0
1556748520 0
1556748521 0
1556748522 0
1556748523 0
1556748524 0
1556748525 0
1556748526 0
1556748527 0
1556748528 0
1556748529 0
1556748530 0
1556748531 0
1556748532 0
1556748533 0
1556748534 0
1556748535 0
1556748536 0
1556748537 0
1556748538 0
1556748539 0
1556748540 0
1556748541 0
1556748542 0
1556748543 0
1556748544 0
1556748545 0
1556748546 0
1556748547 0
1556748548 0
1556748549 0
1556748550 0
1556748551 0
1556748552 0
1556748553 0
1556748554 0
1556748555 0
1556748556 0
1556748557 0
1556748558 0
1556748559 0
1556748560 0
1556748561 0
1556748562 0
1556748563 0
1556748564 0
1556748565 0
1556748566 0
1556748567 0
1556748568 0
1556748569 0
1556748570 0
1556748571 0
1556748572 0
1556748573 0
1556748574 0
1556748575 0
1556748576 0
1556748577 0
1556748578 0
1556748579 0
1556748580 0
1556748581 0
1556748582 0
1556748583 0
1556748584 0
1556748585 0
1556748586 0
1556748587 0
1556748588 0
1556748589 0
1556748590 0
1556748591 0
1556748592 0
1556748593 0
1556748594 0
1556748595 0
1556748596 0
1556748597 0
1556748598 0
1556748599 0
1556748600 0
1556748601 0
1556748602 0
1556748603 0
1556748604 0
1556748605 0
1556748606 0
1556748607 0
1556748608 0
1556748609 0
1556748610 0
1556748611 0
1556748612 0
1556748613 0
1556748614 0
1556748615 0
1556748616 0
1556748617 0
1556748618 0
1556748619 0
1556748620 0
1556748621 0
1556748622 0
1556748623 0
1556748624 0
1556748625 0
1556748626 0
1556748627 0
1556748628 0
1556748629 0
1556748630 0
1556748631 0
1556748632 0
1556748633 0
1556748634 0
1556748635 0
1556748636 0
1556748637 0
1556748638 0
1556748639 0
1556748640 0
1556748641 0
1556748642 0
1556748643 0
1556748644 0
1556748645 0
1556748646 0
1556748647 0
1556748648 0
1556748649 0
1556748650 0
1556748651 0
1556748652 0
1556748653 0
1556748654 0
1556748655 0
1556748656 0
1556748657 0
1556748658 0
1556748659 0
1556748660 0
1556748661 0
1556748662 0
1556748663 0
1556748664 0
1556748665 0
1556748666 0
1556748667 0
1556748668 0
1556748669 0
1556748670 0
1556748671 0
1556748672 0
1556748673 0
1556748674 0
1556748675 0
1556748676 0
1556748677 0
1556748678 0
1556748679 0
1556748680 0
1556748681 0
1556748682 0
1556748683 0
1556748684 0
1556748685 0
1556748686 0
1556748687 0
1556748688 0
1556748689 0
1556748690 0
1556748691 0
1556748692 0
1556748693 0
1556748694 0
1556748695 0
1556748696 0
1556748697 0
1556748698 0
1556748699 0
1556748700 0
1556748701 0
1556748702 0
1556748703 0
1556748704 0
1556748705 0
1556748706 0
1556748707 0
1556748708 0
1556748709 0
1556748710 0
1556748711 0
1556748712 0
1556748713 0
1556748714 0
1556748715 0
1556748716 0
1556748717 0
1556748718 0
1556748719 0
1556748720 0
1556748721 0
1556748722 0
1556748723 0
1556748724 0
1556748725 0
1556748726 0
1556748727 0
1556748728 0
1556748729 0
1556748730 0
1556748731 0
1556748732 0
1556748733 0
1556748734 0
1556748735 0
1556748736 0
1556748737 0
1556748738 0
1556748739 0
1556748740 0
1556748741 0
1556748742 0
1556748743 0
1556748744 0
1556748745 0
1556748746 0
1556748747 0
1556748748 0
1556748749 0
1556748750 0
1556748751 0
1556748752 0
1556748753 0
1556748754 0
1556748755 0
1556748756 0
1556748757 0
1556748758 0
1556748759 0
1556748760 0
1556748761 0
1556748762 0
1556748763 0
1556748764 0
1556748765 0
1556748766 0
1556748767 0
1556748768 0
1556748769 0
1556748770 0
1556748771 0
1556748772 0
1556748773 0
1556748774 0
1556748775 0
1556748776 0
1556748777 0
1556748778 0
1556748779 0
1556748780 0
1556748781 0
1556748782 0
1556748783 0
1556748784 0
1556748785 0
1556748786 0
1556748787 0
1556748788 0
1556748789 0
1556748790 0
1556748791 0
1556748792 0
1556748793 0
1556748794 0
1556748795 0
1556748796 0
1556748797 0
1556748798 0
1556748799 0
1556748800 0
1556748801 0
1556748802 0
1556748803 0
1556748804 0
1556748805 0
1556748806 0
1556748807 0
1556748808 0
1556748809 0
1556748810 0
1556748811 0
1556748812 0
1556748813 0
1556748814 0
1556748815 0
1556748816 0
1556748817 0
1556748818 0
1556748819 0
1556748820 0
1556748821 0
1556748822 0
1556748823 0
1556748824 0
1556748825 0
1556748826 0
1556748827 0
1556748828 0
1556748829 0
1556748830 0
1556748831 0
1556748832 0
1556748833 0
1556748834 0
1556748835 0
1556748836 0
1556748837 0
1556748838 0
1556748839 0
1556748840 0
1556748841 0
1556748842 0
1556748843 0
1556748844 0
1556748845 0
1556748846 0
1556748847 0
1556748848 0
1556748849 0
1556748850 0
1556748851 0
1556748852 0
1556748853 0
1556748854 0
1556748855 0
1556748856 0
1556748857 0
1556748858 0
1556748859 0
1556748860 0
1556748861 0
1556748862 0
1556748863 0
1556748864 0
1556748865 0
1556748866 0
1556748867 0
1556748868 0
1556748869 0
1556748870 0
1556748871 0
1556748872 0
1556748873 0
1556748874 0
1556748875 0
1556748876 0
1556748877 0
1556748878 0
1556748879 0
1556748880 0
1556748881 0
1556748882 0
1556748883 0
1556748884 0
1556748885 0
1556748886 0
1556748887 0
1556748888 0
1556748889 0
1556748890 0
1556748891 0
1556748892 0
1556748893 0
1556748894 0
1556748895 0
1556748896 0
1556748897 0
1556748898 0
1556748899 0
1556748900 0
1556748901 0
1556748902 0
1556748903 0
1556748904 0
1556748905 0
1556748906 0
1556748907 0
1556748908 0
1556748909 0
1556748910 0
1556748911 0
1556748912 0
1556748913 0
1556748914 0
1556748915 0
1556748916 0
1556748917 0
1556748918 0
1556748919 0
1556748920 0
1556748921 0
1556748922 0
1556748923 0
1556748924 0
1556748925 0
1556748926 0
1556748927 0
1556748928 0
1556748929 0
1556748930 0
1556748931 0
1556748932 0
1556748933 0
1556748934 0
1556748935 0
1556748936 0
1556748937 0
1556748938 0
1556748939 0
1556748940 0
1556748941 0
1556748942 0
1556748943 0
1556748944 0
1556748945 0
1556748946 0
1556748947 0
1556748948 0
1556748949 0
1556748950 0
1556748951 0
1556748952 0
1556748953 0
1556748954 0
1556748955 0
1556748956 0
1556748957 0
1556748958 0
1556748959 0
1556748960 0
1556748961 0
1556748962 0
1556748963 0
1556748964 0
1556748965 0
1556748966 0
1556748967 0
1556748968 0
1556748969 0
1556748970 0
1556748971 0
1556748972 0
1556748973 0
1556748974 0
1556748975 0
1556748976 0
1556748977 0
1556748978 0
1556748979 0
1556748980 0
1556748981 0
1556748982 0
1556748983 0
1556748984 0
1556748985 0
1556748986 0
1556748987 0
1556748988 0
1556748989 0
1556748990 0
1556748991 0
1556748992 0
1556748993 0
1556748994 0
1556748995 0
1556748996 0
1556748997 0
1556748998 0
1556748999 0
1556749000 0
1556749001 0
1556749002 0
1556749003 0
1556749004 0
1556749005 0
1556749006 0
1556749007 0
1556749008 0
1556749009 0
1556749010 0
1556749011 0
1556749012 0
1556749013 0
1556749014 0
1556749015 0
1556749016 0
1556749017 0
1556749018 0
1556749019 0
1556749020 0
1556749021 0
1556749022 0
1556749023 0
1556749024 0
1556749025 0
1556749026 0
1556749027 0
1556749028 0
1556749029 0
1556749030 0
1556749031 0
1556749032 0
1556749033 0
1556749034 0
1556749035 0
1556749036 0
1556749037 0
1556749038 0
1556749039 0
1556749040 0
1556749041 0
1556749042 0
1556749043 0
1556749044 0
1556749045 0
1556749046 0
1556749047 0
1556749048 0
1556749049 0
1556749050 0
1556749051 0
1556749052 0
1556749053 0
1556749054 0
1556749055 0
1556749056 0
1556749057 0
1556749058 0
1556749059 0
1556749060 0
1556749061 0
1556749062 0
1556749063 0
1556749064 0
1556749065 0
1556749066 0
1556749067 0
1556749068 0
1556749069 0
1556749070 0
1556749071 0
1556749072 0
1556749073 0
1556749074 0
1556749075 0
1556749076 0
1556749077 0
1556749078 0
1556749079 0
1556749080 0
1556749081 0
1556749082 0
1556749083 0
1556749084 0
1556749085 0
1556749086 0
1556749087 0
1556749088 0
1556749089 0
1556749090 0
1556749091 0
1556749092 0
1556749093 0
1556749094 0
1556749095 0
1556749096 0
1556749097 0
1556749098 0
1556749099 0
1556749100 0
1556749101 0
1556749102 0
1556749103 0
1556749104 0
1556749105 0
1556749106 0
1556749107 0
1556749108 0
1556749109 0
1556749110 0
1556749111 0
1556749112 0
1556749113 0
1556749114 0
1556749115 0
1556749116 0
1556749117 0
1556749118 0
1556749119 0
1556749120 0
1556749121 0
1556749122 0
1556749123 0
1556749124 0
1556749125 0
1556749126 0
1556749127 0
1556749128 0
1556749129 0
1556749130 0
1556749131 0
1556749132 0
1556749133 0
1556749134 0
1556749135 0
1556749136 0
1556749137 0
1556749138 0
1556749139 0
1556749140 0
1556749141 0
1556749142 0
1556749143 0
1556749144 0
1556749145 0
1556749146 0
1556749147 0
1556749148 0
1556749149 0
1556749150 0
1556749151 0
1556749152 0
1556749153 0
1556749154 0
1556749155 0
1556749156 0
1556749157 0
1556749158 0
1556749159 0
1556749160 0
1556749161 0
1556749162 0
1556749163 0
1556749164 0
1556749165 0
1556749166 0
1556749167 0
1556749168 0
1556749169 0
1556749170 0
1556749171 0
1556749172 0
1556749173 0
1556749174 0
1556749175 0
1556749176 0
1556749177 0
1556749178 0
1556749179 0
1556749180 0
1556749181 0
1556749182 0
1556749183 0
1556749184 0
1556749185 0
1556749186 0
1556749187 0
1556749188 0
1556749189 0
1556749190 0
1556749191 0
1556749192 0
1556749193 0
1556749194 0
1556749195 0
1556749196 0
1556749197 0
1556749198 0
1556749199 0
1556749200 0
1556749201 0
1556749202 0
1556749203 0
1556749204 0
1556749205 0
1556749206 0
1556749207 0
1556749208 0
1556749209 0
1556749210 0
1556749211 0
1556749212 0
1556749213 0
1556749214 0
1556749215 0
1556749216 0
1556749217 0
1556749218 0
1556749219 0
1556749220 0
1556749221 0
1556749222 0
1556749223 0
1556749224 0
1556749225 0
1556749226 0
1556749227 0
1556749228 0
1556749229 0
1556749230 0
1556749231 0
1556749232 0
1556749233 0
1556749234 0
1556749235 0
1556749236 0
1556749237 0
1556749238 0
1556749239 0
1556749240 0
1556749241 0
1556749242 0
1556749243 0
1556749244 0
1556749245 0
1556749246 0
1556749247 0
1556749248 0
1556749249 0
1556749250 0
1556749251 0
1556749252 0
1556749253 0
1556749254 0
1556749255 0
1556749256 0
1556749257 0
1556749258 0
1556749259 0
1556749260 0
1556749261 0
1556749262 0
1556749263 0
1556749264 0
1556749265 0
1556749266 0
1556749267 0
1556749268 0
1556749269 0
1556749270 0
1556749271 0
1556749272 0
1556749273 0
1556749274 0
1556749275 0
1556749276 0
1556749277 0
1556749278 0
1556749279 0
1556749280 0
1556749281 0
1556749282 0
1556749283 0
1556749284 0
1556749285 0
1556749286 0
1556749287 0
1556749288 0
1556749289 0
1556749290 0
1556749291 0
1556749292 0
1556749293 0
1556749294 0
1556749295 0
1556749296 0
1556749297 0
1556749298 0
1556749299 0
1556749300 0
1556749301 0
1556749302 0
1556749303 0
1556749304 0
1556749305 0
1556749306 0
1556749307 0
1556749308 0
1556749309 0
1556749310 0
1556749311 0
1556749312 0
1556749313 0
1556749314 0
1556749315 0
1556749316 0
1556749317 0
1556749318 0
1556749319 0
1556749320 0
1556749321 0
1556749322 0
1556749323 0
1556749324 0
1556749325 0
1556749326 0
1556749327 0
1556749328 0
1556749329 0
1556749330 0
1556749331 0
1556749332 0
1556749333 0
1556749334 0
1556749335 0
1556749336 0
1556749337 0
1556749338 0
1556749339 0
1556749340 0
1556749341 0
1556749342 0
1556749343 0
1556749344 0
1556749345 0
1556749346 0
1556749347 0
1556749348 0
1556749349 0
1556749350 0
1556749351 0
1556749352 0
1556749353 0
1556749354 0
1556749355 0
1556749356 0
1556749357 0
1556749358 0
1556749359 0
1556749360 0
1556749361 0
1556749362 0
1556749363 0
1556749364 0
1556749365 0
1556749366 0
1556749367 0
1556749368 0
1556749369 0
1556749370 0
1556749371 0
1556749372 0
1556749373 0
1556749374 0
1556749375 0
1556749376 0
1556749377 0
1556749378 0
1556749379 0
1556749380 0
1556749381 0
1556749382 0
1556749383 0
1556749384 0
1556749385 0
1556749386 0
1556749387 0
1556749388 0
1556749389 0
1556749390 0
1556749391 0
1556749392 0
1556749393 0
1556749394 0
1556749395 0
1556749396 0
1556749397 0
1556749398 0
1556749399 0
1556749400 0
1556749401 0
1556749402 0
1556749403 0
1556749404 0
1556749405 0
1556749406 0
1556749407 0
1556749408 0
1556749409 0
1556749410 0
1556749411 0
1556749412 0
1556749413 0
1556749414 0
1556749415 0
1556749416 0
1556749417 0
1556749418 0
1556749419 0
1556749420 0
1556749421 0
1556749422 0
1556749423 0
1556749424 0
1556749425 0
1556749426 0
1556749427 0
1556749428 0
1556749429 0
1556749430 0
1556749431 0
1556749432 0
1556749433 0
1556749434 0
1556749435 0
1556749436 0
1556749437 0
1556749438 0
1556749439 0
1556749440 0
1556749441 0
1556749442 0
1556749443 0
1556749444 0
1556749445 0
1556749446 0
1556749447 0
1556749448 0
1556749449 0
1556749450 0
1556749451 0
1556749452 0
1556749453 0
1556749454 0
1556749455 0
1556749456 0
1556749457 0
1556749458 0
1556749459 0
1556749460 0
1556749461 0
1556749462 0
1556749463 0
1556749464 0
1556749465 0
1556749466 0
1556749467 0
1556749468 0
1556749469 0
1556749470 0
1556749471 0
1556749472 0
1556749473 0
1556749474 0
1556749475 0
1556749476 0
1556749477 0
1556749478 0
1556749479 0
1556749480 0
1556749481 0
1556749482 0
1556749483 0
1556749484 0
1556749485 0
1556749486 0
1556749487 0
1556749488 0
1556749489 0
1556749490 0
1556749491 0
1556749492 0
1556749493 0
1556749494 0
1556749495 0
1556749496 0
1556749497 0
1556749498 0
1556749499 0
1556749500 0
1556749501 0
1556749502 0
1556749503 0
1556749504 0
1556749505 0
1556749506 0
1556749507 0
1556749508 0
1556749509 0
1556749510 0
1556749511 0
1556749512 0
1556749513 0
1556749514 0
1556749515 0
1556749516 0
1556749517 0
1556749518 0
1556749519 0
1556749520 0
1556749521 0
1556749522 0
1556749523 0
1556749524 0
1556749525 0
1556749526 0
1556749527 0
1556749528 0
1556749529 0
1556749530 0
1556749531 0
1556749532 0
1556749533 0
1556749534 0
1556749535 0
1556749536 0
1556749537 0
1556749538 0
1556749539 0
1556749540 0
1556749541 0
1556749542 0
1556749543 0
1556749544 0
1556749545 0
1556749546 0
1556749547 0
1556749548 0
1556749549 0
1556749550 0
1556749551 0
1556749552 0
1556749553 0
1556749554 0
1556749555 0
1556749556 0
1556749557 0
1556749558 0
1556749559 0
1556749560 0
1556749561 0
1556749562 0
1556749563 0
1556749564 0
1556749565 0
1556749566 0
1556749567 0
1556749568 0
1556749569 0
1556749570 0
1556749571 0
1556749572 0
1556749573 0
1556749574 0
1556749575 0
1556749576 0
1556749577 0
1556749578 0
1556749579 0
1556749580 0
1556749581 0
1556749582 0
1556749583 0
1556749584 0
1556749585 0
1556749586 0
1556749587 0
1556749588 0
1556749589 0
1556749590 0
1556749591 0
1556749592 0
1556749593 0
1556749594 0
1556749595 0
1556749596 0
1556749597 0
1556749598 0
1556749599 0
1556749600 0
1556749601 0
1556749602 0
1556749603 0
1556749604 0
1556749605 0
1556749606 0
1556749607 0
1556749608 0
1556749609 0
1556749610 0
1556749611 0
1556749612 0
1556749613 0
1556749614 0
1556749615 0
1556749616 0
1556749617 0
1556749618 0
1556749619 0
1556749620 0
1556749621 0
1556749622 0
1556749623 0
1556749624 0
1556749625 0
1556749626 0
1556749627 0
1556749628 0
1556749629 0
1556749630 0
1556749631 0
1556749632 0
1556749633 0
1556749634 0
1556749635 0
1556749636 0
1556749637 0
1556749638 0
1556749639 0
1556749640 0
1556749641 0
1556749642 0
1556749643 0
1556749644 0
1556749645 0
1556749646 0
1556749647 0
1556749648 0
1556749649 0
1556749650 0
1556749651 0
1556749652 0
1556749653 0
1556749654 0
1556749655 0
1556749656 0
1556749657 0
1556749658 0
1556749659 0
1556749660 0
1556749661 0
1556749662 0
1556749663 0
1556749664 0
1556749665 0
1556749666 0
1556749667 0
1556749668 0
1556749669 0
1556749670 0
1556749671 0
1556749672 0
1556749673 0
1556749674 0
1556749675 0
1556749676 0
1556749677 0
1556749678 0
1556749679 0
1556749680 0
1556749681 0
1556749682 0
1556749683 0
1556749684 0
1556749685 0
1556749686 0
1556749687 0
1556749688 0
1556749689 0
1556749690 0
1556749691 0
1556749692 0
1556749693 0
1556749694 0
1556749695 0
1556749696 0
1556749697 0
1556749698 0
1556749699 0
1556749700 0
1556749701 0
1556749702 0
1556749703 0
1556749704 0
1556749705 0
1556749706 0
1556749707 0
1556749708 0
1556749709 0
1556749710 0
1556749711 0
1556749712 0
1556749713 0
1556749714 0
1556749715 0
1556749716 0
1556749717 0
1556749718 0
1556749719 0
1556749720 0
1556749721 0
1556749722 0
1556749723 0
1556749724 0
1556749725 0
1556749726 0
1556749727 0
1556749728 0
1556749729 0
1556749730 0
1556749731 0
1556749732 0
1556749733 0
1556749734 0
1556749735 0
1556749736 0
1556749737 0
1556749738 0
1556749739 0
1556749740 0
1556749741 0
1556749742 0
1556749743 0
1556749744 0
1556749745 0
1556749746 0
1556749747 0
1556749748 0
1556749749 0
1556749750 0
1556749751 0
1556749752 0
1556749753 0
1556749754 0
1556749755 0
1556749756 0
1556749757 0
1556749758 0
1556749759 0
1556749760 0
1556749761 0
1556749762 0
1556749763 0
1556749764 0
1556749765 0
1556749766 0
1556749767 0
1556749768 0
1556749769 0
1556749770 0
1556749771 0
1556749772 0
1556749773 0
1556749774 0
1556749775 0
1556749776 0
1556749777 0
1556749778 0
1556749779 0
1556749780 0
1556749781 0
1556749782 0
1556749783 0
1556749784 0
1556749785 0
1556749786 0
1556749787 0
1556749788 0
1556749789 0
1556749790 0
1556749791 0
1556749792 0
1556749793 0
1556749794 0
1556749795 0
1556749796 0
1556749797 0
1556749798 0
1556749799 0
1556749800 0
1556749801 0
1556749802 0
1556749803 0
1556749804 0
1556749805 0
1556749806 0
1556749807 0
1556749808 0
1556749809 0
1556749810 0
1556749811 0
1556749812 0
1556749813 0
1556749814 0
1556749815 0
1556749816 0
1556749817 0
1556749818 0
1556749819 0
1556749820 0
1556749821 0
1556749822 0
1556749823 0
1556749824 0
1556749825 0
1556749826 0
1556749827 0
1556749828 0
1556749829 0
1556749830 0
1556749831 0
1556749832 0
1556749833 0
1556749834 0
1556749835 0
1556749836 0
1556749837 0
1556749838 0
1556749839 0
1556749840 0
1556749841 0
1556749842 0
1556749843 0
1556749844 0
1556749845 0
1556749846 0
1556749847 0
1556749848 0
1556749849 0
1556749850 0
1556749851 0
1556749852 0
1556749853 0
1556749854 0
1556749855 0
1556749856 0
1556749857 0
1556749858 0
1556749859 0
1556749860 0
1556749861 0
1556749862 0
1556749863 0
1556749864 0
1556749865 0
1556749866 0
1556749867 0
1556749868 0
1556749869 0
1556749870 0
1556749871 0
1556749872 0
1556749873 0
1556749874 0
1556749875 0
1556749876 0
1556749877 0
1556749878 0
1556749879 0
1556749880 0
1556749881 0
1556749882 0
1556749883 0
1556749884 0
1556749885 0
1556749886 0
1556749887 0
1556749888 0
1556749889 0
1556749890 0
1556749891 0
1556749892 0
1556749893 0
1556749894 0
1556749895 0
1556749896 0
1556749897 0
1556749898 0
1556749899 0
1556749900 0
1556749901 0
1556749902 0
1556749903 0
1556749904 0
1556749905 0
1556749906 0
1556749907 0
1556749908 0
1556749909 0
1556749910 0
1556749911 0
1556749912 0
1556749913 0
1556749914 0
1556749915 0
1556749916 0
1556749917 0
1556749918 0
1556749919 0
1556749920 0
1556749921 0
1556749922 0
1556749923 0
1556749924 0
1556749925 0
1556749926 0
1556749927 0
1556749928 0
1556749929 0
1556749930 0
1556749931 0
1556749932 0
1556749933 0
1556749934 0
1556749935 0
1556749936 0
1556749937 0
1556749938 0
1556749939 0
1556749940 0
1556749941 0
1556749942 0
1556749943 0
1556749944 0
1556749945 0
1556749946 0
1556749947 0
1556749948 0
1556749949 0
1556749950 0
1556749951 0
1556749952 0
1556749953 0
1556749954 0
1556749955 0
1556749956 0
1556749957 0
1556749958 0
1556749959 0
1556749960 0
1556749961 0
1556749962 0
1556749963 0
1556749964 0
1556749965 0
1556749966 0
1556749967 0
1556749968 0
1556749969 0
1556749970 0
1556749971 0
1556749972 0
1556749973 0
1556749974 0
1556749975 0
1556749976 0
1556749977 0
1556749978 0
1556749979 0
1556749980 0
1556749981 0
1556749982 0
1556749983 0
1556749984 0
1556749985 0
1556749986 0
1556749987 0
1556749988 0
1556749989 0
1556749990 0
1556749991 0
1556749992 0
1556749993 0
1556749994 0
1556749995 0
1556749996 0
1556749997 0
1556749998 0
1556749999 0
1556750000 0
1556750001 0
1556750002 0
1556750003 0
1556750004 0
1556750005 0
1556750006 0
1556750007 0
1556750008 0
1556750009 0
1556750010 0
1556750011 0
1556750012 0
1556750013 0
1556750014 0
1556750015 0
1556750016 0
1556750017 0
1556750018 0
1556750019 0
1556750020 0
1556750021 0
1556750022 0
1556750023 0
1556750024 0
1556750025 0
1556750026 0
1556750027 0
1556750028 0
1556750029 0
1556750030 0
1556750031 0
1556750032 0
1556750033 0
1556750034 0
1556750035 0
1556750036 0
1556750037 0
1556750038 0
1556750039 0
1556750040 0
1556750041 0
1556750042 0
1556750043 0
1556750044 0
1556750045 0
1556750046 0
1556750047 0
1556750048 0
1556750049 0
1556750050 0
1556750051 0
1556750052 0
1556750053 0
1556750054 0
1556750055 0
1556750056 0
1556750057 0
1556750058 0
1556750059 0
1556750060 0
1556750061 0
1556750062 0
1556750063 0
1556750064 0
1556750065 0
1556750066 0
1556750067 0
1556750068 0
1556750069 0
1556750070 0
1556750071 0
1556750072 0
1556750073 0
1556750074 0
1556750075 0
1556750076 0
1556750077 0
1556750078 0
1556750079 0
1556750080 0
1556750081 0
1556750082 0
1556750083 0
1556750084 0
1556750085 0
1556750086 0
1556750087 0
1556750088 0
1556750089 0
1556750090 0
1556750091 0
1556750092 0
1556750093 0
1556750094 0
1556750095 0
1556750096 0
1556750097 0
1556750098 0
1556750099 0
1556750100 0
1556750101 0
1556750102 0
1556750103 0
1556750104 0
1556750105 0
1556750106 0
1556750107 0
1556750108 0
1556750109 0
1556750110 0
1556750111 0
1556750112 0
1556750113 0
1556750114 0
1556750115 0
1556750116 0
1556750117 0
1556750118 0
1556750119 0
1556750120 0
1556750121 0
1556750122 0
1556750123 0
1556750124 0
1556750125 0
1556750126 0
1556750127 0
1556750128 0
1556750129 0
1556750130 0
1556750131 0
1556750132 0
1556750133 0
1556750134 0
1556750135 0
1556750136 0
1556750137 0
1556750138 0
1556750139 0
1556750140 0
1556750141 0
1556750142 0
1556750143 0
1556750144 0
1556750145 0
1556750146 0
1556750147 0
1556750148 0
1556750149 0
1556750150 0
1556750151 0
1556750152 0
1556750153 0
1556750154 0
1556750155 0
1556750156 0
1556750157 0
1556750158 0
1556750159 0
1556750160 0
1556750161 0
1556750162 0
1556750163 0
1556750164 0
1556750165 0
1556750166 0
1556750167 0
1556750168 0
1556750169 0
1556750170 0
1556750171 0
1556750172 0
1556750173 0
1556750174 0
1556750175 0
1556750176 0
1556750177 0
1556750178 0
1556750179 0
1556750180 0
1556750181 0
1556750182 0
1556750183 0
1556750184 0
1556750185 0
1556750186 0
1556750187 0
1556750188 0
1556750189 0
1556750190 0
1556750191 0
1556750192 0
1556750193 0
1556750194 0
1556750195 0
1556750196 0
1556750197 0
1556750198 0
1556750199 0
1556750200 0
1556750201 0
1556750202 0
1556750203 0
1556750204 0
1556750205 0
1556750206 0
1556750207 0
1556750208 0
1556750209 0
1556750210 0
1556750211 0
1556750212 0
1556750213 0
1556750214 0
1556750215 0
1556750216 0
1556750217 0
1556750218 0
1556750219 0
1556750220 0
1556750221 0
1556750222 0
1556750223 0
1556750224 0
1556750225 0
1556750226 0
1556750227 0
1556750228 0
1556750229 0
1556750230 0
1556750231 0
1556750232 0
1556750233 0
1556750234 0
1556750235 0
1556750236 0
1556750237 0
1556750238 0
1556750239 0
1556750240 0
1556750241 0
1556750242 0
1556750243 0
1556750244 0
1556750245 0
1556750246 0
1556750247 0
1556750248 0
1556750249 0
1556750250 0
1556750251 0
1556750252 0
1556750253 0
1556750254 0
1556750255 0
1556750256 0
1556750257 0
1556750258 0
1556750259 0
1556750260 0
1556750261 0
1556750262 0
1556750263 0
1556750264 0
1556750265 0
1556750266 0
1556750267 0
1556750268 0
1556750269 0
1556750270 0
1556750271 0
1556750272 0
1556750273 0
1556750274 0
1556750275 0
1556750276 0
1556750277 0
1556750278 0
1556750279 0
1556750280 0
1556750281 0
1556750282 0
1556750283 0
1556750284 0
1556750285 0
1556750286 0
1556750287 0
1556750288 0
1556750289 0
1556750290 0
1556750291 0
1556750292 0
1556750293 0
1556750294 0
1556750295 0
1556750296 0
1556750297 0
1556750298 0
1556750299 0
1556750300 0
1556750301 0
1556750302 0
1556750303 0
1556750304 0
1556750305 0
1556750306 0
1556750307 0
1556750308 0
1556750309 0
1556750310 0
1556750311 0
1556750312 0
1556750313 0
1556750314 0
1556750315 0
1556750316 0
1556750317 0
1556750318 0
1556750319 0
1556750320 0
1556750321 0
1556750322 0
1556750323 0
1556750324 0
1556750325 0
1556750326 0
1556750327 0
1556750328 0
1556750329 0
1556750330 0
1556750331 0
1556750332 0
1556750333 0
1556750334 0
1556750335 0
1556750336 0
1556750337 0
1556750338 0
1556750339 0
1556750340 0
1556750341 0
1556750342 0
1556750343 0
1556750344 0
1556750345 0
1556750346 0
1556750347 0
1556750348 0
1556750349 0
1556750350 0
1556750351 0
1556750352 0
1556750353 0
1556750354 0
1556750355 0
1556750356 0
1556750357 0
1556750358 0
1556750359 0
1556750360 0
1556750361 0
1556750362 0
1556750363 0
1556750364 0
1556750365 0
1556750366 0
1556750367 0
1556750368 0
1556750369 0
1556750370 0
1556750371 0
1556750372 0
1556750373 0
1556750374 0
1556750375 0
1556750376 0
1556750377 0
1556750378 0
1556750379 0
1556750380 0
1556750381 0
1556750382 0
1556750383 0
1556750384 0
1556750385 0
1556750386 0
1556750387 0
1556750388 0
1556750389 0
1556750390 0
1556750391 0
1556750392 0
1556750393 0
1556750394 0
1556750395 0
1556750396 0
1556750397 0
1556750398 0
1556750399 0
1556750400 0
1556750401 0
1556750402 0
1556750403 0
1556750404 0
1556750405 0
1556750406 0
1556750407 0
1556750408 0
1556750409 0
1556750410 0
1556750411 0
1556750412 0
1556750413 0
1556750414 0
1556750415 0
1556750416 0
1556750417 0
1556750418 0
1556750419 0
1556750420 0
1556750421 0
1556750422 0
1556750423 0
1556750424 0
1556750425 0
1556750426 0
1556750427 0
1556750428 0
1556750429 0
1556750430 0
1556750431 0
1556750432 0
1556750433 0
1556750434 0
1556750435 0
1556750436 0
1556750437 0
1556750438 0
1556750439 0
1556750440 0
1556750441 0
1556750442 0
1556750443 0
1556750444 0
1556750445 0
1556750446 0
1556750447 0
1556750448 0
1556750449 0
1556750450 0
1556750451 0
1556750452 0
1556750453 0
1556750454 0
1556750455 0
1556750456 0
1556750457 0
1556750458 0
1556750459 0
1556750460 0
1556750461 0
1556750462 0
1556750463 0
1556750464 0
1556750465 0
1556750466 0
1556750467 0
1556750468 0
1556750469 0
1556750470 0
1556750471 0
1556750472 0
1556750473 0
1556750474 0
1556750475 0
1556750476 0
1556750477 0
1556750478 0
1556750479 0
1556750480 0
1556750481 0
1556750482 0
1556750483 0
1556750484 0
1556750485 0
1556750486 0
1556750487 0
1556750488 0
1556750489 0
1556750490 0
1556750491 0
1556750492 0
1556750493 0
1556750494 0
1556750495 0
1556750496 0
1556750497 0
1556750498 0
1556750499 0
1556750500 0
1556750501 0
1556750502 0
1556750503 0
1556750504 0
1556750505 0
1556750506 0
1556750507 0
1556750508 0
1556750509 0
1556750510 0
1556750511 0
1556750512 0
1556750513 0
1556750514 0
1556750515 0
1556750516 0
1556750517 0
1556750518 0
1556750519 0
1556750520 0
1556750521 0
1556750522 0
1556750523 0
1556750524 0
1556750525 0
1556750526 0
1556750527 0
1556750528 0
1556750529 0
1556750530 0
1556750531 0
1556750532 0
1556750533 0
1556750534 0
1556750535 0
1556750536 0
1556750537 0
1556750538 0
1556750539 0
1556750540 0
1556750541 0
1556750542 0
1556750543 0
1556750544 0
1556750545 0
1556750546 0
1556750547 0
1556750548 0
1556750549 0
1556750550 0
1556750551 0
1556750552 0
1556750553 0
1556750554 0
1556750555 0
1556750556 0
1556750557 0
1556750558 0
1556750559 0
1556750560 0
1556750561 0
1556750562 0
1556750563 0
1556750564 0
1556750565 0
1556750566 0
1556750567 0
1556750568 0
1556750569 0
1556750570 0
1556750571 0
1556750572 0
1556750573 0
1556750574 0
1556750575 0
1556750576 0
1556750577 0
1556750578 0
1556750579 0
1556750580 0
1556750581 0
1556750582 0
1556750583 0
1556750584 0
1556750585 0
1556750586 0
1556750587 0
1556750588 0
1556750589 0
1556750590 0
1556750591 0
1556750592 0
1556750593 0
1556750594 0
1556750595 0
1556750596 0
1556750597 0
1556750598 0
1556750599 0
1556750600 0
1556750601 0
1556750602 0
1556750603 0
1556750604 0
1556750605 0
1556750606 0
1556750607 0
1556750608 0
1556750609 0
1556750610 0
1556750611 0
1556750612 0
1556750613 0
1556750614 0
1556750615 0
1556750616 0
1556750617 0
1556750618 0
1556750619 0
1556750620 0
1556750621 0
1556750622 0
1556750623 0
1556750624 0
1556750625 0
1556750626 0
1556750627 0
1556750628 0
1556750629 0
1556750630 0
1556750631 0
1556750632 0
1556750633 0
1556750634 0
1556750635 0
1556750636 0
1556750637 0
1556750638 0
1556750639 0
1556750640 0
1556750641 0
1556750642 0
1556750643 0
1556750644 0
1556750645 0
1556750646 0
1556750647 0
1556750648 0
1556750649 0
1556750650 0
1556750651 0
1556750652 0
1556750653 0
1556750654 0
1556750655 0
1556750656 0
1556750657 0
1556750658 0
1556750659 0
1556750660 0
1556750661 0
1556750662 0
1556750663 0
1556750664 0
1556750665 0
1556750666 0
1556750667 0
1556750668 0
1556750669 0
1556750670 0
1556750671 0
1556750672 0
1556750673 0
1556750674 0
1556750675 0
1556750676 0
1556750677 0
1556750678 0
1556750679 0
1556750680 0
1556750681 0
1556750682 0
1556750683 0
1556750684 0
1556750685 0
1556750686 0
1556750687 0
1556750688 0
1556750689 0
1556750690 0
1556750691 0
1556750692 0
1556750693 0
1556750694 0
1556750695 0
1556750696 0
1556750697 0
1556750698 0
1556750699 0
1556750700 0
1556750701 0
1556750702 0
1556750703 0
1556750704 0
1556750705 0
1556750706 0
1556750707 0
1556750708 0
1556750709 0
1556750710 0
1556750711 0
1556750712 0
1556750713 0
1556750714 0
1556750715 0
1556750716 0
1556750717 0
1556750718 0
1556750719 0
1556750720 0
1556750721 0
1556750722 0
1556750723 0
1556750724 0
1556750725 0
1556750726 0
1556750727 0
1556750728 0
1556750729 0
1556750730 0
1556750731 0
1556750732 0
1556750733 0
1556750734 0
1556750735 0
1556750736 0
1556750737 0
1556750738 0
1556750739 0
1556750740 0
1556750741 0
1556750742 0
1556750743 0
1556750744 0
1556750745 0
1556750746 0
1556750747 0
1556750748 0
1556750749 0
1556750750 0
1556750751 0
1556750752 0
1556750753 0
1556750754 0
1556750755 0
1556750756 0
1556750757 0
1556750758 0
1556750759 0
1556750760 0
1556750761 0
1556750762 0
1556750763 0
1556750764 0
1556750765 0
1556750766 0
1556750767 0
1556750768 0
1556750769 0
1556750770 0
1556750771 0
1556750772 0
1556750773 0
1556750774 0
1556750775 0
1556750776 0
1556750777 0
1556750778 0
1556750779 0
1556750780 0
1556750781 0
1556750782 0
1556750783 0
1556750784 0
1556750785 0
1556750786 0
1556750787 0
1556750788 0
1556750789 0
1556750790 0
1556750791 0
1556750792 0
1556750793 0
1556750794 0
1556750795 0
1556750796 0
1556750797 0
1556750798 0
1556750799 0
1556750800 0
1556750801 0
1556750802 0
1556750803 0
1556750804 0
1556750805 0
1556750806 0
1556750807 0
1556750808 0
1556750809 0
1556750810 0
1556750811 0
1556750812 0
1556750813 0
1556750814 0
1556750815 0
1556750816 0
1556750817 0
1556750818 0
1556750819 0
1556750820 0
1556750821 0
1556750822 0
1556750823 0
1556750824 0
1556750825 0
1556750826 0
1556750827 0
1556750828 0
1556750829 0
1556750830 0
1556750831 0
1556750832 0
1556750833 0
1556750834 0
1556750835 0
1556750836 0
1556750837 0
1556750838 0
1556750839 0
1556750840 0
1556750841 0
1556750842 0
1556750843 0
1556750844 0
1556750845 0
1556750846 0
1556750847 0
1556750848 0
1556750849 0
1556750850 0
1556750851 0
1556750852 0
1556750853 0
1556750854 0
1556750855 0
1556750856 0
1556750857 0
1556750858 0
1556750859 0
1556750860 0
1556750861 0
1556750862 0
1556750863 0
1556750864 0
1556750865 0
1556750866 0
1556750867 0
1556750868 0
1556750869 0
1556750870 0
1556750871 0
1556750872 0
1556750873 0
1556750874 0
1556750875 0
1556750876 0
1556750877 0
1556750878 0
1556750879 0
1556750880 0
1556750881 0
1556750882 0
1556750883 0
1556750884 0
1556750885 0
1556750886 0
1556750887 0
1556750888 0
1556750889 0
1556750890 0
1556750891 0
1556750892 0
1556750893 0
1556750894 0
1556750895 0
1556750896 0
1556750897 0
1556750898 0
1556750899 0
1556750900 0
1556750901 0
1556750902 0
1556750903 0
1556750904 0
1556750905 0
1556750906 0
1556750907 0
1556750908 0
1556750909 0
1556750910 0
1556750911 0
1556750912 0
1556750913 0
1556750914 0
1556750915 0
1556750916 0
1556750917 0
1556750918 0
1556750919 0
1556750920 0
1556750921 0
1556750922 0
1556750923 0
1556750924 0
1556750925 0
1556750926 0
1556750927 0
1556750928 0
1556750929 0
1556750930 0
1556750931 0
1556750932 0
1556750933 0
1556750934 0
1556750935 0
1556750936 0
1556750937 0
1556750938 0
1556750939 0
1556750940 0
1556750941 0
1556750942 0
1556750943 0
1556750944 0
1556750945 0
1556750946 0
1556750947 0
1556750948 0
1556750949 0
1556750950 0
1556750951 0
1556750952 0
1556750953 0
1556750954 0
1556750955 0
1556750956 0
1556750957 0
1556750958 0
1556750959 0
1556750960 0
1556750961 0
1556750962 0
1556750963 0
1556750964 0
1556750965 0
1556750966 0
1556750967 0
1556750968 0
1556750969 0
1556750970 0
1556750971 0
1556750972 0
1556750973 0
1556750974 0
1556750975 0
1556750976 0
1556750977 0
1556750978 0
1556750979 0
1556750980 0
1556750981 0
1556750982 0
1556750983 0
1556750984 0
1556750985 0
1556750986 0
1556750987 0
1556750988 0
1556750989 0
1556750990 0
1556750991 0
1556750992 0
1556750993 0
1556750994 0
1556750995 0
1556750996 0
1556750997 0
1556750998 0
1556750999 0
1556751000 0
1556751001 0
1556751002 0
1556751003 0
1556751004 0
1556751005 0
1556751006 0
1556751007 0
1556751008 0
1556751009 0
1556751010 0
1556751011 0
1556751012 0
1556751013 0
1556751014 0
1556751015 0
1556751016 0
1556751017 0
1556751018 0
1556751019 0
1556751020 0
1556751021 0
1556751022 0
1556751023 0
1556751024 0
1556751025 0
1556751026 0
1556751027 0
1556751028 0
1556751029 0
1556751030 0
1556751031 0
1556751032 0
1556751033 0
1556751034 0
1556751035 0
1556751036 0
1556751037 0
1556751038 0
1556751039 0
1556751040 0
1556751041 0
1556751042 0
1556751043 0
1556751044 0
1556751045 0
1556751046 0
1556751047 0
1556751048 0
1556751049 0
1556751050 0
1556751051 0
1556751052 0
1556751053 0
1556751054 0
1556751055 0
1556751056 0
1556751057 0
1556751058 0
1556751059 0
1556751060 0
1556751061 0
1556751062 0
1556751063 0
1556751064 0
1556751065 0
1556751066 0
1556751067 0
1556751068 0
1556751069 0
1556751070 0
1556751071 0
1556751072 0
1556751073 0
1556751074 0
1556751075 0
1556751076 0
1556751077 0
1556751078 0
1556751079 0
1556751080 0
1556751081 0
1556751082 0
1556751083 0
1556751084 0
1556751085 0
1556751086 0
1556751087 0
1556751088 0
1556751089 0
1556751090 0
1556751091 0
1556751092 0
1556751093 0
1556751094 0
1556751095 0
1556751096 0
1556751097 0
1556751098 0
1556751099 0
1556751100 0
1556751101 0
1556751102 0
1556751103 0
1556751104 0
1556751105 0
1556751106 0
1556751107 0
1556751108 0
1556751109 0
1556751110 0
1556751111 0
1556751112 0
1556751113 0
1556751114 0
1556751115 0
1556751116 0
1556751117 0
1556751118 0
1556751119 0
1556751120 0
1556751121 0
1556751122 0
1556751123 0
1556751124 0
1556751125 0
1556751126 0
1556751127 0
1556751128 0
1556751129 0
1556751130 0
1556751131 0
1556751132 0
1556751133 0
1556751134 0
1556751135 0
1556751136 0
1556751137 0
1556751138 0
1556751139 0
1556751140 0
1556751141 0
1556751142 0
1556751143 0
1556751144 0
1556751145 0
1556751146 0
1556751147 0
1556751148 0
1556751149 0
1556751150 0
1556751151 0
1556751152 0
1556751153 0
1556751154 0
1556751155 0
1556751156 0
1556751157 0
1556751158 0
1556751159 0
1556751160 0
1556751161 0
1556751162 0
1556751163 0
1556751164 0
1556751165 0
1556751166 0
1556751167 0
1556751168 0
1556751169 0
1556751170 0
1556751171 0
1556751172 0
1556751173 0
1556751174 0
1556751175 0
1556751176 0
1556751177 0
1556751178 0
1556751179 0
1556751180 0
1556751181 0
1556751182 0
1556751183 0
1556751184 0
1556751185 0
1556751186 0
1556751187 0
1556751188 0
1556751189 0
1556751190 0
1556751191 0
1556751192 0
1556751193 0
1556751194 0
1556751195 0
1556751196 0
1556751197 0
1556751198 0
1556751199 0
1556751200 0
1556751201 0
1556751202 0
1556751203 0
1556751204 0
1556751205 0
1556751206 0
1556751207 0
1556751208 0
1556751209 0
1556751210 0
1556751211 0
1556751212 0
1556751213 0
1556751214 0
1556751215 0
1556751216 0
1556751217 0
1556751218 0
1556751219 0
1556751220 0
1556751221 0
1556751222 0
1556751223 0
1556751224 0
1556751225 0
1556751226 0
1556751227 0
1556751228 0
1556751229 0
1556751230 0
1556751231 0
1556751232 0
1556751233 0
1556751234 0
1556751235 0
1556751236 0
1556751237 0
1556751238 0
1556751239 0
1556751240 0
1556751241 0
1556751242 0
1556751243 0
1556751244 0
1556751245 0
1556751246 0
1556751247 0
1556751248 0
1556751249 0
1556751250 0
1556751251 0
1556751252 0
1556751253 0
1556751254 0
1556751255 0
1556751256 0
1556751257 0
1556751258 0
1556751259 0
1556751260 0
1556751261 0
1556751262 0
1556751263 0
1556751264 0
1556751265 0
1556751266 0
1556751267 0
1556751268 0
1556751269 0
1556751270 0
1556751271 0
1556751272 0
1556751273 0
1556751274 0
1556751275 0
1556751276 0
1556751277 0
1556751278 0
1556751279 0
1556751280 0
1556751281 0
1556751282 0
1556751283 0
1556751284 0
1556751285 0
1556751286 0
1556751287 0
1556751288 0
1556751289 0
1556751290 0
1556751291 0
1556751292 0
1556751293 0
1556751294 0
1556751295 0
1556751296 0
1556751297 0
1556751298 0
1556751299 0
1556751300 0
1556751301 0
1556751302 0
1556751303 0
1556751304 0
1556751305 0
1556751306 0
1556751307 0
1556751308 0
1556751309 0
1556751310 0
1556751311 0
1556751312 0
1556751313 0
1556751314 0
1556751315 0
1556751316 0
1556751317 0
1556751318 0
1556751319 0
1556751320 0
1556751321 0
1556751322 0
1556751323 0
1556751324 0
1556751325 0
1556751326 0
1556751327 0
1556751328 0
1556751329 0
1556751330 0
1556751331 0
1556751332 0
1556751333 0
1556751334 0
1556751335 0
1556751336 0
1556751337 0
1556751338 0
1556751339 0
1556751340 0
1556751341 0
1556751342 0
1556751343 0
1556751344 0
1556751345 0
1556751346 0
1556751347 0
1556751348 0
1556751349 0
1556751350 0
1556751351 0
1556751352 0
1556751353 0
1556751354 0
1556751355 0
1556751356 0
1556751357 0
1556751358 0
1556751359 0
1556751360 0
1556751361 0
1556751362 0
1556751363 0
1556751364 0
1556751365 0
1556751366 0
1556751367 0
1556751368 0
1556751369 0
1556751370 0
1556751371 0
1556751372 0
1556751373 0
1556751374 0
1556751375 0
1556751376 0
1556751377 0
1556751378 0
1556751379 0
1556751380 0
1556751381 0
1556751382 0
1556751383 0
1556751384 0
1556751385 0
1556751386 0
1556751387 0
1556751388 0
1556751389 0
1556751390 0
1556751391 0
1556751392 0
1556751393 0
1556751394 0
1556751395 0
1556751396 0
1556751397 0
1556751398 0
1556751399 0
1556751400 0
1556751401 0
1556751402 0
1556751403 0
1556751404 0
1556751405 0
1556751406 0
1556751407 0
1556751408 0
1556751409 0
1556751410 0
1556751411 0
1556751412 0
1556751413 0
1556751414 0
1556751415 0
1556751416 0
1556751417 0
1556751418 0
1556751419 0
1556751420 0
1556751421 0
1556751422 0
1556751423 0
1556751424 0
1556751425 0
1556751426 0
1556751427 0
1556751428 0
1556751429 0
1556751430 0
1556751431 0
1556751432 0
1556751433 0
1556751434 0
1556751435 0
1556751436 0
1556751437 0
1556751438 0
1556751439 0
1556751440 0
1556751441 0
1556751442 0
1556751443 0
1556751444 0
1556751445 0
1556751446 0
1556751447 0
1556751448 0
1556751449 0
1556751450 0
1556751451 0
1556751452 0
1556751453 0
1556751454 0
1556751455 0
1556751456 0
1556751457 0
1556751458 0
1556751459 0
1556751460 0
1556751461 0
1556751462 0
1556751463 0
1556751464 0
1556751465 0
1556751466 0
1556751467 0
1556751468 0
1556751469 0
1556751470 0
1556751471 0
1556751472 0
1556751473 0
1556751474 0
1556751475 0
1556751476 0
1556751477 0
1556751478 0
1556751479 0
1556751480 0
1556751481 0
1556751482 0
1556751483 0
1556751484 0
1556751485 0
1556751486 0
1556751487 0
1556751488 0
1556751489 0
1556751490 0
1556751491 0
1556751492 0
1556751493 0
1556751494 0
1556751495 0
1556751496 0
1556751497 0
1556751498 0
1556751499 0
1556751500 0
1556751501 0
1556751502 0
1556751503 0
1556751504 0
1556751505 0
1556751506 0
1556751507 0
1556751508 0
1556751509 0
1556751510 0
1556751511 0
1556751512 0
1556751513 0
1556751514 0
1556751515 0
1556751516 0
1556751517 0
1556751518 0
1556751519 0
1556751520 0
1556751521 0
1556751522 0
1556751523 0
1556751524 0
1556751525 0
1556751526 0
1556751527 0
1556751528 0
1556751529 0
1556751530 0
1556751531 0
1556751532 0
1556751533 0
1556751534 0
1556751535 0
1556751536 0
1556751537 0
1556751538 0
1556751539 0
1556751540 0
1556751541 0
1556751542 0
1556751543 0
1556751544 0
1556751545 0
1556751546 0
1556751547 0
1556751548 0
1556751549 0
1556751550 0
1556751551 0
1556751552 0
1556751553 0
1556751554 0
1556751555 0
1556751556 0
1556751557 0
1556751558 0
1556751559 0
1556751560 0
1556751561 0
1556751562 0
1556751563 0
1556751564 0
1556751565 0
1556751566 0
1556751567 0
1556751568 0
1556751569 0
1556751570 0
1556751571 0
1556751572 0
1556751573 0
1556751574 0
1556751575 0
1556751576 0
1556751577 0
1556751578 0
1556751579 0
1556751580 0
1556751581 0
1556751582 0
1556751583 0
1556751584 0
1556751585 0
1556751586 0
1556751587 0
1556751588 0
1556751589 0
1556751590 0
1556751591 0
1556751592 0
1556751593 0
1556751594 0
1556751595 0
1556751596 0
1556751597 0
1556751598 0
1556751599 0
1556751600 0
1556751601 0
1556751602 0
1556751603 0
1556751604 0
1556751605 0
1556751606 0
1556751607 0
1556751608 0
1556751609 0
1556751610 0
1556751611 0
1556751612 0
1556751613 0
1556751614 0
1556751615 0
1556751616 0
1556751617 0
1556751618 0
1556751619 0
1556751620 0
1556751621 0
1556751622 0
1556751623 0
1556751624 0
1556751625 0
1556751626 0
1556751627 0
1556751628 0
1556751629 0
1556751630 0
1556751631 0
1556751632 0
1556751633 0
1556751634 0
1556751635 0
1556751636 0
1556751637 0
1556751638 0
1556751639 0
1556751640 0
1556751641 0
1556751642 0
1556751643 0
1556751644 0
1556751645 0
1556751646 0
1556751647 0
1556751648 0
1556751649 0
1556751650 0
1556751651 0
1556751652 0
1556751653 0
1556751654 0
1556751655 0
1556751656 0
1556751657 0
1556751658 0
1556751659 0
1556751660 0
1556751661 0
1556751662 0
1556751663 0
1556751664 0
1556751665 0
1556751666 0
1556751667 0
1556751668 0
1556751669 0
1556751670 0
1556751671 0
1556751672 0
1556751673 0
1556751674 0
1556751675 0
1556751676 0
1556751677 0
1556751678 0
1556751679 0
1556751680 0
1556751681 0
1556751682 0
1556751683 0
1556751684 0
1556751685 0
1556751686 0
1556751687 0
1556751688 0
1556751689 0
1556751690 0
1556751691 0
1556751692 0
1556751693 0
1556751694 0
1556751695 0
1556751696 0
1556751697 0
1556751698 0
1556751699 0
1556751700 0
1556751701 0
1556751702 0
1556751703 0
1556751704 0
1556751705 0
1556751706 0
1556751707 0
1556751708 0
1556751709 0
1556751710 0
1556751711 0
1556751712 0
1556751713 0
1556751714 0
1556751715 0
1556751716 0
1556751717 0
1556751718 0
1556751719 0
1556751720 0
1556751721 0
1556751722 0
1556751723 0
1556751724 0
1556751725 0
1556751726 0
1556751727 0
1556751728 0
1556751729 0
1556751730 0
1556751731 0
1556751732 0
1556751733 0
1556751734 0
1556751735 0
1556751736 0
1556751737 0
1556751738 0
1556751739 0
1556751740 0
1556751741 0
1556751742 0
1556751743 0
1556751744 0
1556751745 0
1556751746 0
1556751747 0
1556751748 0
1556751749 0
1556751750 0
1556751751 0
1556751752 0
1556751753 0
1556751754 0
1556751755 0
1556751756 0
1556751757 0
1556751758 0
1556751759 0
1556751760 0
1556751761 0
1556751762 0
1556751763 0
1556751764 0
1556751765 0
1556751766 0
1556751767 0
1556751768 0
1556751769 0
1556751770 0
1556751771 0
1556751772 0
1556751773 0
1556751774 0
1556751775 0
1556751776 0
1556751777 0
1556751778 0
1556751779 0
1556751780 0
1556751781 0
1556751782 0
1556751783 0
1556751784 0
1556751785 0
1556751786 0
1556751787 0
1556751788 0
1556751789 0
1556751790 0
1556751791 0
1556751792 0
1556751793 0
1556751794 0
1556751795 0
1556751796 0
1556751797 0
1556751798 0
1556751799 0
1556751800 0
1556751801 0
1556751802 0
1556751803 0
1556751804 0
1556751805 0
1556751806 0
1556751807 0
1556751808 0
1556751809 0
1556751810 0
1556751811 0
1556751812 0
1556751813 0
1556751814 0
1556751815 0
1556751816 0
1556751817 0
1556751818 0
1556751819 0
1556751820 0
1556751821 0
1556751822 0
1556751823 0
1556751824 0
1556751825 0
1556751826 0
1556751827 0
1556751828 0
1556751829 0
1556751830 0
1556751831 0
1556751832 0
1556751833 0
1556751834 0
1556751835 0
1556751836 0
1556751837 0
1556751838 0
1556751839 0
1556751840 0
1556751841 0
1556751842 0
1556751843 0
1556751844 0
1556751845 0
1556751846 0
1556751847 0
1556751848 0
1556751849 0
1556751850 0
1556751851 0
1556751852 0
1556751853 0
1556751854 0
1556751855 0
1556751856 0
1556751857 0
1556751858 0
1556751859 0
1556751860 0
1556751861 0
1556751862 0
1556751863 0
1556751864 0
1556751865 0
1556751866 0
1556751867 0
1556751868 0
1556751869 0
1556751870 0
1556751871 0
1556751872 0
1556751873 0
1556751874 0
1556751875 0
1556751876 0
1556751877 0
1556751878 0
1556751879 0
1556751880 0
1556751881 0
1556751882 0
1556751883 0
1556751884 0
1556751885 0
1556751886 0
1556751887 0
1556751888 0
1556751889 0
1556751890 0
1556751891 0
1556751892 0
1556751893 0
1556751894 0
1556751895 0
1556751896 0
1556751897 0
1556751898 0
1556751899 0
1556751900 0
1556751901 0
1556751902 0
1556751903 0
1556751904 0
1556751905 0
1556751906 0
1556751907 0
1556751908 0
1556751909 0
1556751910 0
1556751911 0
1556751912 0
1556751913 0
1556751914 0
1556751915 0
1556751916 0
1556751917 0
1556751918 0
1556751919 0
1556751920 0
1556751921 0
1556751922 0
1556751923 0
1556751924 0
1556751925 0
1556751926 0
1556751927 0
1556751928 0
1556751929 0
1556751930 0
1556751931 0
1556751932 0
1556751933 0
1556751934 0
1556751935 0
1556751936 0
1556751937 0
1556751938 0
1556751939 0
1556751940 0
1556751941 0
1556751942 0
1556751943 0
1556751944 0
1556751945 0
1556751946 0
1556751947 0
1556751948 0
1556751949 0
1556751950 0
1556751951 0
1556751952 0
1556751953 0
1556751954 0
1556751955 0
1556751956 0
1556751957 0
1556751958 0
1556751959 0
1556751960 0
1556751961 0
1556751962 0
1556751963 0
1556751964 0
1556751965 0
1556751966 0
1556751967 0
1556751968 0
1556751969 0
1556751970 0
1556751971 0
1556751972 0
1556751973 0
1556751974 0
1556751975 0
1556751976 0
1556751977 0
1556751978 0
1556751979 0
1556751980 0
1556751981 0
1556751982 0
1556751983 0
1556751984 0
1556751985 0
1556751986 0
1556751987 0
1556751988 0
1556751989 0
1556751990 0
1556751991 0
1556751992 0
1556751993 0
1556751994 0
1556751995 0
1556751996 0
1556751997 0
1556751998 0
1556751999 0
1556752000 0
1556752001 0
1556752002 0
1556752003 0
1556752004 0
1556752005 0
1556752006 0
1556752007 0
1556752008 0
1556752009 0
1556752010 0
1556752011 0
1556752012 0
1556752013 0
1556752014 0
1556752015 0
1556752016 0
1556752017 0
1556752018 0
1556752019 0
1556752020 0
1556752021 0
1556752022 0
1556752023 0
1556752024 0
1556752025 0
1556752026 0
1556752027 0
1556752028 0
1556752029 0
1556752030 0
1556752031 0
1556752032 0
1556752033 0
1556752034 0
1556752035 0
1556752036 0
1556752037 0
1556752038 0
1556752039 0
1556752040 0
1556752041 0
1556752042 0
1556752043 0
1556752044 0
1556752045 0
1556752046 0
1556752047 0
1556752048 0
1556752049 0
1556752050 0
1556752051 0
1556752052 0
1556752053 0
1556752054 0
1556752055 0
1556752056 0
1556752057 0
1556752058 0
1556752059 0
1556752060 0
1556752061 0
1556752062 0
1556752063 0
1556752064 0
1556752065 0
1556752066 0
1556752067 0
1556752068 0
1556752069 0
1556752070 0
1556752071 0
1556752072 0
1556752073 0
1556752074 0
1556752075 0
1556752076 0
1556752077 0
1556752078 0
1556752079 0
1556752080 0
1556752081 0
1556752082 0
1556752083 0
1556752084 0
1556752085 0
1556752086 0
1556752087 0
1556752088 0
1556752089 0
1556752090 0
1556752091 0
1556752092 0
1556752093 0
1556752094 0
1556752095 0
1556752096 0
1556752097 0
1556752098 0
1556752099 0
1556752100 0
1556752101 0
1556752102 0
1556752103 0
1556752104 0
1556752105 0
1556752106 0
1556752107 0
1556752108 0
1556752109 0
1556752110 0
1556752111 0
1556752112 0
1556752113 0
1556752114 0
1556752115 0
1556752116 0
1556752117 0
1556752118 0
1556752119 0
1556752120 0
1556752121 0
1556752122 0
1556752123 0
1556752124 0
1556752125 0
1556752126 0
1556752127 0
1556752128 0
1556752129 0
1556752130 0
1556752131 0
1556752132 0
1556752133 0
1556752134 0
1556752135 0
1556752136 0
1556752137 0
1556752138 0
1556752139 0
1556752140 0
1556752141 0
1556752142 0
1556752143 0
1556752144 0
1556752145 0
1556752146 0
1556752147 0
1556752148 0
1556752149 0
1556752150 0
1556752151 0
1556752152 0
1556752153 0
1556752154 0
1556752155 0
1556752156 0
1556752157 0
1556752158 0
1556752159 0
1556752160 0
1556752161 0
1556752162 0
1556752163 0
1556752164 0
1556752165 0
1556752166 0
1556752167 0
1556752168 0
1556752169 0
1556752170 0
1556752171 0
1556752172 0
1556752173 0
1556752174 0
1556752175 0
1556752176 0
1556752177 0
1556752178 0
1556752179 0
1556752180 0
1556752181 0
1556752182 0
1556752183 0
1556752184 0
1556752185 0
1556752186 0
1556752187 0
1556752188 0
1556752189 0
1556752190 0
1556752191 0
1556752192 0
1556752193 0
1556752194 0
1556752195 0
1556752196 0
1556752197 0
1556752198 0
1556752199 0
1556752200 0
1556752201 0
1556752202 0
1556752203 0
1556752204 0
1556752205 0
1556752206 0
1556752207 0
1556752208 0
1556752209 0
1556752210 0
1556752211 0
1556752212 0
1556752213 0
1556752214 0
1556752215 0
1556752216 0
1556752217 0
1556752218 0
1556752219 0
1556752220 0
1556752221 0
1556752222 0
1556752223 0
1556752224 0
1556752225 0
1556752226 0
1556752227 0
1556752228 0
1556752229 0
1556752230 0
1556752231 0
1556752232 0
1556752233 0
1556752234 0
1556752235 0
1556752236 0
1556752237 0
1556752238 0
1556752239 0
1556752240 0
1556752241 0
1556752242 0
1556752243 0
1556752244 0
1556752245 0
1556752246 0
1556752247 0
1556752248 0
1556752249 0
1556752250 0
1556752251 0
1556752252 0
1556752253 0
1556752254 0
1556752255 0
1556752256 0
1556752257 0
1556752258 0
1556752259 0
1556752260 0
1556752261 0
1556752262 0
1556752263 0
1556752264 0
1556752265 0
1556752266 0
1556752267 0
1556752268 0
1556752269 0
1556752270 0
1556752271 0
1556752272 0
1556752273 0
1556752274 0
1556752275 0
1556752276 0
1556752277 0
1556752278 0
1556752279 0
1556752280 0
1556752281 0
1556752282 0
1556752283 0
1556752284 0
1556752285 0
1556752286 0
1556752287 0
1556752288 0
1556752289 0
1556752290 0
1556752291 0
1556752292 0
1556752293 0
1556752294 0
1556752295 0
1556752296 0
1556752297 0
1556752298 0
1556752299 0
1556752300 0
1556752301 0
1556752302 0
1556752303 0
1556752304 0
1556752305 0
1556752306 0
1556752307 0
1556752308 0
1556752309 0
1556752310 0
1556752311 0
1556752312 0
1556752313 0
1556752314 0
1556752315 0
1556752316 0
1556752317 0
1556752318 0
1556752319 0
1556752320 0
1556752321 0
1556752322 0
1556752323 0
1556752324 0
1556752325 0
1556752326 0
1556752327 0
1556752328 0
1556752329 0
1556752330 0
1556752331 0
1556752332 0
1556752333 0
1556752334 0
1556752335 0
1556752336 0
1556752337 0
1556752338 0
1556752339 0
1556752340 0
1556752341 0
1556752342 0
1556752343 0
1556752344 0
1556752345 0
1556752346 0
1556752347 0
1556752348 0
1556752349 0
1556752350 0
1556752351 0
1556752352 0
1556752353 0
1556752354 0
1556752355 0
1556752356 0
1556752357 0
1556752358 0
1556752359 0
1556752360 0
1556752361 0
1556752362 0
1556752363 0
1556752364 0
1556752365 0
1556752366 0
1556752367 0
1556752368 0
1556752369 0
1556752370 0
1556752371 0
1556752372 0
1556752373 0
1556752374 0
1556752375 0
1556752376 0
1556752377 0
1556752378 0
1556752379 0
1556752380 0
1556752381 0
1556752382 0
1556752383 0
1556752384 0
1556752385 0
1556752386 0
1556752387 0
1556752388 0
1556752389 0
1556752390 0
1556752391 0
1556752392 0
1556752393 0
1556752394 0
1556752395 0
1556752396 0
1556752397 0
1556752398 0
1556752399 0
1556752400 0
1556752401 0
1556752402 0
1556752403 0
1556752404 0
1556752405 0
1556752406 0
1556752407 0
1556752408 0
1556752409 0
1556752410 0
1556752411 0
1556752412 0
1556752413 0
1556752414 0
1556752415 0
1556752416 0
1556752417 0
1556752418 0
1556752419 0
1556752420 0
1556752421 0
1556752422 0
1556752423 0
1556752424 0
1556752425 0
1556752426 0
1556752427 0
1556752428 0
1556752429 0
1556752430 0
1556752431 0
1556752432 0
1556752433 0
1556752434 0
1556752435 0
1556752436 0
1556752437 0
1556752438 0
1556752439 0
1556752440 0
1556752441 0
1556752442 0
1556752443 0
1556752444 0
1556752445 0
1556752446 0
1556752447 0
1556752448 0
1556752449 0
1556752450 0
1556752451 0
1556752452 0
1556752453 0
1556752454 0
1556752455 0
1556752456 0
1556752457 0
1556752458 0
1556752459 0
1556752460 0
1556752461 0
1556752462 0
1556752463 0
1556752464 0
1556752465 0
1556752466 0
1556752467 0
1556752468 0
1556752469 0
1556752470 0
1556752471 0
1556752472 0
1556752473 0
1556752474 0
1556752475 0
1556752476 0
1556752477 0
1556752478 0
1556752479 0
1556752480 0
1556752481 0
1556752482 0
1556752483 0
1556752484 0
1556752485 0
1556752486 0
1556752487 0
1556752488 0
1556752489 0
1556752490 0
1556752491 0
1556752492 0
1556752493 0
1556752494 0
1556752495 0
1556752496 0
1556752497 0
1556752498 0
1556752499 0
1556752500 0
1556752501 0
1556752502 0
1556752503 0
1556752504 0
1556752505 0
1556752506 0
1556752507 0
1556752508 0
1556752509 0
1556752510 0
1556752511 0
1556752512 0
1556752513 0
1556752514 0
1556752515 0
1556752516 0
1556752517 0
1556752518 0
1556752519 0
1556752520 0
1556752521 0
1556752522 0
1556752523 0
1556752524 0
1556752525 0
1556752526 0
1556752527 0
1556752528 0
1556752529 0
1556752530 0
1556752531 0
1556752532 0
1556752533 0
1556752534 0
1556752535 0
1556752536 0
1556752537 0
1556752538 0
1556752539 0
1556752540 0
1556752541 0
1556752542 0
1556752543 0
1556752544 0
1556752545 0
1556752546 0
1556752547 0
1556752548 0
1556752549 0
1556752550 0
1556752551 0
1556752552 0
1556752553 0
1556752554 0
1556752555 0
1556752556 0
1556752557 0
1556752558 0
1556752559 0
1556752560 0
1556752561 0
1556752562 0
1556752563 0
1556752564 0
1556752565 0
1556752566 0
1556752567 0
1556752568 0
1556752569 0
1556752570 0
1556752571 0
1556752572 0
1556752573 0
1556752574 0
1556752575 0
1556752576 0
1556752577 0
1556752578 0
1556752579 0
1556752580 0
1556752581 0
1556752582 0
1556752583 0
1556752584 0
1556752585 0
1556752586 0
1556752587 0
1556752588 0
1556752589 0
1556752590 0
1556752591 0
1556752592 0
1556752593 0
1556752594 0
1556752595 0
1556752596 0
1556752597 0
1556752598 0
1556752599 0
1556752600 0
1556752601 0
1556752602 0
1556752603 0
1556752604 0
1556752605 0
1556752606 0
1556752607 0
1556752608 0
1556752609 0
1556752610 0
1556752611 0
1556752612 0
1556752613 0
1556752614 0
1556752615 0
1556752616 0
1556752617 0
1556752618 0
1556752619 0
1556752620 0
1556752621 0
1556752622 0
1556752623 0
1556752624 0
1556752625 0
1556752626 0
1556752627 0
1556752628 0
1556752629 0
1556752630 0
1556752631 0
1556752632 0
1556752633 0
1556752634 0
1556752635 0
1556752636 0
1556752637 0
1556752638 0
1556752639 0
1556752640 0
1556752641 0
1556752642 0
1556752643 0
1556752644 0
1556752645 0
1556752646 0
1556752647 0
1556752648 0
1556752649 0
1556752650 0
1556752651 0
1556752652 0
1556752653 0
1556752654 0
1556752655 0
1556752656 0
1556752657 0
1556752658 0
1556752659 0
1556752660 0
1556752661 0
1556752662 0
1556752663 0
1556752664 0
1556752665 0
1556752666 0
1556752667 0
1556752668 0
1556752669 0
1556752670 0
1556752671 0
1556752672 0
1556752673 0
1556752674 0
1556752675 0
1556752676 0
1556752677 0
1556752678 0
1556752679 0
1556752680 0
1556752681 0
1556752682 0
1556752683 0
1556752684 0
1556752685 0
1556752686 0
1556752687 0
1556752688 0
1556752689 0
1556752690 0
1556752691 0
1556752692 0
1556752693 0
1556752694 0
1556752695 0
1556752696 0
1556752697 0
1556752698 0
1556752699 0
1556752700 0
1556752701 0
1556752702 0
1556752703 0
1556752704 0
1556752705 0
1556752706 0
1556752707 0
1556752708 0
1556752709 0
1556752710 0
1556752711 0
1556752712 0
1556752713 0
1556752714 0
1556752715 0
1556752716 0
1556752717 0
1556752718 0
1556752719 0
1556752720 0
1556752721 0
1556752722 0
1556752723 0
1556752724 0
1556752725 0
1556752726 0
1556752727 0
1556752728 0
1556752729 0
1556752730 0
1556752731 0
1556752732 0
1556752733 0
1556752734 0
1556752735 0
1556752736 0
1556752737 0
1556752738 0
1556752739 0
1556752740 0
1556752741 0
1556752742 0
1556752743 0
1556752744 0
1556752745 0
1556752746 0
1556752747 0
1556752748 0
1556752749 0
1556752750 0
1556752751 0
1556752752 0
1556752753 0
1556752754 0
1556752755 0
1556752756 0
1556752757 0
1556752758 0
1556752759 0
1556752760 0
1556752761 0
1556752762 0
1556752763 0
1556752764 0
1556752765 0
1556752766 0
1556752767 0
1556752768 0
1556752769 0
1556752770 0
1556752771 0
1556752772 0
1556752773 0
1556752774 0
1556752775 0
1556752776 0
1556752777 0
1556752778 0
1556752779 0
1556752780 0
1556752781 0
1556752782 0
1556752783 0
1556752784 0
1556752785 0
1556752786 0
1556752787 0
1556752788 0
1556752789 0
1556752790 0
1556752791 0
1556752792 0
1556752793 0
1556752794 0
1556752795 0
1556752796 0
1556752797 0
1556752798 0
1556752799 0
1556752800 0
1556752801 0
1556752802 0
1556752803 0
1556752804 0
1556752805 0
1556752806 0
1556752807 0
1556752808 0
1556752809 0
1556752810 0
1556752811 0
1556752812 0
1556752813 0
1556752814 0
1556752815 0
1556752816 0
1556752817 0
1556752818 0
1556752819 0
1556752820 0
1556752821 0
1556752822 0
1556752823 0
1556752824 0
1556752825 0
1556752826 0
1556752827 0
1556752828 0
1556752829 0
1556752830 0
1556752831 0
1556752832 0
1556752833 0
1556752834 0
1556752835 0
1556752836 0
1556752837 0
1556752838 0
1556752839 0
1556752840 0
1556752841 0
1556752842 0
1556752843 0
1556752844 0
1556752845 0
1556752846 0
1556752847 0
1556752848 0
1556752849 0
1556752850 0
1556752851 0
1556752852 0
1556752853 0
1556752854 0
1556752855 0
1556752856 0
1556752857 0
1556752858 0
1556752859 0
1556752860 0
1556752861 0
1556752862 0
1556752863 0
1556752864 0
1556752865 0
1556752866 0
1556752867 0
1556752868 0
1556752869 0
1556752870 0
1556752871 0
1556752872 0
1556752873 0
1556752874 0
1556752875 0
1556752876 0
1556752877 0
1556752878 0
1556752879 0
1556752880 0
1556752881 0
1556752882 0
1556752883 0
1556752884 0
1556752885 0
1556752886 0
1556752887 0
1556752888 0
1556752889 0
1556752890 0
1556752891 0
1556752892 0
1556752893 0
1556752894 0
1556752895 0
1556752896 0
1556752897 0
1556752898 0
1556752899 0
1556752900 0
1556752901 0
1556752902 0
1556752903 0
1556752904 0
1556752905 0
1556752906 0
1556752907 0
1556752908 0
1556752909 0
1556752910 0
1556752911 0
1556752912 0
1556752913 0
1556752914 0
1556752915 0
1556752916 0
1556752917 0
1556752918 0
1556752919 0
1556752920 0
1556752921 0
1556752922 0
1556752923 0
1556752924 0
1556752925 0
1556752926 0
1556752927 0
1556752928 0
1556752929 0
1556752930 0
1556752931 0
1556752932 0
1556752933 0
1556752934 0
1556752935 0
1556752936 0
1556752937 0
1556752938 0
1556752939 0
1556752940 0
1556752941 0
1556752942 0
1556752943 0
1556752944 0
1556752945 0
1556752946 0
1556752947 0
1556752948 0
1556752949 0
1556752950 0
1556752951 0
1556752952 0
1556752953 0
1556752954 0
1556752955 0
1556752956 0
1556752957 0
1556752958 0
1556752959 0
1556752960 0
1556752961 0
1556752962 0
1556752963 0
1556752964 0
1556752965 0
1556752966 0
1556752967 0
1556752968 0
1556752969 0
1556752970 0
1556752971 0
1556752972 0
1556752973 0
1556752974 0
1556752975 0
1556752976 0
1556752977 0
1556752978 0
1556752979 0
1556752980 0
1556752981 0
1556752982 0
1556752983 0
1556752984 0
1556752985 0
1556752986 0
1556752987 0
1556752988 0
1556752989 0
1556752990 0
1556752991 0
1556752992 0
1556752993 0
1556752994 0
1556752995 0
1556752996 0
1556752997 0
1556752998 0
1556752999 0
1556753000 0
1556753001 0
1556753002 0
1556753003 0
1556753004 0
1556753005 0
1556753006 0
1556753007 0
1556753008 0
1556753009 0
1556753010 0
1556753011 0
1556753012 0
1556753013 0
1556753014 0
1556753015 0
1556753016 0
1556753017 0
1556753018 0
1556753019 0
1556753020 0
1556753021 0
1556753022 0
1556753023 0
1556753024 0
1556753025 0
1556753026 0
1556753027 0
1556753028 0
1556753029 0
1556753030 0
1556753031 0
1556753032 0
1556753033 0
1556753034 0
1556753035 0
1556753036 0
1556753037 0
1556753038 0
1556753039 0
1556753040 0
1556753041 0
1556753042 0
1556753043 0
1556753044 0
1556753045 0
1556753046 0
1556753047 0
1556753048 0
1556753049 0
1556753050 0
1556753051 0
1556753052 0
1556753053 0
1556753054 0
1556753055 0
1556753056 0
1556753057 0
1556753058 0
1556753059 0
1556753060 0
1556753061 0
1556753062 0
1556753063 0
1556753064 0
1556753065 0
1556753066 0
1556753067 0
1556753068 0
1556753069 0
1556753070 0
1556753071 0
1556753072 0
1556753073 0
1556753074 0
1556753075 0
1556753076 0
1556753077 0
1556753078 0
1556753079 0
1556753080 0
1556753081 0
1556753082 0
1556753083 0
1556753084 0
1556753085 0
1556753086 0
1556753087 0
1556753088 0
1556753089 0
1556753090 0
1556753091 0
1556753092 0
1556753093 0
1556753094 0
1556753095 0
1556753096 0
1556753097 0
1556753098 0
1556753099 0
1556753100 0
1556753101 0
1556753102 0
1556753103 0
1556753104 0
1556753105 0
1556753106 0
1556753107 0
1556753108 0
1556753109 0
1556753110 0
1556753111 0
1556753112 0
1556753113 0
1556753114 0
1556753115 0
1556753116 0
1556753117 0
1556753118 0
1556753119 0
1556753120 0
1556753121 0
1556753122 0
1556753123 0
1556753124 0
1556753125 0
1556753126 0
1556753127 0
1556753128 0
1556753129 0
1556753130 0
1556753131 0
1556753132 0
1556753133 0
1556753134 0
1556753135 0
1556753136 0
1556753137 0
1556753138 0
1556753139 0
1556753140 0
1556753141 0
1556753142 0
1556753143 0
1556753144 0
1556753145 0
1556753146 0
1556753147 0
1556753148 0
1556753149 0
1556753150 0
1556753151 0
1556753152 0
1556753153 0
1556753154 0
1556753155 0
1556753156 0
1556753157 0
1556753158 0
1556753159 0
1556753160 0
1556753161 0
1556753162 0
1556753163 0
1556753164 0
1556753165 0
1556753166 0
1556753167 0
1556753168 0
1556753169 0
1556753170 0
1556753171 0
1556753172 0
1556753173 0
1556753174 0
1556753175 0
1556753176 0
1556753177 0
1556753178 0
1556753179 0
1556753180 0
1556753181 0
1556753182 0
1556753183 0
1556753184 0
1556753185 0
1556753186 0
1556753187 0
1556753188 0
1556753189 0
1556753190 0
1556753191 0
1556753192 0
1556753193 0
1556753194 0
1556753195 0
1556753196 0
1556753197 0
1556753198 0
1556753199 0
1556753200 0
1556753201 0
1556753202 0
1556753203 0
1556753204 0
1556753205 0
1556753206 0
1556753207 0
1556753208 0
1556753209 0
1556753210 0
1556753211 0
1556753212 0
1556753213 0
1556753214 0
1556753215 0
1556753216 0
1556753217 0
1556753218 0
1556753219 0
1556753220 0
1556753221 0
1556753222 0
1556753223 0
1556753224 0
1556753225 0
1556753226 0
1556753227 0
1556753228 0
1556753229 0
1556753230 0
1556753231 0
1556753232 0
1556753233 0
1556753234 0
1556753235 0
1556753236 0
1556753237 0
1556753238 0
1556753239 0
1556753240 0
1556753241 0
1556753242 0
1556753243 0
1556753244 0
1556753245 0
1556753246 0
1556753247 0
1556753248 0
1556753249 0
1556753250 0
1556753251 0
1556753252 0
1556753253 0
1556753254 0
1556753255 0
1556753256 0
1556753257 0
1556753258 0
1556753259 0
1556753260 0
1556753261 0
1556753262 0
1556753263 0
1556753264 0
1556753265 0
1556753266 0
1556753267 0
1556753268 0
1556753269 0
1556753270 0
1556753271 0
1556753272 0
1556753273 0
1556753274 0
1556753275 0
1556753276 0
1556753277 0
1556753278 0
1556753279 0
1556753280 0
1556753281 0
1556753282 0
1556753283 0
1556753284 0
1556753285 0
1556753286 0
1556753287 0
1556753288 0
1556753289 0
1556753290 0
1556753291 0
1556753292 0
1556753293 0
1556753294 0
1556753295 0
1556753296 0
1556753297 0
1556753298 0
1556753299 0
1556753300 0
1556753301 0
1556753302 0
1556753303 0
1556753304 0
1556753305 0
1556753306 0
1556753307 0
1556753308 0
1556753309 0
1556753310 0
1556753311 0
1556753312 0
1556753313 0
1556753314 0
1556753315 0
1556753316 0
1556753317 0
1556753318 0
1556753319 0
1556753320 0
1556753321 0
1556753322 0
1556753323 0
1556753324 0
1556753325 0
1556753326 0
1556753327 0
1556753328 0
1556753329 0
1556753330 0
1556753331 0
1556753332 0
1556753333 0
1556753334 0
1556753335 0
1556753336 0
1556753337 0
1556753338 0
1556753339 0
1556753340 0
1556753341 0
1556753342 0
1556753343 0
1556753344 0
1556753345 0
1556753346 0
1556753347 0
1556753348 0
1556753349 0
1556753350 0
1556753351 0
1556753352 0
1556753353 0
1556753354 0
1556753355 0
1556753356 0
1556753357 0
1556753358 0
1556753359 0
1556753360 0
1556753361 0
1556753362 0
1556753363 0
1556753364 0
1556753365 0
1556753366 0
1556753367 0
1556753368 0
1556753369 0
1556753370 0
1556753371 0
1556753372 0
1556753373 0
1556753374 0
1556753375 0
1556753376 0
1556753377 0
1556753378 0
1556753379 0
1556753380 0
1556753381 0
1556753382 0
1556753383 0
1556753384 0
1556753385 0
1556753386 0
1556753387 0
1556753388 0
1556753389 0
1556753390 0
1556753391 0
1556753392 0
1556753393 0
1556753394 0
1556753395 0
1556753396 0
1556753397 0
1556753398 0
1556753399 0
1556753400 0
1556753401 0
1556753402 0
1556753403 0
1556753404 0
1556753405 0
1556753406 0
1556753407 0
1556753408 0
1556753409 0
1556753410 0
1556753411 0
1556753412 0
1556753413 0
1556753414 0
1556753415 0
1556753416 0
1556753417 0
1556753418 0
1556753419 0
1556753420 0
1556753421 0
1556753422 0
1556753423 0
1556753424 0
1556753425 0
1556753426 0
1556753427 0
1556753428 0
1556753429 0
1556753430 0
1556753431 0
1556753432 0
1556753433 0
1556753434 0
1556753435 0
1556753436 0
1556753437 0
1556753438 0
1556753439 0
1556753440 0
1556753441 0
1556753442 0
1556753443 0
1556753444 0
1556753445 0
1556753446 0
1556753447 0
1556753448 0
1556753449 0
1556753450 0
1556753451 0
1556753452 0
1556753453 0
1556753454 0
1556753455 0
1556753456 0
1556753457 0
1556753458 0
1556753459 0
1556753460 0
1556753461 0
1556753462 0
1556753463 0
1556753464 0
1556753465 0
1556753466 0
1556753467 0
1556753468 0
1556753469 0
1556753470 0
1556753471 0
1556753472 0
1556753473 0
1556753474 0
1556753475 0
1556753476 0
1556753477 0
1556753478 0
1556753479 0
1556753480 0
1556753481 0
1556753482 0
1556753483 0
1556753484 0
1556753485 0
1556753486 0
1556753487 0
1556753488 0
1556753489 0
1556753490 0
1556753491 0
1556753492 0
1556753493 0
1556753494 0
1556753495 0
1556753496 0
1556753497 0
1556753498 0
1556753499 0
1556753500 0
1556753501 0
1556753502 0
1556753503 0
1556753504 0
1556753505 0
1556753506 0
1556753507 0
1556753508 0
1556753509 0
1556753510 0
1556753511 0
1556753512 0
1556753513 0
1556753514 0
1556753515 0
1556753516 0
1556753517 0
1556753518 0
1556753519 0
1556753520 0
1556753521 0
1556753522 0
1556753523 0
1556753524 0
1556753525 0
1556753526 0
1556753527 0
1556753528 0
1556753529 0
1556753530 0
1556753531 0
1556753532 0
1556753533 0
1556753534 0
1556753535 0
1556753536 0
1556753537 0
1556753538 0
1556753539 0
1556753540 0
1556753541 0
1556753542 0
1556753543 0
1556753544 0
1556753545 0
1556753546 0
1556753547 0
1556753548 0
1556753549 0
1556753550 0
1556753551 0
1556753552 0
1556753553 0
1556753554 0
1556753555 0
1556753556 0
1556753557 0
1556753558 0
1556753559 0
1556753560 0
1556753561 0
1556753562 0
1556753563 0
1556753564 0
1556753565 0
1556753566 0
1556753567 0
1556753568 0
1556753569 0
1556753570 0
1556753571 0
1556753572 0
1556753573 0
1556753574 0
1556753575 0
1556753576 0
1556753577 0
1556753578 0
1556753579 0
1556753580 0
1556753581 0
1556753582 0
1556753583 0
1556753584 0
1556753585 0
1556753586 0
1556753587 0
1556753588 0
1556753589 0
1556753590 0
1556753591 0
1556753592 0
1556753593 0
1556753594 0
1556753595 0
1556753596 0
1556753597 0
1556753598 0
1556753599 0
1556753600 0
1556753601 0
1556753602 0
1556753603 0
1556753604 0
1556753605 0
1556753606 0
1556753607 0
1556753608 0
1556753609 0
1556753610 0
1556753611 0
1556753612 0
1556753613 0
1556753614 0
1556753615 0
1556753616 0
1556753617 0
1556753618 0
1556753619 0
1556753620 0
1556753621 0
1556753622 0
1556753623 0
1556753624 0
1556753625 0
1556753626 0
1556753627 0
1556753628 0
1556753629 0
1556753630 0
1556753631 0
1556753632 0
1556753633 0
1556753634 0
1556753635 0
1556753636 0
1556753637 0
1556753638 0
1556753639 0
1556753640 0
1556753641 0
1556753642 0
1556753643 0
1556753644 0
1556753645 0
1556753646 0
1556753647 0
1556753648 0
1556753649 0
1556753650 0
1556753651 0
1556753652 0
1556753653 0
1556753654 0
1556753655 0
1556753656 0
1556753657 0
1556753658 0
1556753659 0
1556753660 0
1556753661 0
1556753662 0
1556753663 0
1556753664 0
1556753665 0
1556753666 0
1556753667 0
1556753668 0
1556753669 0
1556753670 0
1556753671 0
1556753672 0
1556753673 0
1556753674 0
1556753675 0
1556753676 0
1556753677 0
1556753678 0
1556753679 0
1556753680 0
1556753681 0
1556753682 0
1556753683 0
1556753684 0
1556753685 0
1556753686 0
1556753687 0
1556753688 0
1556753689 0
1556753690 0
1556753691 0
1556753692 0
1556753693 0
1556753694 0
1556753695 0
1556753696 0
1556753697 0
1556753698 0
1556753699 0
1556753700 0
1556753701 0
1556753702 0
1556753703 0
1556753704 0
1556753705 0
1556753706 0
1556753707 0
1556753708 0
1556753709 0
1556753710 0
1556753711 0
1556753712 0
1556753713 0
1556753714 0
1556753715 0
1556753716 0
1556753717 0
1556753718 0
1556753719 0
1556753720 0
1556753721 0
1556753722 0
1556753723 0
1556753724 0
1556753725 0
1556753726 0
1556753727 0
1556753728 0
1556753729 0
1556753730 0
1556753731 0
1556753732 0
1556753733 0
1556753734 0
1556753735 0
1556753736 0
1556753737 0
1556753738 0
1556753739 0
1556753740 0
1556753741 0
1556753742 0
1556753743 0
1556753744 0
1556753745 0
1556753746 0
1556753747 0
1556753748 0
1556753749 0
1556753750 0
1556753751 0
1556753752 0
1556753753 0
1556753754 0
1556753755 0
1556753756 0
1556753757 0
1556753758 0
1556753759 0
1556753760 0
1556753761 0
1556753762 0
1556753763 0
1556753764 0
1556753765 0
1556753766 0
1556753767 0
1556753768 0
1556753769 0
1556753770 0
1556753771 0
1556753772 0
1556753773 0
1556753774 0
1556753775 0
1556753776 0
1556753777 0
1556753778 0
1556753779 0
1556753780 0
1556753781 0
1556753782 0
1556753783 0
1556753784 0
1556753785 0
1556753786 0
1556753787 0
1556753788 0
1556753789 0
1556753790 0
1556753791 0
1556753792 0
1556753793 0
1556753794 0
1556753795 0
1556753796 0
1556753797 0
1556753798 0
1556753799 0
1556753800 0
1556753801 0
1556753802 0
1556753803 0
1556753804 0
1556753805 0
1556753806 0
1556753807 0
1556753808 0
1556753809 0
1556753810 0
1556753811 0
1556753812 0
1556753813 0
1556753814 0
1556753815 0
1556753816 0
1556753817 0
1556753818 0
1556753819 0
1556753820 0
1556753821 0
1556753822 0
1556753823 0
1556753824 0
1556753825 0
1556753826 0
1556753827 0
1556753828 0
1556753829 0
1556753830 0
1556753831 0
1556753832 0
1556753833 0
1556753834 0
1556753835 0
1556753836 0
1556753837 0
1556753838 0
1556753839 0
1556753840 0
1556753841 0
1556753842 0
1556753843 0
1556753844 0
1556753845 0
1556753846 0
1556753847 0
1556753848 0
1556753849 0
1556753850 0
1556753851 0
1556753852 0
1556753853 0
1556753854 0
1556753855 0
1556753856 0
1556753857 0
1556753858 0
1556753859 0
1556753860 0
1556753861 0
1556753862 0
1556753863 0
1556753864 0
1556753865 0
1556753866 0
1556753867 0
1556753868 0
1556753869 0
1556753870 0
1556753871 0
1556753872 0
1556753873 0
1556753874 0
1556753875 0
1556753876 0
1556753877 0
1556753878 0
1556753879 0
1556753880 0
1556753881 0
1556753882 0
1556753883 0
1556753884 0
1556753885 0
1556753886 0
1556753887 0
1556753888 0
1556753889 0
1556753890 0
1556753891 0
1556753892 0
1556753893 0
1556753894 0
1556753895 0
1556753896 0
1556753897 0
1556753898 0
1556753899 0
1556753900 0
1556753901 0
1556753902 0
1556753903 0
1556753904 0
1556753905 0
1556753906 0
1556753907 0
1556753908 0
1556753909 0
1556753910 0
1556753911 0
1556753912 0
1556753913 0
1556753914 0
1556753915 0
1556753916 0
1556753917 0
1556753918 0
1556753919 0
1556753920 0
1556753921 0
1556753922 0
1556753923 0
1556753924 0
1556753925 0
1556753926 0
1556753927 0
1556753928 0
1556753929 0
1556753930 0
1556753931 0
1556753932 0
1556753933 0
1556753934 0
1556753935 0
1556753936 0
1556753937 0
1556753938 0
1556753939 0
1556753940 0
1556753941 0
1556753942 0
1556753943 0
1556753944 0
1556753945 0
1556753946 0
1556753947 0
1556753948 0
1556753949 0
1556753950 0
1556753951 0
1556753952 0
1556753953 0
1556753954 0
1556753955 0
1556753956 0
1556753957 0
1556753958 0
1556753959 0
1556753960 0
1556753961 0
1556753962 0
1556753963 0
1556753964 0
1556753965 0
1556753966 0
1556753967 0
1556753968 0
1556753969 0
1556753970 0
1556753971 0
1556753972 0
1556753973 0
1556753974 0
1556753975 0
1556753976 0
1556753977 0
1556753978 0
1556753979 0
1556753980 0
1556753981 0
1556753982 0
1556753983 0
1556753984 0
1556753985 0
1556753986 0
1556753987 0
1556753988 0
1556753989 0
1556753990 0
1556753991 0
1556753992 0
1556753993 0
1556753994 0
1556753995 0
1556753996 0
1556753997 0
1556753998 0
1556753999 0
1556754000 0
1556754001 0
1556754002 0
1556754003 0
1556754004 0
1556754005 0
1556754006 0
1556754007 0
1556754008 0
1556754009 0
1556754010 0
1556754011 0
1556754012 0
1556754013 0
1556754014 0
1556754015 0
1556754016 0
1556754017 0
1556754018 0
1556754019 0
1556754020 0
1556754021 0
1556754022 0
1556754023 0
1556754024 0
1556754025 0
1556754026 0
1556754027 0
1556754028 0
1556754029 0
1556754030 0
1556754031 0
1556754032 0
1556754033 0
1556754034 0
1556754035 0
1556754036 0
1556754037 0
1556754038 0
1556754039 0
1556754040 0
1556754041 0
1556754042 0
1556754043 0
1556754044 0
1556754045 0
1556754046 0
1556754047 0
1556754048 0
1556754049 0
1556754050 0
1556754051 0
1556754052 0
1556754053 0
1556754054 0
1556754055 0
1556754056 0
1556754057 0
1556754058 0
1556754059 0
1556754060 0
1556754061 0
1556754062 0
1556754063 0
1556754064 0
1556754065 0
1556754066 0
1556754067 0
1556754068 0
1556754069 0
1556754070 0
1556754071 0
1556754072 0
1556754073 0
1556754074 0
1556754075 0
1556754076 0
1556754077 0
1556754078 0
1556754079 0
1556754080 0
1556754081 0
1556754082 0
1556754083 0
1556754084 0
1556754085 0
1556754086 0
1556754087 0
1556754088 0
1556754089 0
1556754090 0
1556754091 0
1556754092 0
1556754093 0
1556754094 0
1556754095 0
1556754096 0
1556754097 0
1556754098 0
1556754099 0
1556754100 0
1556754101 0
1556754102 0
1556754103 0
1556754104 0
1556754105 0
1556754106 0
1556754107 0
1556754108 0
1556754109 0
1556754110 0
1556754111 0
1556754112 0
1556754113 0
1556754114 0
1556754115 0
1556754116 0
1556754117 0
1556754118 0
1556754119 0
1556754120 0
1556754121 0
1556754122 0
1556754123 0
1556754124 0
1556754125 0
1556754126 0
1556754127 0
1556754128 0
1556754129 0
1556754130 0
1556754131 0
1556754132 0
1556754133 0
1556754134 0
1556754135 0
1556754136 0
1556754137 0
1556754138 0
1556754139 0
1556754140 0
1556754141 0
1556754142 0
1556754143 0
1556754144 0
1556754145 0
1556754146 0
1556754147 0
1556754148 0
1556754149 0
1556754150 0
1556754151 0
1556754152 0
1556754153 0
1556754154 0
1556754155 0
1556754156 0
1556754157 0
1556754158 0
1556754159 0
1556754160 0
1556754161 0
1556754162 0
1556754163 0
1556754164 0
1556754165 0
1556754166 0
1556754167 0
1556754168 0
1556754169 0
1556754170 0
1556754171 0
1556754172 0
1556754173 0
1556754174 0
1556754175 0
1556754176 0
1556754177 0
1556754178 0
1556754179 0
1556754180 0
1556754181 0
1556754182 0
1556754183 0
1556754184 0
1556754185 0
1556754186 0
1556754187 0
1556754188 0
1556754189 0
1556754190 0
1556754191 0
1556754192 0
1556754193 0
1556754194 0
1556754195 0
1556754196 0
1556754197 0
1556754198 0
1556754199 0
1556754200 0
1556754201 0
1556754202 0
1556754203 0
1556754204 0
1556754205 0
1556754206 0
1556754207 0
1556754208 0
1556754209 0
1556754210 0
1556754211 0
1556754212 0
1556754213 0
1556754214 0
1556754215 0
1556754216 0
1556754217 0
1556754218 0
1556754219 0
1556754220 0
1556754221 0
1556754222 0
1556754223 0
1556754224 0
1556754225 0
1556754226 0
1556754227 0
1556754228 0
1556754229 0
1556754230 0
1556754231 0
1556754232 0
1556754233 0
1556754234 0
1556754235 0
1556754236 0
1556754237 0
1556754238 0
1556754239 0
1556754240 0
1556754241 0
1556754242 0
1556754243 0
1556754244 0
1556754245 0
1556754246 0
1556754247 0
1556754248 0
1556754249 0
1556754250 0
1556754251 0
1556754252 0
1556754253 0
1556754254 0
1556754255 0
1556754256 0
1556754257 0
1556754258 0
1556754259 0
1556754260 0
1556754261 0
1556754262 0
1556754263 0
1556754264 0
1556754265 0
1556754266 0
1556754267 0
1556754268 0
1556754269 0
1556754270 0
1556754271 0
1556754272 0
1556754273 0
1556754274 0
1556754275 0
1556754276 0
1556754277 0
1556754278 0
1556754279 0
1556754280 0
1556754281 0
1556754282 0
1556754283 0
1556754284 0
1556754285 0
1556754286 0
1556754287 0
1556754288 0
1556754289 0
1556754290 0
1556754291 0
1556754292 0
1556754293 0
1556754294 0
1556754295 0
1556754296 0
1556754297 0
1556754298 0
1556754299 0
1556754300 0
1556754301 0
1556754302 0
1556754303 0
1556754304 0
1556754305 0
1556754306 0
1556754307 0
1556754308 0
1556754309 0
1556754310 0
1556754311 0
1556754312 0
1556754313 0
1556754314 0
1556754315 0
1556754316 0
1556754317 0
1556754318 0
1556754319 0
1556754320 0
1556754321 0
1556754322 0
1556754323 0
1556754324 0
1556754325 0
1556754326 0
1556754327 0
1556754328 0
1556754329 0
1556754330 0
1556754331 0
1556754332 0
1556754333 0
1556754334 0
1556754335 0
1556754336 0
1556754337 0
1556754338 0
1556754339 0
1556754340 0
1556754341 0
1556754342 0
1556754343 0
1556754344 0
1556754345 0
1556754346 0
1556754347 0
1556754348 0
1556754349 0
1556754350 0
1556754351 0
1556754352 0
1556754353 0
1556754354 0
1556754355 0
1556754356 0
1556754357 0
1556754358 0
1556754359 0
1556754360 0
1556754361 0
1556754362 0
1556754363 0
1556754364 0
1556754365 0
1556754366 0
1556754367 0
1556754368 0
1556754369 0
1556754370 0
1556754371 0
1556754372 0
1556754373 0
1556754374 0
1556754375 0
1556754376 0
1556754377 0
1556754378 0
1556754379 0
1556754380 0
1556754381 0
1556754382 0
1556754383 0
1556754384 0
1556754385 0
1556754386 0
1556754387 0
1556754388 0
1556754389 0
1556754390 0
1556754391 0
1556754392 0
1556754393 0
1556754394 0
1556754395 0
1556754396 0
1556754397 0
1556754398 0
1556754399 0
1556754400 0
1556754401 0
1556754402 0
1556754403 0
1556754404 0
1556754405 0
1556754406 0
1556754407 0
1556754408 0
1556754409 0
1556754410 0
1556754411 0
1556754412 0
1556754413 0
1556754414 0
1556754415 0
1556754416 0
1556754417 0
1556754418 0
1556754419 0
1556754420 0
1556754421 0
1556754422 0
1556754423 0
1556754424 0
1556754425 0
1556754426 0
1556754427 0
1556754428 0
1556754429 0
1556754430 0
1556754431 0
1556754432 0
1556754433 0
1556754434 0
1556754435 0
1556754436 0
1556754437 0
1556754438 0
1556754439 0
1556754440 0
1556754441 0
1556754442 0
1556754443 0
1556754444 0
1556754445 0
1556754446 0
1556754447 0
1556754448 0
1556754449 0
1556754450 0
1556754451 0
1556754452 0
1556754453 0
1556754454 0
1556754455 0
1556754456 0
1556754457 0
1556754458 0
1556754459 0
1556754460 0
1556754461 0
1556754462 0
1556754463 0
1556754464 0
1556754465 0
1556754466 0
1556754467 0
1556754468 0
1556754469 0
1556754470 0
1556754471 0
1556754472 0
1556754473 0
1556754474 0
1556754475 0
1556754476 0
1556754477 0
1556754478 0
1556754479 0
1556754480 0
1556754481 0
1556754482 0
1556754483 0
1556754484 0
1556754485 0
1556754486 0
1556754487 0
1556754488 0
1556754489 0
1556754490 0
1556754491 0
1556754492 0
1556754493 0
1556754494 0
1556754495 0
1556754496 0
1556754497 0
1556754498 0
1556754499 0
1556754500 0
1556754501 0
1556754502 0
1556754503 0
1556754504 0
1556754505 0
1556754506 0
1556754507 0
1556754508 0
1556754509 0
1556754510 0
1556754511 0
1556754512 0
1556754513 0
1556754514 0
1556754515 0
1556754516 0
1556754517 0
1556754518 0
1556754519 0
1556754520 0
1556754521 0
1556754522 0
1556754523 0
1556754524 0
1556754525 0
1556754526 0
1556754527 0
1556754528 0
1556754529 0
1556754530 0
1556754531 0
1556754532 0
1556754533 0
1556754534 0
1556754535 0
1556754536 0
1556754537 0
1556754538 0
1556754539 0
1556754540 0
1556754541 0
1556754542 0
1556754543 0
1556754544 0
1556754545 0
1556754546 0
1556754547 0
1556754548 0
1556754549 0
1556754550 0
1556754551 0
1556754552 0
1556754553 0
1556754554 0
1556754555 0
1556754556 0
1556754557 0
1556754558 0
1556754559 0
1556754560 0
1556754561 0
1556754562 0
1556754563 0
1556754564 0
1556754565 0
1556754566 0
1556754567 0
1556754568 0
1556754569 0
1556754570 0
1556754571 0
1556754572 0
1556754573 0
1556754574 0
1556754575 0
1556754576 0
1556754577 0
1556754578 0
1556754579 0
1556754580 0
1556754581 0
1556754582 0
1556754583 0
1556754584 0
1556754585 0
1556754586 0
1556754587 0
1556754588 0
1556754589 0
1556754590 0
1556754591 0
1556754592 0
1556754593 0
1556754594 0
1556754595 0
1556754596 0
1556754597 0
1556754598 0
1556754599 0
1556754600 0
1556754601 0
1556754602 0
1556754603 0
1556754604 0
1556754605 0
1556754606 0
1556754607 0
1556754608 0
1556754609 0
1556754610 0
1556754611 0
1556754612 0
1556754613 0
1556754614 0
1556754615 0
1556754616 0
1556754617 0
1556754618 0
1556754619 0
1556754620 0
1556754621 0
1556754622 0
1556754623 0
1556754624 0
1556754625 0
1556754626 0
1556754627 0
1556754628 0
1556754629 0
1556754630 0
1556754631 0
1556754632 0
1556754633 0
1556754634 0
1556754635 0
1556754636 0
1556754637 0
1556754638 0
1556754639 0
1556754640 0
1556754641 0
1556754642 0
1556754643 0
1556754644 0
1556754645 0
1556754646 0
1556754647 0
1556754648 0
1556754649 0
1556754650 0
1556754651 0
1556754652 0
1556754653 0
1556754654 0
1556754655 0
1556754656 0
1556754657 0
1556754658 0
1556754659 0
1556754660 0
1556754661 0
1556754662 0
1556754663 0
1556754664 0
1556754665 0
1556754666 0
1556754667 0
1556754668 0
1556754669 0
1556754670 0
1556754671 0
1556754672 0
1556754673 0
1556754674 0
1556754675 0
1556754676 0
1556754677 0
1556754678 0
1556754679 0
1556754680 0
1556754681 0
1556754682 0
1556754683 0
1556754684 0
1556754685 0
1556754686 0
1556754687 0
1556754688 0
1556754689 0
1556754690 0
1556754691 0
1556754692 0
1556754693 0
1556754694 0
1556754695 0
1556754696 0
1556754697 0
1556754698 0
1556754699 0
1556754700 0
1556754701 0
1556754702 0
1556754703 0
1556754704 0
1556754705 0
1556754706 0
1556754707 0
1556754708 0
1556754709 0
1556754710 0
1556754711 0
1556754712 0
1556754713 0
1556754714 0
1556754715 0
1556754716 0
1556754717 0
1556754718 0
1556754719 0
1556754720 0
1556754721 0
1556754722 0
1556754723 0
1556754724 0
1556754725 0
1556754726 0
1556754727 0
1556754728 0
1556754729 0
1556754730 0
1556754731 0
1556754732 0
1556754733 0
1556754734 0
1556754735 0
1556754736 0
1556754737 0
1556754738 0
1556754739 0
1556754740 0
1556754741 0
1556754742 0
1556754743 0
1556754744 0
1556754745 0
1556754746 0
1556754747 0
1556754748 0
1556754749 0
1556754750 0
1556754751 0
1556754752 0
1556754753 0
1556754754 0
1556754755 0
1556754756 0
1556754757 0
1556754758 0
1556754759 0
1556754760 0
1556754761 0
1556754762 0
1556754763 0
1556754764 0
1556754765 0
1556754766 0
1556754767 0
1556754768 0
1556754769 0
1556754770 0
1556754771 0
1556754772 0
1556754773 0
1556754774 0
1556754775 0
1556754776 0
1556754777 0
1556754778 0
1556754779 0
1556754780 0
1556754781 0
1556754782 0
1556754783 0
1556754784 0
1556754785 0
1556754786 0
1556754787 0
1556754788 0
1556754789 0
1556754790 0
1556754791 0
1556754792 0
1556754793 0
1556754794 0
1556754795 0
1556754796 0
1556754797 0
1556754798 0
1556754799 0
1556754800 0
1556754801 0
1556754802 0
1556754803 0
1556754804 0
1556754805 0
1556754806 0
1556754807 0
1556754808 0
1556754809 0
1556754810 0
1556754811 0
1556754812 0
1556754813 0
1556754814 0
1556754815 0
1556754816 0
1556754817 0
1556754818 0
1556754819 0
1556754820 0
1556754821 0
1556754822 0
1556754823 0
1556754824 0
1556754825 0
1556754826 0
1556754827 0
1556754828 0
1556754829 0
1556754830 0
1556754831 0
1556754832 0
1556754833 0
1556754834 0
1556754835 0
1556754836 0
1556754837 0
1556754838 0
1556754839 0
1556754840 0
1556754841 0
1556754842 0
1556754843 0
1556754844 0
1556754845 0
1556754846 0
1556754847 0
1556754848 0
1556754849 0
1556754850 0
1556754851 0
1556754852 0
1556754853 0
1556754854 0
1556754855 0
1556754856 0
1556754857 0
1556754858 0
1556754859 0
1556754860 0
1556754861 0
1556754862 0
1556754863 0
1556754864 0
1556754865 0
1556754866 0
1556754867 0
1556754868 0
1556754869 0
1556754870 0
1556754871 0
1556754872 0
1556754873 0
1556754874 0
1556754875 0
1556754876 0
1556754877 0
1556754878 0
1556754879 0
1556754880 0
1556754881 0
1556754882 0
1556754883 0
1556754884 0
1556754885 0
1556754886 0
1556754887 0
1556754888 0
1556754889 0
1556754890 0
1556754891 0
1556754892 0
1556754893 0
1556754894 0
1556754895 0
1556754896 0
1556754897 0
1556754898 0
1556754899 0
1556754900 0
1556754901 0
1556754902 0
1556754903 0
1556754904 0
1556754905 0
1556754906 0
1556754907 0
1556754908 0
1556754909 0
1556754910 0
1556754911 0
1556754912 0
1556754913 0
1556754914 0
1556754915 0
1556754916 0
1556754917 0
1556754918 0
1556754919 0
1556754920 0
1556754921 0
1556754922 0
1556754923 0
1556754924 0
1556754925 0
1556754926 0
1556754927 0
1556754928 0
1556754929 0
1556754930 0
1556754931 0
1556754932 0
1556754933 0
1556754934 0
1556754935 0
1556754936 0
1556754937 0
1556754938 0
1556754939 0
1556754940 0
1556754941 0
1556754942 0
1556754943 0
1556754944 0
1556754945 0
1556754946 0
1556754947 0
1556754948 0
1556754949 0
1556754950 0
1556754951 0
1556754952 0
1556754953 0
1556754954 0
1556754955 0
1556754956 0
1556754957 0
1556754958 0
1556754959 0
1556754960 0
1556754961 0
1556754962 0
1556754963 0
1556754964 0
1556754965 0
1556754966 0
1556754967 0
1556754968 0
1556754969 0
1556754970 0
1556754971 0
1556754972 0
1556754973 0
1556754974 0
1556754975 0
1556754976 0
1556754977 0
1556754978 0
1556754979 0
1556754980 0
1556754981 0
1556754982 0
1556754983 0
1556754984 0
1556754985 0
1556754986 0
1556754987 0
1556754988 0
1556754989 0
1556754990 0
1556754991 0
1556754992 0
1556754993 0
1556754994 0
1556754995 0
1556754996 0
1556754997 0
1556754998 0
1556754999 0
1556755000 0
1556755001 0
1556755002 0
1556755003 0
1556755004 0
1556755005 0
1556755006 0
1556755007 0
1556755008 0
1556755009 0
1556755010 0
1556755011 0
1556755012 0
1556755013 0
1556755014 0
1556755015 0
1556755016 0
1556755017 0
1556755018 0
1556755019 0
1556755020 0
1556755021 0
1556755022 0
1556755023 0
1556755024 0
1556755025 0
1556755026 0
1556755027 0
1556755028 0
1556755029 0
1556755030 0
1556755031 0
1556755032 0
1556755033 0
1556755034 0
1556755035 0
1556755036 0
1556755037 0
1556755038 0
1556755039 0
1556755040 0
1556755041 0
1556755042 0
1556755043 0
1556755044 0
1556755045 0
1556755046 0
1556755047 0
1556755048 0
1556755049 0
1556755050 0
1556755051 0
1556755052 0
1556755053 0
1556755054 0
1556755055 0
1556755056 0
1556755057 0
1556755058 0
1556755059 0
1556755060 0
1556755061 0
1556755062 0
1556755063 0
1556755064 0
1556755065 0
1556755066 0
1556755067 0
1556755068 0
1556755069 0
1556755070 0
1556755071 0
1556755072 0
1556755073 0
1556755074 0
1556755075 0
1556755076 0
1556755077 0
1556755078 0
1556755079 0
1556755080 0
1556755081 0
1556755082 0
1556755083 0
1556755084 0
1556755085 0
1556755086 0
1556755087 0
1556755088 0
1556755089 0
1556755090 0
1556755091 0
1556755092 0
1556755093 0
1556755094 0
1556755095 0
1556755096 0
1556755097 0
1556755098 0
1556755099 0
1556755100 0
1556755101 0
1556755102 0
1556755103 0
1556755104 0
1556755105 0
1556755106 0
1556755107 0
1556755108 0
1556755109 0
1556755110 0
1556755111 0
1556755112 0
1556755113 0
1556755114 0
1556755115 0
1556755116 0
1556755117 0
1556755118 0
1556755119 0
1556755120 0
1556755121 0
1556755122 0
1556755123 0
1556755124 0
1556755125 0
1556755126 0
1556755127 0
1556755128 0
1556755129 0
1556755130 0
1556755131 0
1556755132 0
1556755133 0
1556755134 0
1556755135 0
1556755136 0
1556755137 0
1556755138 0
1556755139 0
1556755140 0
1556755141 0
1556755142 0
1556755143 0
1556755144 0
1556755145 0
1556755146 0
1556755147 0
1556755148 0
1556755149 0
1556755150 0
1556755151 0
1556755152 0
1556755153 0
1556755154 0
1556755155 0
1556755156 0
1556755157 0
1556755158 0
1556755159 0
1556755160 0
1556755161 0
1556755162 0
1556755163 0
1556755164 0
1556755165 0
1556755166 0
1556755167 0
1556755168 0
1556755169 0
1556755170 0
1556755171 0
1556755172 0
1556755173 0
1556755174 0
1556755175 0
1556755176 0
1556755177 0
1556755178 0
1556755179 0
1556755180 0
1556755181 0
1556755182 0
1556755183 0
1556755184 0
1556755185 0
1556755186 0
1556755187 0
1556755188 0
1556755189 0
1556755190 0
1556755191 0
1556755192 0
1556755193 0
1556755194 0
1556755195 0
1556755196 0
1556755197 0
1556755198 0
1556755199 0
