1551398400 0
1551398401 0
1551398402 0
1551398403 0
1551398404 0
1551398405 0
1551398406 0
1551398407 0
1551398408 0
1551398409 0
1551398410 0
1551398411 0
1551398412 0
1551398413 0
1551398414 0
1551398415 0
1551398416 0
1551398417 0
1551398418 0
1551398419 0
1551398420 0
1551398421 0
1551398422 0
1551398423 0
1551398424 0
1551398425 0
1551398426 0
1551398427 0
1551398428 0
1551398429 0
1551398430 0
1551398431 0
1551398432 0
1551398433 0
1551398434 0
1551398435 0
1551398436 0
1551398437 0
1551398438 0
1551398439 0
1551398440 0
1551398441 0
1551398442 0
1551398443 0
1551398444 0
1551398445 0
1551398446 0
1551398447 0
1551398448 0
1551398449 0
1551398450 0
1551398451 0
1551398452 0
1551398453 0
1551398454 0
1551398455 0
1551398456 0
1551398457 0
1551398458 0
1551398459 0
1551398460 0
1551398461 0
1551398462 0
1551398463 0
1551398464 0
1551398465 0
1551398466 0
1551398467 0
1551398468 0
1551398469 0
1551398470 0
1551398471 0
1551398472 0
1551398473 0
1551398474 0
1551398475 0
1551398476 0
1551398477 0
1551398478 0
1551398479 0
1551398480 0
1551398481 0
1551398482 0
1551398483 0
1551398484 0
1551398485 0
1551398486 0
1551398487 0
1551398488 0
1551398489 0
1551398490 0
1551398491 0
1551398492 0
1551398493 0
1551398494 0
1551398495 0
1551398496 0
1551398497 0
1551398498 0
1551398499 0
1551398500 0
1551398501 0
1551398502 0
1551398503 0
1551398504 0
1551398505 0
1551398506 0
1551398507 0
1551398508 0
1551398509 0
1551398510 0
1551398511 0
1551398512 0
1551398513 0
1551398514 0
1551398515 0
1551398516 0
1551398517 0
1551398518 0
1551398519 0
1551398520 0
1551398521 0
1551398522 0
1551398523 0
1551398524 0
1551398525 0
1551398526 0
1551398527 0
1551398528 0
1551398529 0
1551398530 0
1551398531 0
1551398532 0
1551398533 0
1551398534 0
1551398535 0
1551398536 0
1551398537 0
1551398538 0
1551398539 0
1551398540 0
1551398541 0
1551398542 0
1551398543 0
1551398544 0
1551398545 0
1551398546 0
1551398547 0
1551398548 0
1551398549 0
1551398550 0
1551398551 0
1551398552 0
1551398553 0
1551398554 0
1551398555 0
1551398556 0
1551398557 0
1551398558 0
1551398559 0
1551398560 0
1551398561 0
1551398562 0
1551398563 0
1551398564 0
1551398565 0
1551398566 0
1551398567 0
1551398568 0
1551398569 0
1551398570 0
1551398571 0
1551398572 0
1551398573 0
1551398574 0
1551398575 0
1551398576 0
1551398577 0
1551398578 0
1551398579 0
1551398580 0
1551398581 0
1551398582 0
1551398583 0
1551398584 0
1551398585 0
1551398586 0
1551398587 0
1551398588 0
1551398589 0
1551398590 0
1551398591 0
1551398592 0
1551398593 0
1551398594 0
1551398595 0
1551398596 0
1551398597 0
1551398598 0
1551398599 0
1551398600 0
1551398601 0
1551398602 0
1551398603 0
1551398604 0
1551398605 0
1551398606 0
1551398607 0
1551398608 0
1551398609 0
1551398610 0
1551398611 0
1551398612 0
1551398613 0
1551398614 0
1551398615 0
1551398616 0
1551398617 0
1551398618 0
1551398619 0
1551398620 0
1551398621 0
1551398622 0
1551398623 0
1551398624 0
1551398625 0
1551398626 0
1551398627 0
1551398628 0
1551398629 0
1551398630 0
1551398631 0
1551398632 0
1551398633 0
1551398634 0
1551398635 0
1551398636 0
1551398637 0
1551398638 0
1551398639 0
1551398640 0
1551398641 0
1551398642 0
1551398643 0
1551398644 0
1551398645 0
1551398646 0
1551398647 0
1551398648 0
1551398649 0
1551398650 0
1551398651 0
1551398652 0
1551398653 0
1551398654 0
1551398655 0
1551398656 0
1551398657 0
1551398658 0
1551398659 0
1551398660 0
1551398661 0
1551398662 0
1551398663 0
1551398664 0
1551398665 0
1551398666 0
1551398667 0
1551398668 0
1551398669 0
1551398670 0
1551398671 0
1551398672 0
1551398673 0
1551398674 0
1551398675 0
1551398676 0
1551398677 0
1551398678 0
1551398679 0
1551398680 0
1551398681 0
1551398682 0
1551398683 0
1551398684 0
1551398685 0
1551398686 0
1551398687 0
1551398688 0
1551398689 0
1551398690 0
1551398691 0
1551398692 0
1551398693 0
1551398694 0
1551398695 0
1551398696 0
1551398697 0
1551398698 0
1551398699 0
1551398700 0
1551398701 0
1551398702 0
1551398703 0
1551398704 0
1551398705 0
1551398706 0
1551398707 0
1551398708 0
1551398709 0
1551398710 0
1551398711 0
1551398712 0
1551398713 0
1551398714 0
1551398715 0
1551398716 0
1551398717 0
1551398718 0
1551398719 0
1551398720 0
1551398721 0
1551398722 0
1551398723 0
1551398724 0
1551398725 0
1551398726 0
1551398727 0
1551398728 0
1551398729 0
1551398730 0
1551398731 0
1551398732 0
1551398733 0
1551398734 0
1551398735 0
1551398736 0
1551398737 0
1551398738 0
1551398739 0
1551398740 0
1551398741 0
1551398742 0
1551398743 0
1551398744 0
1551398745 0
1551398746 0
1551398747 0
1551398748 0
1551398749 0
1551398750 0
1551398751 0
1551398752 0
1551398753 0
1551398754 0
1551398755 0
1551398756 0
1551398757 0
1551398758 0
1551398759 0
1551398760 0
1551398761 0
1551398762 0
1551398763 0
1551398764 0
1551398765 0
1551398766 0
1551398767 0
1551398768 0
1551398769 0
1551398770 0
1551398771 0
1551398772 0
1551398773 0
1551398774 0
1551398775 0
1551398776 0
1551398777 0
1551398778 0
1551398779 0
1551398780 0
1551398781 0
1551398782 0
1551398783 0
1551398784 0
1551398785 0
1551398786 0
1551398787 0
1551398788 0
1551398789 0
1551398790 0
1551398791 0
1551398792 0
1551398793 0
1551398794 0
1551398795 0
1551398796 0
1551398797 0
1551398798 0
1551398799 0
1551398800 0
1551398801 0
1551398802 0
1551398803 0
1551398804 0
1551398805 0
1551398806 0
1551398807 0
1551398808 0
1551398809 0
1551398810 0
1551398811 0
1551398812 0
1551398813 0
1551398814 0
1551398815 0
1551398816 0
1551398817 0
1551398818 0
1551398819 0
1551398820 0
1551398821 0
1551398822 0
1551398823 0
1551398824 0
1551398825 0
1551398826 0
1551398827 0
1551398828 0
1551398829 0
1551398830 0
1551398831 0
1551398832 0
1551398833 0
1551398834 0
1551398835 0
1551398836 0
1551398837 0
1551398838 0
1551398839 0
1551398840 0
1551398841 0
1551398842 0
1551398843 0
1551398844 0
1551398845 0
1551398846 0
1551398847 0
1551398848 0
1551398849 0
1551398850 0
1551398851 0
1551398852 0
1551398853 0
1551398854 0
1551398855 0
1551398856 0
1551398857 0
1551398858 0
1551398859 0
1551398860 0
1551398861 0
1551398862 0
1551398863 0
1551398864 0
1551398865 0
1551398866 0
1551398867 0
1551398868 0
1551398869 0
1551398870 0
1551398871 0
1551398872 0
1551398873 0
1551398874 0
1551398875 0
1551398876 0
1551398877 0
1551398878 0
1551398879 0
1551398880 0
1551398881 0
1551398882 0
1551398883 0
1551398884 0
1551398885 0
1551398886 0
1551398887 0
1551398888 0
1551398889 0
1551398890 0
1551398891 0
1551398892 0
1551398893 0
1551398894 0
1551398895 0
1551398896 0
1551398897 0
1551398898 0
1551398899 0
1551398900 0
1551398901 0
1551398902 0
1551398903 0
1551398904 0
1551398905 0
1551398906 0
1551398907 0
1551398908 0
1551398909 0
1551398910 0
1551398911 0
1551398912 0
1551398913 0
1551398914 0
1551398915 0
1551398916 0
1551398917 0
1551398918 0
1551398919 0
1551398920 0
1551398921 0
1551398922 0
1551398923 0
1551398924 0
1551398925 0
1551398926 0
1551398927 0
1551398928 0
1551398929 0
1551398930 0
1551398931 0
1551398932 0
1551398933 0
1551398934 0
1551398935 0
1551398936 0
1551398937 0
1551398938 0
1551398939 0
1551398940 0
1551398941 0
1551398942 0
1551398943 0
1551398944 0
1551398945 0
1551398946 0
1551398947 0
1551398948 0
1551398949 0
1551398950 0
1551398951 0
1551398952 0
1551398953 0
1551398954 0
1551398955 0
1551398956 0
1551398957 0
1551398958 0
1551398959 0
1551398960 0
1551398961 0
1551398962 0
1551398963 0
1551398964 0
1551398965 0
1551398966 0
1551398967 0
1551398968 0
1551398969 0
1551398970 0
1551398971 0
1551398972 0
1551398973 0
1551398974 0
1551398975 0
1551398976 0
1551398977 0
1551398978 0
1551398979 0
1551398980 0
1551398981 0
1551398982 0
1551398983 0
1551398984 0
1551398985 0
1551398986 0
1551398987 0
1551398988 0
1551398989 0
1551398990 0
1551398991 0
1551398992 0
1551398993 0
1551398994 0
1551398995 0
1551398996 0
1551398997 0
1551398998 0
1551398999 0
1551399000 0
1551399001 0
1551399002 0
1551399003 0
1551399004 0
1551399005 0
1551399006 0
1551399007 0
1551399008 0
1551399009 0
1551399010 0
1551399011 0
1551399012 0
1551399013 0
1551399014 0
1551399015 0
1551399016 0
1551399017 0
1551399018 0
1551399019 0
1551399020 0
1551399021 0
1551399022 0
1551399023 0
1551399024 0
1551399025 0
1551399026 0
1551399027 0
1551399028 0
1551399029 0
1551399030 0
1551399031 0
1551399032 0
1551399033 0
1551399034 0
1551399035 0
1551399036 0
1551399037 0
1551399038 0
1551399039 0
1551399040 0
1551399041 0
1551399042 0
1551399043 0
1551399044 0
1551399045 0
1551399046 0
1551399047 0
1551399048 0
1551399049 0
1551399050 0
1551399051 0
1551399052 0
1551399053 0
1551399054 0
1551399055 0
1551399056 0
1551399057 0
1551399058 0
1551399059 0
1551399060 0
1551399061 0
1551399062 0
1551399063 0
1551399064 0
1551399065 0
1551399066 0
1551399067 0
1551399068 0
1551399069 0
1551399070 0
1551399071 0
1551399072 0
1551399073 0
1551399074 0
1551399075 0
1551399076 0
1551399077 0
1551399078 0
1551399079 0
1551399080 0
1551399081 0
1551399082 0
1551399083 0
1551399084 0
1551399085 0
1551399086 0
1551399087 0
1551399088 0
1551399089 0
1551399090 0
1551399091 0
1551399092 0
1551399093 0
1551399094 0
1551399095 0
1551399096 0
1551399097 0
1551399098 0
1551399099 0
1551399100 0
1551399101 0
1551399102 0
1551399103 0
1551399104 0
1551399105 0
1551399106 0
1551399107 0
1551399108 0
1551399109 0
1551399110 0
1551399111 0
1551399112 0
1551399113 0
1551399114 0
1551399115 0
1551399116 0
1551399117 0
1551399118 0
1551399119 0
1551399120 0
1551399121 0
1551399122 0
1551399123 0
1551399124 0
1551399125 0
1551399126 0
1551399127 0
1551399128 0
1551399129 0
1551399130 0
1551399131 0
1551399132 0
1551399133 0
1551399134 0
1551399135 0
1551399136 0
1551399137 0
1551399138 0
1551399139 0
1551399140 0
1551399141 0
1551399142 0
1551399143 0
1551399144 0
1551399145 0
1551399146 0
1551399147 0
1551399148 0
1551399149 0
1551399150 0
1551399151 0
1551399152 0
1551399153 0
1551399154 0
1551399155 0
1551399156 0
1551399157 0
1551399158 0
1551399159 0
1551399160 0
1551399161 0
1551399162 0
1551399163 0
1551399164 0
1551399165 0
1551399166 0
1551399167 0
1551399168 0
1551399169 0
1551399170 0
1551399171 0
1551399172 0
1551399173 0
1551399174 0
1551399175 0
1551399176 0
1551399177 0
1551399178 0
1551399179 0
1551399180 0
1551399181 0
1551399182 0
1551399183 0
1551399184 0
1551399185 0
1551399186 0
1551399187 0
1551399188 0
1551399189 0
1551399190 0
1551399191 0
1551399192 0
1551399193 0
1551399194 0
1551399195 0
1551399196 0
1551399197 0
1551399198 0
1551399199 0
1551399200 0
1551399201 0
1551399202 0
1551399203 0
1551399204 0
1551399205 0
1551399206 0
1551399207 0
1551399208 0
1551399209 0
1551399210 0
1551399211 0
1551399212 0
1551399213 0
1551399214 0
1551399215 0
1551399216 0
1551399217 0
1551399218 0
1551399219 0
1551399220 0
1551399221 0
1551399222 0
1551399223 0
1551399224 0
1551399225 0
1551399226 0
1551399227 0
1551399228 0
1551399229 0
1551399230 0
1551399231 0
1551399232 0
1551399233 0
1551399234 0
1551399235 0
1551399236 0
1551399237 0
1551399238 0
1551399239 0
1551399240 0
1551399241 0
1551399242 0
1551399243 0
1551399244 0
1551399245 0
1551399246 0
1551399247 0
1551399248 0
1551399249 0
1551399250 0
1551399251 0
1551399252 0
1551399253 0
1551399254 0
1551399255 0
1551399256 0
1551399257 0
1551399258 0
1551399259 0
1551399260 0
1551399261 0
1551399262 0
1551399263 0
1551399264 0
1551399265 0
1551399266 0
1551399267 0
1551399268 0
1551399269 0
1551399270 0
1551399271 0
1551399272 0
1551399273 0
1551399274 0
1551399275 0
1551399276 0
1551399277 0
1551399278 0
1551399279 0
1551399280 0
1551399281 0
1551399282 0
1551399283 0
1551399284 0
1551399285 0
1551399286 0
1551399287 0
1551399288 0
1551399289 0
1551399290 0
1551399291 0
1551399292 0
1551399293 0
1551399294 0
1551399295 0
1551399296 0
1551399297 0
1551399298 0
1551399299 0
1551399300 0
1551399301 0
1551399302 0
1551399303 0
1551399304 0
1551399305 0
1551399306 0
1551399307 0
1551399308 0
1551399309 0
1551399310 0
1551399311 0
1551399312 0
1551399313 0
1551399314 0
1551399315 0
1551399316 0
1551399317 0
1551399318 0
1551399319 0
1551399320 0
1551399321 0
1551399322 0
1551399323 0
1551399324 0
1551399325 0
1551399326 0
1551399327 0
1551399328 0
1551399329 0
1551399330 0
1551399331 0
1551399332 0
1551399333 0
1551399334 0
1551399335 0
1551399336 0
1551399337 0
1551399338 0
1551399339 0
1551399340 0
1551399341 0
1551399342 0
1551399343 0
1551399344 0
1551399345 0
1551399346 0
1551399347 0
1551399348 0
1551399349 0
1551399350 0
1551399351 0
1551399352 0
1551399353 0
1551399354 0
1551399355 0
1551399356 0
1551399357 0
1551399358 0
1551399359 0
1551399360 0
1551399361 0
1551399362 0
1551399363 0
1551399364 0
1551399365 0
1551399366 0
1551399367 0
1551399368 0
1551399369 0
1551399370 0
1551399371 0
1551399372 0
1551399373 0
1551399374 0
1551399375 0
1551399376 0
1551399377 0
1551399378 0
1551399379 0
1551399380 0
1551399381 0
1551399382 0
1551399383 0
1551399384 0
1551399385 0
1551399386 0
1551399387 0
1551399388 0
1551399389 0
1551399390 0
1551399391 0
1551399392 0
1551399393 0
1551399394 0
1551399395 0
1551399396 0
1551399397 0
1551399398 0
1551399399 0
1551399400 0
1551399401 0
1551399402 0
1551399403 0
1551399404 0
1551399405 0
1551399406 0
1551399407 0
1551399408 0
1551399409 0
1551399410 0
1551399411 0
1551399412 0
1551399413 0
1551399414 0
1551399415 0
1551399416 0
1551399417 0
1551399418 0
1551399419 0
1551399420 0
1551399421 0
1551399422 0
1551399423 0
1551399424 0
1551399425 0
1551399426 0
1551399427 0
1551399428 0
1551399429 0
1551399430 0
1551399431 0
1551399432 0
1551399433 0
1551399434 0
1551399435 0
1551399436 0
1551399437 0
1551399438 0
1551399439 0
1551399440 0
1551399441 0
1551399442 0
1551399443 0
1551399444 0
1551399445 0
1551399446 0
1551399447 0
1551399448 0
1551399449 0
1551399450 0
1551399451 0
1551399452 0
1551399453 0
1551399454 0
1551399455 0
1551399456 0
1551399457 0
1551399458 0
1551399459 0
1551399460 0
1551399461 0
1551399462 0
1551399463 0
1551399464 0
1551399465 0
1551399466 0
1551399467 0
1551399468 0
1551399469 0
1551399470 0
1551399471 0
1551399472 0
1551399473 0
1551399474 0
1551399475 0
1551399476 0
1551399477 0
1551399478 0
1551399479 0
1551399480 0
1551399481 0
1551399482 0
1551399483 0
1551399484 0
1551399485 0
1551399486 0
1551399487 0
1551399488 0
1551399489 0
1551399490 0
1551399491 0
1551399492 0
1551399493 0
1551399494 0
1551399495 0
1551399496 0
1551399497 0
1551399498 0
1551399499 0
1551399500 0
1551399501 0
1551399502 0
1551399503 0
1551399504 0
1551399505 0
1551399506 0
1551399507 0
1551399508 0
1551399509 0
1551399510 0
1551399511 0
1551399512 0
1551399513 0
1551399514 0
1551399515 0
1551399516 0
1551399517 0
1551399518 0
1551399519 0
1551399520 0
1551399521 0
1551399522 0
1551399523 0
1551399524 0
1551399525 0
1551399526 0
1551399527 0
1551399528 0
1551399529 0
1551399530 0
1551399531 0
1551399532 0
1551399533 0
1551399534 0
1551399535 0
1551399536 0
1551399537 0
1551399538 0
1551399539 0
1551399540 0
1551399541 0
1551399542 0
1551399543 0
1551399544 0
1551399545 0
1551399546 0
1551399547 0
1551399548 0
1551399549 0
1551399550 0
1551399551 0
1551399552 0
1551399553 0
1551399554 0
1551399555 0
1551399556 0
1551399557 0
1551399558 0
1551399559 0
1551399560 0
1551399561 0
1551399562 0
1551399563 0
1551399564 0
1551399565 0
1551399566 0
1551399567 0
1551399568 0
1551399569 0
1551399570 0
1551399571 0
1551399572 0
1551399573 0
1551399574 0
1551399575 0
1551399576 0
1551399577 0
1551399578 0
1551399579 0
1551399580 0
1551399581 0
1551399582 0
1551399583 0
1551399584 0
1551399585 0
1551399586 0
1551399587 0
1551399588 0
1551399589 0
1551399590 0
1551399591 0
1551399592 0
1551399593 0
1551399594 0
1551399595 0
1551399596 0
1551399597 0
1551399598 0
1551399599 0
1551399600 0
1551399601 0
1551399602 0
1551399603 0
1551399604 0
1551399605 0
1551399606 0
1551399607 0
1551399608 0
1551399609 0
1551399610 0
1551399611 0
1551399612 0
1551399613 0
1551399614 0
1551399615 0
1551399616 0
1551399617 0
1551399618 0
1551399619 0
1551399620 0
1551399621 0
1551399622 0
1551399623 0
1551399624 0
1551399625 0
1551399626 0
1551399627 0
1551399628 0
1551399629 0
1551399630 0
1551399631 0
1551399632 0
1551399633 0
1551399634 0
1551399635 0
1551399636 0
1551399637 0
1551399638 0
1551399639 0
1551399640 0
1551399641 0
1551399642 0
1551399643 0
1551399644 0
1551399645 0
1551399646 0
1551399647 0
1551399648 0
1551399649 0
1551399650 0
1551399651 0
1551399652 0
1551399653 0
1551399654 0
1551399655 0
1551399656 0
1551399657 0
1551399658 0
1551399659 0
1551399660 0
1551399661 0
1551399662 0
1551399663 0
1551399664 0
1551399665 0
1551399666 0
1551399667 0
1551399668 0
1551399669 0
1551399670 0
1551399671 0
1551399672 0
1551399673 0
1551399674 0
1551399675 0
1551399676 0
1551399677 0
1551399678 0
1551399679 0
1551399680 0
1551399681 0
1551399682 0
1551399683 0
1551399684 0
1551399685 0
1551399686 0
1551399687 0
1551399688 0
1551399689 0
1551399690 0
1551399691 0
1551399692 0
1551399693 0
1551399694 0
1551399695 0
1551399696 0
1551399697 0
1551399698 0
1551399699 0
1551399700 0
1551399701 0
1551399702 0
1551399703 0
1551399704 0
1551399705 0
1551399706 0
1551399707 0
1551399708 0
1551399709 0
1551399710 0
1551399711 0
1551399712 0
1551399713 0
1551399714 0
1551399715 0
1551399716 0
1551399717 0
1551399718 0
1551399719 0
1551399720 0
1551399721 0
1551399722 0
1551399723 0
1551399724 0
1551399725 0
1551399726 0
1551399727 0
1551399728 0
1551399729 0
1551399730 0
1551399731 0
1551399732 0
1551399733 0
1551399734 0
1551399735 0
1551399736 0
1551399737 0
1551399738 0
1551399739 0
1551399740 0
1551399741 0
1551399742 0
1551399743 0
1551399744 0
1551399745 0
1551399746 0
1551399747 0
1551399748 0
1551399749 0
1551399750 0
1551399751 0
1551399752 0
1551399753 0
1551399754 0
1551399755 0
1551399756 0
1551399757 0
1551399758 0
1551399759 0
1551399760 0
1551399761 0
1551399762 0
1551399763 0
1551399764 0
1551399765 0
1551399766 0
1551399767 0
1551399768 0
1551399769 0
1551399770 0
1551399771 0
1551399772 0
1551399773 0
1551399774 0
1551399775 0
1551399776 0
1551399777 0
1551399778 0
1551399779 0
1551399780 0
1551399781 0
1551399782 0
1551399783 0
1551399784 0
1551399785 0
1551399786 0
1551399787 0
1551399788 0
1551399789 0
1551399790 0
1551399791 0
1551399792 0
1551399793 0
1551399794 0
1551399795 0
1551399796 0
1551399797 0
1551399798 0
1551399799 0
1551399800 0
1551399801 0
1551399802 0
1551399803 0
1551399804 0
1551399805 0
1551399806 0
1551399807 0
1551399808 0
1551399809 0
1551399810 0
1551399811 0
1551399812 0
1551399813 0
1551399814 0
1551399815 0
1551399816 0
1551399817 0
1551399818 0
1551399819 0
1551399820 0
1551399821 0
1551399822 0
1551399823 0
1551399824 0
1551399825 0
1551399826 0
1551399827 0
1551399828 0
1551399829 0
1551399830 0
1551399831 0
1551399832 0
1551399833 0
1551399834 0
1551399835 0
1551399836 0
1551399837 0
1551399838 0
1551399839 0
1551399840 0
1551399841 0
1551399842 0
1551399843 0
1551399844 0
1551399845 0
1551399846 0
1551399847 0
1551399848 0
1551399849 0
1551399850 0
1551399851 0
1551399852 0
1551399853 0
1551399854 0
1551399855 0
1551399856 0
1551399857 0
1551399858 0
1551399859 0
1551399860 0
1551399861 0
1551399862 0
1551399863 0
1551399864 0
1551399865 0
1551399866 0
1551399867 0
1551399868 0
1551399869 0
1551399870 0
1551399871 0
1551399872 0
1551399873 0
1551399874 0
1551399875 0
1551399876 0
1551399877 0
1551399878 0
1551399879 0
1551399880 0
1551399881 0
1551399882 0
1551399883 0
1551399884 0
1551399885 0
1551399886 0
1551399887 0
1551399888 0
1551399889 0
1551399890 0
1551399891 0
1551399892 0
1551399893 0
1551399894 0
1551399895 0
1551399896 0
1551399897 0
1551399898 0
1551399899 0
1551399900 0
1551399901 0
1551399902 0
1551399903 0
1551399904 0
1551399905 0
1551399906 0
1551399907 0
1551399908 0
1551399909 0
1551399910 0
1551399911 0
1551399912 0
1551399913 0
1551399914 0
1551399915 0
1551399916 0
1551399917 0
1551399918 0
1551399919 0
1551399920 0
1551399921 0
1551399922 0
1551399923 0
1551399924 0
1551399925 0
1551399926 0
1551399927 0
1551399928 0
1551399929 0
1551399930 0
1551399931 0
1551399932 0
1551399933 0
1551399934 0
1551399935 0
1551399936 0
1551399937 0
1551399938 0
1551399939 0
1551399940 0
1551399941 0
1551399942 0
1551399943 0
1551399944 0
1551399945 0
1551399946 0
1551399947 0
1551399948 0
1551399949 0
1551399950 0
1551399951 0
1551399952 0
1551399953 0
1551399954 0
1551399955 0
1551399956 0
1551399957 0
1551399958 0
1551399959 0
1551399960 0
1551399961 0
1551399962 0
1551399963 0
1551399964 0
1551399965 0
1551399966 0
1551399967 0
1551399968 0
1551399969 0
1551399970 0
1551399971 0
1551399972 0
1551399973 0
1551399974 0
1551399975 0
1551399976 0
1551399977 0
1551399978 0
1551399979 0
1551399980 0
1551399981 0
1551399982 0
1551399983 0
1551399984 0
1551399985 0
1551399986 0
1551399987 0
1551399988 0
1551399989 0
1551399990 0
1551399991 0
1551399992 0
1551399993 0
1551399994 0
1551399995 0
1551399996 0
1551399997 0
1551399998 0
1551399999 0
1551400000 0
1551400001 0
1551400002 0
1551400003 0
1551400004 0
1551400005 0
1551400006 0
1551400007 0
1551400008 0
1551400009 0
1551400010 0
1551400011 0
1551400012 0
1551400013 0
1551400014 0
1551400015 0
1551400016 0
1551400017 0
1551400018 0
1551400019 0
1551400020 0
1551400021 0
1551400022 0
1551400023 0
1551400024 0
1551400025 0
1551400026 0
1551400027 0
1551400028 0
1551400029 0
1551400030 0
1551400031 0
1551400032 0
1551400033 0
1551400034 0
1551400035 0
1551400036 0
1551400037 0
1551400038 0
1551400039 0
1551400040 0
1551400041 0
1551400042 0
1551400043 0
1551400044 0
1551400045 0
1551400046 0
1551400047 0
1551400048 0
1551400049 0
1551400050 0
1551400051 0
1551400052 0
1551400053 0
1551400054 0
1551400055 0
1551400056 0
1551400057 0
1551400058 0
1551400059 0
1551400060 0
1551400061 0
1551400062 0
1551400063 0
1551400064 0
1551400065 0
1551400066 0
1551400067 0
1551400068 0
1551400069 0
1551400070 0
1551400071 0
1551400072 0
1551400073 0
1551400074 0
1551400075 0
1551400076 0
1551400077 0
1551400078 0
1551400079 0
1551400080 0
1551400081 0
1551400082 0
1551400083 0
1551400084 0
1551400085 0
1551400086 0
1551400087 0
1551400088 0
1551400089 0
1551400090 0
1551400091 0
1551400092 0
1551400093 0
1551400094 0
1551400095 0
1551400096 0
1551400097 0
1551400098 0
1551400099 0
1551400100 0
1551400101 0
1551400102 0
1551400103 0
1551400104 0
1551400105 0
1551400106 0
1551400107 0
1551400108 0
1551400109 0
1551400110 0
1551400111 0
1551400112 0
1551400113 0
1551400114 0
1551400115 0
1551400116 0
1551400117 0
1551400118 0
1551400119 0
1551400120 0
1551400121 0
1551400122 0
1551400123 0
1551400124 0
1551400125 0
1551400126 0
1551400127 0
1551400128 0
1551400129 0
1551400130 0
1551400131 0
1551400132 0
1551400133 0
1551400134 0
1551400135 0
1551400136 0
1551400137 0
1551400138 0
1551400139 0
1551400140 0
1551400141 0
1551400142 0
1551400143 0
1551400144 0
1551400145 0
1551400146 0
1551400147 0
1551400148 0
1551400149 0
1551400150 0
1551400151 0
1551400152 0
1551400153 0
1551400154 0
1551400155 0
1551400156 0
1551400157 0
1551400158 0
1551400159 0
1551400160 0
1551400161 0
1551400162 0
1551400163 0
1551400164 0
1551400165 0
1551400166 0
1551400167 0
1551400168 0
1551400169 0
1551400170 0
1551400171 0
1551400172 0
1551400173 0
1551400174 0
1551400175 0
1551400176 0
1551400177 0
1551400178 0
1551400179 0
1551400180 0
1551400181 0
1551400182 0
1551400183 0
1551400184 0
1551400185 0
1551400186 0
1551400187 0
1551400188 0
1551400189 0
1551400190 0
1551400191 0
1551400192 0
1551400193 0
1551400194 0
1551400195 0
1551400196 0
1551400197 0
1551400198 0
1551400199 0
1551400200 0
1551400201 0
1551400202 0
1551400203 0
1551400204 0
1551400205 0
1551400206 0
1551400207 0
1551400208 0
1551400209 0
1551400210 0
1551400211 0
1551400212 0
1551400213 0
1551400214 0
1551400215 0
1551400216 0
1551400217 0
1551400218 0
1551400219 0
1551400220 0
1551400221 0
1551400222 0
1551400223 0
1551400224 0
1551400225 0
1551400226 0
1551400227 0
1551400228 0
1551400229 0
1551400230 0
1551400231 0
1551400232 0
1551400233 0
1551400234 0
1551400235 0
1551400236 0
1551400237 0
1551400238 0
1551400239 0
1551400240 0
1551400241 0
1551400242 0
1551400243 0
1551400244 0
1551400245 0
1551400246 0
1551400247 0
1551400248 0
1551400249 0
1551400250 0
1551400251 0
1551400252 0
1551400253 0
1551400254 0
1551400255 0
1551400256 0
1551400257 0
1551400258 0
1551400259 0
1551400260 0
1551400261 0
1551400262 0
1551400263 0
1551400264 0
1551400265 0
1551400266 0
1551400267 0
1551400268 0
1551400269 0
1551400270 0
1551400271 0
1551400272 0
1551400273 0
1551400274 0
1551400275 0
1551400276 0
1551400277 0
1551400278 0
1551400279 0
1551400280 0
1551400281 0
1551400282 0
1551400283 0
1551400284 0
1551400285 0
1551400286 0
1551400287 0
1551400288 0
1551400289 0
1551400290 0
1551400291 0
1551400292 0
1551400293 0
1551400294 0
1551400295 0
1551400296 0
1551400297 0
1551400298 0
1551400299 0
1551400300 0
1551400301 0
1551400302 0
1551400303 0
1551400304 0
1551400305 0
1551400306 0
1551400307 0
1551400308 0
1551400309 0
1551400310 0
1551400311 0
1551400312 0
1551400313 0
1551400314 0
1551400315 0
1551400316 0
1551400317 0
1551400318 0
1551400319 0
1551400320 0
1551400321 0
1551400322 0
1551400323 0
1551400324 0
1551400325 0
1551400326 0
1551400327 0
1551400328 0
1551400329 0
1551400330 0
1551400331 0
1551400332 0
1551400333 0
1551400334 0
1551400335 0
1551400336 0
1551400337 0
1551400338 0
1551400339 0
1551400340 0
1551400341 0
1551400342 0
1551400343 0
1551400344 0
1551400345 0
1551400346 0
1551400347 0
1551400348 0
1551400349 0
1551400350 0
1551400351 0
1551400352 0
1551400353 0
1551400354 0
1551400355 0
1551400356 0
1551400357 0
1551400358 0
1551400359 0
1551400360 0
1551400361 0
1551400362 0
1551400363 0
1551400364 0
1551400365 0
1551400366 0
1551400367 0
1551400368 0
1551400369 0
1551400370 0
1551400371 0
1551400372 0
1551400373 0
1551400374 0
1551400375 0
1551400376 0
1551400377 0
1551400378 0
1551400379 0
1551400380 0
1551400381 0
1551400382 0
1551400383 0
1551400384 0
1551400385 0
1551400386 0
1551400387 0
1551400388 0
1551400389 0
1551400390 0
1551400391 0
1551400392 0
1551400393 0
1551400394 0
1551400395 0
1551400396 0
1551400397 0
1551400398 0
1551400399 0
1551400400 0
1551400401 0
1551400402 0
1551400403 0
1551400404 0
1551400405 0
1551400406 0
1551400407 0
1551400408 0
1551400409 0
1551400410 0
1551400411 0
1551400412 0
1551400413 0
1551400414 0
1551400415 0
1551400416 0
1551400417 0
1551400418 0
1551400419 0
1551400420 0
1551400421 0
1551400422 0
1551400423 0
1551400424 0
1551400425 0
1551400426 0
1551400427 0
1551400428 0
1551400429 0
1551400430 0
1551400431 0
1551400432 0
1551400433 0
1551400434 0
1551400435 0
1551400436 0
1551400437 0
1551400438 0
1551400439 0
1551400440 0
1551400441 0
1551400442 0
1551400443 0
1551400444 0
1551400445 0
1551400446 0
1551400447 0
1551400448 0
1551400449 0
1551400450 0
1551400451 0
1551400452 0
1551400453 0
1551400454 0
1551400455 0
1551400456 0
1551400457 0
1551400458 0
1551400459 0
1551400460 0
1551400461 0
1551400462 0
1551400463 0
1551400464 0
1551400465 0
1551400466 0
1551400467 0
1551400468 0
1551400469 0
1551400470 0
1551400471 0
1551400472 0
1551400473 0
1551400474 0
1551400475 0
1551400476 0
1551400477 0
1551400478 0
1551400479 0
1551400480 0
1551400481 0
1551400482 0
1551400483 0
1551400484 0
1551400485 0
1551400486 0
1551400487 0
1551400488 0
1551400489 0
1551400490 0
1551400491 0
1551400492 0
1551400493 0
1551400494 0
1551400495 0
1551400496 0
1551400497 0
1551400498 0
1551400499 0
1551400500 0
1551400501 0
1551400502 0
1551400503 0
1551400504 0
1551400505 0
1551400506 0
1551400507 0
1551400508 0
1551400509 0
1551400510 0
1551400511 0
1551400512 0
1551400513 0
1551400514 0
1551400515 0
1551400516 0
1551400517 0
1551400518 0
1551400519 0
1551400520 0
1551400521 0
1551400522 0
1551400523 0
1551400524 0
1551400525 0
1551400526 0
1551400527 0
1551400528 0
1551400529 0
1551400530 0
1551400531 0
1551400532 0
1551400533 0
1551400534 0
1551400535 0
1551400536 0
1551400537 0
1551400538 0
1551400539 0
1551400540 0
1551400541 0
1551400542 0
1551400543 0
1551400544 0
1551400545 0
1551400546 0
1551400547 0
1551400548 0
1551400549 0
1551400550 0
1551400551 0
1551400552 0
1551400553 0
1551400554 0
1551400555 0
1551400556 0
1551400557 0
1551400558 0
1551400559 0
1551400560 0
1551400561 0
1551400562 0
1551400563 0
1551400564 0
1551400565 0
1551400566 0
1551400567 0
1551400568 0
1551400569 0
1551400570 0
1551400571 0
1551400572 0
1551400573 0
1551400574 0
1551400575 0
1551400576 0
1551400577 0
1551400578 0
1551400579 0
1551400580 0
1551400581 0
1551400582 0
1551400583 0
1551400584 0
1551400585 0
1551400586 0
1551400587 0
1551400588 0
1551400589 0
1551400590 0
1551400591 0
1551400592 0
1551400593 0
1551400594 0
1551400595 0
1551400596 0
1551400597 0
1551400598 0
1551400599 0
1551400600 0
1551400601 0
1551400602 0
1551400603 0
1551400604 0
1551400605 0
1551400606 0
1551400607 0
1551400608 0
1551400609 0
1551400610 0
1551400611 0
1551400612 0
1551400613 0
1551400614 0
1551400615 0
1551400616 0
1551400617 0
1551400618 0
1551400619 0
1551400620 0
1551400621 0
1551400622 0
1551400623 0
1551400624 0
1551400625 0
1551400626 0
1551400627 0
1551400628 0
1551400629 0
1551400630 0
1551400631 0
1551400632 0
1551400633 0
1551400634 0
1551400635 0
1551400636 0
1551400637 0
1551400638 0
1551400639 0
1551400640 0
1551400641 0
1551400642 0
1551400643 0
1551400644 0
1551400645 0
1551400646 0
1551400647 0
1551400648 0
1551400649 0
1551400650 0
1551400651 0
1551400652 0
1551400653 0
1551400654 0
1551400655 0
1551400656 0
1551400657 0
1551400658 0
1551400659 0
1551400660 0
1551400661 0
1551400662 0
1551400663 0
1551400664 0
1551400665 0
1551400666 0
1551400667 0
1551400668 0
1551400669 0
1551400670 0
1551400671 0
1551400672 0
1551400673 0
1551400674 0
1551400675 0
1551400676 0
1551400677 0
1551400678 0
1551400679 0
1551400680 0
1551400681 0
1551400682 0
1551400683 0
1551400684 0
1551400685 0
1551400686 0
1551400687 0
1551400688 0
1551400689 0
1551400690 0
1551400691 0
1551400692 0
1551400693 0
1551400694 0
1551400695 0
1551400696 0
1551400697 0
1551400698 0
1551400699 0
1551400700 0
1551400701 0
1551400702 0
1551400703 0
1551400704 0
1551400705 0
1551400706 0
1551400707 0
1551400708 0
1551400709 0
1551400710 0
1551400711 0
1551400712 0
1551400713 0
1551400714 0
1551400715 0
1551400716 0
1551400717 0
1551400718 0
1551400719 0
1551400720 0
1551400721 0
1551400722 0
1551400723 0
1551400724 0
1551400725 0
1551400726 0
1551400727 0
1551400728 0
1551400729 0
1551400730 0
1551400731 0
1551400732 0
1551400733 0
1551400734 0
1551400735 0
1551400736 0
1551400737 0
1551400738 0
1551400739 0
1551400740 0
1551400741 0
1551400742 0
1551400743 0
1551400744 0
1551400745 0
1551400746 0
1551400747 0
1551400748 0
1551400749 0
1551400750 0
1551400751 0
1551400752 0
1551400753 0
1551400754 0
1551400755 0
1551400756 0
1551400757 0
1551400758 0
1551400759 0
1551400760 0
1551400761 0
1551400762 0
1551400763 0
1551400764 0
1551400765 0
1551400766 0
1551400767 0
1551400768 0
1551400769 0
1551400770 0
1551400771 0
1551400772 0
1551400773 0
1551400774 0
1551400775 0
1551400776 0
1551400777 0
1551400778 0
1551400779 0
1551400780 0
1551400781 0
1551400782 0
1551400783 0
1551400784 0
1551400785 0
1551400786 0
1551400787 0
1551400788 0
1551400789 0
1551400790 0
1551400791 0
1551400792 0
1551400793 0
1551400794 0
1551400795 0
1551400796 0
1551400797 0
1551400798 0
1551400799 0
1551400800 0
1551400801 0
1551400802 0
1551400803 0
1551400804 0
1551400805 0
1551400806 0
1551400807 0
1551400808 0
1551400809 0
1551400810 0
1551400811 0
1551400812 0
1551400813 0
1551400814 0
1551400815 0
1551400816 0
1551400817 0
1551400818 0
1551400819 0
1551400820 0
1551400821 0
1551400822 0
1551400823 0
1551400824 0
1551400825 0
1551400826 0
1551400827 0
1551400828 0
1551400829 0
1551400830 0
1551400831 0
1551400832 0
1551400833 0
1551400834 0
1551400835 0
1551400836 0
1551400837 0
1551400838 0
1551400839 0
1551400840 0
1551400841 0
1551400842 0
1551400843 0
1551400844 0
1551400845 0
1551400846 0
1551400847 0
1551400848 0
1551400849 0
1551400850 0
1551400851 0
1551400852 0
1551400853 0
1551400854 0
1551400855 0
1551400856 0
1551400857 0
1551400858 0
1551400859 0
1551400860 0
1551400861 0
1551400862 0
1551400863 0
1551400864 0
1551400865 0
1551400866 0
1551400867 0
1551400868 0
1551400869 0
1551400870 0
1551400871 0
1551400872 0
1551400873 0
1551400874 0
1551400875 0
1551400876 0
1551400877 0
1551400878 0
1551400879 0
1551400880 0
1551400881 0
1551400882 0
1551400883 0
1551400884 0
1551400885 0
1551400886 0
1551400887 0
1551400888 0
1551400889 0
1551400890 0
1551400891 0
1551400892 0
1551400893 0
1551400894 0
1551400895 0
1551400896 0
1551400897 0
1551400898 0
1551400899 0
1551400900 0
1551400901 0
1551400902 0
1551400903 0
1551400904 0
1551400905 0
1551400906 0
1551400907 0
1551400908 0
1551400909 0
1551400910 0
1551400911 0
1551400912 0
1551400913 0
1551400914 0
1551400915 0
1551400916 0
1551400917 0
1551400918 0
1551400919 0
1551400920 0
1551400921 0
1551400922 0
1551400923 0
1551400924 0
1551400925 0
1551400926 0
1551400927 0
1551400928 0
1551400929 0
1551400930 0
1551400931 0
1551400932 0
1551400933 0
1551400934 0
1551400935 0
1551400936 0
1551400937 0
1551400938 0
1551400939 0
1551400940 0
1551400941 0
1551400942 0
1551400943 0
1551400944 0
1551400945 0
1551400946 0
1551400947 0
1551400948 0
1551400949 0
1551400950 0
1551400951 0
1551400952 0
1551400953 0
1551400954 0
1551400955 0
1551400956 0
1551400957 0
1551400958 0
1551400959 0
1551400960 0
1551400961 0
1551400962 0
1551400963 0
1551400964 0
1551400965 0
1551400966 0
1551400967 0
1551400968 0
1551400969 0
1551400970 0
1551400971 0
1551400972 0
1551400973 0
1551400974 0
1551400975 0
1551400976 0
1551400977 0
1551400978 0
1551400979 0
1551400980 0
1551400981 0
1551400982 0
1551400983 0
1551400984 0
1551400985 0
1551400986 0
1551400987 0
1551400988 0
1551400989 0
1551400990 0
1551400991 0
1551400992 0
1551400993 0
1551400994 0
1551400995 0
1551400996 0
1551400997 0
1551400998 0
1551400999 0
1551401000 0
1551401001 0
1551401002 0
1551401003 0
1551401004 0
1551401005 0
1551401006 0
1551401007 0
1551401008 0
1551401009 0
1551401010 0
1551401011 0
1551401012 0
1551401013 0
1551401014 0
1551401015 0
1551401016 0
1551401017 0
1551401018 0
1551401019 0
1551401020 0
1551401021 0
1551401022 0
1551401023 0
1551401024 0
1551401025 0
1551401026 0
1551401027 0
1551401028 0
1551401029 0
1551401030 0
1551401031 0
1551401032 0
1551401033 0
1551401034 0
1551401035 0
1551401036 0
1551401037 0
1551401038 0
1551401039 0
1551401040 0
1551401041 0
1551401042 0
1551401043 0
1551401044 0
1551401045 0
1551401046 0
1551401047 0
1551401048 0
1551401049 0
1551401050 0
1551401051 0
1551401052 0
1551401053 0
1551401054 0
1551401055 0
1551401056 0
1551401057 0
1551401058 0
1551401059 0
1551401060 0
1551401061 0
1551401062 0
1551401063 0
1551401064 0
1551401065 0
1551401066 0
1551401067 0
1551401068 0
1551401069 0
1551401070 0
1551401071 0
1551401072 0
1551401073 0
1551401074 0
1551401075 0
1551401076 0
1551401077 0
1551401078 0
1551401079 0
1551401080 0
1551401081 0
1551401082 0
1551401083 0
1551401084 0
1551401085 0
1551401086 0
1551401087 0
1551401088 0
1551401089 0
1551401090 0
1551401091 0
1551401092 0
1551401093 0
1551401094 0
1551401095 0
1551401096 0
1551401097 0
1551401098 0
1551401099 0
1551401100 0
1551401101 0
1551401102 0
1551401103 0
1551401104 0
1551401105 0
1551401106 0
1551401107 0
1551401108 0
1551401109 0
1551401110 0
1551401111 0
1551401112 0
1551401113 0
1551401114 0
1551401115 0
1551401116 0
1551401117 0
1551401118 0
1551401119 0
1551401120 0
1551401121 0
1551401122 0
1551401123 0
1551401124 0
1551401125 0
1551401126 0
1551401127 0
1551401128 0
1551401129 0
1551401130 0
1551401131 0
1551401132 0
1551401133 0
1551401134 0
1551401135 0
1551401136 0
1551401137 0
1551401138 0
1551401139 0
1551401140 0
1551401141 0
1551401142 0
1551401143 0
1551401144 0
1551401145 0
1551401146 0
1551401147 0
1551401148 0
1551401149 0
1551401150 0
1551401151 0
1551401152 0
1551401153 0
1551401154 0
1551401155 0
1551401156 0
1551401157 0
1551401158 0
1551401159 0
1551401160 0
1551401161 0
1551401162 0
1551401163 0
1551401164 0
1551401165 0
1551401166 0
1551401167 0
1551401168 0
1551401169 0
1551401170 0
1551401171 0
1551401172 0
1551401173 0
1551401174 0
1551401175 0
1551401176 0
1551401177 0
1551401178 0
1551401179 0
1551401180 0
1551401181 0
1551401182 0
1551401183 0
1551401184 0
1551401185 0
1551401186 0
1551401187 0
1551401188 0
1551401189 0
1551401190 0
1551401191 0
1551401192 0
1551401193 0
1551401194 0
1551401195 0
1551401196 0
1551401197 0
1551401198 0
1551401199 0
1551401200 0
1551401201 0
1551401202 0
1551401203 0
1551401204 0
1551401205 0
1551401206 0
1551401207 0
1551401208 0
1551401209 0
1551401210 0
1551401211 0
1551401212 0
1551401213 0
1551401214 0
1551401215 0
1551401216 0
1551401217 0
1551401218 0
1551401219 0
1551401220 0
1551401221 0
1551401222 0
1551401223 0
1551401224 0
1551401225 0
1551401226 0
1551401227 0
1551401228 0
1551401229 0
1551401230 0
1551401231 0
1551401232 0
1551401233 0
1551401234 0
1551401235 0
1551401236 0
1551401237 0
1551401238 0
1551401239 0
1551401240 0
1551401241 0
1551401242 0
1551401243 0
1551401244 0
1551401245 0
1551401246 0
1551401247 0
1551401248 0
1551401249 0
1551401250 0
1551401251 0
1551401252 0
1551401253 0
1551401254 0
1551401255 0
1551401256 0
1551401257 0
1551401258 0
1551401259 0
1551401260 0
1551401261 0
1551401262 0
1551401263 0
1551401264 0
1551401265 0
1551401266 0
1551401267 0
1551401268 0
1551401269 0
1551401270 0
1551401271 0
1551401272 0
1551401273 0
1551401274 0
1551401275 0
1551401276 0
1551401277 0
1551401278 0
1551401279 0
1551401280 0
1551401281 0
1551401282 0
1551401283 0
1551401284 0
1551401285 0
1551401286 0
1551401287 0
1551401288 0
1551401289 0
1551401290 0
1551401291 0
1551401292 0
1551401293 0
1551401294 0
1551401295 0
1551401296 0
1551401297 0
1551401298 0
1551401299 0
1551401300 0
1551401301 0
1551401302 0
1551401303 0
1551401304 0
1551401305 0
1551401306 0
1551401307 0
1551401308 0
1551401309 0
1551401310 0
1551401311 0
1551401312 0
1551401313 0
1551401314 0
1551401315 0
1551401316 0
1551401317 0
1551401318 0
1551401319 0
1551401320 0
1551401321 0
1551401322 0
1551401323 0
1551401324 0
1551401325 0
1551401326 0
1551401327 0
1551401328 0
1551401329 0
1551401330 0
1551401331 0
1551401332 0
1551401333 0
1551401334 0
1551401335 0
1551401336 0
1551401337 0
1551401338 0
1551401339 0
1551401340 0
1551401341 0
1551401342 0
1551401343 0
1551401344 0
1551401345 0
1551401346 0
1551401347 0
1551401348 0
1551401349 0
1551401350 0
1551401351 0
1551401352 0
1551401353 0
1551401354 0
1551401355 0
1551401356 0
1551401357 0
1551401358 0
1551401359 0
1551401360 0
1551401361 0
1551401362 0
1551401363 0
1551401364 0
1551401365 0
1551401366 0
1551401367 0
1551401368 0
1551401369 0
1551401370 0
1551401371 0
1551401372 0
1551401373 0
1551401374 0
1551401375 0
1551401376 0
1551401377 0
1551401378 0
1551401379 0
1551401380 0
1551401381 0
1551401382 0
1551401383 0
1551401384 0
1551401385 0
1551401386 0
1551401387 0
1551401388 0
1551401389 0
1551401390 0
1551401391 0
1551401392 0
1551401393 0
1551401394 0
1551401395 0
1551401396 0
1551401397 0
1551401398 0
1551401399 0
1551401400 0
1551401401 0
1551401402 0
1551401403 0
1551401404 0
1551401405 0
1551401406 0
1551401407 0
1551401408 0
1551401409 0
1551401410 0
1551401411 0
1551401412 0
1551401413 0
1551401414 0
1551401415 0
1551401416 0
1551401417 0
1551401418 0
1551401419 0
1551401420 0
1551401421 0
1551401422 0
1551401423 0
1551401424 0
1551401425 0
1551401426 0
1551401427 0
1551401428 0
1551401429 0
1551401430 0
1551401431 0
1551401432 0
1551401433 0
1551401434 0
1551401435 0
1551401436 0
1551401437 0
1551401438 0
1551401439 0
1551401440 0
1551401441 0
1551401442 0
1551401443 0
1551401444 0
1551401445 0
1551401446 0
1551401447 0
1551401448 0
1551401449 0
1551401450 0
1551401451 0
1551401452 0
1551401453 0
1551401454 0
1551401455 0
1551401456 0
1551401457 0
1551401458 0
1551401459 0
1551401460 0
1551401461 0
1551401462 0
1551401463 0
1551401464 0
1551401465 0
1551401466 0
1551401467 0
1551401468 0
1551401469 0
1551401470 0
1551401471 0
1551401472 0
1551401473 0
1551401474 0
1551401475 0
1551401476 0
1551401477 0
1551401478 0
1551401479 0
1551401480 0
1551401481 0
1551401482 0
1551401483 0
1551401484 0
1551401485 0
1551401486 0
1551401487 0
1551401488 0
1551401489 0
1551401490 0
1551401491 0
1551401492 0
1551401493 0
1551401494 0
1551401495 0
1551401496 0
1551401497 0
1551401498 0
1551401499 0
1551401500 0
1551401501 0
1551401502 0
1551401503 0
1551401504 0
1551401505 0
1551401506 0
1551401507 0
1551401508 0
1551401509 0
1551401510 0
1551401511 0
1551401512 0
1551401513 0
1551401514 0
1551401515 0
1551401516 0
1551401517 0
1551401518 0
1551401519 0
1551401520 0
1551401521 0
1551401522 0
1551401523 0
1551401524 0
1551401525 0
1551401526 0
1551401527 0
1551401528 0
1551401529 0
1551401530 0
1551401531 0
1551401532 0
1551401533 0
1551401534 0
1551401535 0
1551401536 0
1551401537 0
1551401538 0
1551401539 0
1551401540 0
1551401541 0
1551401542 0
1551401543 0
1551401544 0
1551401545 0
1551401546 0
1551401547 0
1551401548 0
1551401549 0
1551401550 0
1551401551 0
1551401552 0
1551401553 0
1551401554 0
1551401555 0
1551401556 0
1551401557 0
1551401558 0
1551401559 0
1551401560 0
1551401561 0
1551401562 0
1551401563 0
1551401564 0
1551401565 0
1551401566 0
1551401567 0
1551401568 0
1551401569 0
1551401570 0
1551401571 0
1551401572 0
1551401573 0
1551401574 0
1551401575 0
1551401576 0
1551401577 0
1551401578 0
1551401579 0
1551401580 0
1551401581 0
1551401582 0
1551401583 0
1551401584 0
1551401585 0
1551401586 0
1551401587 0
1551401588 0
1551401589 0
1551401590 0
1551401591 0
1551401592 0
1551401593 0
1551401594 0
1551401595 0
1551401596 0
1551401597 0
1551401598 0
1551401599 0
1551401600 0
1551401601 0
1551401602 0
1551401603 0
1551401604 0
1551401605 0
1551401606 0
1551401607 0
1551401608 0
1551401609 0
1551401610 0
1551401611 0
1551401612 0
1551401613 0
1551401614 0
1551401615 0
1551401616 0
1551401617 0
1551401618 0
1551401619 0
1551401620 0
1551401621 0
1551401622 0
1551401623 0
1551401624 0
1551401625 0
1551401626 0
1551401627 0
1551401628 0
1551401629 0
1551401630 0
1551401631 0
1551401632 0
1551401633 0
1551401634 0
1551401635 0
1551401636 0
1551401637 0
1551401638 0
1551401639 0
1551401640 0
1551401641 0
1551401642 0
1551401643 0
1551401644 0
1551401645 0
1551401646 0
1551401647 0
1551401648 0
1551401649 0
1551401650 0
1551401651 0
1551401652 0
1551401653 0
1551401654 0
1551401655 0
1551401656 0
1551401657 0
1551401658 0
1551401659 0
1551401660 0
1551401661 0
1551401662 0
1551401663 0
1551401664 0
1551401665 0
1551401666 0
1551401667 0
1551401668 0
1551401669 0
1551401670 0
1551401671 0
1551401672 0
1551401673 0
1551401674 0
1551401675 0
1551401676 0
1551401677 0
1551401678 0
1551401679 0
1551401680 0
1551401681 0
1551401682 0
1551401683 0
1551401684 0
1551401685 0
1551401686 0
1551401687 0
1551401688 0
1551401689 0
1551401690 0
1551401691 0
1551401692 0
1551401693 0
1551401694 0
1551401695 0
1551401696 0
1551401697 0
1551401698 0
1551401699 0
1551401700 0
1551401701 0
1551401702 0
1551401703 0
1551401704 0
1551401705 0
1551401706 0
1551401707 0
1551401708 0
1551401709 0
1551401710 0
1551401711 0
1551401712 0
1551401713 0
1551401714 0
1551401715 0
1551401716 0
1551401717 0
1551401718 0
1551401719 0
1551401720 0
1551401721 0
1551401722 0
1551401723 0
1551401724 0
1551401725 0
1551401726 0
1551401727 0
1551401728 0
1551401729 0
1551401730 0
1551401731 0
1551401732 0
1551401733 0
1551401734 0
1551401735 0
1551401736 0
1551401737 0
1551401738 0
1551401739 0
1551401740 0
1551401741 0
1551401742 0
1551401743 0
1551401744 0
1551401745 0
1551401746 0
1551401747 0
1551401748 0
1551401749 0
1551401750 0
1551401751 0
1551401752 0
1551401753 0
1551401754 0
1551401755 0
1551401756 0
1551401757 0
1551401758 0
1551401759 0
1551401760 0
1551401761 0
1551401762 0
1551401763 0
1551401764 0
1551401765 0
1551401766 0
1551401767 0
1551401768 0
1551401769 0
1551401770 0
1551401771 0
1551401772 0
1551401773 0
1551401774 0
1551401775 0
1551401776 0
1551401777 0
1551401778 0
1551401779 0
1551401780 0
1551401781 0
1551401782 0
1551401783 0
1551401784 0
1551401785 0
1551401786 0
1551401787 0
1551401788 0
1551401789 0
1551401790 0
1551401791 0
1551401792 0
1551401793 0
1551401794 0
1551401795 0
1551401796 0
1551401797 0
1551401798 0
1551401799 0
1551401800 0
1551401801 0
1551401802 0
1551401803 0
1551401804 0
1551401805 0
1551401806 0
1551401807 0
1551401808 0
1551401809 0
1551401810 0
1551401811 0
1551401812 0
1551401813 0
1551401814 0
1551401815 0
1551401816 0
1551401817 0
1551401818 0
1551401819 0
1551401820 0
1551401821 0
1551401822 0
1551401823 0
1551401824 0
1551401825 0
1551401826 0
1551401827 0
1551401828 0
1551401829 0
1551401830 0
1551401831 0
1551401832 0
1551401833 0
1551401834 0
1551401835 0
1551401836 0
1551401837 0
1551401838 0
1551401839 0
1551401840 0
1551401841 0
1551401842 0
1551401843 0
1551401844 0
1551401845 0
1551401846 0
1551401847 0
1551401848 0
1551401849 0
1551401850 0
1551401851 0
1551401852 0
1551401853 0
1551401854 0
1551401855 0
1551401856 0
1551401857 0
1551401858 0
1551401859 0
1551401860 0
1551401861 0
1551401862 0
1551401863 0
1551401864 0
1551401865 0
1551401866 0
1551401867 0
1551401868 0
1551401869 0
1551401870 0
1551401871 0
1551401872 0
1551401873 0
1551401874 0
1551401875 0
1551401876 0
1551401877 0
1551401878 0
1551401879 0
1551401880 0
1551401881 0
1551401882 0
1551401883 0
1551401884 0
1551401885 0
1551401886 0
1551401887 0
1551401888 0
1551401889 0
1551401890 0
1551401891 0
1551401892 0
1551401893 0
1551401894 0
1551401895 0
1551401896 0
1551401897 0
1551401898 0
1551401899 0
1551401900 0
1551401901 0
1551401902 0
1551401903 0
1551401904 0
1551401905 0
1551401906 0
1551401907 0
1551401908 0
1551401909 0
1551401910 0
1551401911 0
1551401912 0
1551401913 0
1551401914 0
1551401915 0
1551401916 0
1551401917 0
1551401918 0
1551401919 0
1551401920 0
1551401921 0
1551401922 0
1551401923 0
1551401924 0
1551401925 0
1551401926 0
1551401927 0
1551401928 0
1551401929 0
1551401930 0
1551401931 0
1551401932 0
1551401933 0
1551401934 0
1551401935 0
1551401936 0
1551401937 0
1551401938 0
1551401939 0
1551401940 0
1551401941 0
1551401942 0
1551401943 0
1551401944 0
1551401945 0
1551401946 0
1551401947 0
1551401948 0
1551401949 0
1551401950 0
1551401951 0
1551401952 0
1551401953 0
1551401954 0
1551401955 0
1551401956 0
1551401957 0
1551401958 0
1551401959 0
1551401960 0
1551401961 0
1551401962 0
1551401963 0
1551401964 0
1551401965 0
1551401966 0
1551401967 0
1551401968 0
1551401969 0
1551401970 0
1551401971 0
1551401972 0
1551401973 0
1551401974 0
1551401975 0
1551401976 0
1551401977 0
1551401978 0
1551401979 0
1551401980 0
1551401981 0
1551401982 0
1551401983 0
1551401984 0
1551401985 0
1551401986 0
1551401987 0
1551401988 0
1551401989 0
1551401990 0
1551401991 0
1551401992 0
1551401993 0
1551401994 0
1551401995 0
1551401996 0
1551401997 0
1551401998 0
1551401999 0
1551402000 0
1551402001 0
1551402002 0
1551402003 0
1551402004 0
1551402005 0
1551402006 0
1551402007 0
1551402008 0
1551402009 0
1551402010 0
1551402011 0
1551402012 0
1551402013 0
1551402014 0
1551402015 0
1551402016 0
1551402017 0
1551402018 0
1551402019 0
1551402020 0
1551402021 0
1551402022 0
1551402023 0
1551402024 0
1551402025 0
1551402026 0
1551402027 0
1551402028 0
1551402029 0
1551402030 0
1551402031 0
1551402032 0
1551402033 0
1551402034 0
1551402035 0
1551402036 0
1551402037 0
1551402038 0
1551402039 0
1551402040 0
1551402041 0
1551402042 0
1551402043 0
1551402044 0
1551402045 0
1551402046 0
1551402047 0
1551402048 0
1551402049 0
1551402050 0
1551402051 0
1551402052 0
1551402053 0
1551402054 0
1551402055 0
1551402056 0
1551402057 0
1551402058 0
1551402059 0
1551402060 0
1551402061 0
1551402062 0
1551402063 0
1551402064 0
1551402065 0
1551402066 0
1551402067 0
1551402068 0
1551402069 0
1551402070 0
1551402071 0
1551402072 0
1551402073 0
1551402074 0
1551402075 0
1551402076 0
1551402077 0
1551402078 0
1551402079 0
1551402080 0
1551402081 0
1551402082 0
1551402083 0
1551402084 0
1551402085 0
1551402086 0
1551402087 0
1551402088 0
1551402089 0
1551402090 0
1551402091 0
1551402092 0
1551402093 0
1551402094 0
1551402095 0
1551402096 0
1551402097 0
1551402098 0
1551402099 0
1551402100 0
1551402101 0
1551402102 0
1551402103 0
1551402104 0
1551402105 0
1551402106 0
1551402107 0
1551402108 0
1551402109 0
1551402110 0
1551402111 0
1551402112 0
1551402113 0
1551402114 0
1551402115 0
1551402116 0
1551402117 0
1551402118 0
1551402119 0
1551402120 0
1551402121 0
1551402122 0
1551402123 0
1551402124 0
1551402125 0
1551402126 0
1551402127 0
1551402128 0
1551402129 0
1551402130 0
1551402131 0
1551402132 0
1551402133 0
1551402134 0
1551402135 0
1551402136 0
1551402137 0
1551402138 0
1551402139 0
1551402140 0
1551402141 0
1551402142 0
1551402143 0
1551402144 0
1551402145 0
1551402146 0
1551402147 0
1551402148 0
1551402149 0
1551402150 0
1551402151 0
1551402152 0
1551402153 0
1551402154 0
1551402155 0
1551402156 0
1551402157 0
1551402158 0
1551402159 0
1551402160 0
1551402161 0
1551402162 0
1551402163 0
1551402164 0
1551402165 0
1551402166 0
1551402167 0
1551402168 0
1551402169 0
1551402170 0
1551402171 0
1551402172 0
1551402173 0
1551402174 0
1551402175 0
1551402176 0
1551402177 0
1551402178 0
1551402179 0
1551402180 0
1551402181 0
1551402182 0
1551402183 0
1551402184 0
1551402185 0
1551402186 0
1551402187 0
1551402188 0
1551402189 0
1551402190 0
1551402191 0
1551402192 0
1551402193 0
1551402194 0
1551402195 0
1551402196 0
1551402197 0
1551402198 0
1551402199 0
1551402200 0
1551402201 0
1551402202 0
1551402203 0
1551402204 0
1551402205 0
1551402206 0
1551402207 0
1551402208 0
1551402209 0
1551402210 0
1551402211 0
1551402212 0
1551402213 0
1551402214 0
1551402215 0
1551402216 0
1551402217 0
1551402218 0
1551402219 0
1551402220 0
1551402221 0
1551402222 0
1551402223 0
1551402224 0
1551402225 0
1551402226 0
1551402227 0
1551402228 0
1551402229 0
1551402230 0
1551402231 0
1551402232 0
1551402233 0
1551402234 0
1551402235 0
1551402236 0
1551402237 0
1551402238 0
1551402239 0
1551402240 0
1551402241 0
1551402242 0
1551402243 0
1551402244 0
1551402245 0
1551402246 0
1551402247 0
1551402248 0
1551402249 0
1551402250 6
1551402251 4
1551402252 0
1551402253 10
1551402254 8
1551402255 3
1551402256 0
1551402257 2
1551402258 2
1551402259 3
1551402260 6
1551402261 0
1551402262 0
1551402263 8
1551402264 1
1551402265 1
1551402266 0
1551402267 2
1551402268 2
1551402269 0
1551402270 3
1551402271 0
1551402272 0
1551402273 0
1551402274 0
1551402275 0
1551402276 5
1551402277 0
1551402278 0
1551402279 0
1551402280 0
1551402281 10
1551402282 0
1551402283 0
1551402284 7
1551402285 0
1551402286 17
1551402287 0
1551402288 0
1551402289 16
1551402290 10
1551402291 0
1551402292 6
1551402293 0
1551402294 0
1551402295 0
1551402296 2
1551402297 6
1551402298 6
1551402299 10
1551402300 12
1551402301 4
1551402302 2
1551402303 0
1551402304 0
1551402305 25
1551402306 0
1551402307 0
1551402308 0
1551402309 0
1551402310 0
1551402311 26
1551402312 8
1551402313 4
1551402314 0
1551402315 1
1551402316 1
1551402317 0
1551402318 0
1551402319 0
1551402320 2
1551402321 0
1551402322 0
1551402323 0
1551402324 1
1551402325 0
1551402326 2
1551402327 3
1551402328 1
1551402329 0
1551402330 1
1551402331 2
1551402332 0
1551402333 10
1551402334 3
1551402335 0
1551402336 0
1551402337 6
1551402338 1
1551402339 2
1551402340 0
1551402341 1
1551402342 15
1551402343 0
1551402344 0
1551402345 0
1551402346 14
1551402347 0
1551402348 0
1551402349 0
1551402350 0
1551402351 0
1551402352 0
1551402353 7
1551402354 0
1551402355 2
1551402356 2
1551402357 0
1551402358 14
1551402359 13
1551402360 0
1551402361 3
1551402362 0
1551402363 0
1551402364 4
1551402365 4
1551402366 12
1551402367 2
1551402368 0
1551402369 5
1551402370 1
1551402371 0
1551402372 1
1551402373 2
1551402374 7
1551402375 1
1551402376 23
1551402377 1
1551402378 6
1551402379 23
1551402380 0
1551402381 4
1551402382 6
1551402383 5
1551402384 0
1551402385 0
1551402386 0
1551402387 0
1551402388 24
1551402389 0
1551402390 3
1551402391 9
1551402392 0
1551402393 3
1551402394 0
1551402395 15
1551402396 0
1551402397 0
1551402398 0
1551402399 1
1551402400 0
1551402401 5
1551402402 0
1551402403 2
1551402404 15
1551402405 3
1551402406 6
1551402407 22
1551402408 1
1551402409 0
1551402410 13
1551402411 17
1551402412 0
1551402413 8
1551402414 0
1551402415 0
1551402416 1
1551402417 0
1551402418 1
1551402419 0
1551402420 0
1551402421 0
1551402422 0
1551402423 3
1551402424 4
1551402425 0
1551402426 0
1551402427 0
1551402428 0
1551402429 11
1551402430 0
1551402431 4
1551402432 0
1551402433 8
1551402434 2
1551402435 15
1551402436 0
1551402437 0
1551402438 2
1551402439 1
1551402440 3
1551402441 8
1551402442 0
1551402443 15
1551402444 0
1551402445 20
1551402446 0
1551402447 0
1551402448 4
1551402449 0
1551402450 18
1551402451 6
1551402452 0
1551402453 0
1551402454 0
1551402455 0
1551402456 0
1551402457 0
1551402458 0
1551402459 0
1551402460 0
1551402461 3
1551402462 4
1551402463 2
1551402464 6
1551402465 12
1551402466 0
1551402467 0
1551402468 0
1551402469 3
1551402470 0
1551402471 35
1551402472 0
1551402473 0
1551402474 6
1551402475 1
1551402476 3
1551402477 0
1551402478 0
1551402479 7
1551402480 0
1551402481 4
1551402482 4
1551402483 1
1551402484 0
1551402485 0
1551402486 0
1551402487 2
1551402488 0
1551402489 0
1551402490 0
1551402491 0
1551402492 0
1551402493 0
1551402494 16
1551402495 0
1551402496 28
1551402497 2
1551402498 12
1551402499 0
1551402500 8
1551402501 1
1551402502 0
1551402503 0
1551402504 2
1551402505 34
1551402506 5
1551402507 5
1551402508 5
1551402509 2
1551402510 14
1551402511 4
1551402512 0
1551402513 0
1551402514 31
1551402515 1
1551402516 0
1551402517 7
1551402518 0
1551402519 0
1551402520 0
1551402521 3
1551402522 0
1551402523 0
1551402524 0
1551402525 0
1551402526 5
1551402527 2
1551402528 9
1551402529 0
1551402530 4
1551402531 4
1551402532 5
1551402533 3
1551402534 0
1551402535 59
1551402536 0
1551402537 0
1551402538 2
1551402539 7
1551402540 0
1551402541 0
1551402542 1
1551402543 13
1551402544 0
1551402545 0
1551402546 11
1551402547 7
1551402548 9
1551402549 2
1551402550 13
1551402551 13
1551402552 0
1551402553 0
1551402554 0
1551402555 0
1551402556 8
1551402557 10
1551402558 0
1551402559 2
1551402560 20
1551402561 0
1551402562 0
1551402563 0
1551402564 42
1551402565 2
1551402566 0
1551402567 4
1551402568 0
1551402569 10
1551402570 3
1551402571 12
1551402572 0
1551402573 0
1551402574 0
1551402575 0
1551402576 1
1551402577 0
1551402578 19
1551402579 0
1551402580 0
1551402581 0
1551402582 0
1551402583 4
1551402584 10
1551402585 10
1551402586 2
1551402587 8
1551402588 0
1551402589 0
1551402590 3
1551402591 8
1551402592 0
1551402593 0
1551402594 30
1551402595 3
1551402596 0
1551402597 2
1551402598 0
1551402599 8
1551402600 12
1551402601 0
1551402602 0
1551402603 0
1551402604 0
1551402605 0
1551402606 18
1551402607 0
1551402608 0
1551402609 17
1551402610 0
1551402611 14
1551402612 0
1551402613 1
1551402614 0
1551402615 8
1551402616 0
1551402617 0
1551402618 0
1551402619 0
1551402620 0
1551402621 4
1551402622 0
1551402623 1
1551402624 0
1551402625 4
1551402626 0
1551402627 4
1551402628 15
1551402629 7
1551402630 8
1551402631 3
1551402632 1
1551402633 16
1551402634 0
1551402635 24
1551402636 0
1551402637 2
1551402638 0
1551402639 0
1551402640 1
1551402641 2
1551402642 1
1551402643 0
1551402644 0
1551402645 0
1551402646 0
1551402647 0
1551402648 12
1551402649 0
1551402650 1
1551402651 3
1551402652 8
1551402653 0
1551402654 0
1551402655 1
1551402656 0
1551402657 0
1551402658 15
1551402659 6
1551402660 5
1551402661 0
1551402662 10
1551402663 6
1551402664 0
1551402665 16
1551402666 1
1551402667 0
1551402668 26
1551402669 0
1551402670 0
1551402671 5
1551402672 3
1551402673 1
1551402674 1
1551402675 11
1551402676 56
1551402677 0
1551402678 0
1551402679 9
1551402680 3
1551402681 0
1551402682 0
1551402683 0
1551402684 9
1551402685 1
1551402686 3
1551402687 2
1551402688 0
1551402689 0
1551402690 0
1551402691 5
1551402692 0
1551402693 0
1551402694 0
1551402695 8
1551402696 0
1551402697 21
1551402698 2
1551402699 12
1551402700 2
1551402701 17
1551402702 0
1551402703 0
1551402704 8
1551402705 5
1551402706 12
1551402707 5
1551402708 12
1551402709 0
1551402710 0
1551402711 9
1551402712 17
1551402713 0
1551402714 3
1551402715 0
1551402716 2
1551402717 9
1551402718 5
1551402719 0
1551402720 0
1551402721 0
1551402722 1
1551402723 0
1551402724 15
1551402725 0
1551402726 0
1551402727 0
1551402728 0
1551402729 0
1551402730 0
1551402731 3
1551402732 4
1551402733 0
1551402734 10
1551402735 7
1551402736 0
1551402737 0
1551402738 0
1551402739 18
1551402740 2
1551402741 11
1551402742 22
1551402743 0
1551402744 0
1551402745 0
1551402746 31
1551402747 0
1551402748 0
1551402749 6
1551402750 3
1551402751 10
1551402752 0
1551402753 8
1551402754 0
1551402755 0
1551402756 2
1551402757 14
1551402758 0
1551402759 0
1551402760 7
1551402761 13
1551402762 1
1551402763 9
1551402764 9
1551402765 8
1551402766 0
1551402767 10
1551402768 0
1551402769 5
1551402770 0
1551402771 0
1551402772 10
1551402773 2
1551402774 0
1551402775 21
1551402776 0
1551402777 0
1551402778 0
1551402779 0
1551402780 0
1551402781 13
1551402782 6
1551402783 6
1551402784 2
1551402785 0
1551402786 0
1551402787 0
1551402788 0
1551402789 7
1551402790 4
1551402791 0
1551402792 4
1551402793 0
1551402794 1
1551402795 0
1551402796 11
1551402797 25
1551402798 1
1551402799 6
1551402800 0
1551402801 0
1551402802 11
1551402803 2
1551402804 2
1551402805 9
1551402806 12
1551402807 6
1551402808 0
1551402809 5
1551402810 15
1551402811 0
1551402812 0
1551402813 8
1551402814 0
1551402815 1
1551402816 13
1551402817 0
1551402818 0
1551402819 1
1551402820 0
1551402821 0
1551402822 0
1551402823 7
1551402824 0
1551402825 0
1551402826 0
1551402827 0
1551402828 1
1551402829 11
1551402830 0
1551402831 0
1551402832 13
1551402833 3
1551402834 8
1551402835 3
1551402836 0
1551402837 0
1551402838 5
1551402839 0
1551402840 12
1551402841 0
1551402842 0
1551402843 0
1551402844 0
1551402845 0
1551402846 0
1551402847 0
1551402848 0
1551402849 22
1551402850 6
1551402851 2
1551402852 1
1551402853 4
1551402854 23
1551402855 0
1551402856 24
1551402857 0
1551402858 4
1551402859 7
1551402860 0
1551402861 0
1551402862 0
1551402863 0
1551402864 0
1551402865 0
1551402866 0
1551402867 0
1551402868 2
1551402869 0
1551402870 0
1551402871 12
1551402872 3
1551402873 24
1551402874 18
1551402875 4
1551402876 19
1551402877 0
1551402878 0
1551402879 0
1551402880 0
1551402881 0
1551402882 0
1551402883 0
1551402884 0
1551402885 9
1551402886 0
1551402887 10
1551402888 2
1551402889 5
1551402890 4
1551402891 5
1551402892 3
1551402893 12
1551402894 0
1551402895 25
1551402896 9
1551402897 0
1551402898 5
1551402899 0
1551402900 6
1551402901 0
1551402902 5
1551402903 0
1551402904 5
1551402905 10
1551402906 0
1551402907 12
1551402908 3
1551402909 0
1551402910 0
1551402911 0
1551402912 4
1551402913 0
1551402914 0
1551402915 11
1551402916 0
1551402917 0
1551402918 0
1551402919 0
1551402920 11
1551402921 20
1551402922 0
1551402923 18
1551402924 0
1551402925 14
1551402926 0
1551402927 0
1551402928 0
1551402929 0
1551402930 0
1551402931 4
1551402932 0
1551402933 0
1551402934 22
1551402935 0
1551402936 0
1551402937 9
1551402938 0
1551402939 0
1551402940 3
1551402941 8
1551402942 10
1551402943 5
1551402944 0
1551402945 3
1551402946 0
1551402947 0
1551402948 3
1551402949 3
1551402950 21
1551402951 0
1551402952 3
1551402953 0
1551402954 11
1551402955 0
1551402956 4
1551402957 0
1551402958 0
1551402959 5
1551402960 0
1551402961 8
1551402962 5
1551402963 0
1551402964 3
1551402965 3
1551402966 0
1551402967 0
1551402968 0
1551402969 0
1551402970 0
1551402971 0
1551402972 0
1551402973 0
1551402974 0
1551402975 4
1551402976 0
1551402977 0
1551402978 5
1551402979 15
1551402980 2
1551402981 0
1551402982 0
1551402983 0
1551402984 0
1551402985 0
1551402986 0
1551402987 0
1551402988 0
1551402989 4
1551402990 4
1551402991 15
1551402992 11
1551402993 0
1551402994 0
1551402995 0
1551402996 9
1551402997 0
1551402998 0
1551402999 4
1551403000 0
1551403001 20
1551403002 6
1551403003 0
1551403004 2
1551403005 8
1551403006 11
1551403007 0
1551403008 0
1551403009 3
1551403010 6
1551403011 0
1551403012 0
1551403013 0
1551403014 0
1551403015 0
1551403016 0
1551403017 9
1551403018 7
1551403019 0
1551403020 0
1551403021 0
1551403022 0
1551403023 0
1551403024 0
1551403025 0
1551403026 0
1551403027 0
1551403028 0
1551403029 0
1551403030 0
1551403031 0
1551403032 0
1551403033 0
1551403034 0
1551403035 0
1551403036 0
1551403037 0
1551403038 0
1551403039 0
1551403040 0
1551403041 0
1551403042 0
1551403043 0
1551403044 0
1551403045 0
1551403046 0
1551403047 0
1551403048 0
1551403049 0
1551403050 0
1551403051 0
1551403052 0
1551403053 0
1551403054 0
1551403055 0
1551403056 0
1551403057 0
1551403058 0
1551403059 0
1551403060 0
1551403061 0
1551403062 0
1551403063 0
1551403064 0
1551403065 0
1551403066 0
1551403067 0
1551403068 0
1551403069 0
1551403070 0
1551403071 0
1551403072 0
1551403073 0
1551403074 0
1551403075 0
1551403076 0
1551403077 0
1551403078 0
1551403079 0
1551403080 0
1551403081 0
1551403082 0
1551403083 0
1551403084 0
1551403085 0
1551403086 0
1551403087 0
1551403088 0
1551403089 0
1551403090 0
1551403091 0
1551403092 0
1551403093 0
1551403094 0
1551403095 0
1551403096 0
1551403097 0
1551403098 0
1551403099 0
1551403100 0
1551403101 0
1551403102 0
1551403103 0
1551403104 0
1551403105 0
1551403106 0
1551403107 0
1551403108 0
1551403109 0
1551403110 0
1551403111 0
1551403112 0
1551403113 0
1551403114 0
1551403115 0
1551403116 0
1551403117 0
1551403118 0
1551403119 0
1551403120 0
1551403121 0
1551403122 0
1551403123 0
1551403124 0
1551403125 0
1551403126 0
1551403127 0
1551403128 0
1551403129 0
1551403130 0
1551403131 0
1551403132 0
1551403133 0
1551403134 0
1551403135 0
1551403136 0
1551403137 0
1551403138 0
1551403139 0
1551403140 0
1551403141 0
1551403142 0
1551403143 0
1551403144 0
1551403145 0
1551403146 0
1551403147 0
1551403148 0
1551403149 0
1551403150 0
1551403151 0
1551403152 0
1551403153 0
1551403154 0
1551403155 0
1551403156 0
1551403157 0
1551403158 0
1551403159 0
1551403160 0
1551403161 0
1551403162 0
1551403163 0
1551403164 0
1551403165 0
1551403166 0
1551403167 0
1551403168 0
1551403169 0
1551403170 0
1551403171 0
1551403172 0
1551403173 0
1551403174 0
1551403175 0
1551403176 0
1551403177 0
1551403178 0
1551403179 0
1551403180 0
1551403181 0
1551403182 0
1551403183 0
1551403184 0
1551403185 0
1551403186 0
1551403187 0
1551403188 0
1551403189 0
1551403190 0
1551403191 0
1551403192 0
1551403193 0
1551403194 0
1551403195 0
1551403196 0
1551403197 0
1551403198 0
1551403199 0
1551403200 0
1551403201 0
1551403202 0
1551403203 0
1551403204 0
1551403205 0
1551403206 0
1551403207 0
1551403208 0
1551403209 0
1551403210 0
1551403211 0
1551403212 0
1551403213 0
1551403214 0
1551403215 0
1551403216 0
1551403217 0
1551403218 0
1551403219 0
1551403220 0
1551403221 0
1551403222 0
1551403223 0
1551403224 0
1551403225 0
1551403226 0
1551403227 0
1551403228 0
1551403229 0
1551403230 0
1551403231 0
1551403232 0
1551403233 0
1551403234 0
1551403235 0
1551403236 0
1551403237 0
1551403238 0
1551403239 0
1551403240 0
1551403241 0
1551403242 0
1551403243 0
1551403244 0
1551403245 0
1551403246 0
1551403247 0
1551403248 0
1551403249 0
1551403250 0
1551403251 0
1551403252 0
1551403253 0
1551403254 0
1551403255 0
1551403256 0
1551403257 0
1551403258 0
1551403259 0
1551403260 0
1551403261 0
1551403262 0
1551403263 0
1551403264 0
1551403265 0
1551403266 0
1551403267 0
1551403268 0
1551403269 0
1551403270 0
1551403271 0
1551403272 0
1551403273 0
1551403274 0
1551403275 0
1551403276 0
1551403277 0
1551403278 0
1551403279 0
1551403280 0
1551403281 0
1551403282 0
1551403283 0
1551403284 0
1551403285 0
1551403286 0
1551403287 0
1551403288 0
1551403289 0
1551403290 0
1551403291 0
1551403292 0
1551403293 0
1551403294 0
1551403295 0
1551403296 0
1551403297 0
1551403298 0
1551403299 0
1551403300 0
1551403301 0
1551403302 0
1551403303 0
1551403304 0
1551403305 0
1551403306 0
1551403307 0
1551403308 0
1551403309 0
1551403310 0
1551403311 0
1551403312 0
1551403313 0
1551403314 0
1551403315 0
1551403316 0
1551403317 0
1551403318 0
1551403319 0
1551403320 0
1551403321 0
1551403322 0
1551403323 0
1551403324 0
1551403325 0
1551403326 0
1551403327 0
1551403328 0
1551403329 0
1551403330 0
1551403331 0
1551403332 0
1551403333 0
1551403334 0
1551403335 0
1551403336 0
1551403337 0
1551403338 0
1551403339 0
1551403340 0
1551403341 0
1551403342 0
1551403343 0
1551403344 0
1551403345 0
1551403346 0
1551403347 0
1551403348 0
1551403349 0
1551403350 0
1551403351 0
1551403352 0
1551403353 0
1551403354 0
1551403355 0
1551403356 0
1551403357 0
1551403358 0
1551403359 0
1551403360 0
1551403361 0
1551403362 0
1551403363 0
1551403364 0
1551403365 0
1551403366 0
1551403367 0
1551403368 0
1551403369 0
1551403370 0
1551403371 0
1551403372 0
1551403373 0
1551403374 0
1551403375 0
1551403376 0
1551403377 0
1551403378 0
1551403379 0
1551403380 0
1551403381 0
1551403382 0
1551403383 0
1551403384 0
1551403385 0
1551403386 0
1551403387 0
1551403388 0
1551403389 0
1551403390 0
1551403391 0
1551403392 0
1551403393 0
1551403394 0
1551403395 0
1551403396 0
1551403397 0
1551403398 0
1551403399 0
1551403400 0
1551403401 0
1551403402 0
1551403403 0
1551403404 0
1551403405 0
1551403406 0
1551403407 0
1551403408 0
1551403409 0
1551403410 0
1551403411 0
1551403412 0
1551403413 0
1551403414 0
1551403415 0
1551403416 0
1551403417 0
1551403418 0
1551403419 0
1551403420 0
1551403421 0
1551403422 0
1551403423 0
1551403424 0
1551403425 0
1551403426 0
1551403427 0
1551403428 0
1551403429 0
1551403430 0
1551403431 0
1551403432 0
1551403433 0
1551403434 0
1551403435 0
1551403436 0
1551403437 0
1551403438 0
1551403439 0
1551403440 0
1551403441 0
1551403442 0
1551403443 0
1551403444 0
1551403445 0
1551403446 0
1551403447 0
1551403448 0
1551403449 0
1551403450 0
1551403451 0
1551403452 0
1551403453 0
1551403454 0
1551403455 0
1551403456 0
1551403457 0
1551403458 0
1551403459 0
1551403460 0
1551403461 0
1551403462 0
1551403463 0
1551403464 0
1551403465 0
1551403466 0
1551403467 0
1551403468 0
1551403469 0
1551403470 0
1551403471 0
1551403472 0
1551403473 0
1551403474 0
1551403475 0
1551403476 0
1551403477 0
1551403478 0
1551403479 0
1551403480 0
1551403481 0
1551403482 0
1551403483 0
1551403484 0
1551403485 0
1551403486 0
1551403487 0
1551403488 0
1551403489 0
1551403490 0
1551403491 0
1551403492 0
1551403493 0
1551403494 0
1551403495 0
1551403496 0
1551403497 0
1551403498 0
1551403499 0
1551403500 0
1551403501 0
1551403502 0
1551403503 0
1551403504 0
1551403505 0
1551403506 0
1551403507 0
1551403508 0
1551403509 0
1551403510 0
1551403511 0
1551403512 0
1551403513 0
1551403514 0
1551403515 0
1551403516 0
1551403517 0
1551403518 0
1551403519 0
1551403520 0
1551403521 0
1551403522 0
1551403523 0
1551403524 0
1551403525 0
1551403526 0
1551403527 0
1551403528 0
1551403529 0
1551403530 0
1551403531 0
1551403532 0
1551403533 0
1551403534 0
1551403535 0
1551403536 0
1551403537 0
1551403538 0
1551403539 0
1551403540 0
1551403541 0
1551403542 0
1551403543 0
1551403544 0
1551403545 0
1551403546 0
1551403547 0
1551403548 0
1551403549 0
1551403550 0
1551403551 0
1551403552 0
1551403553 0
1551403554 0
1551403555 0
1551403556 0
1551403557 0
1551403558 0
1551403559 0
1551403560 0
1551403561 0
1551403562 0
1551403563 0
1551403564 0
1551403565 0
1551403566 0
1551403567 0
1551403568 0
1551403569 0
1551403570 0
1551403571 0
1551403572 0
1551403573 0
1551403574 0
1551403575 0
1551403576 0
1551403577 0
1551403578 0
1551403579 0
1551403580 0
1551403581 0
1551403582 0
1551403583 0
1551403584 0
1551403585 0
1551403586 0
1551403587 0
1551403588 0
1551403589 0
1551403590 0
1551403591 0
1551403592 0
1551403593 0
1551403594 0
1551403595 0
1551403596 0
1551403597 0
1551403598 0
1551403599 0
1551403600 0
1551403601 0
1551403602 0
1551403603 0
1551403604 0
1551403605 0
1551403606 0
1551403607 0
1551403608 0
1551403609 0
1551403610 0
1551403611 0
1551403612 0
1551403613 0
1551403614 0
1551403615 0
1551403616 0
1551403617 0
1551403618 0
1551403619 0
1551403620 0
1551403621 0
1551403622 0
1551403623 0
1551403624 0
1551403625 0
1551403626 0
1551403627 0
1551403628 0
1551403629 0
1551403630 0
1551403631 0
1551403632 0
1551403633 0
1551403634 0
1551403635 0
1551403636 0
1551403637 0
1551403638 0
1551403639 0
1551403640 0
1551403641 0
1551403642 0
1551403643 0
1551403644 0
1551403645 0
1551403646 0
1551403647 0
1551403648 0
1551403649 0
1551403650 0
1551403651 0
1551403652 0
1551403653 0
1551403654 0
1551403655 0
1551403656 0
1551403657 0
1551403658 0
1551403659 0
1551403660 0
1551403661 0
1551403662 0
1551403663 0
1551403664 0
1551403665 0
1551403666 0
1551403667 0
1551403668 0
1551403669 0
1551403670 0
1551403671 0
1551403672 0
1551403673 0
1551403674 0
1551403675 0
1551403676 0
1551403677 0
1551403678 0
1551403679 0
1551403680 0
1551403681 0
1551403682 0
1551403683 0
1551403684 0
1551403685 0
1551403686 0
1551403687 0
1551403688 0
1551403689 0
1551403690 0
1551403691 0
1551403692 0
1551403693 0
1551403694 0
1551403695 0
1551403696 0
1551403697 0
1551403698 0
1551403699 0
1551403700 0
1551403701 0
1551403702 0
1551403703 0
1551403704 0
1551403705 0
1551403706 0
1551403707 0
1551403708 0
1551403709 0
1551403710 0
1551403711 0
1551403712 0
1551403713 0
1551403714 0
1551403715 0
1551403716 0
1551403717 0
1551403718 0
1551403719 0
1551403720 0
1551403721 0
1551403722 0
1551403723 0
1551403724 0
1551403725 0
1551403726 0
1551403727 0
1551403728 0
1551403729 0
1551403730 0
1551403731 0
1551403732 0
1551403733 0
1551403734 0
1551403735 0
1551403736 0
1551403737 0
1551403738 0
1551403739 0
1551403740 0
1551403741 0
1551403742 0
1551403743 0
1551403744 0
1551403745 0
1551403746 0
1551403747 0
1551403748 0
1551403749 0
1551403750 0
1551403751 0
1551403752 0
1551403753 0
1551403754 0
1551403755 0
1551403756 0
1551403757 0
1551403758 0
1551403759 0
1551403760 0
1551403761 0
1551403762 0
1551403763 0
1551403764 0
1551403765 0
1551403766 0
1551403767 0
1551403768 0
1551403769 0
1551403770 0
1551403771 0
1551403772 0
1551403773 0
1551403774 0
1551403775 0
1551403776 0
1551403777 0
1551403778 0
1551403779 0
1551403780 0
1551403781 0
1551403782 0
1551403783 0
1551403784 0
1551403785 0
1551403786 0
1551403787 0
1551403788 0
1551403789 0
1551403790 0
1551403791 0
1551403792 0
1551403793 0
1551403794 0
1551403795 0
1551403796 0
1551403797 0
1551403798 0
1551403799 0
1551403800 0
1551403801 0
1551403802 0
1551403803 0
1551403804 0
1551403805 0
1551403806 0
1551403807 0
1551403808 0
1551403809 0
1551403810 0
1551403811 0
1551403812 0
1551403813 0
1551403814 0
1551403815 0
1551403816 0
1551403817 0
1551403818 0
1551403819 0
1551403820 0
1551403821 0
1551403822 0
1551403823 0
1551403824 0
1551403825 0
1551403826 0
1551403827 0
1551403828 0
1551403829 0
1551403830 0
1551403831 0
1551403832 0
1551403833 0
1551403834 0
1551403835 0
1551403836 0
1551403837 0
1551403838 0
1551403839 0
1551403840 0
1551403841 0
1551403842 0
1551403843 0
1551403844 0
1551403845 0
1551403846 0
1551403847 0
1551403848 0
1551403849 0
1551403850 0
1551403851 0
1551403852 0
1551403853 0
1551403854 0
1551403855 0
1551403856 0
1551403857 0
1551403858 0
1551403859 0
1551403860 0
1551403861 0
1551403862 0
1551403863 0
1551403864 0
1551403865 0
1551403866 0
1551403867 0
1551403868 0
1551403869 0
1551403870 0
1551403871 0
1551403872 0
1551403873 0
1551403874 0
1551403875 0
1551403876 0
1551403877 0
1551403878 0
1551403879 0
1551403880 0
1551403881 0
1551403882 0
1551403883 0
1551403884 0
1551403885 0
1551403886 0
1551403887 0
1551403888 0
1551403889 0
1551403890 0
1551403891 0
1551403892 0
1551403893 0
1551403894 0
1551403895 0
1551403896 0
1551403897 0
1551403898 0
1551403899 0
1551403900 0
1551403901 0
1551403902 0
1551403903 0
1551403904 0
1551403905 0
1551403906 0
1551403907 0
1551403908 0
1551403909 0
1551403910 0
1551403911 0
1551403912 0
1551403913 0
1551403914 0
1551403915 0
1551403916 0
1551403917 0
1551403918 0
1551403919 0
1551403920 0
1551403921 0
1551403922 0
1551403923 0
1551403924 0
1551403925 0
1551403926 0
1551403927 0
1551403928 0
1551403929 0
1551403930 0
1551403931 0
1551403932 0
1551403933 0
1551403934 0
1551403935 0
1551403936 0
1551403937 0
1551403938 0
1551403939 0
1551403940 0
1551403941 0
1551403942 0
1551403943 0
1551403944 0
1551403945 0
1551403946 0
1551403947 0
1551403948 0
1551403949 0
1551403950 0
1551403951 0
1551403952 0
1551403953 0
1551403954 0
1551403955 0
1551403956 0
1551403957 0
1551403958 0
1551403959 0
1551403960 0
1551403961 0
1551403962 0
1551403963 0
1551403964 0
1551403965 0
1551403966 0
1551403967 0
1551403968 0
1551403969 0
1551403970 0
1551403971 0
1551403972 0
1551403973 0
1551403974 0
1551403975 0
1551403976 0
1551403977 0
1551403978 0
1551403979 0
1551403980 0
1551403981 0
1551403982 0
1551403983 0
1551403984 0
1551403985 0
1551403986 0
1551403987 0
1551403988 0
1551403989 0
1551403990 0
1551403991 0
1551403992 0
1551403993 0
1551403994 0
1551403995 0
1551403996 0
1551403997 0
1551403998 0
1551403999 0
1551404000 0
1551404001 0
1551404002 0
1551404003 0
1551404004 0
1551404005 0
1551404006 0
1551404007 0
1551404008 0
1551404009 0
1551404010 0
1551404011 0
1551404012 0
1551404013 0
1551404014 0
1551404015 0
1551404016 0
1551404017 0
1551404018 0
1551404019 0
1551404020 0
1551404021 0
1551404022 0
1551404023 0
1551404024 0
1551404025 0
1551404026 0
1551404027 0
1551404028 0
1551404029 0
1551404030 0
1551404031 0
1551404032 0
1551404033 0
1551404034 0
1551404035 0
1551404036 0
1551404037 0
1551404038 0
1551404039 0
1551404040 0
1551404041 0
1551404042 0
1551404043 0
1551404044 0
1551404045 0
1551404046 0
1551404047 0
1551404048 0
1551404049 0
1551404050 0
1551404051 0
1551404052 0
1551404053 0
1551404054 0
1551404055 0
1551404056 0
1551404057 0
1551404058 0
1551404059 0
1551404060 0
1551404061 0
1551404062 0
1551404063 0
1551404064 0
1551404065 0
1551404066 0
1551404067 0
1551404068 0
1551404069 0
1551404070 0
1551404071 0
1551404072 0
1551404073 0
1551404074 0
1551404075 0
1551404076 0
1551404077 0
1551404078 0
1551404079 0
1551404080 0
1551404081 0
1551404082 0
1551404083 0
1551404084 0
1551404085 0
1551404086 0
1551404087 0
1551404088 0
1551404089 0
1551404090 0
1551404091 0
1551404092 0
1551404093 0
1551404094 0
1551404095 0
1551404096 0
1551404097 0
1551404098 0
1551404099 0
1551404100 0
1551404101 0
1551404102 0
1551404103 0
1551404104 0
1551404105 0
1551404106 0
1551404107 0
1551404108 0
1551404109 0
1551404110 0
1551404111 0
1551404112 0
1551404113 0
1551404114 0
1551404115 0
1551404116 0
1551404117 0
1551404118 0
1551404119 0
1551404120 0
1551404121 0
1551404122 0
1551404123 0
1551404124 0
1551404125 0
1551404126 0
1551404127 0
1551404128 0
1551404129 0
1551404130 0
1551404131 0
1551404132 0
1551404133 0
1551404134 0
1551404135 0
1551404136 0
1551404137 0
1551404138 0
1551404139 0
1551404140 0
1551404141 0
1551404142 0
1551404143 0
1551404144 0
1551404145 0
1551404146 0
1551404147 0
1551404148 0
1551404149 0
1551404150 0
1551404151 0
1551404152 0
1551404153 0
1551404154 0
1551404155 0
1551404156 0
1551404157 0
1551404158 0
1551404159 0
1551404160 0
1551404161 0
1551404162 0
1551404163 0
1551404164 0
1551404165 0
1551404166 0
1551404167 0
1551404168 0
1551404169 0
1551404170 0
1551404171 0
1551404172 0
1551404173 0
1551404174 0
1551404175 0
1551404176 0
1551404177 0
1551404178 0
1551404179 0
1551404180 0
1551404181 0
1551404182 0
1551404183 0
1551404184 0
1551404185 0
1551404186 0
1551404187 0
1551404188 0
1551404189 0
1551404190 0
1551404191 0
1551404192 0
1551404193 0
1551404194 0
1551404195 0
1551404196 0
1551404197 0
1551404198 0
1551404199 0
1551404200 0
1551404201 0
1551404202 0
1551404203 0
1551404204 0
1551404205 0
1551404206 0
1551404207 0
1551404208 0
1551404209 0
1551404210 0
1551404211 0
1551404212 0
1551404213 0
1551404214 0
1551404215 0
1551404216 0
1551404217 0
1551404218 0
1551404219 0
1551404220 0
1551404221 0
1551404222 0
1551404223 0
1551404224 0
1551404225 0
1551404226 0
1551404227 0
1551404228 0
1551404229 0
1551404230 0
1551404231 0
1551404232 0
1551404233 0
1551404234 0
1551404235 0
1551404236 0
1551404237 0
1551404238 0
1551404239 0
1551404240 0
1551404241 0
1551404242 0
1551404243 0
1551404244 0
1551404245 0
1551404246 0
1551404247 0
1551404248 0
1551404249 0
1551404250 0
1551404251 0
1551404252 0
1551404253 0
1551404254 0
1551404255 0
1551404256 0
1551404257 0
1551404258 0
1551404259 0
1551404260 0
1551404261 0
1551404262 0
1551404263 0
1551404264 0
1551404265 0
1551404266 0
1551404267 0
1551404268 0
1551404269 0
1551404270 0
1551404271 0
1551404272 0
1551404273 0
1551404274 0
1551404275 0
1551404276 0
1551404277 0
1551404278 0
1551404279 0
1551404280 0
1551404281 0
1551404282 0
1551404283 0
1551404284 0
1551404285 0
1551404286 0
1551404287 0
1551404288 0
1551404289 0
1551404290 0
1551404291 0
1551404292 0
1551404293 0
1551404294 0
1551404295 0
1551404296 0
1551404297 0
1551404298 0
1551404299 0
1551404300 0
1551404301 0
1551404302 0
1551404303 0
1551404304 0
1551404305 0
1551404306 0
1551404307 0
1551404308 0
1551404309 0
1551404310 0
1551404311 0
1551404312 0
1551404313 0
1551404314 0
1551404315 0
1551404316 0
1551404317 0
1551404318 0
1551404319 0
1551404320 0
1551404321 0
1551404322 0
1551404323 0
1551404324 0
1551404325 0
1551404326 0
1551404327 0
1551404328 0
1551404329 0
1551404330 0
1551404331 0
1551404332 0
1551404333 0
1551404334 0
1551404335 0
1551404336 0
1551404337 0
1551404338 0
1551404339 0
1551404340 0
1551404341 0
1551404342 0
1551404343 0
1551404344 0
1551404345 0
1551404346 0
1551404347 0
1551404348 0
1551404349 0
1551404350 0
1551404351 0
1551404352 0
1551404353 0
1551404354 0
1551404355 0
1551404356 0
1551404357 0
1551404358 0
1551404359 0
1551404360 0
1551404361 0
1551404362 0
1551404363 0
1551404364 0
1551404365 0
1551404366 0
1551404367 0
1551404368 0
1551404369 0
1551404370 0
1551404371 0
1551404372 0
1551404373 0
1551404374 0
1551404375 0
1551404376 0
1551404377 0
1551404378 0
1551404379 0
1551404380 0
1551404381 0
1551404382 0
1551404383 0
1551404384 0
1551404385 0
1551404386 0
1551404387 0
1551404388 0
1551404389 0
1551404390 0
1551404391 0
1551404392 0
1551404393 0
1551404394 0
1551404395 0
1551404396 0
1551404397 0
1551404398 0
1551404399 0
1551404400 0
1551404401 0
1551404402 0
1551404403 0
1551404404 0
1551404405 0
1551404406 0
1551404407 0
1551404408 0
1551404409 0
1551404410 0
1551404411 0
1551404412 0
1551404413 0
1551404414 0
1551404415 0
1551404416 0
1551404417 0
1551404418 0
1551404419 0
1551404420 0
1551404421 0
1551404422 0
1551404423 0
1551404424 0
1551404425 0
1551404426 0
1551404427 0
1551404428 0
1551404429 0
1551404430 0
1551404431 0
1551404432 0
1551404433 0
1551404434 0
1551404435 0
1551404436 0
1551404437 0
1551404438 0
1551404439 0
1551404440 0
1551404441 0
1551404442 0
1551404443 0
1551404444 0
1551404445 0
1551404446 0
1551404447 0
1551404448 0
1551404449 0
1551404450 0
1551404451 0
1551404452 0
1551404453 0
1551404454 0
1551404455 0
1551404456 0
1551404457 0
1551404458 0
1551404459 0
1551404460 0
1551404461 0
1551404462 0
1551404463 0
1551404464 0
1551404465 0
1551404466 0
1551404467 0
1551404468 0
1551404469 0
1551404470 0
1551404471 0
1551404472 0
1551404473 0
1551404474 0
1551404475 0
1551404476 0
1551404477 0
1551404478 0
1551404479 0
1551404480 0
1551404481 0
1551404482 0
1551404483 0
1551404484 0
1551404485 0
1551404486 0
1551404487 0
1551404488 0
1551404489 0
1551404490 0
1551404491 0
1551404492 0
1551404493 0
1551404494 0
1551404495 0
1551404496 0
1551404497 0
1551404498 0
1551404499 0
1551404500 0
1551404501 0
1551404502 0
1551404503 0
1551404504 0
1551404505 0
1551404506 0
1551404507 0
1551404508 0
1551404509 0
1551404510 0
1551404511 0
1551404512 0
1551404513 0
1551404514 0
1551404515 0
1551404516 0
1551404517 0
1551404518 0
1551404519 0
1551404520 0
1551404521 0
1551404522 0
1551404523 0
1551404524 0
1551404525 0
1551404526 0
1551404527 0
1551404528 0
1551404529 0
1551404530 0
1551404531 0
1551404532 0
1551404533 0
1551404534 0
1551404535 0
1551404536 0
1551404537 0
1551404538 0
1551404539 0
1551404540 0
1551404541 0
1551404542 0
1551404543 0
1551404544 0
1551404545 0
1551404546 0
1551404547 0
1551404548 0
1551404549 0
1551404550 0
1551404551 0
1551404552 0
1551404553 0
1551404554 0
1551404555 0
1551404556 0
1551404557 0
1551404558 0
1551404559 0
1551404560 0
1551404561 0
1551404562 0
1551404563 0
1551404564 0
1551404565 0
1551404566 0
1551404567 0
1551404568 0
1551404569 0
1551404570 0
1551404571 0
1551404572 0
1551404573 0
1551404574 0
1551404575 0
1551404576 0
1551404577 0
1551404578 0
1551404579 0
1551404580 0
1551404581 0
1551404582 0
1551404583 0
1551404584 0
1551404585 0
1551404586 0
1551404587 0
1551404588 0
1551404589 0
1551404590 0
1551404591 0
1551404592 0
1551404593 0
1551404594 0
1551404595 0
1551404596 0
1551404597 0
1551404598 0
1551404599 0
1551404600 0
1551404601 0
1551404602 0
1551404603 0
1551404604 0
1551404605 0
1551404606 0
1551404607 0
1551404608 0
1551404609 0
1551404610 0
1551404611 0
1551404612 0
1551404613 0
1551404614 0
1551404615 0
1551404616 0
1551404617 0
1551404618 0
1551404619 0
1551404620 0
1551404621 0
1551404622 0
1551404623 0
1551404624 0
1551404625 0
1551404626 0
1551404627 0
1551404628 0
1551404629 0
1551404630 0
1551404631 0
1551404632 0
1551404633 0
1551404634 0
1551404635 0
1551404636 0
1551404637 0
1551404638 0
1551404639 0
1551404640 0
1551404641 0
1551404642 0
1551404643 0
1551404644 0
1551404645 0
1551404646 0
1551404647 0
1551404648 0
1551404649 0
1551404650 0
1551404651 0
1551404652 0
1551404653 0
1551404654 0
1551404655 0
1551404656 0
1551404657 0
1551404658 0
1551404659 0
1551404660 0
1551404661 0
1551404662 0
1551404663 0
1551404664 0
1551404665 0
1551404666 0
1551404667 0
1551404668 0
1551404669 0
1551404670 0
1551404671 0
1551404672 0
1551404673 0
1551404674 0
1551404675 0
1551404676 0
1551404677 0
1551404678 0
1551404679 0
1551404680 0
1551404681 0
1551404682 0
1551404683 0
1551404684 0
1551404685 0
1551404686 0
1551404687 0
1551404688 0
1551404689 0
1551404690 0
1551404691 0
1551404692 0
1551404693 0
1551404694 0
1551404695 0
1551404696 0
1551404697 0
1551404698 0
1551404699 0
1551404700 0
1551404701 0
1551404702 0
1551404703 0
1551404704 0
1551404705 0
1551404706 0
1551404707 0
1551404708 0
1551404709 0
1551404710 0
1551404711 0
1551404712 0
1551404713 0
1551404714 0
1551404715 0
1551404716 0
1551404717 0
1551404718 0
1551404719 0
1551404720 0
1551404721 0
1551404722 0
1551404723 0
1551404724 0
1551404725 0
1551404726 0
1551404727 0
1551404728 0
1551404729 0
1551404730 0
1551404731 0
1551404732 0
1551404733 0
1551404734 0
1551404735 0
1551404736 0
1551404737 0
1551404738 0
1551404739 0
1551404740 0
1551404741 0
1551404742 0
1551404743 0
1551404744 0
1551404745 0
1551404746 0
1551404747 0
1551404748 0
1551404749 0
1551404750 0
1551404751 0
1551404752 0
1551404753 0
1551404754 0
1551404755 0
1551404756 0
1551404757 0
1551404758 0
1551404759 0
1551404760 0
1551404761 0
1551404762 0
1551404763 0
1551404764 0
1551404765 0
1551404766 0
1551404767 0
1551404768 0
1551404769 0
1551404770 0
1551404771 0
1551404772 0
1551404773 0
1551404774 0
1551404775 0
1551404776 0
1551404777 0
1551404778 0
1551404779 0
1551404780 0
1551404781 0
1551404782 0
1551404783 0
1551404784 0
1551404785 0
1551404786 0
1551404787 0
1551404788 0
1551404789 0
1551404790 0
1551404791 0
1551404792 0
1551404793 0
1551404794 0
1551404795 0
1551404796 0
1551404797 0
1551404798 0
1551404799 0
1551404800 0
1551404801 0
1551404802 0
1551404803 0
1551404804 0
1551404805 0
1551404806 0
1551404807 0
1551404808 0
1551404809 0
1551404810 0
1551404811 0
1551404812 0
1551404813 0
1551404814 0
1551404815 0
1551404816 0
1551404817 0
1551404818 0
1551404819 0
1551404820 0
1551404821 0
1551404822 0
1551404823 0
1551404824 0
1551404825 0
1551404826 0
1551404827 0
1551404828 0
1551404829 0
1551404830 0
1551404831 0
1551404832 0
1551404833 0
1551404834 0
1551404835 0
1551404836 0
1551404837 0
1551404838 0
1551404839 0
1551404840 0
1551404841 0
1551404842 0
1551404843 0
1551404844 0
1551404845 0
1551404846 0
1551404847 0
1551404848 0
1551404849 0
1551404850 0
1551404851 0
1551404852 0
1551404853 0
1551404854 0
1551404855 0
1551404856 0
1551404857 0
1551404858 0
1551404859 0
1551404860 0
1551404861 0
1551404862 0
1551404863 0
1551404864 0
1551404865 0
1551404866 0
1551404867 0
1551404868 0
1551404869 0
1551404870 0
1551404871 0
1551404872 0
1551404873 0
1551404874 0
1551404875 0
1551404876 0
1551404877 0
1551404878 0
1551404879 0
1551404880 0
1551404881 0
1551404882 0
1551404883 0
1551404884 0
1551404885 0
1551404886 0
1551404887 0
1551404888 0
1551404889 0
1551404890 0
1551404891 0
1551404892 0
1551404893 0
1551404894 0
1551404895 0
1551404896 0
1551404897 0
1551404898 0
1551404899 0
1551404900 0
1551404901 0
1551404902 0
1551404903 0
1551404904 0
1551404905 0
1551404906 0
1551404907 0
1551404908 0
1551404909 0
1551404910 0
1551404911 0
1551404912 0
1551404913 0
1551404914 0
1551404915 0
1551404916 0
1551404917 0
1551404918 0
1551404919 0
1551404920 0
1551404921 0
1551404922 0
1551404923 0
1551404924 0
1551404925 0
1551404926 0
1551404927 0
1551404928 0
1551404929 0
1551404930 0
1551404931 0
1551404932 0
1551404933 0
1551404934 0
1551404935 0
1551404936 0
1551404937 0
1551404938 0
1551404939 0
1551404940 0
1551404941 0
1551404942 0
1551404943 0
1551404944 0
1551404945 0
1551404946 0
1551404947 0
1551404948 0
1551404949 0
1551404950 0
1551404951 0
1551404952 0
1551404953 0
1551404954 0
1551404955 0
1551404956 0
1551404957 0
1551404958 0
1551404959 0
1551404960 0
1551404961 0
1551404962 0
1551404963 0
1551404964 0
1551404965 0
1551404966 0
1551404967 0
1551404968 0
1551404969 0
1551404970 0
1551404971 0
1551404972 0
1551404973 0
1551404974 0
1551404975 0
1551404976 0
1551404977 0
1551404978 0
1551404979 0
1551404980 0
1551404981 0
1551404982 0
1551404983 0
1551404984 0
1551404985 0
1551404986 0
1551404987 0
1551404988 0
1551404989 0
1551404990 0
1551404991 0
1551404992 0
1551404993 0
1551404994 0
1551404995 0
1551404996 0
1551404997 0
1551404998 0
1551404999 0
1551405000 0
1551405001 0
1551405002 0
1551405003 0
1551405004 0
1551405005 0
1551405006 0
1551405007 0
1551405008 0
1551405009 0
1551405010 0
1551405011 0
1551405012 0
1551405013 0
1551405014 0
1551405015 0
1551405016 0
1551405017 0
1551405018 0
1551405019 0
1551405020 0
1551405021 0
1551405022 0
1551405023 0
1551405024 0
1551405025 0
1551405026 0
1551405027 0
1551405028 0
1551405029 0
1551405030 0
1551405031 0
1551405032 0
1551405033 0
1551405034 0
1551405035 0
1551405036 0
1551405037 0
1551405038 0
1551405039 0
1551405040 0
1551405041 0
1551405042 0
1551405043 0
1551405044 0
1551405045 0
1551405046 0
1551405047 0
1551405048 0
1551405049 0
1551405050 0
1551405051 0
1551405052 0
1551405053 0
1551405054 0
1551405055 0
1551405056 0
1551405057 0
1551405058 0
1551405059 0
1551405060 0
1551405061 0
1551405062 0
1551405063 0
1551405064 0
1551405065 0
1551405066 0
1551405067 0
1551405068 0
1551405069 0
1551405070 0
1551405071 0
1551405072 0
1551405073 0
1551405074 0
1551405075 0
1551405076 0
1551405077 0
1551405078 0
1551405079 0
1551405080 0
1551405081 0
1551405082 0
1551405083 0
1551405084 0
1551405085 0
1551405086 0
1551405087 0
1551405088 0
1551405089 0
1551405090 0
1551405091 0
1551405092 0
1551405093 0
1551405094 0
1551405095 0
1551405096 0
1551405097 0
1551405098 0
1551405099 0
1551405100 0
1551405101 0
1551405102 0
1551405103 0
1551405104 0
1551405105 0
1551405106 0
1551405107 0
1551405108 0
1551405109 0
1551405110 0
1551405111 0
1551405112 0
1551405113 0
1551405114 0
1551405115 0
1551405116 0
1551405117 0
1551405118 0
1551405119 0
1551405120 0
1551405121 0
1551405122 0
1551405123 0
1551405124 0
1551405125 0
1551405126 0
1551405127 0
1551405128 0
1551405129 0
1551405130 0
1551405131 0
1551405132 0
1551405133 0
1551405134 0
1551405135 0
1551405136 0
1551405137 0
1551405138 0
1551405139 0
1551405140 0
1551405141 0
1551405142 0
1551405143 0
1551405144 0
1551405145 0
1551405146 0
1551405147 0
1551405148 0
1551405149 0
1551405150 0
1551405151 0
1551405152 0
1551405153 0
1551405154 0
1551405155 0
1551405156 0
1551405157 0
1551405158 0
1551405159 0
1551405160 0
1551405161 0
1551405162 0
1551405163 0
1551405164 0
1551405165 0
1551405166 0
1551405167 0
1551405168 0
1551405169 0
1551405170 0
1551405171 0
1551405172 0
1551405173 0
1551405174 0
1551405175 0
1551405176 0
1551405177 0
1551405178 0
1551405179 0
1551405180 0
1551405181 0
1551405182 0
1551405183 0
1551405184 0
1551405185 0
1551405186 0
1551405187 0
1551405188 0
1551405189 0
1551405190 0
1551405191 0
1551405192 0
1551405193 0
1551405194 0
1551405195 0
1551405196 0
1551405197 0
1551405198 0
1551405199 0
1551405200 0
1551405201 0
1551405202 0
1551405203 0
1551405204 0
1551405205 0
1551405206 0
1551405207 0
1551405208 0
1551405209 0
1551405210 0
1551405211 0
1551405212 0
1551405213 0
1551405214 0
1551405215 0
1551405216 0
1551405217 0
1551405218 0
1551405219 0
1551405220 0
1551405221 0
1551405222 0
1551405223 0
1551405224 0
1551405225 0
1551405226 0
1551405227 0
1551405228 0
1551405229 0
1551405230 0
1551405231 0
1551405232 0
1551405233 0
1551405234 0
1551405235 0
1551405236 0
1551405237 0
1551405238 0
1551405239 0
1551405240 0
1551405241 0
1551405242 0
1551405243 0
1551405244 0
1551405245 0
1551405246 0
1551405247 0
1551405248 0
1551405249 0
1551405250 0
1551405251 0
1551405252 0
1551405253 0
1551405254 0
1551405255 0
1551405256 0
1551405257 0
1551405258 0
1551405259 0
1551405260 0
1551405261 0
1551405262 0
1551405263 0
1551405264 0
1551405265 0
1551405266 0
1551405267 0
1551405268 0
1551405269 0
1551405270 0
1551405271 0
1551405272 0
1551405273 0
1551405274 0
1551405275 0
1551405276 0
1551405277 0
1551405278 0
1551405279 0
1551405280 0
1551405281 0
1551405282 0
1551405283 0
1551405284 0
1551405285 0
1551405286 0
1551405287 0
1551405288 0
1551405289 0
1551405290 0
1551405291 0
1551405292 0
1551405293 0
1551405294 0
1551405295 0
1551405296 0
1551405297 0
1551405298 0
1551405299 0
1551405300 0
1551405301 0
1551405302 0
1551405303 0
1551405304 0
1551405305 0
1551405306 0
1551405307 0
1551405308 0
1551405309 0
1551405310 0
1551405311 0
1551405312 0
1551405313 0
1551405314 0
1551405315 0
1551405316 0
1551405317 0
1551405318 0
1551405319 0
1551405320 0
1551405321 0
1551405322 0
1551405323 0
1551405324 0
1551405325 0
1551405326 0
1551405327 0
1551405328 0
1551405329 0
1551405330 0
1551405331 0
1551405332 0
1551405333 0
1551405334 0
1551405335 0
1551405336 0
1551405337 0
1551405338 0
1551405339 0
1551405340 0
1551405341 0
1551405342 0
1551405343 0
1551405344 0
1551405345 0
1551405346 0
1551405347 0
1551405348 0
1551405349 0
1551405350 0
1551405351 0
1551405352 0
1551405353 0
1551405354 0
1551405355 0
1551405356 0
1551405357 0
1551405358 0
1551405359 0
1551405360 0
1551405361 0
1551405362 0
1551405363 0
1551405364 0
1551405365 0
1551405366 0
1551405367 0
1551405368 0
1551405369 0
1551405370 0
1551405371 0
1551405372 0
1551405373 0
1551405374 0
1551405375 0
1551405376 0
1551405377 0
1551405378 0
1551405379 0
1551405380 0
1551405381 0
1551405382 0
1551405383 0
1551405384 0
1551405385 0
1551405386 0
1551405387 0
1551405388 0
1551405389 0
1551405390 0
1551405391 0
1551405392 0
1551405393 0
1551405394 0
1551405395 0
1551405396 0
1551405397 0
1551405398 0
1551405399 0
1551405400 0
1551405401 0
1551405402 0
1551405403 0
1551405404 0
1551405405 0
1551405406 0
1551405407 0
1551405408 0
1551405409 0
1551405410 0
1551405411 0
1551405412 0
1551405413 0
1551405414 0
1551405415 0
1551405416 0
1551405417 0
1551405418 0
1551405419 0
1551405420 0
1551405421 0
1551405422 0
1551405423 0
1551405424 0
1551405425 0
1551405426 0
1551405427 0
1551405428 0
1551405429 0
1551405430 0
1551405431 0
1551405432 0
1551405433 0
1551405434 0
1551405435 0
1551405436 0
1551405437 0
1551405438 0
1551405439 0
1551405440 0
1551405441 0
1551405442 0
1551405443 0
1551405444 0
1551405445 0
1551405446 0
1551405447 0
1551405448 0
1551405449 0
1551405450 0
1551405451 0
1551405452 0
1551405453 0
1551405454 0
1551405455 0
1551405456 0
1551405457 0
1551405458 0
1551405459 0
1551405460 0
1551405461 0
1551405462 0
1551405463 0
1551405464 0
1551405465 0
1551405466 0
1551405467 0
1551405468 0
1551405469 0
1551405470 0
1551405471 0
1551405472 0
1551405473 0
1551405474 0
1551405475 0
1551405476 0
1551405477 0
1551405478 0
1551405479 0
1551405480 0
1551405481 0
1551405482 0
1551405483 0
1551405484 0
1551405485 0
1551405486 0
1551405487 0
1551405488 0
1551405489 0
1551405490 0
1551405491 0
1551405492 0
1551405493 0
1551405494 0
1551405495 0
1551405496 0
1551405497 0
1551405498 0
1551405499 0
1551405500 0
1551405501 0
1551405502 0
1551405503 0
1551405504 0
1551405505 0
1551405506 0
1551405507 0
1551405508 0
1551405509 0
1551405510 0
1551405511 0
1551405512 0
1551405513 0
1551405514 0
1551405515 0
1551405516 0
1551405517 0
1551405518 0
1551405519 0
1551405520 0
1551405521 0
1551405522 0
1551405523 0
1551405524 0
1551405525 0
1551405526 0
1551405527 0
1551405528 0
1551405529 0
1551405530 0
1551405531 0
1551405532 0
1551405533 0
1551405534 0
1551405535 0
1551405536 0
1551405537 0
1551405538 0
1551405539 0
1551405540 0
1551405541 0
1551405542 0
1551405543 0
1551405544 0
1551405545 0
1551405546 0
1551405547 0
1551405548 0
1551405549 0
1551405550 0
1551405551 0
1551405552 0
1551405553 0
1551405554 0
1551405555 0
1551405556 0
1551405557 0
1551405558 0
1551405559 0
1551405560 0
1551405561 0
1551405562 0
1551405563 0
1551405564 0
1551405565 0
1551405566 0
1551405567 0
1551405568 0
1551405569 0
1551405570 0
1551405571 0
1551405572 0
1551405573 0
1551405574 0
1551405575 0
1551405576 0
1551405577 0
1551405578 0
1551405579 0
1551405580 0
1551405581 0
1551405582 0
1551405583 0
1551405584 0
1551405585 0
1551405586 0
1551405587 0
1551405588 0
1551405589 0
1551405590 0
1551405591 0
1551405592 0
1551405593 0
1551405594 0
1551405595 0
1551405596 0
1551405597 0
1551405598 0
1551405599 0
1551405600 0
1551405601 0
1551405602 0
1551405603 0
1551405604 0
1551405605 0
1551405606 0
1551405607 0
1551405608 0
1551405609 0
1551405610 0
1551405611 0
1551405612 0
1551405613 0
1551405614 0
1551405615 0
1551405616 0
1551405617 0
1551405618 0
1551405619 0
1551405620 0
1551405621 0
1551405622 0
1551405623 0
1551405624 0
1551405625 0
1551405626 0
1551405627 0
1551405628 0
1551405629 0
1551405630 0
1551405631 0
1551405632 0
1551405633 0
1551405634 0
1551405635 0
1551405636 0
1551405637 0
1551405638 0
1551405639 0
1551405640 0
1551405641 0
1551405642 0
1551405643 0
1551405644 0
1551405645 0
1551405646 0
1551405647 0
1551405648 0
1551405649 0
1551405650 0
1551405651 0
1551405652 0
1551405653 0
1551405654 0
1551405655 0
1551405656 0
1551405657 0
1551405658 0
1551405659 0
1551405660 0
1551405661 0
1551405662 0
1551405663 0
1551405664 0
1551405665 0
1551405666 0
1551405667 0
1551405668 0
1551405669 0
1551405670 0
1551405671 0
1551405672 0
1551405673 0
1551405674 0
1551405675 0
1551405676 0
1551405677 0
1551405678 0
1551405679 0
1551405680 0
1551405681 0
1551405682 0
1551405683 0
1551405684 0
1551405685 0
1551405686 0
1551405687 0
1551405688 0
1551405689 0
1551405690 0
1551405691 0
1551405692 0
1551405693 0
1551405694 0
1551405695 0
1551405696 0
1551405697 0
1551405698 0
1551405699 0
1551405700 0
1551405701 0
1551405702 0
1551405703 0
1551405704 0
1551405705 0
1551405706 0
1551405707 0
1551405708 0
1551405709 0
1551405710 0
1551405711 0
1551405712 0
1551405713 0
1551405714 0
1551405715 0
1551405716 0
1551405717 0
1551405718 0
1551405719 0
1551405720 0
1551405721 0
1551405722 0
1551405723 0
1551405724 0
1551405725 0
1551405726 0
1551405727 0
1551405728 0
1551405729 0
1551405730 0
1551405731 0
1551405732 0
1551405733 0
1551405734 0
1551405735 0
1551405736 0
1551405737 0
1551405738 0
1551405739 0
1551405740 0
1551405741 0
1551405742 0
1551405743 0
1551405744 0
1551405745 0
1551405746 0
1551405747 0
1551405748 0
1551405749 0
1551405750 0
1551405751 0
1551405752 0
1551405753 0
1551405754 0
1551405755 0
1551405756 0
1551405757 0
1551405758 0
1551405759 0
1551405760 0
1551405761 0
1551405762 0
1551405763 0
1551405764 0
1551405765 0
1551405766 0
1551405767 0
1551405768 0
1551405769 0
1551405770 0
1551405771 0
1551405772 0
1551405773 0
1551405774 0
1551405775 0
1551405776 0
1551405777 0
1551405778 0
1551405779 0
1551405780 0
1551405781 0
1551405782 0
1551405783 0
1551405784 0
1551405785 0
1551405786 0
1551405787 0
1551405788 0
1551405789 0
1551405790 0
1551405791 0
1551405792 0
1551405793 0
1551405794 0
1551405795 0
1551405796 0
1551405797 0
1551405798 0
1551405799 0
1551405800 0
1551405801 0
1551405802 0
1551405803 0
1551405804 0
1551405805 0
1551405806 0
1551405807 0
1551405808 0
1551405809 0
1551405810 0
1551405811 0
1551405812 0
1551405813 0
1551405814 0
1551405815 0
1551405816 0
1551405817 0
1551405818 0
1551405819 0
1551405820 0
1551405821 0
1551405822 0
1551405823 0
1551405824 0
1551405825 0
1551405826 0
1551405827 0
1551405828 0
1551405829 0
1551405830 0
1551405831 0
1551405832 0
1551405833 0
1551405834 0
1551405835 0
1551405836 0
1551405837 0
1551405838 0
1551405839 0
1551405840 0
1551405841 0
1551405842 0
1551405843 0
1551405844 0
1551405845 0
1551405846 0
1551405847 0
1551405848 0
1551405849 0
1551405850 0
1551405851 0
1551405852 0
1551405853 0
1551405854 0
1551405855 0
1551405856 0
1551405857 0
1551405858 0
1551405859 0
1551405860 0
1551405861 0
1551405862 0
1551405863 0
1551405864 0
1551405865 0
1551405866 0
1551405867 0
1551405868 0
1551405869 0
1551405870 0
1551405871 0
1551405872 0
1551405873 0
1551405874 0
1551405875 0
1551405876 0
1551405877 0
1551405878 0
1551405879 0
1551405880 0
1551405881 0
1551405882 0
1551405883 0
1551405884 0
1551405885 0
1551405886 0
1551405887 0
1551405888 0
1551405889 0
1551405890 0
1551405891 0
1551405892 0
1551405893 0
1551405894 0
1551405895 0
1551405896 0
1551405897 0
1551405898 0
1551405899 0
1551405900 0
1551405901 0
1551405902 0
1551405903 0
1551405904 0
1551405905 0
1551405906 0
1551405907 0
1551405908 0
1551405909 0
1551405910 0
1551405911 0
1551405912 0
1551405913 0
1551405914 0
1551405915 0
1551405916 0
1551405917 0
1551405918 0
1551405919 0
1551405920 0
1551405921 0
1551405922 0
1551405923 0
1551405924 0
1551405925 0
1551405926 0
1551405927 0
1551405928 0
1551405929 0
1551405930 0
1551405931 0
1551405932 0
1551405933 0
1551405934 0
1551405935 0
1551405936 0
1551405937 0
1551405938 0
1551405939 0
1551405940 0
1551405941 0
1551405942 0
1551405943 0
1551405944 0
1551405945 0
1551405946 0
1551405947 0
1551405948 0
1551405949 0
1551405950 0
1551405951 0
1551405952 0
1551405953 0
1551405954 0
1551405955 0
1551405956 0
1551405957 0
1551405958 0
1551405959 0
1551405960 0
1551405961 0
1551405962 0
1551405963 0
1551405964 0
1551405965 0
1551405966 0
1551405967 0
1551405968 0
1551405969 0
1551405970 0
1551405971 0
1551405972 0
1551405973 0
1551405974 0
1551405975 0
1551405976 0
1551405977 0
1551405978 0
1551405979 0
1551405980 0
1551405981 0
1551405982 0
1551405983 0
1551405984 0
1551405985 0
1551405986 0
1551405987 0
1551405988 0
1551405989 0
1551405990 0
1551405991 0
1551405992 0
1551405993 0
1551405994 0
1551405995 0
1551405996 0
1551405997 0
1551405998 0
1551405999 0
1551406000 0
1551406001 0
1551406002 0
1551406003 0
1551406004 0
1551406005 0
1551406006 0
1551406007 0
1551406008 0
1551406009 0
1551406010 0
1551406011 0
1551406012 0
1551406013 0
1551406014 0
1551406015 0
1551406016 0
1551406017 0
1551406018 0
1551406019 0
1551406020 0
1551406021 0
1551406022 0
1551406023 0
1551406024 0
1551406025 0
1551406026 0
1551406027 0
1551406028 0
1551406029 0
1551406030 0
1551406031 0
1551406032 0
1551406033 0
1551406034 0
1551406035 0
1551406036 0
1551406037 0
1551406038 0
1551406039 0
1551406040 0
1551406041 0
1551406042 0
1551406043 0
1551406044 0
1551406045 0
1551406046 0
1551406047 0
1551406048 0
1551406049 0
1551406050 0
1551406051 0
1551406052 0
1551406053 0
1551406054 0
1551406055 0
1551406056 0
1551406057 0
1551406058 0
1551406059 0
1551406060 0
1551406061 0
1551406062 0
1551406063 0
1551406064 0
1551406065 0
1551406066 0
1551406067 0
1551406068 0
1551406069 0
1551406070 0
1551406071 0
1551406072 0
1551406073 0
1551406074 0
1551406075 0
1551406076 0
1551406077 0
1551406078 0
1551406079 0
1551406080 0
1551406081 0
1551406082 0
1551406083 0
1551406084 0
1551406085 0
1551406086 0
1551406087 0
1551406088 0
1551406089 0
1551406090 0
1551406091 0
1551406092 0
1551406093 0
1551406094 0
1551406095 0
1551406096 0
1551406097 0
1551406098 0
1551406099 0
1551406100 0
1551406101 0
1551406102 0
1551406103 0
1551406104 0
1551406105 0
1551406106 0
1551406107 0
1551406108 0
1551406109 0
1551406110 0
1551406111 0
1551406112 0
1551406113 0
1551406114 0
1551406115 0
1551406116 0
1551406117 0
1551406118 0
1551406119 0
1551406120 0
1551406121 0
1551406122 0
1551406123 0
1551406124 0
1551406125 0
1551406126 0
1551406127 0
1551406128 0
1551406129 0
1551406130 0
1551406131 0
1551406132 0
1551406133 0
1551406134 0
1551406135 0
1551406136 0
1551406137 0
1551406138 0
1551406139 0
1551406140 0
1551406141 0
1551406142 0
1551406143 0
1551406144 0
1551406145 0
1551406146 0
1551406147 0
1551406148 0
1551406149 0
1551406150 0
1551406151 0
1551406152 0
1551406153 0
1551406154 0
1551406155 0
1551406156 0
1551406157 0
1551406158 0
1551406159 0
1551406160 0
1551406161 0
1551406162 0
1551406163 0
1551406164 0
1551406165 0
1551406166 0
1551406167 0
1551406168 0
1551406169 0
1551406170 0
1551406171 0
1551406172 0
1551406173 0
1551406174 0
1551406175 0
1551406176 0
1551406177 0
1551406178 0
1551406179 0
1551406180 0
1551406181 0
1551406182 0
1551406183 0
1551406184 0
1551406185 0
1551406186 0
1551406187 0
1551406188 0
1551406189 0
1551406190 0
1551406191 0
1551406192 0
1551406193 0
1551406194 0
1551406195 0
1551406196 0
1551406197 0
1551406198 0
1551406199 0
1551406200 0
1551406201 0
1551406202 0
1551406203 0
1551406204 0
1551406205 0
1551406206 0
1551406207 0
1551406208 0
1551406209 0
1551406210 0
1551406211 0
1551406212 0
1551406213 0
1551406214 0
1551406215 0
1551406216 0
1551406217 0
1551406218 0
1551406219 0
1551406220 0
1551406221 0
1551406222 0
1551406223 0
1551406224 0
1551406225 0
1551406226 0
1551406227 0
1551406228 0
1551406229 0
1551406230 0
1551406231 0
1551406232 0
1551406233 0
1551406234 0
1551406235 0
1551406236 0
1551406237 0
1551406238 0
1551406239 0
1551406240 0
1551406241 0
1551406242 0
1551406243 0
1551406244 0
1551406245 0
1551406246 0
1551406247 0
1551406248 0
1551406249 0
1551406250 0
1551406251 0
1551406252 0
1551406253 0
1551406254 0
1551406255 0
1551406256 0
1551406257 0
1551406258 0
1551406259 0
1551406260 0
1551406261 0
1551406262 0
1551406263 0
1551406264 0
1551406265 0
1551406266 0
1551406267 0
1551406268 0
1551406269 0
1551406270 0
1551406271 0
1551406272 0
1551406273 0
1551406274 0
1551406275 0
1551406276 0
1551406277 0
1551406278 0
1551406279 0
1551406280 0
1551406281 0
1551406282 0
1551406283 0
1551406284 0
1551406285 0
1551406286 0
1551406287 0
1551406288 0
1551406289 0
1551406290 0
1551406291 0
1551406292 0
1551406293 0
1551406294 0
1551406295 0
1551406296 0
1551406297 0
1551406298 0
1551406299 0
1551406300 0
1551406301 0
1551406302 0
1551406303 0
1551406304 0
1551406305 0
1551406306 0
1551406307 0
1551406308 0
1551406309 0
1551406310 0
1551406311 0
1551406312 0
1551406313 0
1551406314 0
1551406315 0
1551406316 0
1551406317 0
1551406318 0
1551406319 0
1551406320 0
1551406321 0
1551406322 0
1551406323 0
1551406324 0
1551406325 0
1551406326 0
1551406327 0
1551406328 0
1551406329 0
1551406330 0
1551406331 0
1551406332 0
1551406333 0
1551406334 0
1551406335 0
1551406336 0
1551406337 0
1551406338 0
1551406339 0
1551406340 0
1551406341 0
1551406342 0
1551406343 0
1551406344 0
1551406345 0
1551406346 0
1551406347 0
1551406348 0
1551406349 0
1551406350 0
1551406351 0
1551406352 0
1551406353 0
1551406354 0
1551406355 0
1551406356 0
1551406357 0
1551406358 0
1551406359 0
1551406360 0
1551406361 0
1551406362 0
1551406363 0
1551406364 0
1551406365 0
1551406366 0
1551406367 0
1551406368 0
1551406369 0
1551406370 0
1551406371 0
1551406372 0
1551406373 0
1551406374 0
1551406375 0
1551406376 0
1551406377 0
1551406378 0
1551406379 0
1551406380 0
1551406381 0
1551406382 0
1551406383 0
1551406384 0
1551406385 0
1551406386 0
1551406387 0
1551406388 0
1551406389 0
1551406390 0
1551406391 0
1551406392 0
1551406393 0
1551406394 0
1551406395 0
1551406396 0
1551406397 0
1551406398 0
1551406399 0
1551406400 0
1551406401 0
1551406402 0
1551406403 0
1551406404 0
1551406405 0
1551406406 0
1551406407 0
1551406408 0
1551406409 0
1551406410 0
1551406411 0
1551406412 0
1551406413 0
1551406414 0
1551406415 0
1551406416 0
1551406417 0
1551406418 0
1551406419 0
1551406420 0
1551406421 0
1551406422 0
1551406423 0
1551406424 0
1551406425 0
1551406426 0
1551406427 0
1551406428 0
1551406429 0
1551406430 0
1551406431 0
1551406432 0
1551406433 0
1551406434 0
1551406435 0
1551406436 0
1551406437 0
1551406438 0
1551406439 0
1551406440 0
1551406441 0
1551406442 0
1551406443 0
1551406444 0
1551406445 0
1551406446 0
1551406447 0
1551406448 0
1551406449 0
1551406450 0
1551406451 0
1551406452 0
1551406453 0
1551406454 0
1551406455 0
1551406456 0
1551406457 0
1551406458 0
1551406459 0
1551406460 0
1551406461 0
1551406462 0
1551406463 0
1551406464 0
1551406465 0
1551406466 0
1551406467 0
1551406468 0
1551406469 0
1551406470 0
1551406471 0
1551406472 0
1551406473 0
1551406474 0
1551406475 0
1551406476 0
1551406477 0
1551406478 0
1551406479 0
1551406480 0
1551406481 0
1551406482 0
1551406483 0
1551406484 0
1551406485 0
1551406486 0
1551406487 0
1551406488 0
1551406489 0
1551406490 0
1551406491 0
1551406492 0
1551406493 0
1551406494 0
1551406495 0
1551406496 0
1551406497 0
1551406498 0
1551406499 0
1551406500 0
1551406501 0
1551406502 0
1551406503 0
1551406504 0
1551406505 0
1551406506 0
1551406507 0
1551406508 0
1551406509 0
1551406510 0
1551406511 0
1551406512 0
1551406513 0
1551406514 0
1551406515 0
1551406516 0
1551406517 0
1551406518 0
1551406519 0
1551406520 0
1551406521 0
1551406522 0
1551406523 0
1551406524 0
1551406525 0
1551406526 0
1551406527 0
1551406528 0
1551406529 0
1551406530 0
1551406531 0
1551406532 0
1551406533 0
1551406534 0
1551406535 0
1551406536 0
1551406537 0
1551406538 0
1551406539 0
1551406540 0
1551406541 0
1551406542 0
1551406543 0
1551406544 0
1551406545 0
1551406546 0
1551406547 0
1551406548 0
1551406549 0
1551406550 0
1551406551 0
1551406552 0
1551406553 0
1551406554 0
1551406555 0
1551406556 0
1551406557 0
1551406558 0
1551406559 0
1551406560 0
1551406561 0
1551406562 0
1551406563 0
1551406564 0
1551406565 0
1551406566 0
1551406567 0
1551406568 0
1551406569 0
1551406570 0
1551406571 0
1551406572 0
1551406573 0
1551406574 0
1551406575 0
1551406576 0
1551406577 0
1551406578 0
1551406579 0
1551406580 0
1551406581 0
1551406582 0
1551406583 0
1551406584 0
1551406585 0
1551406586 0
1551406587 0
1551406588 0
1551406589 0
1551406590 0
1551406591 0
1551406592 0
1551406593 0
1551406594 0
1551406595 0
1551406596 0
1551406597 0
1551406598 0
1551406599 0
1551406600 0
1551406601 0
1551406602 0
1551406603 0
1551406604 0
1551406605 0
1551406606 0
1551406607 0
1551406608 0
1551406609 0
1551406610 0
1551406611 0
1551406612 0
1551406613 0
1551406614 0
1551406615 0
1551406616 0
1551406617 0
1551406618 0
1551406619 0
1551406620 0
1551406621 0
1551406622 0
1551406623 0
1551406624 0
1551406625 0
1551406626 0
1551406627 0
1551406628 0
1551406629 0
1551406630 0
1551406631 0
1551406632 0
1551406633 0
1551406634 0
1551406635 0
1551406636 0
1551406637 0
1551406638 0
1551406639 0
1551406640 0
1551406641 0
1551406642 0
1551406643 0
1551406644 0
1551406645 0
1551406646 0
1551406647 0
1551406648 0
1551406649 0
1551406650 0
1551406651 0
1551406652 0
1551406653 0
1551406654 0
1551406655 0
1551406656 0
1551406657 0
1551406658 0
1551406659 0
1551406660 0
1551406661 0
1551406662 0
1551406663 0
1551406664 0
1551406665 0
1551406666 0
1551406667 0
1551406668 0
1551406669 0
1551406670 0
1551406671 0
1551406672 0
1551406673 0
1551406674 0
1551406675 0
1551406676 0
1551406677 0
1551406678 0
1551406679 0
1551406680 0
1551406681 0
1551406682 0
1551406683 0
1551406684 0
1551406685 0
1551406686 0
1551406687 0
1551406688 0
1551406689 0
1551406690 0
1551406691 0
1551406692 0
1551406693 0
1551406694 0
1551406695 0
1551406696 0
1551406697 0
1551406698 0
1551406699 0
1551406700 0
1551406701 0
1551406702 0
1551406703 0
1551406704 0
1551406705 0
1551406706 0
1551406707 0
1551406708 0
1551406709 0
1551406710 0
1551406711 0
1551406712 0
1551406713 0
1551406714 0
1551406715 0
1551406716 0
1551406717 0
1551406718 0
1551406719 0
1551406720 0
1551406721 0
1551406722 0
1551406723 0
1551406724 0
1551406725 0
1551406726 0
1551406727 0
1551406728 0
1551406729 0
1551406730 0
1551406731 0
1551406732 0
1551406733 0
1551406734 0
1551406735 0
1551406736 0
1551406737 0
1551406738 0
1551406739 0
1551406740 0
1551406741 0
1551406742 0
1551406743 0
1551406744 0
1551406745 0
1551406746 0
1551406747 0
1551406748 0
1551406749 0
1551406750 0
1551406751 0
1551406752 0
1551406753 0
1551406754 0
1551406755 0
1551406756 0
1551406757 0
1551406758 0
1551406759 0
1551406760 0
1551406761 0
1551406762 0
1551406763 0
1551406764 0
1551406765 0
1551406766 0
1551406767 0
1551406768 0
1551406769 0
1551406770 0
1551406771 0
1551406772 0
1551406773 0
1551406774 0
1551406775 0
1551406776 0
1551406777 0
1551406778 0
1551406779 0
1551406780 0
1551406781 0
1551406782 0
1551406783 0
1551406784 0
1551406785 0
1551406786 0
1551406787 0
1551406788 0
1551406789 0
1551406790 0
1551406791 0
1551406792 0
1551406793 0
1551406794 0
1551406795 0
1551406796 0
1551406797 0
1551406798 0
1551406799 0
1551406800 0
1551406801 0
1551406802 0
1551406803 0
1551406804 0
1551406805 0
1551406806 0
1551406807 0
1551406808 0
1551406809 0
1551406810 0
1551406811 0
1551406812 0
1551406813 0
1551406814 0
1551406815 0
1551406816 0
1551406817 0
1551406818 0
1551406819 0
1551406820 0
1551406821 0
1551406822 0
1551406823 0
1551406824 0
1551406825 0
1551406826 0
1551406827 0
1551406828 0
1551406829 0
1551406830 0
1551406831 0
1551406832 0
1551406833 0
1551406834 0
1551406835 0
1551406836 0
1551406837 0
1551406838 0
1551406839 0
1551406840 0
1551406841 0
1551406842 0
1551406843 0
1551406844 0
1551406845 0
1551406846 0
1551406847 0
1551406848 0
1551406849 0
1551406850 0
1551406851 0
1551406852 0
1551406853 0
1551406854 0
1551406855 0
1551406856 0
1551406857 0
1551406858 0
1551406859 0
1551406860 0
1551406861 0
1551406862 0
1551406863 0
1551406864 0
1551406865 0
1551406866 0
1551406867 0
1551406868 0
1551406869 0
1551406870 0
1551406871 0
1551406872 0
1551406873 0
1551406874 0
1551406875 0
1551406876 0
1551406877 0
1551406878 0
1551406879 0
1551406880 0
1551406881 0
1551406882 0
1551406883 0
1551406884 0
1551406885 0
1551406886 0
1551406887 0
1551406888 0
1551406889 0
1551406890 0
1551406891 0
1551406892 0
1551406893 0
1551406894 0
1551406895 0
1551406896 0
1551406897 0
1551406898 0
1551406899 0
1551406900 0
1551406901 0
1551406902 0
1551406903 0
1551406904 0
1551406905 0
1551406906 0
1551406907 0
1551406908 0
1551406909 0
1551406910 0
1551406911 0
1551406912 0
1551406913 0
1551406914 0
1551406915 0
1551406916 0
1551406917 0
1551406918 0
1551406919 0
1551406920 0
1551406921 0
1551406922 0
1551406923 0
1551406924 0
1551406925 0
1551406926 0
1551406927 0
1551406928 0
1551406929 0
1551406930 0
1551406931 0
1551406932 0
1551406933 0
1551406934 0
1551406935 0
1551406936 0
1551406937 0
1551406938 0
1551406939 0
1551406940 0
1551406941 0
1551406942 0
1551406943 0
1551406944 0
1551406945 0
1551406946 0
1551406947 0
1551406948 0
1551406949 0
1551406950 0
1551406951 0
1551406952 0
1551406953 0
1551406954 0
1551406955 0
1551406956 0
1551406957 0
1551406958 0
1551406959 0
1551406960 0
1551406961 0
1551406962 0
1551406963 0
1551406964 0
1551406965 0
1551406966 0
1551406967 0
1551406968 0
1551406969 0
1551406970 0
1551406971 0
1551406972 0
1551406973 0
1551406974 0
1551406975 0
1551406976 0
1551406977 0
1551406978 0
1551406979 0
1551406980 0
1551406981 0
1551406982 0
1551406983 0
1551406984 0
1551406985 0
1551406986 0
1551406987 0
1551406988 0
1551406989 0
1551406990 0
1551406991 0
1551406992 0
1551406993 0
1551406994 0
1551406995 0
1551406996 0
1551406997 0
1551406998 0
1551406999 0
1551407000 0
1551407001 0
1551407002 0
1551407003 0
1551407004 0
1551407005 0
1551407006 0
1551407007 0
1551407008 0
1551407009 0
1551407010 0
1551407011 0
1551407012 0
1551407013 0
1551407014 0
1551407015 0
1551407016 0
1551407017 0
1551407018 0
1551407019 0
1551407020 0
1551407021 0
1551407022 0
1551407023 0
1551407024 0
1551407025 0
1551407026 0
1551407027 0
1551407028 0
1551407029 0
1551407030 0
1551407031 0
1551407032 0
1551407033 0
1551407034 0
1551407035 0
1551407036 0
1551407037 0
1551407038 0
1551407039 0
1551407040 0
1551407041 0
1551407042 0
1551407043 0
1551407044 0
1551407045 0
1551407046 0
1551407047 0
1551407048 0
1551407049 0
1551407050 0
1551407051 0
1551407052 0
1551407053 0
1551407054 0
1551407055 0
1551407056 0
1551407057 0
1551407058 0
1551407059 0
1551407060 0
1551407061 0
1551407062 0
1551407063 0
1551407064 0
1551407065 0
1551407066 0
1551407067 0
1551407068 0
1551407069 0
1551407070 0
1551407071 0
1551407072 0
1551407073 0
1551407074 0
1551407075 0
1551407076 0
1551407077 0
1551407078 0
1551407079 0
1551407080 0
1551407081 0
1551407082 0
1551407083 0
1551407084 0
1551407085 0
1551407086 0
1551407087 0
1551407088 0
1551407089 0
1551407090 0
1551407091 0
1551407092 0
1551407093 0
1551407094 0
1551407095 0
1551407096 0
1551407097 0
1551407098 0
1551407099 0
1551407100 0
1551407101 0
1551407102 0
1551407103 0
1551407104 0
1551407105 0
1551407106 0
1551407107 0
1551407108 0
1551407109 0
1551407110 0
1551407111 0
1551407112 0
1551407113 0
1551407114 0
1551407115 0
1551407116 0
1551407117 0
1551407118 0
1551407119 0
1551407120 0
1551407121 0
1551407122 0
1551407123 0
1551407124 0
1551407125 0
1551407126 0
1551407127 0
1551407128 0
1551407129 0
1551407130 0
1551407131 0
1551407132 0
1551407133 0
1551407134 0
1551407135 0
1551407136 0
1551407137 0
1551407138 0
1551407139 0
1551407140 0
1551407141 0
1551407142 0
1551407143 0
1551407144 0
1551407145 0
1551407146 0
1551407147 0
1551407148 0
1551407149 0
1551407150 0
1551407151 0
1551407152 0
1551407153 0
1551407154 0
1551407155 0
1551407156 0
1551407157 0
1551407158 0
1551407159 0
1551407160 0
1551407161 0
1551407162 0
1551407163 0
1551407164 0
1551407165 0
1551407166 0
1551407167 0
1551407168 0
1551407169 0
1551407170 0
1551407171 0
1551407172 0
1551407173 0
1551407174 0
1551407175 0
1551407176 0
1551407177 0
1551407178 0
1551407179 0
1551407180 0
1551407181 0
1551407182 0
1551407183 0
1551407184 0
1551407185 0
1551407186 0
1551407187 0
1551407188 0
1551407189 0
1551407190 0
1551407191 0
1551407192 0
1551407193 0
1551407194 0
1551407195 0
1551407196 0
1551407197 0
1551407198 0
1551407199 0
1551407200 0
1551407201 0
1551407202 0
1551407203 0
1551407204 0
1551407205 0
1551407206 0
1551407207 0
1551407208 0
1551407209 0
1551407210 0
1551407211 0
1551407212 0
1551407213 0
1551407214 0
1551407215 0
1551407216 0
1551407217 0
1551407218 0
1551407219 0
1551407220 0
1551407221 0
1551407222 0
1551407223 0
1551407224 0
1551407225 0
1551407226 0
1551407227 0
1551407228 0
1551407229 0
1551407230 0
1551407231 0
1551407232 0
1551407233 0
1551407234 0
1551407235 0
1551407236 0
1551407237 0
1551407238 0
1551407239 0
1551407240 0
1551407241 0
1551407242 0
1551407243 0
1551407244 0
1551407245 0
1551407246 0
1551407247 0
1551407248 0
1551407249 0
1551407250 0
1551407251 0
1551407252 0
1551407253 0
1551407254 0
1551407255 0
1551407256 0
1551407257 0
1551407258 0
1551407259 0
1551407260 0
1551407261 0
1551407262 0
1551407263 0
1551407264 0
1551407265 0
1551407266 0
1551407267 0
1551407268 0
1551407269 0
1551407270 0
1551407271 0
1551407272 0
1551407273 0
1551407274 0
1551407275 0
1551407276 0
1551407277 0
1551407278 0
1551407279 0
1551407280 0
1551407281 0
1551407282 0
1551407283 0
1551407284 0
1551407285 0
1551407286 0
1551407287 0
1551407288 0
1551407289 0
1551407290 0
1551407291 0
1551407292 0
1551407293 0
1551407294 0
1551407295 0
1551407296 0
1551407297 0
1551407298 0
1551407299 0
1551407300 0
1551407301 0
1551407302 0
1551407303 0
1551407304 0
1551407305 0
1551407306 0
1551407307 0
1551407308 0
1551407309 0
1551407310 0
1551407311 0
1551407312 0
1551407313 0
1551407314 0
1551407315 0
1551407316 0
1551407317 0
1551407318 0
1551407319 0
1551407320 0
1551407321 0
1551407322 0
1551407323 0
1551407324 0
1551407325 0
1551407326 0
1551407327 0
1551407328 0
1551407329 0
1551407330 0
1551407331 0
1551407332 0
1551407333 0
1551407334 0
1551407335 0
1551407336 0
1551407337 0
1551407338 0
1551407339 0
1551407340 0
1551407341 0
1551407342 0
1551407343 0
1551407344 0
1551407345 0
1551407346 0
1551407347 0
1551407348 0
1551407349 0
1551407350 0
1551407351 0
1551407352 0
1551407353 0
1551407354 0
1551407355 0
1551407356 0
1551407357 0
1551407358 0
1551407359 0
1551407360 0
1551407361 0
1551407362 0
1551407363 0
1551407364 0
1551407365 0
1551407366 0
1551407367 0
1551407368 0
1551407369 0
1551407370 0
1551407371 0
1551407372 0
1551407373 0
1551407374 0
1551407375 0
1551407376 0
1551407377 0
1551407378 0
1551407379 0
1551407380 0
1551407381 0
1551407382 0
1551407383 0
1551407384 0
1551407385 0
1551407386 0
1551407387 0
1551407388 0
1551407389 0
1551407390 0
1551407391 0
1551407392 0
1551407393 0
1551407394 0
1551407395 0
1551407396 0
1551407397 0
1551407398 0
1551407399 0
1551407400 0
1551407401 0
1551407402 0
1551407403 0
1551407404 0
1551407405 0
1551407406 0
1551407407 0
1551407408 0
1551407409 0
1551407410 0
1551407411 0
1551407412 0
1551407413 0
1551407414 0
1551407415 0
1551407416 0
1551407417 0
1551407418 0
1551407419 0
1551407420 0
1551407421 0
1551407422 0
1551407423 0
1551407424 0
1551407425 0
1551407426 0
1551407427 0
1551407428 0
1551407429 0
1551407430 0
1551407431 0
1551407432 0
1551407433 0
1551407434 0
1551407435 0
1551407436 0
1551407437 0
1551407438 0
1551407439 0
1551407440 0
1551407441 0
1551407442 0
1551407443 0
1551407444 0
1551407445 0
1551407446 0
1551407447 0
1551407448 0
1551407449 0
1551407450 0
1551407451 0
1551407452 0
1551407453 0
1551407454 0
1551407455 0
1551407456 0
1551407457 0
1551407458 0
1551407459 0
1551407460 0
1551407461 0
1551407462 0
1551407463 0
1551407464 0
1551407465 0
1551407466 0
1551407467 0
1551407468 0
1551407469 0
1551407470 0
1551407471 0
1551407472 0
1551407473 0
1551407474 0
1551407475 0
1551407476 0
1551407477 0
1551407478 0
1551407479 0
1551407480 0
1551407481 0
1551407482 0
1551407483 0
1551407484 0
1551407485 0
1551407486 0
1551407487 0
1551407488 0
1551407489 0
1551407490 0
1551407491 0
1551407492 0
1551407493 0
1551407494 0
1551407495 0
1551407496 0
1551407497 0
1551407498 0
1551407499 0
1551407500 0
1551407501 0
1551407502 0
1551407503 0
1551407504 0
1551407505 0
1551407506 0
1551407507 0
1551407508 0
1551407509 0
1551407510 0
1551407511 0
1551407512 0
1551407513 0
1551407514 0
1551407515 0
1551407516 0
1551407517 0
1551407518 0
1551407519 0
1551407520 0
1551407521 0
1551407522 0
1551407523 0
1551407524 0
1551407525 0
1551407526 0
1551407527 0
1551407528 0
1551407529 0
1551407530 0
1551407531 0
1551407532 0
1551407533 0
1551407534 0
1551407535 0
1551407536 0
1551407537 0
1551407538 0
1551407539 0
1551407540 0
1551407541 0
1551407542 0
1551407543 0
1551407544 0
1551407545 0
1551407546 0
1551407547 0
1551407548 0
1551407549 0
1551407550 0
1551407551 0
1551407552 0
1551407553 0
1551407554 0
1551407555 0
1551407556 0
1551407557 0
1551407558 0
1551407559 0
1551407560 0
1551407561 0
1551407562 0
1551407563 0
1551407564 0
1551407565 0
1551407566 0
1551407567 0
1551407568 0
1551407569 0
1551407570 0
1551407571 0
1551407572 0
1551407573 0
1551407574 0
1551407575 0
1551407576 0
1551407577 0
1551407578 0
1551407579 0
1551407580 0
1551407581 0
1551407582 0
1551407583 0
1551407584 0
1551407585 0
1551407586 0
1551407587 0
1551407588 0
1551407589 0
1551407590 0
1551407591 0
1551407592 0
1551407593 0
1551407594 0
1551407595 0
1551407596 0
1551407597 0
1551407598 0
1551407599 0
1551407600 0
1551407601 0
1551407602 0
1551407603 0
1551407604 0
1551407605 0
1551407606 0
1551407607 0
1551407608 0
1551407609 0
1551407610 0
1551407611 0
1551407612 0
1551407613 0
1551407614 0
1551407615 0
1551407616 0
1551407617 0
1551407618 0
1551407619 0
1551407620 0
1551407621 0
1551407622 0
1551407623 0
1551407624 0
1551407625 0
1551407626 0
1551407627 0
1551407628 0
1551407629 0
1551407630 0
1551407631 0
1551407632 0
1551407633 0
1551407634 0
1551407635 0
1551407636 0
1551407637 0
1551407638 0
1551407639 0
1551407640 0
1551407641 0
1551407642 0
1551407643 0
1551407644 0
1551407645 0
1551407646 0
1551407647 0
1551407648 0
1551407649 0
1551407650 0
1551407651 0
1551407652 0
1551407653 0
1551407654 0
1551407655 0
1551407656 0
1551407657 0
1551407658 0
1551407659 0
1551407660 0
1551407661 0
1551407662 0
1551407663 0
1551407664 0
1551407665 0
1551407666 0
1551407667 0
1551407668 0
1551407669 0
1551407670 0
1551407671 0
1551407672 0
1551407673 0
1551407674 0
1551407675 0
1551407676 0
1551407677 0
1551407678 0
1551407679 0
1551407680 0
1551407681 0
1551407682 0
1551407683 0
1551407684 0
1551407685 0
1551407686 0
1551407687 0
1551407688 0
1551407689 0
1551407690 0
1551407691 0
1551407692 0
1551407693 0
1551407694 0
1551407695 0
1551407696 0
1551407697 0
1551407698 0
1551407699 0
1551407700 0
1551407701 0
1551407702 0
1551407703 0
1551407704 0
1551407705 0
1551407706 0
1551407707 0
1551407708 0
1551407709 0
1551407710 0
1551407711 0
1551407712 0
1551407713 0
1551407714 0
1551407715 0
1551407716 0
1551407717 0
1551407718 0
1551407719 0
1551407720 0
1551407721 0
1551407722 0
1551407723 0
1551407724 0
1551407725 0
1551407726 0
1551407727 0
1551407728 0
1551407729 0
1551407730 0
1551407731 0
1551407732 0
1551407733 0
1551407734 0
1551407735 0
1551407736 0
1551407737 0
1551407738 0
1551407739 0
1551407740 0
1551407741 0
1551407742 0
1551407743 0
1551407744 0
1551407745 0
1551407746 0
1551407747 0
1551407748 0
1551407749 0
1551407750 0
1551407751 0
1551407752 0
1551407753 0
1551407754 0
1551407755 0
1551407756 0
1551407757 0
1551407758 0
1551407759 0
1551407760 0
1551407761 0
1551407762 0
1551407763 0
1551407764 0
1551407765 0
1551407766 0
1551407767 0
1551407768 0
1551407769 0
1551407770 0
1551407771 0
1551407772 0
1551407773 0
1551407774 0
1551407775 0
1551407776 0
1551407777 0
1551407778 0
1551407779 0
1551407780 0
1551407781 0
1551407782 0
1551407783 0
1551407784 0
1551407785 0
1551407786 0
1551407787 0
1551407788 0
1551407789 0
1551407790 0
1551407791 0
1551407792 0
1551407793 0
1551407794 0
1551407795 0
1551407796 0
1551407797 0
1551407798 0
1551407799 0
1551407800 0
1551407801 0
1551407802 0
1551407803 0
1551407804 0
1551407805 0
1551407806 0
1551407807 0
1551407808 0
1551407809 0
1551407810 0
1551407811 0
1551407812 0
1551407813 0
1551407814 0
1551407815 0
1551407816 0
1551407817 0
1551407818 0
1551407819 0
1551407820 0
1551407821 0
1551407822 0
1551407823 0
1551407824 0
1551407825 0
1551407826 0
1551407827 0
1551407828 0
1551407829 0
1551407830 0
1551407831 0
1551407832 0
1551407833 0
1551407834 0
1551407835 0
1551407836 0
1551407837 0
1551407838 0
1551407839 0
1551407840 0
1551407841 0
1551407842 0
1551407843 0
1551407844 0
1551407845 0
1551407846 0
1551407847 0
1551407848 0
1551407849 0
1551407850 0
1551407851 0
1551407852 0
1551407853 0
1551407854 0
1551407855 0
1551407856 0
1551407857 0
1551407858 0
1551407859 0
1551407860 0
1551407861 0
1551407862 0
1551407863 0
1551407864 0
1551407865 0
1551407866 0
1551407867 0
1551407868 0
1551407869 0
1551407870 0
1551407871 0
1551407872 0
1551407873 0
1551407874 0
1551407875 0
1551407876 0
1551407877 0
1551407878 0
1551407879 0
1551407880 0
1551407881 0
1551407882 0
1551407883 0
1551407884 0
1551407885 0
1551407886 0
1551407887 0
1551407888 0
1551407889 0
1551407890 0
1551407891 0
1551407892 0
1551407893 0
1551407894 0
1551407895 0
1551407896 0
1551407897 0
1551407898 0
1551407899 0
1551407900 0
1551407901 0
1551407902 0
1551407903 0
1551407904 0
1551407905 0
1551407906 0
1551407907 0
1551407908 0
1551407909 0
1551407910 0
1551407911 0
1551407912 0
1551407913 0
1551407914 0
1551407915 0
1551407916 0
1551407917 0
1551407918 0
1551407919 0
1551407920 0
1551407921 0
1551407922 0
1551407923 0
1551407924 0
1551407925 0
1551407926 0
1551407927 0
1551407928 0
1551407929 0
1551407930 0
1551407931 0
1551407932 0
1551407933 0
1551407934 0
1551407935 0
1551407936 0
1551407937 0
1551407938 0
1551407939 0
1551407940 0
1551407941 0
1551407942 0
1551407943 0
1551407944 0
1551407945 0
1551407946 0
1551407947 0
1551407948 0
1551407949 0
1551407950 0
1551407951 0
1551407952 0
1551407953 0
1551407954 0
1551407955 0
1551407956 0
1551407957 0
1551407958 0
1551407959 0
1551407960 0
1551407961 0
1551407962 0
1551407963 0
1551407964 0
1551407965 0
1551407966 0
1551407967 0
1551407968 0
1551407969 0
1551407970 0
1551407971 0
1551407972 0
1551407973 0
1551407974 0
1551407975 0
1551407976 0
1551407977 0
1551407978 0
1551407979 0
1551407980 0
1551407981 0
1551407982 0
1551407983 0
1551407984 0
1551407985 0
1551407986 0
1551407987 0
1551407988 0
1551407989 0
1551407990 0
1551407991 0
1551407992 0
1551407993 0
1551407994 0
1551407995 0
1551407996 0
1551407997 0
1551407998 0
1551407999 0
1551408000 0
1551408001 0
1551408002 0
1551408003 0
1551408004 0
1551408005 0
1551408006 0
1551408007 0
1551408008 0
1551408009 0
1551408010 0
1551408011 0
1551408012 0
1551408013 0
1551408014 0
1551408015 0
1551408016 0
1551408017 0
1551408018 0
1551408019 0
1551408020 0
1551408021 0
1551408022 0
1551408023 0
1551408024 0
1551408025 0
1551408026 0
1551408027 0
1551408028 0
1551408029 0
1551408030 0
1551408031 0
1551408032 0
1551408033 0
1551408034 0
1551408035 0
1551408036 0
1551408037 0
1551408038 0
1551408039 0
1551408040 0
1551408041 0
1551408042 0
1551408043 0
1551408044 0
1551408045 0
1551408046 0
1551408047 0
1551408048 0
1551408049 0
1551408050 0
1551408051 0
1551408052 0
1551408053 0
1551408054 0
1551408055 0
1551408056 0
1551408057 0
1551408058 0
1551408059 0
1551408060 0
1551408061 0
1551408062 0
1551408063 0
1551408064 0
1551408065 0
1551408066 0
1551408067 0
1551408068 0
1551408069 0
1551408070 0
1551408071 0
1551408072 0
1551408073 0
1551408074 0
1551408075 0
1551408076 0
1551408077 0
1551408078 0
1551408079 0
1551408080 0
1551408081 0
1551408082 0
1551408083 0
1551408084 0
1551408085 0
1551408086 0
1551408087 0
1551408088 0
1551408089 0
1551408090 0
1551408091 0
1551408092 0
1551408093 0
1551408094 0
1551408095 0
1551408096 0
1551408097 0
1551408098 0
1551408099 0
1551408100 0
1551408101 0
1551408102 0
1551408103 0
1551408104 0
1551408105 0
1551408106 0
1551408107 0
1551408108 0
1551408109 0
1551408110 0
1551408111 0
1551408112 0
1551408113 0
1551408114 0
1551408115 0
1551408116 0
1551408117 0
1551408118 0
1551408119 0
1551408120 0
1551408121 0
1551408122 0
1551408123 0
1551408124 0
1551408125 0
1551408126 0
1551408127 0
1551408128 0
1551408129 0
1551408130 0
1551408131 0
1551408132 0
1551408133 0
1551408134 0
1551408135 0
1551408136 0
1551408137 0
1551408138 0
1551408139 0
1551408140 0
1551408141 0
1551408142 0
1551408143 0
1551408144 0
1551408145 0
1551408146 0
1551408147 0
1551408148 0
1551408149 0
1551408150 0
1551408151 0
1551408152 0
1551408153 0
1551408154 0
1551408155 0
1551408156 0
1551408157 0
1551408158 0
1551408159 0
1551408160 0
1551408161 0
1551408162 0
1551408163 0
1551408164 0
1551408165 0
1551408166 0
1551408167 0
1551408168 0
1551408169 0
1551408170 0
1551408171 0
1551408172 0
1551408173 0
1551408174 0
1551408175 0
1551408176 0
1551408177 0
1551408178 0
1551408179 0
1551408180 0
1551408181 0
1551408182 0
1551408183 0
1551408184 0
1551408185 0
1551408186 0
1551408187 0
1551408188 0
1551408189 0
1551408190 0
1551408191 0
1551408192 0
1551408193 0
1551408194 0
1551408195 0
1551408196 0
1551408197 0
1551408198 0
1551408199 0
1551408200 0
1551408201 0
1551408202 0
1551408203 0
1551408204 0
1551408205 0
1551408206 0
1551408207 0
1551408208 0
1551408209 0
1551408210 0
1551408211 0
1551408212 0
1551408213 0
1551408214 0
1551408215 0
1551408216 0
1551408217 0
1551408218 0
1551408219 0
1551408220 0
1551408221 0
1551408222 0
1551408223 0
1551408224 0
1551408225 0
1551408226 0
1551408227 0
1551408228 0
1551408229 0
1551408230 0
1551408231 0
1551408232 0
1551408233 0
1551408234 0
1551408235 0
1551408236 0
1551408237 0
1551408238 0
1551408239 0
1551408240 0
1551408241 0
1551408242 0
1551408243 0
1551408244 0
1551408245 0
1551408246 0
1551408247 0
1551408248 0
1551408249 0
1551408250 0
1551408251 0
1551408252 0
1551408253 0
1551408254 0
1551408255 0
1551408256 0
1551408257 0
1551408258 0
1551408259 0
1551408260 0
1551408261 0
1551408262 0
1551408263 0
1551408264 0
1551408265 0
1551408266 0
1551408267 0
1551408268 0
1551408269 0
1551408270 0
1551408271 0
1551408272 0
1551408273 0
1551408274 0
1551408275 0
1551408276 0
1551408277 0
1551408278 0
1551408279 0
1551408280 0
1551408281 0
1551408282 0
1551408283 0
1551408284 0
1551408285 0
1551408286 0
1551408287 0
1551408288 0
1551408289 0
1551408290 0
1551408291 0
1551408292 0
1551408293 0
1551408294 0
1551408295 0
1551408296 0
1551408297 0
1551408298 0
1551408299 0
1551408300 0
1551408301 0
1551408302 0
1551408303 0
1551408304 0
1551408305 0
1551408306 0
1551408307 0
1551408308 0
1551408309 0
1551408310 0
1551408311 0
1551408312 0
1551408313 0
1551408314 0
1551408315 0
1551408316 0
1551408317 0
1551408318 0
1551408319 0
1551408320 0
1551408321 0
1551408322 0
1551408323 0
1551408324 0
1551408325 0
1551408326 0
1551408327 0
1551408328 0
1551408329 0
1551408330 0
1551408331 0
1551408332 0
1551408333 0
1551408334 0
1551408335 0
1551408336 0
1551408337 0
1551408338 0
1551408339 0
1551408340 0
1551408341 0
1551408342 0
1551408343 0
1551408344 0
1551408345 0
1551408346 0
1551408347 0
1551408348 0
1551408349 0
1551408350 0
1551408351 0
1551408352 0
1551408353 0
1551408354 0
1551408355 0
1551408356 0
1551408357 0
1551408358 0
1551408359 0
1551408360 0
1551408361 0
1551408362 0
1551408363 0
1551408364 0
1551408365 0
1551408366 0
1551408367 0
1551408368 0
1551408369 0
1551408370 0
1551408371 0
1551408372 0
1551408373 0
1551408374 0
1551408375 0
1551408376 0
1551408377 0
1551408378 0
1551408379 0
1551408380 0
1551408381 0
1551408382 0
1551408383 0
1551408384 0
1551408385 0
1551408386 0
1551408387 0
1551408388 0
1551408389 0
1551408390 0
1551408391 0
1551408392 0
1551408393 0
1551408394 0
1551408395 0
1551408396 0
1551408397 0
1551408398 0
1551408399 0
1551408400 0
1551408401 0
1551408402 0
1551408403 0
1551408404 0
1551408405 0
1551408406 0
1551408407 0
1551408408 0
1551408409 0
1551408410 0
1551408411 0
1551408412 0
1551408413 0
1551408414 0
1551408415 0
1551408416 0
1551408417 0
1551408418 0
1551408419 0
1551408420 0
1551408421 0
1551408422 0
1551408423 0
1551408424 0
1551408425 0
1551408426 0
1551408427 0
1551408428 0
1551408429 0
1551408430 0
1551408431 0
1551408432 0
1551408433 0
1551408434 0
1551408435 0
1551408436 0
1551408437 0
1551408438 0
1551408439 0
1551408440 0
1551408441 0
1551408442 0
1551408443 0
1551408444 0
1551408445 0
1551408446 0
1551408447 0
1551408448 0
1551408449 0
1551408450 0
1551408451 0
1551408452 0
1551408453 0
1551408454 0
1551408455 0
1551408456 0
1551408457 0
1551408458 0
1551408459 0
1551408460 0
1551408461 0
1551408462 0
1551408463 0
1551408464 0
1551408465 0
1551408466 0
1551408467 0
1551408468 0
1551408469 0
1551408470 0
1551408471 0
1551408472 0
1551408473 0
1551408474 0
1551408475 0
1551408476 0
1551408477 0
1551408478 0
1551408479 0
1551408480 0
1551408481 0
1551408482 0
1551408483 0
1551408484 0
1551408485 0
1551408486 0
1551408487 0
1551408488 0
1551408489 0
1551408490 0
1551408491 0
1551408492 0
1551408493 0
1551408494 0
1551408495 0
1551408496 0
1551408497 0
1551408498 0
1551408499 0
1551408500 0
1551408501 0
1551408502 0
1551408503 0
1551408504 0
1551408505 0
1551408506 0
1551408507 0
1551408508 0
1551408509 0
1551408510 0
1551408511 0
1551408512 0
1551408513 0
1551408514 0
1551408515 0
1551408516 0
1551408517 0
1551408518 0
1551408519 0
1551408520 0
1551408521 0
1551408522 0
1551408523 0
1551408524 0
1551408525 0
1551408526 0
1551408527 0
1551408528 0
1551408529 0
1551408530 0
1551408531 0
1551408532 0
1551408533 0
1551408534 0
1551408535 0
1551408536 0
1551408537 0
1551408538 0
1551408539 0
1551408540 0
1551408541 0
1551408542 0
1551408543 0
1551408544 0
1551408545 0
1551408546 0
1551408547 0
1551408548 0
1551408549 0
1551408550 0
1551408551 0
1551408552 0
1551408553 0
1551408554 0
1551408555 0
1551408556 0
1551408557 0
1551408558 0
1551408559 0
1551408560 0
1551408561 0
1551408562 0
1551408563 0
1551408564 0
1551408565 0
1551408566 0
1551408567 0
1551408568 0
1551408569 0
1551408570 0
1551408571 0
1551408572 0
1551408573 0
1551408574 0
1551408575 0
1551408576 0
1551408577 0
1551408578 0
1551408579 0
1551408580 0
1551408581 0
1551408582 0
1551408583 0
1551408584 0
1551408585 0
1551408586 0
1551408587 0
1551408588 0
1551408589 0
1551408590 0
1551408591 0
1551408592 0
1551408593 0
1551408594 0
1551408595 0
1551408596 0
1551408597 0
1551408598 0
1551408599 0
1551408600 0
1551408601 0
1551408602 0
1551408603 0
1551408604 0
1551408605 0
1551408606 0
1551408607 0
1551408608 0
1551408609 0
1551408610 0
1551408611 0
1551408612 0
1551408613 0
1551408614 0
1551408615 0
1551408616 0
1551408617 0
1551408618 0
1551408619 0
1551408620 0
1551408621 0
1551408622 0
1551408623 0
1551408624 0
1551408625 0
1551408626 0
1551408627 0
1551408628 0
1551408629 0
1551408630 0
1551408631 0
1551408632 0
1551408633 0
1551408634 0
1551408635 0
1551408636 0
1551408637 0
1551408638 0
1551408639 0
1551408640 0
1551408641 0
1551408642 0
1551408643 0
1551408644 0
1551408645 0
1551408646 0
1551408647 0
1551408648 0
1551408649 0
1551408650 0
1551408651 0
1551408652 0
1551408653 0
1551408654 0
1551408655 0
1551408656 0
1551408657 0
1551408658 0
1551408659 0
1551408660 0
1551408661 0
1551408662 0
1551408663 0
1551408664 0
1551408665 0
1551408666 0
1551408667 0
1551408668 0
1551408669 0
1551408670 0
1551408671 0
1551408672 0
1551408673 0
1551408674 0
1551408675 0
1551408676 0
1551408677 0
1551408678 0
1551408679 0
1551408680 0
1551408681 0
1551408682 0
1551408683 0
1551408684 0
1551408685 0
1551408686 0
1551408687 0
1551408688 0
1551408689 0
1551408690 0
1551408691 0
1551408692 0
1551408693 0
1551408694 0
1551408695 0
1551408696 0
1551408697 0
1551408698 0
1551408699 0
1551408700 0
1551408701 0
1551408702 0
1551408703 0
1551408704 0
1551408705 0
1551408706 0
1551408707 0
1551408708 0
1551408709 0
1551408710 0
1551408711 0
1551408712 0
1551408713 0
1551408714 0
1551408715 0
1551408716 0
1551408717 0
1551408718 0
1551408719 0
1551408720 0
1551408721 0
1551408722 0
1551408723 0
1551408724 0
1551408725 0
1551408726 0
1551408727 0
1551408728 0
1551408729 0
1551408730 0
1551408731 0
1551408732 0
1551408733 0
1551408734 0
1551408735 0
1551408736 0
1551408737 0
1551408738 0
1551408739 0
1551408740 0
1551408741 0
1551408742 0
1551408743 0
1551408744 0
1551408745 0
1551408746 0
1551408747 0
1551408748 0
1551408749 0
1551408750 0
1551408751 0
1551408752 0
1551408753 0
1551408754 0
1551408755 0
1551408756 0
1551408757 0
1551408758 0
1551408759 0
1551408760 0
1551408761 0
1551408762 0
1551408763 0
1551408764 0
1551408765 0
1551408766 0
1551408767 0
1551408768 0
1551408769 0
1551408770 0
1551408771 0
1551408772 0
1551408773 0
1551408774 0
1551408775 0
1551408776 0
1551408777 0
1551408778 0
1551408779 0
1551408780 0
1551408781 0
1551408782 0
1551408783 0
1551408784 0
1551408785 0
1551408786 0
1551408787 0
1551408788 0
1551408789 0
1551408790 0
1551408791 0
1551408792 0
1551408793 0
1551408794 0
1551408795 0
1551408796 0
1551408797 0
1551408798 0
1551408799 0
1551408800 0
1551408801 0
1551408802 0
1551408803 0
1551408804 0
1551408805 0
1551408806 0
1551408807 0
1551408808 0
1551408809 0
1551408810 0
1551408811 0
1551408812 0
1551408813 0
1551408814 0
1551408815 0
1551408816 0
1551408817 0
1551408818 0
1551408819 0
1551408820 0
1551408821 0
1551408822 0
1551408823 0
1551408824 0
1551408825 0
1551408826 0
1551408827 0
1551408828 0
1551408829 0
1551408830 0
1551408831 0
1551408832 0
1551408833 0
1551408834 0
1551408835 0
1551408836 0
1551408837 0
1551408838 0
1551408839 0
1551408840 0
1551408841 0
1551408842 0
1551408843 0
1551408844 0
1551408845 0
1551408846 0
1551408847 0
1551408848 0
1551408849 0
1551408850 0
1551408851 0
1551408852 0
1551408853 0
1551408854 0
1551408855 0
1551408856 0
1551408857 0
1551408858 0
1551408859 0
1551408860 0
1551408861 0
1551408862 0
1551408863 0
1551408864 0
1551408865 0
1551408866 0
1551408867 0
1551408868 0
1551408869 0
1551408870 0
1551408871 0
1551408872 0
1551408873 0
1551408874 0
1551408875 0
1551408876 0
1551408877 0
1551408878 0
1551408879 0
1551408880 0
1551408881 0
1551408882 0
1551408883 0
1551408884 0
1551408885 0
1551408886 0
1551408887 0
1551408888 0
1551408889 0
1551408890 0
1551408891 0
1551408892 0
1551408893 0
1551408894 0
1551408895 0
1551408896 0
1551408897 0
1551408898 0
1551408899 0
1551408900 0
1551408901 0
1551408902 0
1551408903 0
1551408904 0
1551408905 0
1551408906 0
1551408907 0
1551408908 0
1551408909 0
1551408910 0
1551408911 0
1551408912 0
1551408913 0
1551408914 0
1551408915 0
1551408916 0
1551408917 0
1551408918 0
1551408919 0
1551408920 0
1551408921 0
1551408922 0
1551408923 0
1551408924 0
1551408925 0
1551408926 0
1551408927 0
1551408928 0
1551408929 0
1551408930 0
1551408931 0
1551408932 0
1551408933 0
1551408934 0
1551408935 0
1551408936 0
1551408937 0
1551408938 0
1551408939 0
1551408940 0
1551408941 0
1551408942 0
1551408943 0
1551408944 0
1551408945 0
1551408946 0
1551408947 0
1551408948 0
1551408949 0
1551408950 0
1551408951 0
1551408952 0
1551408953 0
1551408954 0
1551408955 0
1551408956 0
1551408957 0
1551408958 0
1551408959 0
1551408960 0
1551408961 0
1551408962 0
1551408963 0
1551408964 0
1551408965 0
1551408966 0
1551408967 0
1551408968 0
1551408969 0
1551408970 0
1551408971 0
1551408972 0
1551408973 0
1551408974 0
1551408975 0
1551408976 0
1551408977 0
1551408978 0
1551408979 0
1551408980 0
1551408981 0
1551408982 0
1551408983 0
1551408984 0
1551408985 0
1551408986 0
1551408987 0
1551408988 0
1551408989 0
1551408990 0
1551408991 0
1551408992 0
1551408993 0
1551408994 0
1551408995 0
1551408996 0
1551408997 0
1551408998 0
1551408999 0
1551409000 0
1551409001 0
1551409002 0
1551409003 0
1551409004 0
1551409005 0
1551409006 0
1551409007 0
1551409008 0
1551409009 0
1551409010 0
1551409011 0
1551409012 0
1551409013 0
1551409014 0
1551409015 0
1551409016 0
1551409017 0
1551409018 0
1551409019 0
1551409020 0
1551409021 0
1551409022 0
1551409023 0
1551409024 0
1551409025 0
1551409026 0
1551409027 0
1551409028 0
1551409029 0
1551409030 0
1551409031 0
1551409032 0
1551409033 0
1551409034 0
1551409035 0
1551409036 0
1551409037 0
1551409038 0
1551409039 0
1551409040 0
1551409041 0
1551409042 0
1551409043 0
1551409044 0
1551409045 0
1551409046 0
1551409047 0
1551409048 0
1551409049 0
1551409050 0
1551409051 0
1551409052 0
1551409053 0
1551409054 0
1551409055 0
1551409056 0
1551409057 0
1551409058 0
1551409059 0
1551409060 0
1551409061 0
1551409062 0
1551409063 0
1551409064 0
1551409065 0
1551409066 0
1551409067 0
1551409068 0
1551409069 0
1551409070 0
1551409071 0
1551409072 0
1551409073 0
1551409074 0
1551409075 0
1551409076 0
1551409077 0
1551409078 0
1551409079 0
1551409080 0
1551409081 0
1551409082 0
1551409083 0
1551409084 0
1551409085 0
1551409086 0
1551409087 0
1551409088 0
1551409089 0
1551409090 0
1551409091 0
1551409092 0
1551409093 0
1551409094 0
1551409095 0
1551409096 0
1551409097 0
1551409098 0
1551409099 0
1551409100 0
1551409101 0
1551409102 0
1551409103 0
1551409104 0
1551409105 0
1551409106 0
1551409107 0
1551409108 0
1551409109 0
1551409110 0
1551409111 0
1551409112 0
1551409113 0
1551409114 0
1551409115 0
1551409116 0
1551409117 0
1551409118 0
1551409119 0
1551409120 0
1551409121 0
1551409122 0
1551409123 0
1551409124 0
1551409125 0
1551409126 0
1551409127 0
1551409128 0
1551409129 0
1551409130 0
1551409131 0
1551409132 0
1551409133 0
1551409134 0
1551409135 0
1551409136 0
1551409137 0
1551409138 0
1551409139 0
1551409140 0
1551409141 0
1551409142 0
1551409143 0
1551409144 0
1551409145 0
1551409146 0
1551409147 0
1551409148 0
1551409149 0
1551409150 0
1551409151 0
1551409152 0
1551409153 0
1551409154 0
1551409155 0
1551409156 0
1551409157 0
1551409158 0
1551409159 0
1551409160 0
1551409161 0
1551409162 0
1551409163 0
1551409164 0
1551409165 0
1551409166 0
1551409167 0
1551409168 0
1551409169 0
1551409170 0
1551409171 0
1551409172 0
1551409173 0
1551409174 0
1551409175 0
1551409176 0
1551409177 0
1551409178 0
1551409179 0
1551409180 0
1551409181 0
1551409182 0
1551409183 0
1551409184 0
1551409185 0
1551409186 0
1551409187 0
1551409188 0
1551409189 0
1551409190 0
1551409191 0
1551409192 0
1551409193 0
1551409194 0
1551409195 0
1551409196 0
1551409197 0
1551409198 0
1551409199 0
1551409200 0
1551409201 0
1551409202 0
1551409203 0
1551409204 0
1551409205 0
1551409206 0
1551409207 0
1551409208 0
1551409209 0
1551409210 0
1551409211 0
1551409212 0
1551409213 0
1551409214 0
1551409215 0
1551409216 0
1551409217 0
1551409218 0
1551409219 0
1551409220 0
1551409221 0
1551409222 0
1551409223 0
1551409224 0
1551409225 0
1551409226 0
1551409227 0
1551409228 0
1551409229 0
1551409230 0
1551409231 0
1551409232 0
1551409233 0
1551409234 0
1551409235 0
1551409236 0
1551409237 0
1551409238 0
1551409239 0
1551409240 0
1551409241 0
1551409242 0
1551409243 0
1551409244 0
1551409245 0
1551409246 0
1551409247 0
1551409248 0
1551409249 0
1551409250 0
1551409251 0
1551409252 0
1551409253 0
1551409254 0
1551409255 0
1551409256 0
1551409257 0
1551409258 0
1551409259 0
1551409260 0
1551409261 0
1551409262 0
1551409263 0
1551409264 0
1551409265 0
1551409266 0
1551409267 0
1551409268 0
1551409269 0
1551409270 0
1551409271 0
1551409272 0
1551409273 0
1551409274 0
1551409275 0
1551409276 0
1551409277 0
1551409278 0
1551409279 0
1551409280 0
1551409281 0
1551409282 0
1551409283 0
1551409284 0
1551409285 0
1551409286 0
1551409287 0
1551409288 0
1551409289 0
1551409290 0
1551409291 0
1551409292 0
1551409293 0
1551409294 0
1551409295 0
1551409296 0
1551409297 0
1551409298 0
1551409299 0
1551409300 0
1551409301 0
1551409302 0
1551409303 0
1551409304 0
1551409305 0
1551409306 0
1551409307 0
1551409308 0
1551409309 0
1551409310 0
1551409311 0
1551409312 0
1551409313 0
1551409314 0
1551409315 0
1551409316 0
1551409317 0
1551409318 0
1551409319 0
1551409320 0
1551409321 0
1551409322 0
1551409323 0
1551409324 0
1551409325 0
1551409326 0
1551409327 0
1551409328 0
1551409329 0
1551409330 0
1551409331 0
1551409332 0
1551409333 0
1551409334 0
1551409335 0
1551409336 0
1551409337 0
1551409338 0
1551409339 0
1551409340 0
1551409341 0
1551409342 0
1551409343 0
1551409344 0
1551409345 0
1551409346 0
1551409347 0
1551409348 0
1551409349 0
1551409350 0
1551409351 0
1551409352 0
1551409353 0
1551409354 0
1551409355 0
1551409356 0
1551409357 0
1551409358 0
1551409359 0
1551409360 0
1551409361 0
1551409362 0
1551409363 0
1551409364 0
1551409365 0
1551409366 0
1551409367 0
1551409368 0
1551409369 0
1551409370 0
1551409371 0
1551409372 0
1551409373 0
1551409374 0
1551409375 0
1551409376 0
1551409377 0
1551409378 0
1551409379 0
1551409380 0
1551409381 0
1551409382 0
1551409383 0
1551409384 0
1551409385 0
1551409386 0
1551409387 0
1551409388 0
1551409389 0
1551409390 0
1551409391 0
1551409392 0
1551409393 0
1551409394 0
1551409395 0
1551409396 0
1551409397 0
1551409398 0
1551409399 0
1551409400 0
1551409401 0
1551409402 0
1551409403 0
1551409404 0
1551409405 0
1551409406 0
1551409407 0
1551409408 0
1551409409 0
1551409410 0
1551409411 0
1551409412 0
1551409413 0
1551409414 0
1551409415 0
1551409416 0
1551409417 0
1551409418 0
1551409419 0
1551409420 0
1551409421 0
1551409422 0
1551409423 0
1551409424 0
1551409425 0
1551409426 0
1551409427 0
1551409428 0
1551409429 0
1551409430 0
1551409431 0
1551409432 0
1551409433 0
1551409434 0
1551409435 0
1551409436 0
1551409437 0
1551409438 0
1551409439 0
1551409440 0
1551409441 0
1551409442 0
1551409443 0
1551409444 0
1551409445 0
1551409446 0
1551409447 0
1551409448 0
1551409449 0
1551409450 0
1551409451 0
1551409452 0
1551409453 0
1551409454 0
1551409455 0
1551409456 0
1551409457 0
1551409458 0
1551409459 0
1551409460 0
1551409461 0
1551409462 0
1551409463 0
1551409464 0
1551409465 0
1551409466 0
1551409467 0
1551409468 0
1551409469 0
1551409470 0
1551409471 0
1551409472 0
1551409473 0
1551409474 0
1551409475 0
1551409476 0
1551409477 0
1551409478 0
1551409479 0
1551409480 0
1551409481 0
1551409482 0
1551409483 0
1551409484 0
1551409485 0
1551409486 0
1551409487 0
1551409488 0
1551409489 0
1551409490 0
1551409491 0
1551409492 0
1551409493 0
1551409494 0
1551409495 0
1551409496 0
1551409497 0
1551409498 0
1551409499 0
1551409500 0
1551409501 0
1551409502 0
1551409503 0
1551409504 0
1551409505 0
1551409506 0
1551409507 0
1551409508 0
1551409509 0
1551409510 0
1551409511 0
1551409512 0
1551409513 0
1551409514 0
1551409515 0
1551409516 0
1551409517 0
1551409518 0
1551409519 0
1551409520 0
1551409521 0
1551409522 0
1551409523 0
1551409524 0
1551409525 0
1551409526 0
1551409527 0
1551409528 0
1551409529 0
1551409530 0
1551409531 0
1551409532 0
1551409533 0
1551409534 0
1551409535 0
1551409536 0
1551409537 0
1551409538 0
1551409539 0
1551409540 0
1551409541 0
1551409542 0
1551409543 0
1551409544 0
1551409545 0
1551409546 0
1551409547 0
1551409548 0
1551409549 0
1551409550 0
1551409551 0
1551409552 0
1551409553 0
1551409554 0
1551409555 0
1551409556 0
1551409557 0
1551409558 0
1551409559 0
1551409560 0
1551409561 0
1551409562 0
1551409563 0
1551409564 0
1551409565 0
1551409566 0
1551409567 0
1551409568 0
1551409569 0
1551409570 0
1551409571 0
1551409572 0
1551409573 0
1551409574 0
1551409575 0
1551409576 0
1551409577 0
1551409578 0
1551409579 0
1551409580 0
1551409581 0
1551409582 0
1551409583 0
1551409584 0
1551409585 0
1551409586 0
1551409587 0
1551409588 0
1551409589 0
1551409590 0
1551409591 0
1551409592 0
1551409593 0
1551409594 0
1551409595 0
1551409596 0
1551409597 0
1551409598 0
1551409599 0
1551409600 0
1551409601 0
1551409602 0
1551409603 0
1551409604 0
1551409605 0
1551409606 0
1551409607 0
1551409608 0
1551409609 0
1551409610 0
1551409611 0
1551409612 0
1551409613 0
1551409614 0
1551409615 0
1551409616 0
1551409617 0
1551409618 0
1551409619 0
1551409620 0
1551409621 0
1551409622 0
1551409623 0
1551409624 0
1551409625 0
1551409626 0
1551409627 0
1551409628 0
1551409629 0
1551409630 0
1551409631 0
1551409632 0
1551409633 0
1551409634 0
1551409635 0
1551409636 0
1551409637 0
1551409638 0
1551409639 0
1551409640 0
1551409641 0
1551409642 0
1551409643 0
1551409644 0
1551409645 0
1551409646 0
1551409647 0
1551409648 0
1551409649 0
1551409650 0
1551409651 0
1551409652 0
1551409653 0
1551409654 0
1551409655 0
1551409656 0
1551409657 0
1551409658 0
1551409659 0
1551409660 0
1551409661 0
1551409662 0
1551409663 0
1551409664 0
1551409665 0
1551409666 0
1551409667 0
1551409668 0
1551409669 0
1551409670 0
1551409671 0
1551409672 0
1551409673 0
1551409674 0
1551409675 0
1551409676 0
1551409677 0
1551409678 0
1551409679 0
1551409680 0
1551409681 0
1551409682 0
1551409683 0
1551409684 0
1551409685 0
1551409686 0
1551409687 0
1551409688 0
1551409689 0
1551409690 0
1551409691 0
1551409692 0
1551409693 0
1551409694 0
1551409695 0
1551409696 0
1551409697 0
1551409698 0
1551409699 0
1551409700 0
1551409701 0
1551409702 0
1551409703 0
1551409704 0
1551409705 0
1551409706 0
1551409707 0
1551409708 0
1551409709 0
1551409710 0
1551409711 0
1551409712 0
1551409713 0
1551409714 0
1551409715 0
1551409716 0
1551409717 0
1551409718 0
1551409719 0
1551409720 0
1551409721 0
1551409722 0
1551409723 0
1551409724 0
1551409725 0
1551409726 0
1551409727 0
1551409728 0
1551409729 0
1551409730 0
1551409731 0
1551409732 0
1551409733 0
1551409734 0
1551409735 0
1551409736 0
1551409737 0
1551409738 0
1551409739 0
1551409740 0
1551409741 0
1551409742 0
1551409743 0
1551409744 0
1551409745 0
1551409746 0
1551409747 0
1551409748 0
1551409749 0
1551409750 0
1551409751 0
1551409752 0
1551409753 0
1551409754 0
1551409755 0
1551409756 0
1551409757 0
1551409758 0
1551409759 0
1551409760 0
1551409761 0
1551409762 0
1551409763 0
1551409764 0
1551409765 0
1551409766 0
1551409767 0
1551409768 0
1551409769 0
1551409770 0
1551409771 0
1551409772 0
1551409773 0
1551409774 0
1551409775 0
1551409776 0
1551409777 0
1551409778 0
1551409779 0
1551409780 0
1551409781 0
1551409782 0
1551409783 0
1551409784 0
1551409785 0
1551409786 0
1551409787 0
1551409788 0
1551409789 0
1551409790 0
1551409791 0
1551409792 0
1551409793 0
1551409794 0
1551409795 0
1551409796 0
1551409797 0
1551409798 0
1551409799 0
1551409800 0
1551409801 0
1551409802 0
1551409803 0
1551409804 0
1551409805 0
1551409806 0
1551409807 0
1551409808 0
1551409809 0
1551409810 0
1551409811 0
1551409812 0
1551409813 0
1551409814 0
1551409815 0
1551409816 0
1551409817 0
1551409818 0
1551409819 0
1551409820 0
1551409821 0
1551409822 0
1551409823 0
1551409824 0
1551409825 0
1551409826 0
1551409827 0
1551409828 0
1551409829 0
1551409830 0
1551409831 0
1551409832 0
1551409833 0
1551409834 0
1551409835 0
1551409836 0
1551409837 0
1551409838 0
1551409839 0
1551409840 0
1551409841 0
1551409842 0
1551409843 0
1551409844 0
1551409845 0
1551409846 0
1551409847 0
1551409848 0
1551409849 0
1551409850 0
1551409851 0
1551409852 0
1551409853 0
1551409854 0
1551409855 0
1551409856 0
1551409857 0
1551409858 0
1551409859 0
1551409860 0
1551409861 0
1551409862 0
1551409863 0
1551409864 0
1551409865 0
1551409866 0
1551409867 0
1551409868 0
1551409869 0
1551409870 0
1551409871 0
1551409872 0
1551409873 0
1551409874 0
1551409875 0
1551409876 0
1551409877 0
1551409878 0
1551409879 0
1551409880 0
1551409881 0
1551409882 0
1551409883 0
1551409884 0
1551409885 0
1551409886 0
1551409887 0
1551409888 0
1551409889 0
1551409890 0
1551409891 0
1551409892 0
1551409893 0
1551409894 0
1551409895 0
1551409896 0
1551409897 0
1551409898 0
1551409899 0
1551409900 0
1551409901 0
1551409902 0
1551409903 0
1551409904 0
1551409905 0
1551409906 0
1551409907 0
1551409908 0
1551409909 0
1551409910 0
1551409911 0
1551409912 0
1551409913 0
1551409914 0
1551409915 0
1551409916 0
1551409917 0
1551409918 0
1551409919 0
1551409920 0
1551409921 0
1551409922 0
1551409923 0
1551409924 0
1551409925 0
1551409926 0
1551409927 0
1551409928 0
1551409929 0
1551409930 0
1551409931 0
1551409932 0
1551409933 0
1551409934 0
1551409935 0
1551409936 0
1551409937 0
1551409938 0
1551409939 0
1551409940 0
1551409941 0
1551409942 0
1551409943 0
1551409944 0
1551409945 0
1551409946 0
1551409947 0
1551409948 0
1551409949 0
1551409950 0
1551409951 0
1551409952 0
1551409953 0
1551409954 0
1551409955 0
1551409956 0
1551409957 0
1551409958 0
1551409959 0
1551409960 0
1551409961 0
1551409962 0
1551409963 0
1551409964 0
1551409965 0
1551409966 0
1551409967 0
1551409968 0
1551409969 0
1551409970 0
1551409971 0
1551409972 0
1551409973 0
1551409974 0
1551409975 0
1551409976 0
1551409977 0
1551409978 0
1551409979 0
1551409980 0
1551409981 0
1551409982 0
1551409983 0
1551409984 0
1551409985 0
1551409986 0
1551409987 0
1551409988 0
1551409989 0
1551409990 0
1551409991 0
1551409992 0
1551409993 0
1551409994 0
1551409995 0
1551409996 0
1551409997 0
1551409998 0
1551409999 0
1551410000 0
1551410001 0
1551410002 0
1551410003 0
1551410004 0
1551410005 0
1551410006 0
1551410007 0
1551410008 0
1551410009 0
1551410010 0
1551410011 0
1551410012 0
1551410013 0
1551410014 0
1551410015 0
1551410016 0
1551410017 0
1551410018 0
1551410019 0
1551410020 0
1551410021 0
1551410022 0
1551410023 0
1551410024 0
1551410025 0
1551410026 0
1551410027 0
1551410028 0
1551410029 0
1551410030 0
1551410031 0
1551410032 0
1551410033 0
1551410034 0
1551410035 0
1551410036 0
1551410037 0
1551410038 0
1551410039 0
1551410040 0
1551410041 0
1551410042 0
1551410043 0
1551410044 0
1551410045 0
1551410046 0
1551410047 0
1551410048 0
1551410049 0
1551410050 0
1551410051 0
1551410052 0
1551410053 0
1551410054 0
1551410055 0
1551410056 0
1551410057 0
1551410058 0
1551410059 0
1551410060 0
1551410061 0
1551410062 0
1551410063 0
1551410064 0
1551410065 0
1551410066 0
1551410067 0
1551410068 0
1551410069 0
1551410070 0
1551410071 0
1551410072 0
1551410073 0
1551410074 0
1551410075 0
1551410076 0
1551410077 0
1551410078 0
1551410079 0
1551410080 0
1551410081 0
1551410082 0
1551410083 0
1551410084 0
1551410085 0
1551410086 0
1551410087 0
1551410088 0
1551410089 0
1551410090 0
1551410091 0
1551410092 0
1551410093 0
1551410094 0
1551410095 0
1551410096 0
1551410097 0
1551410098 0
1551410099 0
1551410100 0
1551410101 0
1551410102 0
1551410103 0
1551410104 0
1551410105 0
1551410106 0
1551410107 0
1551410108 0
1551410109 0
1551410110 0
1551410111 0
1551410112 0
1551410113 0
1551410114 0
1551410115 0
1551410116 0
1551410117 0
1551410118 0
1551410119 0
1551410120 0
1551410121 0
1551410122 0
1551410123 0
1551410124 0
1551410125 0
1551410126 0
1551410127 0
1551410128 0
1551410129 0
1551410130 0
1551410131 0
1551410132 0
1551410133 0
1551410134 0
1551410135 0
1551410136 0
1551410137 0
1551410138 0
1551410139 0
1551410140 0
1551410141 0
1551410142 0
1551410143 0
1551410144 0
1551410145 0
1551410146 0
1551410147 0
1551410148 0
1551410149 0
1551410150 0
1551410151 0
1551410152 0
1551410153 0
1551410154 0
1551410155 0
1551410156 0
1551410157 0
1551410158 0
1551410159 0
1551410160 0
1551410161 0
1551410162 0
1551410163 0
1551410164 0
1551410165 0
1551410166 0
1551410167 0
1551410168 0
1551410169 0
1551410170 0
1551410171 0
1551410172 0
1551410173 0
1551410174 0
1551410175 0
1551410176 0
1551410177 0
1551410178 0
1551410179 0
1551410180 0
1551410181 0
1551410182 0
1551410183 0
1551410184 0
1551410185 0
1551410186 0
1551410187 0
1551410188 0
1551410189 0
1551410190 0
1551410191 0
1551410192 0
1551410193 0
1551410194 0
1551410195 0
1551410196 0
1551410197 0
1551410198 0
1551410199 0
1551410200 0
1551410201 0
1551410202 0
1551410203 0
1551410204 0
1551410205 0
1551410206 0
1551410207 0
1551410208 0
1551410209 0
1551410210 0
1551410211 0
1551410212 0
1551410213 0
1551410214 0
1551410215 0
1551410216 0
1551410217 0
1551410218 0
1551410219 0
1551410220 0
1551410221 0
1551410222 0
1551410223 0
1551410224 0
1551410225 0
1551410226 0
1551410227 0
1551410228 0
1551410229 0
1551410230 0
1551410231 0
1551410232 0
1551410233 0
1551410234 0
1551410235 0
1551410236 0
1551410237 0
1551410238 0
1551410239 0
1551410240 0
1551410241 0
1551410242 0
1551410243 0
1551410244 0
1551410245 0
1551410246 0
1551410247 0
1551410248 0
1551410249 0
1551410250 0
1551410251 0
1551410252 0
1551410253 0
1551410254 0
1551410255 0
1551410256 0
1551410257 0
1551410258 0
1551410259 0
1551410260 0
1551410261 0
1551410262 0
1551410263 0
1551410264 0
1551410265 0
1551410266 0
1551410267 0
1551410268 0
1551410269 0
1551410270 0
1551410271 0
1551410272 0
1551410273 0
1551410274 0
1551410275 0
1551410276 0
1551410277 0
1551410278 0
1551410279 0
1551410280 0
1551410281 0
1551410282 0
1551410283 0
1551410284 0
1551410285 0
1551410286 0
1551410287 0
1551410288 0
1551410289 0
1551410290 0
1551410291 0
1551410292 0
1551410293 0
1551410294 0
1551410295 0
1551410296 0
1551410297 0
1551410298 0
1551410299 0
1551410300 0
1551410301 0
1551410302 0
1551410303 0
1551410304 0
1551410305 0
1551410306 0
1551410307 0
1551410308 0
1551410309 0
1551410310 0
1551410311 0
1551410312 0
1551410313 0
1551410314 0
1551410315 0
1551410316 0
1551410317 0
1551410318 0
1551410319 0
1551410320 0
1551410321 0
1551410322 0
1551410323 0
1551410324 0
1551410325 0
1551410326 0
1551410327 0
1551410328 0
1551410329 0
1551410330 0
1551410331 0
1551410332 0
1551410333 0
1551410334 0
1551410335 0
1551410336 0
1551410337 0
1551410338 0
1551410339 0
1551410340 0
1551410341 0
1551410342 0
1551410343 0
1551410344 0
1551410345 0
1551410346 0
1551410347 0
1551410348 0
1551410349 0
1551410350 0
1551410351 0
1551410352 0
1551410353 0
1551410354 0
1551410355 0
1551410356 0
1551410357 0
1551410358 0
1551410359 0
1551410360 0
1551410361 0
1551410362 0
1551410363 0
1551410364 0
1551410365 0
1551410366 0
1551410367 0
1551410368 0
1551410369 0
1551410370 0
1551410371 0
1551410372 0
1551410373 0
1551410374 0
1551410375 0
1551410376 0
1551410377 0
1551410378 0
1551410379 0
1551410380 0
1551410381 0
1551410382 0
1551410383 0
1551410384 0
1551410385 0
1551410386 0
1551410387 0
1551410388 0
1551410389 0
1551410390 0
1551410391 0
1551410392 0
1551410393 0
1551410394 0
1551410395 0
1551410396 0
1551410397 0
1551410398 0
1551410399 0
1551410400 0
1551410401 0
1551410402 0
1551410403 0
1551410404 0
1551410405 0
1551410406 0
1551410407 0
1551410408 0
1551410409 0
1551410410 0
1551410411 0
1551410412 0
1551410413 0
1551410414 0
1551410415 0
1551410416 0
1551410417 0
1551410418 0
1551410419 0
1551410420 0
1551410421 0
1551410422 0
1551410423 0
1551410424 0
1551410425 0
1551410426 0
1551410427 0
1551410428 0
1551410429 0
1551410430 0
1551410431 0
1551410432 0
1551410433 0
1551410434 0
1551410435 0
1551410436 0
1551410437 0
1551410438 0
1551410439 0
1551410440 0
1551410441 0
1551410442 0
1551410443 0
1551410444 0
1551410445 0
1551410446 0
1551410447 0
1551410448 0
1551410449 0
1551410450 0
1551410451 0
1551410452 0
1551410453 0
1551410454 0
1551410455 0
1551410456 0
1551410457 0
1551410458 0
1551410459 0
1551410460 0
1551410461 0
1551410462 0
1551410463 0
1551410464 0
1551410465 0
1551410466 0
1551410467 0
1551410468 0
1551410469 0
1551410470 0
1551410471 0
1551410472 0
1551410473 0
1551410474 0
1551410475 0
1551410476 0
1551410477 0
1551410478 0
1551410479 0
1551410480 0
1551410481 0
1551410482 0
1551410483 0
1551410484 0
1551410485 0
1551410486 0
1551410487 0
1551410488 0
1551410489 0
1551410490 0
1551410491 0
1551410492 0
1551410493 0
1551410494 0
1551410495 0
1551410496 0
1551410497 0
1551410498 0
1551410499 0
1551410500 0
1551410501 0
1551410502 0
1551410503 0
1551410504 0
1551410505 0
1551410506 0
1551410507 0
1551410508 0
1551410509 0
1551410510 0
1551410511 0
1551410512 0
1551410513 0
1551410514 0
1551410515 0
1551410516 0
1551410517 0
1551410518 0
1551410519 0
1551410520 0
1551410521 0
1551410522 0
1551410523 0
1551410524 0
1551410525 0
1551410526 0
1551410527 0
1551410528 0
1551410529 0
1551410530 0
1551410531 0
1551410532 0
1551410533 0
1551410534 0
1551410535 0
1551410536 0
1551410537 0
1551410538 0
1551410539 0
1551410540 0
1551410541 0
1551410542 0
1551410543 0
1551410544 0
1551410545 0
1551410546 0
1551410547 0
1551410548 0
1551410549 0
1551410550 0
1551410551 0
1551410552 0
1551410553 0
1551410554 0
1551410555 0
1551410556 0
1551410557 0
1551410558 0
1551410559 0
1551410560 0
1551410561 0
1551410562 0
1551410563 0
1551410564 0
1551410565 0
1551410566 0
1551410567 0
1551410568 0
1551410569 0
1551410570 0
1551410571 0
1551410572 0
1551410573 0
1551410574 0
1551410575 0
1551410576 0
1551410577 0
1551410578 0
1551410579 0
1551410580 0
1551410581 0
1551410582 0
1551410583 0
1551410584 0
1551410585 0
1551410586 0
1551410587 0
1551410588 0
1551410589 0
1551410590 0
1551410591 0
1551410592 0
1551410593 0
1551410594 0
1551410595 0
1551410596 0
1551410597 0
1551410598 0
1551410599 0
1551410600 0
1551410601 0
1551410602 0
1551410603 0
1551410604 0
1551410605 0
1551410606 0
1551410607 0
1551410608 0
1551410609 0
1551410610 0
1551410611 0
1551410612 0
1551410613 0
1551410614 0
1551410615 0
1551410616 0
1551410617 0
1551410618 0
1551410619 0
1551410620 0
1551410621 0
1551410622 0
1551410623 0
1551410624 0
1551410625 0
1551410626 0
1551410627 0
1551410628 0
1551410629 0
1551410630 0
1551410631 0
1551410632 0
1551410633 0
1551410634 0
1551410635 0
1551410636 0
1551410637 0
1551410638 0
1551410639 0
1551410640 0
1551410641 0
1551410642 0
1551410643 0
1551410644 0
1551410645 0
1551410646 0
1551410647 0
1551410648 0
1551410649 0
1551410650 0
1551410651 0
1551410652 0
1551410653 0
1551410654 0
1551410655 0
1551410656 0
1551410657 0
1551410658 0
1551410659 0
1551410660 0
1551410661 0
1551410662 0
1551410663 0
1551410664 0
1551410665 0
1551410666 0
1551410667 0
1551410668 0
1551410669 0
1551410670 0
1551410671 0
1551410672 0
1551410673 0
1551410674 0
1551410675 0
1551410676 0
1551410677 0
1551410678 0
1551410679 0
1551410680 0
1551410681 0
1551410682 0
1551410683 0
1551410684 0
1551410685 0
1551410686 0
1551410687 0
1551410688 0
1551410689 0
1551410690 0
1551410691 0
1551410692 0
1551410693 0
1551410694 0
1551410695 0
1551410696 0
1551410697 0
1551410698 0
1551410699 0
1551410700 0
1551410701 0
1551410702 0
1551410703 0
1551410704 0
1551410705 0
1551410706 0
1551410707 0
1551410708 0
1551410709 0
1551410710 0
1551410711 0
1551410712 0
1551410713 0
1551410714 0
1551410715 0
1551410716 0
1551410717 0
1551410718 0
1551410719 0
1551410720 0
1551410721 0
1551410722 0
1551410723 0
1551410724 0
1551410725 0
1551410726 0
1551410727 0
1551410728 0
1551410729 0
1551410730 0
1551410731 0
1551410732 0
1551410733 0
1551410734 0
1551410735 0
1551410736 0
1551410737 0
1551410738 0
1551410739 0
1551410740 0
1551410741 0
1551410742 0
1551410743 0
1551410744 0
1551410745 0
1551410746 0
1551410747 0
1551410748 0
1551410749 0
1551410750 0
1551410751 0
1551410752 0
1551410753 0
1551410754 0
1551410755 0
1551410756 0
1551410757 0
1551410758 0
1551410759 0
1551410760 0
1551410761 0
1551410762 0
1551410763 0
1551410764 0
1551410765 0
1551410766 0
1551410767 0
1551410768 0
1551410769 0
1551410770 0
1551410771 0
1551410772 0
1551410773 0
1551410774 0
1551410775 0
1551410776 0
1551410777 0
1551410778 0
1551410779 0
1551410780 0
1551410781 0
1551410782 0
1551410783 0
1551410784 0
1551410785 0
1551410786 0
1551410787 0
1551410788 0
1551410789 0
1551410790 0
1551410791 0
1551410792 0
1551410793 0
1551410794 0
1551410795 0
1551410796 0
1551410797 0
1551410798 0
1551410799 0
1551410800 0
1551410801 0
1551410802 0
1551410803 0
1551410804 0
1551410805 0
1551410806 0
1551410807 0
1551410808 0
1551410809 0
1551410810 0
1551410811 0
1551410812 0
1551410813 0
1551410814 0
1551410815 0
1551410816 0
1551410817 0
1551410818 0
1551410819 0
1551410820 0
1551410821 0
1551410822 0
1551410823 0
1551410824 0
1551410825 0
1551410826 0
1551410827 0
1551410828 0
1551410829 0
1551410830 0
1551410831 0
1551410832 0
1551410833 0
1551410834 0
1551410835 0
1551410836 0
1551410837 0
1551410838 0
1551410839 0
1551410840 0
1551410841 0
1551410842 0
1551410843 0
1551410844 0
1551410845 0
1551410846 0
1551410847 0
1551410848 0
1551410849 0
1551410850 0
1551410851 0
1551410852 0
1551410853 0
1551410854 0
1551410855 0
1551410856 0
1551410857 0
1551410858 0
1551410859 0
1551410860 0
1551410861 0
1551410862 0
1551410863 0
1551410864 0
1551410865 0
1551410866 0
1551410867 0
1551410868 0
1551410869 0
1551410870 0
1551410871 0
1551410872 0
1551410873 0
1551410874 0
1551410875 0
1551410876 0
1551410877 0
1551410878 0
1551410879 0
1551410880 0
1551410881 0
1551410882 0
1551410883 0
1551410884 0
1551410885 0
1551410886 0
1551410887 0
1551410888 0
1551410889 0
1551410890 0
1551410891 0
1551410892 0
1551410893 0
1551410894 0
1551410895 0
1551410896 0
1551410897 0
1551410898 0
1551410899 0
1551410900 0
1551410901 0
1551410902 0
1551410903 0
1551410904 0
1551410905 0
1551410906 0
1551410907 0
1551410908 0
1551410909 0
1551410910 0
1551410911 0
1551410912 0
1551410913 0
1551410914 0
1551410915 0
1551410916 0
1551410917 0
1551410918 0
1551410919 0
1551410920 0
1551410921 0
1551410922 0
1551410923 0
1551410924 0
1551410925 0
1551410926 0
1551410927 0
1551410928 0
1551410929 0
1551410930 0
1551410931 0
1551410932 0
1551410933 0
1551410934 0
1551410935 0
1551410936 0
1551410937 0
1551410938 0
1551410939 0
1551410940 0
1551410941 0
1551410942 0
1551410943 0
1551410944 0
1551410945 0
1551410946 0
1551410947 0
1551410948 0
1551410949 0
1551410950 0
1551410951 0
1551410952 0
1551410953 0
1551410954 0
1551410955 0
1551410956 0
1551410957 0
1551410958 0
1551410959 0
1551410960 0
1551410961 0
1551410962 0
1551410963 0
1551410964 0
1551410965 0
1551410966 0
1551410967 0
1551410968 0
1551410969 0
1551410970 0
1551410971 0
1551410972 0
1551410973 0
1551410974 0
1551410975 0
1551410976 0
1551410977 0
1551410978 0
1551410979 0
1551410980 0
1551410981 0
1551410982 0
1551410983 0
1551410984 0
1551410985 0
1551410986 0
1551410987 0
1551410988 0
1551410989 0
1551410990 0
1551410991 0
1551410992 0
1551410993 0
1551410994 0
1551410995 0
1551410996 0
1551410997 0
1551410998 0
1551410999 0
1551411000 0
1551411001 0
1551411002 0
1551411003 0
1551411004 0
1551411005 0
1551411006 0
1551411007 0
1551411008 0
1551411009 0
1551411010 0
1551411011 0
1551411012 0
1551411013 0
1551411014 0
1551411015 0
1551411016 0
1551411017 0
1551411018 0
1551411019 0
1551411020 0
1551411021 0
1551411022 0
1551411023 0
1551411024 0
1551411025 0
1551411026 0
1551411027 0
1551411028 0
1551411029 0
1551411030 0
1551411031 0
1551411032 0
1551411033 0
1551411034 0
1551411035 0
1551411036 0
1551411037 0
1551411038 0
1551411039 0
1551411040 0
1551411041 0
1551411042 0
1551411043 0
1551411044 0
1551411045 0
1551411046 0
1551411047 0
1551411048 0
1551411049 0
1551411050 0
1551411051 0
1551411052 0
1551411053 0
1551411054 0
1551411055 0
1551411056 0
1551411057 0
1551411058 0
1551411059 0
1551411060 0
1551411061 0
1551411062 0
1551411063 0
1551411064 0
1551411065 0
1551411066 0
1551411067 0
1551411068 0
1551411069 0
1551411070 0
1551411071 0
1551411072 0
1551411073 0
1551411074 0
1551411075 0
1551411076 0
1551411077 0
1551411078 0
1551411079 0
1551411080 0
1551411081 0
1551411082 0
1551411083 0
1551411084 0
1551411085 0
1551411086 0
1551411087 0
1551411088 0
1551411089 0
1551411090 0
1551411091 0
1551411092 0
1551411093 0
1551411094 0
1551411095 0
1551411096 0
1551411097 0
1551411098 0
1551411099 0
1551411100 0
1551411101 0
1551411102 0
1551411103 0
1551411104 0
1551411105 0
1551411106 0
1551411107 0
1551411108 0
1551411109 0
1551411110 0
1551411111 0
1551411112 0
1551411113 0
1551411114 0
1551411115 0
1551411116 0
1551411117 0
1551411118 0
1551411119 0
1551411120 0
1551411121 0
1551411122 0
1551411123 0
1551411124 0
1551411125 0
1551411126 0
1551411127 0
1551411128 0
1551411129 0
1551411130 0
1551411131 0
1551411132 0
1551411133 0
1551411134 0
1551411135 0
1551411136 0
1551411137 0
1551411138 0
1551411139 0
1551411140 0
1551411141 0
1551411142 0
1551411143 0
1551411144 0
1551411145 0
1551411146 0
1551411147 0
1551411148 0
1551411149 0
1551411150 0
1551411151 0
1551411152 0
1551411153 0
1551411154 0
1551411155 0
1551411156 0
1551411157 0
1551411158 0
1551411159 0
1551411160 0
1551411161 0
1551411162 0
1551411163 0
1551411164 0
1551411165 0
1551411166 0
1551411167 0
1551411168 0
1551411169 0
1551411170 0
1551411171 0
1551411172 0
1551411173 0
1551411174 0
1551411175 0
1551411176 0
1551411177 0
1551411178 0
1551411179 0
1551411180 0
1551411181 0
1551411182 0
1551411183 0
1551411184 0
1551411185 0
1551411186 0
1551411187 0
1551411188 0
1551411189 0
1551411190 0
1551411191 0
1551411192 0
1551411193 0
1551411194 0
1551411195 0
1551411196 0
1551411197 0
1551411198 0
1551411199 0
1551411200 0
1551411201 0
1551411202 0
1551411203 0
1551411204 0
1551411205 0
1551411206 0
1551411207 0
1551411208 0
1551411209 0
1551411210 0
1551411211 0
1551411212 0
1551411213 0
1551411214 0
1551411215 0
1551411216 0
1551411217 0
1551411218 0
1551411219 0
1551411220 0
1551411221 0
1551411222 0
1551411223 0
1551411224 0
1551411225 0
1551411226 0
1551411227 0
1551411228 0
1551411229 0
1551411230 0
1551411231 0
1551411232 0
1551411233 0
1551411234 0
1551411235 0
1551411236 0
1551411237 0
1551411238 0
1551411239 0
1551411240 0
1551411241 0
1551411242 0
1551411243 0
1551411244 0
1551411245 0
1551411246 0
1551411247 0
1551411248 0
1551411249 0
1551411250 0
1551411251 0
1551411252 0
1551411253 0
1551411254 0
1551411255 0
1551411256 0
1551411257 0
1551411258 0
1551411259 0
1551411260 0
1551411261 0
1551411262 0
1551411263 0
1551411264 0
1551411265 0
1551411266 0
1551411267 0
1551411268 0
1551411269 0
1551411270 0
1551411271 0
1551411272 0
1551411273 0
1551411274 0
1551411275 0
1551411276 0
1551411277 0
1551411278 0
1551411279 0
1551411280 0
1551411281 0
1551411282 0
1551411283 0
1551411284 0
1551411285 0
1551411286 0
1551411287 0
1551411288 0
1551411289 0
1551411290 0
1551411291 0
1551411292 0
1551411293 0
1551411294 0
1551411295 0
1551411296 0
1551411297 0
1551411298 0
1551411299 0
1551411300 0
1551411301 0
1551411302 0
1551411303 0
1551411304 0
1551411305 0
1551411306 0
1551411307 0
1551411308 0
1551411309 0
1551411310 0
1551411311 0
1551411312 0
1551411313 0
1551411314 0
1551411315 0
1551411316 0
1551411317 0
1551411318 0
1551411319 0
1551411320 0
1551411321 0
1551411322 0
1551411323 0
1551411324 0
1551411325 0
1551411326 0
1551411327 0
1551411328 0
1551411329 0
1551411330 0
1551411331 0
1551411332 0
1551411333 0
1551411334 0
1551411335 0
1551411336 0
1551411337 0
1551411338 0
1551411339 0
1551411340 0
1551411341 0
1551411342 0
1551411343 0
1551411344 0
1551411345 0
1551411346 0
1551411347 0
1551411348 0
1551411349 0
1551411350 0
1551411351 0
1551411352 0
1551411353 0
1551411354 0
1551411355 0
1551411356 0
1551411357 0
1551411358 0
1551411359 0
1551411360 0
1551411361 0
1551411362 0
1551411363 0
1551411364 0
1551411365 0
1551411366 0
1551411367 0
1551411368 0
1551411369 0
1551411370 0
1551411371 0
1551411372 0
1551411373 0
1551411374 0
1551411375 0
1551411376 0
1551411377 0
1551411378 0
1551411379 0
1551411380 0
1551411381 0
1551411382 0
1551411383 0
1551411384 0
1551411385 0
1551411386 0
1551411387 0
1551411388 0
1551411389 0
1551411390 0
1551411391 0
1551411392 0
1551411393 0
1551411394 0
1551411395 0
1551411396 0
1551411397 0
1551411398 0
1551411399 0
1551411400 0
1551411401 0
1551411402 0
1551411403 0
1551411404 0
1551411405 0
1551411406 0
1551411407 0
1551411408 0
1551411409 0
1551411410 0
1551411411 0
1551411412 0
1551411413 0
1551411414 0
1551411415 0
1551411416 0
1551411417 0
1551411418 0
1551411419 0
1551411420 0
1551411421 0
1551411422 0
1551411423 0
1551411424 0
1551411425 0
1551411426 0
1551411427 0
1551411428 0
1551411429 0
1551411430 0
1551411431 0
1551411432 0
1551411433 0
1551411434 0
1551411435 0
1551411436 0
1551411437 0
1551411438 0
1551411439 0
1551411440 0
1551411441 0
1551411442 0
1551411443 0
1551411444 0
1551411445 0
1551411446 0
1551411447 0
1551411448 0
1551411449 0
1551411450 0
1551411451 0
1551411452 0
1551411453 0
1551411454 0
1551411455 0
1551411456 0
1551411457 0
1551411458 0
1551411459 0
1551411460 0
1551411461 0
1551411462 0
1551411463 0
1551411464 0
1551411465 0
1551411466 0
1551411467 0
1551411468 0
1551411469 0
1551411470 0
1551411471 0
1551411472 0
1551411473 0
1551411474 0
1551411475 0
1551411476 0
1551411477 0
1551411478 0
1551411479 0
1551411480 0
1551411481 0
1551411482 0
1551411483 0
1551411484 0
1551411485 0
1551411486 0
1551411487 0
1551411488 0
1551411489 0
1551411490 0
1551411491 0
1551411492 0
1551411493 0
1551411494 0
1551411495 0
1551411496 0
1551411497 0
1551411498 0
1551411499 0
1551411500 0
1551411501 0
1551411502 0
1551411503 0
1551411504 0
1551411505 0
1551411506 0
1551411507 0
1551411508 0
1551411509 0
1551411510 0
1551411511 0
1551411512 0
1551411513 0
1551411514 0
1551411515 0
1551411516 0
1551411517 0
1551411518 0
1551411519 0
1551411520 0
1551411521 0
1551411522 0
1551411523 0
1551411524 0
1551411525 0
1551411526 0
1551411527 0
1551411528 0
1551411529 0
1551411530 0
1551411531 0
1551411532 0
1551411533 0
1551411534 0
1551411535 0
1551411536 0
1551411537 0
1551411538 0
1551411539 0
1551411540 0
1551411541 0
1551411542 0
1551411543 0
1551411544 0
1551411545 0
1551411546 0
1551411547 0
1551411548 0
1551411549 0
1551411550 0
1551411551 0
1551411552 0
1551411553 0
1551411554 0
1551411555 0
1551411556 0
1551411557 0
1551411558 0
1551411559 0
1551411560 0
1551411561 0
1551411562 0
1551411563 0
1551411564 0
1551411565 0
1551411566 0
1551411567 0
1551411568 0
1551411569 0
1551411570 0
1551411571 0
1551411572 0
1551411573 0
1551411574 0
1551411575 0
1551411576 0
1551411577 0
1551411578 0
1551411579 0
1551411580 0
1551411581 0
1551411582 0
1551411583 0
1551411584 0
1551411585 0
1551411586 0
1551411587 0
1551411588 0
1551411589 0
1551411590 0
1551411591 0
1551411592 0
1551411593 0
1551411594 0
1551411595 0
1551411596 0
1551411597 0
1551411598 0
1551411599 0
1551411600 0
1551411601 0
1551411602 0
1551411603 0
1551411604 0
1551411605 0
1551411606 0
1551411607 0
1551411608 0
1551411609 0
1551411610 0
1551411611 0
1551411612 0
1551411613 0
1551411614 0
1551411615 0
1551411616 0
1551411617 0
1551411618 0
1551411619 0
1551411620 0
1551411621 0
1551411622 0
1551411623 0
1551411624 0
1551411625 0
1551411626 0
1551411627 0
1551411628 0
1551411629 0
1551411630 0
1551411631 0
1551411632 0
1551411633 0
1551411634 0
1551411635 0
1551411636 0
1551411637 0
1551411638 0
1551411639 0
1551411640 0
1551411641 0
1551411642 0
1551411643 0
1551411644 0
1551411645 0
1551411646 0
1551411647 0
1551411648 0
1551411649 0
1551411650 0
1551411651 0
1551411652 0
1551411653 0
1551411654 0
1551411655 0
1551411656 0
1551411657 0
1551411658 0
1551411659 0
1551411660 0
1551411661 0
1551411662 0
1551411663 0
1551411664 0
1551411665 0
1551411666 0
1551411667 0
1551411668 0
1551411669 0
1551411670 0
1551411671 0
1551411672 0
1551411673 0
1551411674 0
1551411675 0
1551411676 0
1551411677 0
1551411678 0
1551411679 0
1551411680 0
1551411681 0
1551411682 0
1551411683 0
1551411684 0
1551411685 0
1551411686 0
1551411687 0
1551411688 0
1551411689 0
1551411690 0
1551411691 0
1551411692 0
1551411693 0
1551411694 0
1551411695 0
1551411696 0
1551411697 0
1551411698 0
1551411699 0
1551411700 0
1551411701 0
1551411702 0
1551411703 0
1551411704 0
1551411705 0
1551411706 0
1551411707 0
1551411708 0
1551411709 0
1551411710 0
1551411711 0
1551411712 0
1551411713 0
1551411714 0
1551411715 0
1551411716 0
1551411717 0
1551411718 0
1551411719 0
1551411720 0
1551411721 0
1551411722 0
1551411723 0
1551411724 0
1551411725 0
1551411726 0
1551411727 0
1551411728 0
1551411729 0
1551411730 0
1551411731 0
1551411732 0
1551411733 0
1551411734 0
1551411735 0
1551411736 0
1551411737 0
1551411738 0
1551411739 0
1551411740 0
1551411741 0
1551411742 0
1551411743 0
1551411744 0
1551411745 0
1551411746 0
1551411747 0
1551411748 0
1551411749 0
1551411750 0
1551411751 0
1551411752 0
1551411753 0
1551411754 0
1551411755 0
1551411756 0
1551411757 0
1551411758 0
1551411759 0
1551411760 0
1551411761 0
1551411762 0
1551411763 0
1551411764 0
1551411765 0
1551411766 0
1551411767 0
1551411768 0
1551411769 0
1551411770 0
1551411771 0
1551411772 0
1551411773 0
1551411774 0
1551411775 0
1551411776 0
1551411777 0
1551411778 0
1551411779 0
1551411780 0
1551411781 0
1551411782 0
1551411783 0
1551411784 0
1551411785 0
1551411786 0
1551411787 0
1551411788 0
1551411789 0
1551411790 0
1551411791 0
1551411792 0
1551411793 0
1551411794 0
1551411795 0
1551411796 0
1551411797 0
1551411798 0
1551411799 0
1551411800 0
1551411801 0
1551411802 0
1551411803 0
1551411804 0
1551411805 0
1551411806 0
1551411807 0
1551411808 0
1551411809 0
1551411810 0
1551411811 0
1551411812 0
1551411813 0
1551411814 0
1551411815 0
1551411816 0
1551411817 0
1551411818 0
1551411819 0
1551411820 0
1551411821 0
1551411822 0
1551411823 0
1551411824 0
1551411825 0
1551411826 0
1551411827 0
1551411828 0
1551411829 0
1551411830 0
1551411831 0
1551411832 0
1551411833 0
1551411834 0
1551411835 0
1551411836 0
1551411837 0
1551411838 0
1551411839 0
1551411840 0
1551411841 0
1551411842 0
1551411843 0
1551411844 0
1551411845 0
1551411846 0
1551411847 0
1551411848 0
1551411849 0
1551411850 0
1551411851 0
1551411852 0
1551411853 0
1551411854 0
1551411855 0
1551411856 0
1551411857 0
1551411858 0
1551411859 0
1551411860 0
1551411861 0
1551411862 0
1551411863 0
1551411864 0
1551411865 0
1551411866 0
1551411867 0
1551411868 0
1551411869 0
1551411870 0
1551411871 0
1551411872 0
1551411873 0
1551411874 0
1551411875 0
1551411876 0
1551411877 0
1551411878 0
1551411879 0
1551411880 0
1551411881 0
1551411882 0
1551411883 0
1551411884 0
1551411885 0
1551411886 0
1551411887 0
1551411888 0
1551411889 0
1551411890 0
1551411891 0
1551411892 0
1551411893 0
1551411894 0
1551411895 0
1551411896 0
1551411897 0
1551411898 0
1551411899 0
1551411900 0
1551411901 0
1551411902 0
1551411903 0
1551411904 0
1551411905 0
1551411906 0
1551411907 0
1551411908 0
1551411909 0
1551411910 0
1551411911 0
1551411912 0
1551411913 0
1551411914 0
1551411915 0
1551411916 0
1551411917 0
1551411918 0
1551411919 0
1551411920 0
1551411921 0
1551411922 0
1551411923 0
1551411924 0
1551411925 0
1551411926 0
1551411927 0
1551411928 0
1551411929 0
1551411930 0
1551411931 0
1551411932 0
1551411933 0
1551411934 0
1551411935 0
1551411936 0
1551411937 0
1551411938 0
1551411939 0
1551411940 0
1551411941 0
1551411942 0
1551411943 0
1551411944 0
1551411945 0
1551411946 0
1551411947 0
1551411948 0
1551411949 0
1551411950 0
1551411951 0
1551411952 0
1551411953 0
1551411954 0
1551411955 0
1551411956 0
1551411957 0
1551411958 0
1551411959 0
1551411960 0
1551411961 0
1551411962 0
1551411963 0
1551411964 0
1551411965 0
1551411966 0
1551411967 0
1551411968 0
1551411969 0
1551411970 0
1551411971 0
1551411972 0
1551411973 0
1551411974 0
1551411975 0
1551411976 0
1551411977 0
1551411978 0
1551411979 0
1551411980 0
1551411981 0
1551411982 0
1551411983 0
1551411984 0
1551411985 0
1551411986 0
1551411987 0
1551411988 0
1551411989 0
1551411990 0
1551411991 0
1551411992 0
1551411993 0
1551411994 0
1551411995 0
1551411996 0
1551411997 0
1551411998 0
1551411999 0
1551412000 0
1551412001 0
1551412002 0
1551412003 0
1551412004 0
1551412005 0
1551412006 0
1551412007 0
1551412008 0
1551412009 0
1551412010 0
1551412011 0
1551412012 0
1551412013 0
1551412014 0
1551412015 0
1551412016 0
1551412017 0
1551412018 0
1551412019 0
1551412020 0
1551412021 0
1551412022 0
1551412023 0
1551412024 0
1551412025 0
1551412026 0
1551412027 0
1551412028 0
1551412029 0
1551412030 0
1551412031 0
1551412032 0
1551412033 0
1551412034 0
1551412035 0
1551412036 0
1551412037 0
1551412038 0
1551412039 0
1551412040 0
1551412041 0
1551412042 0
1551412043 0
1551412044 0
1551412045 0
1551412046 0
1551412047 0
1551412048 0
1551412049 0
1551412050 0
1551412051 0
1551412052 0
1551412053 0
1551412054 0
1551412055 0
1551412056 0
1551412057 0
1551412058 0
1551412059 0
1551412060 0
1551412061 0
1551412062 0
1551412063 0
1551412064 0
1551412065 0
1551412066 0
1551412067 0
1551412068 0
1551412069 0
1551412070 0
1551412071 0
1551412072 0
1551412073 0
1551412074 0
1551412075 0
1551412076 0
1551412077 0
1551412078 0
1551412079 0
1551412080 0
1551412081 0
1551412082 0
1551412083 0
1551412084 0
1551412085 0
1551412086 0
1551412087 0
1551412088 0
1551412089 0
1551412090 0
1551412091 0
1551412092 0
1551412093 0
1551412094 0
1551412095 0
1551412096 0
1551412097 0
1551412098 0
1551412099 0
1551412100 0
1551412101 0
1551412102 0
1551412103 0
1551412104 0
1551412105 0
1551412106 0
1551412107 0
1551412108 0
1551412109 0
1551412110 0
1551412111 0
1551412112 0
1551412113 0
1551412114 0
1551412115 0
1551412116 0
1551412117 0
1551412118 0
1551412119 0
1551412120 0
1551412121 0
1551412122 0
1551412123 0
1551412124 0
1551412125 0
1551412126 0
1551412127 0
1551412128 0
1551412129 0
1551412130 0
1551412131 0
1551412132 0
1551412133 0
1551412134 0
1551412135 0
1551412136 0
1551412137 0
1551412138 0
1551412139 0
1551412140 0
1551412141 0
1551412142 0
1551412143 0
1551412144 0
1551412145 0
1551412146 0
1551412147 0
1551412148 0
1551412149 0
1551412150 0
1551412151 0
1551412152 0
1551412153 0
1551412154 0
1551412155 0
1551412156 0
1551412157 0
1551412158 0
1551412159 0
1551412160 0
1551412161 0
1551412162 0
1551412163 0
1551412164 0
1551412165 0
1551412166 0
1551412167 0
1551412168 0
1551412169 0
1551412170 0
1551412171 0
1551412172 0
1551412173 0
1551412174 0
1551412175 0
1551412176 0
1551412177 0
1551412178 0
1551412179 0
1551412180 0
1551412181 0
1551412182 0
1551412183 0
1551412184 0
1551412185 0
1551412186 0
1551412187 0
1551412188 0
1551412189 0
1551412190 0
1551412191 0
1551412192 0
1551412193 0
1551412194 0
1551412195 0
1551412196 0
1551412197 0
1551412198 0
1551412199 0
1551412200 0
1551412201 0
1551412202 0
1551412203 0
1551412204 0
1551412205 0
1551412206 0
1551412207 0
1551412208 0
1551412209 0
1551412210 0
1551412211 0
1551412212 0
1551412213 0
1551412214 0
1551412215 0
1551412216 0
1551412217 0
1551412218 0
1551412219 0
1551412220 0
1551412221 0
1551412222 0
1551412223 0
1551412224 0
1551412225 0
1551412226 0
1551412227 0
1551412228 0
1551412229 0
1551412230 0
1551412231 0
1551412232 0
1551412233 0
1551412234 0
1551412235 0
1551412236 0
1551412237 0
1551412238 0
1551412239 0
1551412240 0
1551412241 0
1551412242 0
1551412243 0
1551412244 0
1551412245 0
1551412246 0
1551412247 0
1551412248 0
1551412249 0
1551412250 0
1551412251 0
1551412252 0
1551412253 0
1551412254 0
1551412255 0
1551412256 0
1551412257 0
1551412258 0
1551412259 0
1551412260 0
1551412261 0
1551412262 0
1551412263 0
1551412264 0
1551412265 0
1551412266 0
1551412267 0
1551412268 0
1551412269 0
1551412270 0
1551412271 0
1551412272 0
1551412273 0
1551412274 0
1551412275 0
1551412276 0
1551412277 0
1551412278 0
1551412279 0
1551412280 0
1551412281 0
1551412282 0
1551412283 0
1551412284 0
1551412285 0
1551412286 0
1551412287 0
1551412288 0
1551412289 0
1551412290 0
1551412291 0
1551412292 0
1551412293 0
1551412294 0
1551412295 0
1551412296 0
1551412297 0
1551412298 0
1551412299 0
1551412300 0
1551412301 0
1551412302 0
1551412303 0
1551412304 0
1551412305 0
1551412306 0
1551412307 0
1551412308 0
1551412309 0
1551412310 0
1551412311 0
1551412312 0
1551412313 0
1551412314 0
1551412315 0
1551412316 0
1551412317 0
1551412318 0
1551412319 0
1551412320 0
1551412321 0
1551412322 0
1551412323 0
1551412324 0
1551412325 0
1551412326 0
1551412327 0
1551412328 0
1551412329 0
1551412330 0
1551412331 0
1551412332 0
1551412333 0
1551412334 0
1551412335 0
1551412336 0
1551412337 0
1551412338 0
1551412339 0
1551412340 0
1551412341 0
1551412342 0
1551412343 0
1551412344 0
1551412345 0
1551412346 0
1551412347 0
1551412348 0
1551412349 0
1551412350 0
1551412351 0
1551412352 0
1551412353 0
1551412354 0
1551412355 0
1551412356 0
1551412357 0
1551412358 0
1551412359 0
1551412360 0
1551412361 0
1551412362 0
1551412363 0
1551412364 0
1551412365 0
1551412366 0
1551412367 0
1551412368 0
1551412369 0
1551412370 0
1551412371 0
1551412372 0
1551412373 0
1551412374 0
1551412375 0
1551412376 0
1551412377 0
1551412378 0
1551412379 0
1551412380 0
1551412381 0
1551412382 0
1551412383 0
1551412384 0
1551412385 0
1551412386 0
1551412387 0
1551412388 0
1551412389 0
1551412390 0
1551412391 0
1551412392 0
1551412393 0
1551412394 0
1551412395 0
1551412396 0
1551412397 0
1551412398 0
1551412399 0
1551412400 0
1551412401 0
1551412402 0
1551412403 0
1551412404 0
1551412405 0
1551412406 0
1551412407 0
1551412408 0
1551412409 0
1551412410 0
1551412411 0
1551412412 0
1551412413 0
1551412414 0
1551412415 0
1551412416 0
1551412417 0
1551412418 0
1551412419 0
1551412420 0
1551412421 0
1551412422 0
1551412423 0
1551412424 0
1551412425 0
1551412426 0
1551412427 0
1551412428 0
1551412429 0
1551412430 0
1551412431 0
1551412432 0
1551412433 0
1551412434 0
1551412435 0
1551412436 0
1551412437 0
1551412438 0
1551412439 0
1551412440 0
1551412441 0
1551412442 0
1551412443 0
1551412444 0
1551412445 0
1551412446 0
1551412447 0
1551412448 0
1551412449 0
1551412450 0
1551412451 0
1551412452 0
1551412453 0
1551412454 0
1551412455 0
1551412456 0
1551412457 0
1551412458 0
1551412459 0
1551412460 0
1551412461 0
1551412462 0
1551412463 0
1551412464 0
1551412465 0
1551412466 0
1551412467 0
1551412468 0
1551412469 0
1551412470 0
1551412471 0
1551412472 0
1551412473 0
1551412474 0
1551412475 0
1551412476 0
1551412477 0
1551412478 0
1551412479 0
1551412480 0
1551412481 0
1551412482 0
1551412483 0
1551412484 0
1551412485 0
1551412486 0
1551412487 0
1551412488 0
1551412489 0
1551412490 0
1551412491 0
1551412492 0
1551412493 0
1551412494 0
1551412495 0
1551412496 0
1551412497 0
1551412498 0
1551412499 0
1551412500 0
1551412501 0
1551412502 0
1551412503 0
1551412504 0
1551412505 0
1551412506 0
1551412507 0
1551412508 0
1551412509 0
1551412510 0
1551412511 0
1551412512 0
1551412513 0
1551412514 0
1551412515 0
1551412516 0
1551412517 0
1551412518 0
1551412519 0
1551412520 0
1551412521 0
1551412522 0
1551412523 0
1551412524 0
1551412525 0
1551412526 0
1551412527 0
1551412528 0
1551412529 0
1551412530 0
1551412531 0
1551412532 0
1551412533 0
1551412534 0
1551412535 0
1551412536 0
1551412537 0
1551412538 0
1551412539 0
1551412540 0
1551412541 0
1551412542 0
1551412543 0
1551412544 0
1551412545 0
1551412546 0
1551412547 0
1551412548 0
1551412549 0
1551412550 0
1551412551 0
1551412552 0
1551412553 0
1551412554 0
1551412555 0
1551412556 0
1551412557 0
1551412558 0
1551412559 0
1551412560 0
1551412561 0
1551412562 0
1551412563 0
1551412564 0
1551412565 0
1551412566 0
1551412567 0
1551412568 0
1551412569 0
1551412570 0
1551412571 0
1551412572 0
1551412573 0
1551412574 0
1551412575 0
1551412576 0
1551412577 0
1551412578 0
1551412579 0
1551412580 0
1551412581 0
1551412582 0
1551412583 0
1551412584 0
1551412585 0
1551412586 0
1551412587 0
1551412588 0
1551412589 0
1551412590 0
1551412591 0
1551412592 0
1551412593 0
1551412594 0
1551412595 0
1551412596 0
1551412597 0
1551412598 0
1551412599 0
1551412600 0
1551412601 0
1551412602 0
1551412603 0
1551412604 0
1551412605 0
1551412606 0
1551412607 0
1551412608 0
1551412609 0
1551412610 0
1551412611 0
1551412612 0
1551412613 0
1551412614 0
1551412615 0
1551412616 0
1551412617 0
1551412618 0
1551412619 0
1551412620 0
1551412621 0
1551412622 0
1551412623 0
1551412624 0
1551412625 0
1551412626 0
1551412627 0
1551412628 0
1551412629 0
1551412630 0
1551412631 0
1551412632 0
1551412633 0
1551412634 0
1551412635 0
1551412636 0
1551412637 0
1551412638 0
1551412639 0
1551412640 0
1551412641 0
1551412642 0
1551412643 0
1551412644 0
1551412645 0
1551412646 0
1551412647 0
1551412648 0
1551412649 0
1551412650 0
1551412651 0
1551412652 0
1551412653 0
1551412654 0
1551412655 0
1551412656 0
1551412657 0
1551412658 0
1551412659 0
1551412660 0
1551412661 0
1551412662 0
1551412663 0
1551412664 0
1551412665 0
1551412666 0
1551412667 0
1551412668 0
1551412669 0
1551412670 0
1551412671 0
1551412672 0
1551412673 0
1551412674 0
1551412675 0
1551412676 0
1551412677 0
1551412678 0
1551412679 0
1551412680 0
1551412681 0
1551412682 0
1551412683 0
1551412684 0
1551412685 0
1551412686 0
1551412687 0
1551412688 0
1551412689 0
1551412690 0
1551412691 0
1551412692 0
1551412693 0
1551412694 0
1551412695 0
1551412696 0
1551412697 0
1551412698 0
1551412699 0
1551412700 0
1551412701 0
1551412702 0
1551412703 0
1551412704 0
1551412705 0
1551412706 0
1551412707 0
1551412708 0
1551412709 0
1551412710 0
1551412711 0
1551412712 0
1551412713 0
1551412714 0
1551412715 0
1551412716 0
1551412717 0
1551412718 0
1551412719 0
1551412720 0
1551412721 0
1551412722 0
1551412723 0
1551412724 0
1551412725 0
1551412726 0
1551412727 0
1551412728 0
1551412729 0
1551412730 0
1551412731 0
1551412732 0
1551412733 0
1551412734 0
1551412735 0
1551412736 0
1551412737 0
1551412738 0
1551412739 0
1551412740 0
1551412741 0
1551412742 0
1551412743 0
1551412744 0
1551412745 0
1551412746 0
1551412747 0
1551412748 0
1551412749 0
1551412750 0
1551412751 0
1551412752 0
1551412753 0
1551412754 0
1551412755 0
1551412756 0
1551412757 0
1551412758 0
1551412759 0
1551412760 0
1551412761 0
1551412762 0
1551412763 0
1551412764 0
1551412765 0
1551412766 0
1551412767 0
1551412768 0
1551412769 0
1551412770 0
1551412771 0
1551412772 0
1551412773 0
1551412774 0
1551412775 0
1551412776 0
1551412777 0
1551412778 0
1551412779 0
1551412780 0
1551412781 0
1551412782 0
1551412783 0
1551412784 0
1551412785 0
1551412786 0
1551412787 0
1551412788 0
1551412789 0
1551412790 0
1551412791 0
1551412792 0
1551412793 0
1551412794 0
1551412795 0
1551412796 0
1551412797 0
1551412798 0
1551412799 0
1551412800 0
1551412801 0
1551412802 0
1551412803 0
1551412804 0
1551412805 0
1551412806 0
1551412807 0
1551412808 0
1551412809 0
1551412810 0
1551412811 0
1551412812 0
1551412813 0
1551412814 0
1551412815 0
1551412816 0
1551412817 0
1551412818 0
1551412819 0
1551412820 0
1551412821 0
1551412822 0
1551412823 0
1551412824 0
1551412825 0
1551412826 0
1551412827 0
1551412828 0
1551412829 0
1551412830 0
1551412831 0
1551412832 0
1551412833 0
1551412834 0
1551412835 0
1551412836 0
1551412837 0
1551412838 0
1551412839 0
1551412840 0
1551412841 0
1551412842 0
1551412843 0
1551412844 0
1551412845 0
1551412846 0
1551412847 0
1551412848 0
1551412849 0
1551412850 0
1551412851 0
1551412852 0
1551412853 0
1551412854 0
1551412855 0
1551412856 0
1551412857 0
1551412858 0
1551412859 0
1551412860 0
1551412861 0
1551412862 0
1551412863 0
1551412864 0
1551412865 0
1551412866 0
1551412867 0
1551412868 0
1551412869 0
1551412870 0
1551412871 0
1551412872 0
1551412873 0
1551412874 0
1551412875 0
1551412876 0
1551412877 0
1551412878 0
1551412879 0
1551412880 0
1551412881 0
1551412882 0
1551412883 0
1551412884 0
1551412885 0
1551412886 0
1551412887 0
1551412888 0
1551412889 0
1551412890 0
1551412891 0
1551412892 0
1551412893 0
1551412894 0
1551412895 0
1551412896 0
1551412897 0
1551412898 0
1551412899 0
1551412900 0
1551412901 0
1551412902 0
1551412903 0
1551412904 0
1551412905 0
1551412906 0
1551412907 0
1551412908 0
1551412909 0
1551412910 0
1551412911 0
1551412912 0
1551412913 0
1551412914 0
1551412915 0
1551412916 0
1551412917 0
1551412918 0
1551412919 0
1551412920 0
1551412921 0
1551412922 0
1551412923 0
1551412924 0
1551412925 0
1551412926 0
1551412927 0
1551412928 0
1551412929 0
1551412930 0
1551412931 0
1551412932 0
1551412933 0
1551412934 0
1551412935 0
1551412936 0
1551412937 0
1551412938 0
1551412939 0
1551412940 0
1551412941 0
1551412942 0
1551412943 0
1551412944 0
1551412945 0
1551412946 0
1551412947 0
1551412948 0
1551412949 0
1551412950 0
1551412951 0
1551412952 0
1551412953 0
1551412954 0
1551412955 0
1551412956 0
1551412957 0
1551412958 0
1551412959 0
1551412960 0
1551412961 0
1551412962 0
1551412963 0
1551412964 0
1551412965 0
1551412966 0
1551412967 0
1551412968 0
1551412969 0
1551412970 0
1551412971 0
1551412972 0
1551412973 0
1551412974 0
1551412975 0
1551412976 0
1551412977 0
1551412978 0
1551412979 0
1551412980 0
1551412981 0
1551412982 0
1551412983 0
1551412984 0
1551412985 0
1551412986 0
1551412987 0
1551412988 0
1551412989 0
1551412990 0
1551412991 0
1551412992 0
1551412993 0
1551412994 0
1551412995 0
1551412996 0
1551412997 0
1551412998 0
1551412999 0
1551413000 0
1551413001 0
1551413002 0
1551413003 0
1551413004 0
1551413005 0
1551413006 0
1551413007 0
1551413008 0
1551413009 0
1551413010 0
1551413011 0
1551413012 0
1551413013 0
1551413014 0
1551413015 0
1551413016 0
1551413017 0
1551413018 0
1551413019 0
1551413020 0
1551413021 0
1551413022 0
1551413023 0
1551413024 0
1551413025 0
1551413026 0
1551413027 0
1551413028 0
1551413029 0
1551413030 0
1551413031 0
1551413032 0
1551413033 0
1551413034 0
1551413035 0
1551413036 0
1551413037 0
1551413038 0
1551413039 0
1551413040 0
1551413041 0
1551413042 0
1551413043 0
1551413044 0
1551413045 0
1551413046 0
1551413047 0
1551413048 0
1551413049 0
1551413050 0
1551413051 0
1551413052 0
1551413053 0
1551413054 0
1551413055 0
1551413056 0
1551413057 0
1551413058 0
1551413059 0
1551413060 0
1551413061 0
1551413062 0
1551413063 0
1551413064 0
1551413065 0
1551413066 0
1551413067 0
1551413068 0
1551413069 0
1551413070 0
1551413071 0
1551413072 0
1551413073 0
1551413074 0
1551413075 0
1551413076 0
1551413077 0
1551413078 0
1551413079 0
1551413080 0
1551413081 0
1551413082 0
1551413083 0
1551413084 0
1551413085 0
1551413086 0
1551413087 0
1551413088 0
1551413089 0
1551413090 0
1551413091 0
1551413092 0
1551413093 0
1551413094 0
1551413095 0
1551413096 0
1551413097 0
1551413098 0
1551413099 0
1551413100 0
1551413101 0
1551413102 0
1551413103 0
1551413104 0
1551413105 0
1551413106 0
1551413107 0
1551413108 0
1551413109 0
1551413110 0
1551413111 0
1551413112 0
1551413113 0
1551413114 0
1551413115 0
1551413116 0
1551413117 0
1551413118 0
1551413119 0
1551413120 0
1551413121 0
1551413122 0
1551413123 0
1551413124 0
1551413125 0
1551413126 0
1551413127 0
1551413128 0
1551413129 0
1551413130 0
1551413131 0
1551413132 0
1551413133 0
1551413134 0
1551413135 0
1551413136 0
1551413137 0
1551413138 0
1551413139 0
1551413140 0
1551413141 0
1551413142 0
1551413143 0
1551413144 0
1551413145 0
1551413146 0
1551413147 0
1551413148 0
1551413149 0
1551413150 0
1551413151 0
1551413152 0
1551413153 0
1551413154 0
1551413155 0
1551413156 0
1551413157 0
1551413158 0
1551413159 0
1551413160 0
1551413161 0
1551413162 0
1551413163 0
1551413164 0
1551413165 0
1551413166 0
1551413167 0
1551413168 0
1551413169 0
1551413170 0
1551413171 0
1551413172 0
1551413173 0
1551413174 0
1551413175 0
1551413176 0
1551413177 0
1551413178 0
1551413179 0
1551413180 0
1551413181 0
1551413182 0
1551413183 0
1551413184 0
1551413185 0
1551413186 0
1551413187 0
1551413188 0
1551413189 0
1551413190 0
1551413191 0
1551413192 0
1551413193 0
1551413194 0
1551413195 0
1551413196 0
1551413197 0
1551413198 0
1551413199 0
1551413200 0
1551413201 0
1551413202 0
1551413203 0
1551413204 0
1551413205 0
1551413206 0
1551413207 0
1551413208 0
1551413209 0
1551413210 0
1551413211 0
1551413212 0
1551413213 0
1551413214 0
1551413215 0
1551413216 0
1551413217 0
1551413218 0
1551413219 0
1551413220 0
1551413221 0
1551413222 0
1551413223 0
1551413224 0
1551413225 0
1551413226 0
1551413227 0
1551413228 0
1551413229 0
1551413230 0
1551413231 0
1551413232 0
1551413233 0
1551413234 0
1551413235 0
1551413236 0
1551413237 0
1551413238 0
1551413239 0
1551413240 0
1551413241 0
1551413242 0
1551413243 0
1551413244 0
1551413245 0
1551413246 0
1551413247 0
1551413248 0
1551413249 0
1551413250 0
1551413251 0
1551413252 0
1551413253 0
1551413254 0
1551413255 0
1551413256 0
1551413257 0
1551413258 0
1551413259 0
1551413260 0
1551413261 0
1551413262 0
1551413263 0
1551413264 0
1551413265 0
1551413266 0
1551413267 0
1551413268 0
1551413269 0
1551413270 0
1551413271 0
1551413272 0
1551413273 0
1551413274 0
1551413275 0
1551413276 0
1551413277 0
1551413278 0
1551413279 0
1551413280 0
1551413281 0
1551413282 0
1551413283 0
1551413284 0
1551413285 0
1551413286 0
1551413287 0
1551413288 0
1551413289 0
1551413290 0
1551413291 0
1551413292 0
1551413293 0
1551413294 0
1551413295 0
1551413296 0
1551413297 0
1551413298 0
1551413299 0
1551413300 0
1551413301 0
1551413302 0
1551413303 0
1551413304 0
1551413305 0
1551413306 0
1551413307 0
1551413308 0
1551413309 0
1551413310 0
1551413311 0
1551413312 0
1551413313 0
1551413314 0
1551413315 0
1551413316 0
1551413317 0
1551413318 0
1551413319 0
1551413320 0
1551413321 0
1551413322 0
1551413323 0
1551413324 0
1551413325 0
1551413326 0
1551413327 0
1551413328 0
1551413329 0
1551413330 0
1551413331 0
1551413332 0
1551413333 0
1551413334 0
1551413335 0
1551413336 0
1551413337 0
1551413338 0
1551413339 0
1551413340 0
1551413341 0
1551413342 0
1551413343 0
1551413344 0
1551413345 0
1551413346 0
1551413347 0
1551413348 0
1551413349 0
1551413350 0
1551413351 0
1551413352 0
1551413353 0
1551413354 0
1551413355 0
1551413356 0
1551413357 0
1551413358 0
1551413359 0
1551413360 0
1551413361 0
1551413362 0
1551413363 0
1551413364 0
1551413365 0
1551413366 0
1551413367 0
1551413368 0
1551413369 0
1551413370 0
1551413371 0
1551413372 0
1551413373 0
1551413374 0
1551413375 0
1551413376 0
1551413377 0
1551413378 0
1551413379 0
1551413380 0
1551413381 0
1551413382 0
1551413383 0
1551413384 0
1551413385 0
1551413386 0
1551413387 0
1551413388 0
1551413389 0
1551413390 0
1551413391 0
1551413392 0
1551413393 0
1551413394 0
1551413395 0
1551413396 0
1551413397 0
1551413398 0
1551413399 0
1551413400 0
1551413401 0
1551413402 0
1551413403 0
1551413404 0
1551413405 0
1551413406 0
1551413407 0
1551413408 0
1551413409 0
1551413410 0
1551413411 0
1551413412 0
1551413413 0
1551413414 0
1551413415 0
1551413416 0
1551413417 0
1551413418 0
1551413419 0
1551413420 0
1551413421 0
1551413422 0
1551413423 0
1551413424 0
1551413425 0
1551413426 0
1551413427 0
1551413428 0
1551413429 0
1551413430 0
1551413431 0
1551413432 0
1551413433 0
1551413434 0
1551413435 0
1551413436 0
1551413437 0
1551413438 0
1551413439 0
1551413440 0
1551413441 0
1551413442 0
1551413443 0
1551413444 0
1551413445 0
1551413446 0
1551413447 0
1551413448 0
1551413449 0
1551413450 0
1551413451 0
1551413452 0
1551413453 0
1551413454 0
1551413455 0
1551413456 0
1551413457 0
1551413458 0
1551413459 0
1551413460 0
1551413461 0
1551413462 0
1551413463 0
1551413464 0
1551413465 0
1551413466 0
1551413467 0
1551413468 0
1551413469 0
1551413470 0
1551413471 0
1551413472 0
1551413473 0
1551413474 0
1551413475 0
1551413476 0
1551413477 0
1551413478 0
1551413479 0
1551413480 0
1551413481 0
1551413482 0
1551413483 0
1551413484 0
1551413485 0
1551413486 0
1551413487 0
1551413488 0
1551413489 0
1551413490 0
1551413491 0
1551413492 0
1551413493 0
1551413494 0
1551413495 0
1551413496 0
1551413497 0
1551413498 0
1551413499 0
1551413500 0
1551413501 0
1551413502 0
1551413503 0
1551413504 0
1551413505 0
1551413506 0
1551413507 0
1551413508 0
1551413509 0
1551413510 0
1551413511 0
1551413512 0
1551413513 0
1551413514 0
1551413515 0
1551413516 0
1551413517 0
1551413518 0
1551413519 0
1551413520 0
1551413521 0
1551413522 0
1551413523 0
1551413524 0
1551413525 0
1551413526 0
1551413527 0
1551413528 0
1551413529 0
1551413530 0
1551413531 0
1551413532 0
1551413533 0
1551413534 0
1551413535 0
1551413536 0
1551413537 0
1551413538 0
1551413539 0
1551413540 0
1551413541 0
1551413542 0
1551413543 0
1551413544 0
1551413545 0
1551413546 0
1551413547 0
1551413548 0
1551413549 0
1551413550 0
1551413551 0
1551413552 0
1551413553 0
1551413554 0
1551413555 0
1551413556 0
1551413557 0
1551413558 0
1551413559 0
1551413560 0
1551413561 0
1551413562 0
1551413563 0
1551413564 0
1551413565 0
1551413566 0
1551413567 0
1551413568 0
1551413569 0
1551413570 0
1551413571 0
1551413572 0
1551413573 0
1551413574 0
1551413575 0
1551413576 0
1551413577 0
1551413578 0
1551413579 0
1551413580 0
1551413581 0
1551413582 0
1551413583 0
1551413584 0
1551413585 0
1551413586 0
1551413587 0
1551413588 0
1551413589 0
1551413590 0
1551413591 0
1551413592 0
1551413593 0
1551413594 0
1551413595 0
1551413596 0
1551413597 0
1551413598 0
1551413599 0
1551413600 0
1551413601 0
1551413602 0
1551413603 0
1551413604 0
1551413605 0
1551413606 0
1551413607 0
1551413608 0
1551413609 0
1551413610 0
1551413611 0
1551413612 0
1551413613 0
1551413614 0
1551413615 0
1551413616 0
1551413617 0
1551413618 0
1551413619 0
1551413620 0
1551413621 0
1551413622 0
1551413623 0
1551413624 0
1551413625 0
1551413626 0
1551413627 0
1551413628 0
1551413629 0
1551413630 0
1551413631 0
1551413632 0
1551413633 0
1551413634 0
1551413635 0
1551413636 0
1551413637 0
1551413638 0
1551413639 0
1551413640 0
1551413641 0
1551413642 0
1551413643 0
1551413644 0
1551413645 0
1551413646 0
1551413647 0
1551413648 0
1551413649 0
1551413650 0
1551413651 0
1551413652 0
1551413653 0
1551413654 0
1551413655 0
1551413656 0
1551413657 0
1551413658 0
1551413659 0
1551413660 0
1551413661 0
1551413662 0
1551413663 0
1551413664 0
1551413665 0
1551413666 0
1551413667 0
1551413668 0
1551413669 0
1551413670 0
1551413671 0
1551413672 0
1551413673 0
1551413674 0
1551413675 0
1551413676 0
1551413677 0
1551413678 0
1551413679 0
1551413680 0
1551413681 0
1551413682 0
1551413683 0
1551413684 0
1551413685 0
1551413686 0
1551413687 0
1551413688 0
1551413689 0
1551413690 0
1551413691 0
1551413692 0
1551413693 0
1551413694 0
1551413695 0
1551413696 0
1551413697 0
1551413698 0
1551413699 0
1551413700 0
1551413701 0
1551413702 0
1551413703 0
1551413704 0
1551413705 0
1551413706 0
1551413707 0
1551413708 0
1551413709 0
1551413710 0
1551413711 0
1551413712 0
1551413713 0
1551413714 0
1551413715 0
1551413716 0
1551413717 0
1551413718 0
1551413719 0
1551413720 0
1551413721 0
1551413722 0
1551413723 0
1551413724 0
1551413725 0
1551413726 0
1551413727 0
1551413728 0
1551413729 0
1551413730 0
1551413731 0
1551413732 0
1551413733 0
1551413734 0
1551413735 0
1551413736 0
1551413737 0
1551413738 0
1551413739 0
1551413740 0
1551413741 0
1551413742 0
1551413743 0
1551413744 0
1551413745 0
1551413746 0
1551413747 0
1551413748 0
1551413749 0
1551413750 0
1551413751 0
1551413752 0
1551413753 0
1551413754 0
1551413755 0
1551413756 0
1551413757 0
1551413758 0
1551413759 0
1551413760 0
1551413761 0
1551413762 0
1551413763 0
1551413764 0
1551413765 0
1551413766 0
1551413767 0
1551413768 0
1551413769 0
1551413770 0
1551413771 0
1551413772 0
1551413773 0
1551413774 0
1551413775 0
1551413776 0
1551413777 0
1551413778 0
1551413779 0
1551413780 0
1551413781 0
1551413782 0
1551413783 0
1551413784 0
1551413785 0
1551413786 0
1551413787 0
1551413788 0
1551413789 0
1551413790 0
1551413791 0
1551413792 0
1551413793 0
1551413794 0
1551413795 0
1551413796 0
1551413797 0
1551413798 0
1551413799 0
1551413800 0
1551413801 0
1551413802 0
1551413803 0
1551413804 0
1551413805 0
1551413806 0
1551413807 0
1551413808 0
1551413809 0
1551413810 0
1551413811 0
1551413812 0
1551413813 0
1551413814 0
1551413815 0
1551413816 0
1551413817 0
1551413818 0
1551413819 0
1551413820 0
1551413821 0
1551413822 0
1551413823 0
1551413824 0
1551413825 0
1551413826 0
1551413827 0
1551413828 0
1551413829 0
1551413830 0
1551413831 0
1551413832 0
1551413833 0
1551413834 0
1551413835 0
1551413836 0
1551413837 0
1551413838 0
1551413839 0
1551413840 0
1551413841 0
1551413842 0
1551413843 0
1551413844 0
1551413845 0
1551413846 0
1551413847 0
1551413848 0
1551413849 0
1551413850 0
1551413851 0
1551413852 0
1551413853 0
1551413854 0
1551413855 0
1551413856 0
1551413857 0
1551413858 0
1551413859 0
1551413860 0
1551413861 0
1551413862 0
1551413863 0
1551413864 0
1551413865 0
1551413866 0
1551413867 0
1551413868 0
1551413869 0
1551413870 0
1551413871 0
1551413872 0
1551413873 0
1551413874 0
1551413875 0
1551413876 0
1551413877 0
1551413878 0
1551413879 0
1551413880 0
1551413881 0
1551413882 0
1551413883 0
1551413884 0
1551413885 0
1551413886 0
1551413887 0
1551413888 0
1551413889 0
1551413890 0
1551413891 0
1551413892 0
1551413893 0
1551413894 0
1551413895 0
1551413896 0
1551413897 0
1551413898 0
1551413899 0
1551413900 0
1551413901 0
1551413902 0
1551413903 0
1551413904 0
1551413905 0
1551413906 0
1551413907 0
1551413908 0
1551413909 0
1551413910 0
1551413911 0
1551413912 0
1551413913 0
1551413914 0
1551413915 0
1551413916 0
1551413917 0
1551413918 0
1551413919 0
1551413920 0
1551413921 0
1551413922 0
1551413923 0
1551413924 0
1551413925 0
1551413926 0
1551413927 0
1551413928 0
1551413929 0
1551413930 0
1551413931 0
1551413932 0
1551413933 0
1551413934 0
1551413935 0
1551413936 0
1551413937 0
1551413938 0
1551413939 0
1551413940 0
1551413941 0
1551413942 0
1551413943 0
1551413944 0
1551413945 0
1551413946 0
1551413947 0
1551413948 0
1551413949 0
1551413950 0
1551413951 0
1551413952 0
1551413953 0
1551413954 0
1551413955 0
1551413956 0
1551413957 0
1551413958 0
1551413959 0
1551413960 0
1551413961 0
1551413962 0
1551413963 0
1551413964 0
1551413965 0
1551413966 0
1551413967 0
1551413968 0
1551413969 0
1551413970 0
1551413971 0
1551413972 0
1551413973 0
1551413974 0
1551413975 0
1551413976 0
1551413977 0
1551413978 0
1551413979 0
1551413980 0
1551413981 0
1551413982 0
1551413983 0
1551413984 0
1551413985 0
1551413986 0
1551413987 0
1551413988 0
1551413989 0
1551413990 0
1551413991 0
1551413992 0
1551413993 0
1551413994 0
1551413995 0
1551413996 0
1551413997 0
1551413998 0
1551413999 0
1551414000 0
1551414001 0
1551414002 0
1551414003 0
1551414004 0
1551414005 0
1551414006 0
1551414007 0
1551414008 0
1551414009 0
1551414010 0
1551414011 0
1551414012 0
1551414013 0
1551414014 0
1551414015 0
1551414016 0
1551414017 0
1551414018 0
1551414019 0
1551414020 0
1551414021 0
1551414022 0
1551414023 0
1551414024 0
1551414025 0
1551414026 0
1551414027 0
1551414028 0
1551414029 0
1551414030 0
1551414031 0
1551414032 0
1551414033 0
1551414034 0
1551414035 0
1551414036 0
1551414037 0
1551414038 0
1551414039 0
1551414040 0
1551414041 0
1551414042 0
1551414043 0
1551414044 0
1551414045 0
1551414046 0
1551414047 0
1551414048 0
1551414049 0
1551414050 0
1551414051 0
1551414052 0
1551414053 0
1551414054 0
1551414055 0
1551414056 0
1551414057 0
1551414058 0
1551414059 0
1551414060 0
1551414061 0
1551414062 0
1551414063 0
1551414064 0
1551414065 0
1551414066 0
1551414067 0
1551414068 0
1551414069 0
1551414070 0
1551414071 0
1551414072 0
1551414073 0
1551414074 0
1551414075 0
1551414076 0
1551414077 0
1551414078 0
1551414079 0
1551414080 0
1551414081 0
1551414082 0
1551414083 0
1551414084 0
1551414085 0
1551414086 0
1551414087 0
1551414088 0
1551414089 0
1551414090 0
1551414091 0
1551414092 0
1551414093 0
1551414094 0
1551414095 0
1551414096 0
1551414097 0
1551414098 0
1551414099 0
1551414100 0
1551414101 0
1551414102 0
1551414103 0
1551414104 0
1551414105 0
1551414106 0
1551414107 0
1551414108 0
1551414109 0
1551414110 0
1551414111 0
1551414112 0
1551414113 0
1551414114 0
1551414115 0
1551414116 0
1551414117 0
1551414118 0
1551414119 0
1551414120 0
1551414121 0
1551414122 0
1551414123 0
1551414124 0
1551414125 0
1551414126 0
1551414127 0
1551414128 0
1551414129 0
1551414130 0
1551414131 0
1551414132 0
1551414133 0
1551414134 0
1551414135 0
1551414136 0
1551414137 0
1551414138 0
1551414139 0
1551414140 0
1551414141 0
1551414142 0
1551414143 0
1551414144 0
1551414145 0
1551414146 0
1551414147 0
1551414148 0
1551414149 0
1551414150 0
1551414151 0
1551414152 0
1551414153 0
1551414154 0
1551414155 0
1551414156 0
1551414157 0
1551414158 0
1551414159 0
1551414160 0
1551414161 0
1551414162 0
1551414163 0
1551414164 0
1551414165 0
1551414166 0
1551414167 0
1551414168 0
1551414169 0
1551414170 0
1551414171 0
1551414172 0
1551414173 0
1551414174 0
1551414175 0
1551414176 0
1551414177 0
1551414178 0
1551414179 0
1551414180 0
1551414181 0
1551414182 0
1551414183 0
1551414184 0
1551414185 0
1551414186 0
1551414187 0
1551414188 0
1551414189 0
1551414190 0
1551414191 0
1551414192 0
1551414193 0
1551414194 0
1551414195 0
1551414196 0
1551414197 0
1551414198 0
1551414199 0
1551414200 0
1551414201 0
1551414202 0
1551414203 0
1551414204 0
1551414205 0
1551414206 0
1551414207 0
1551414208 0
1551414209 0
1551414210 0
1551414211 0
1551414212 0
1551414213 0
1551414214 0
1551414215 0
1551414216 0
1551414217 0
1551414218 0
1551414219 0
1551414220 0
1551414221 0
1551414222 0
1551414223 0
1551414224 0
1551414225 0
1551414226 0
1551414227 0
1551414228 0
1551414229 0
1551414230 0
1551414231 0
1551414232 0
1551414233 0
1551414234 0
1551414235 0
1551414236 0
1551414237 0
1551414238 0
1551414239 0
1551414240 0
1551414241 0
1551414242 0
1551414243 0
1551414244 0
1551414245 0
1551414246 0
1551414247 0
1551414248 0
1551414249 0
1551414250 0
1551414251 0
1551414252 0
1551414253 0
1551414254 0
1551414255 0
1551414256 0
1551414257 0
1551414258 0
1551414259 0
1551414260 0
1551414261 0
1551414262 0
1551414263 0
1551414264 0
1551414265 0
1551414266 0
1551414267 0
1551414268 0
1551414269 0
1551414270 0
1551414271 0
1551414272 0
1551414273 0
1551414274 0
1551414275 0
1551414276 0
1551414277 0
1551414278 0
1551414279 0
1551414280 0
1551414281 0
1551414282 0
1551414283 0
1551414284 0
1551414285 0
1551414286 0
1551414287 0
1551414288 0
1551414289 0
1551414290 0
1551414291 0
1551414292 0
1551414293 0
1551414294 0
1551414295 0
1551414296 0
1551414297 0
1551414298 0
1551414299 0
1551414300 0
1551414301 0
1551414302 0
1551414303 0
1551414304 0
1551414305 0
1551414306 0
1551414307 0
1551414308 0
1551414309 0
1551414310 0
1551414311 0
1551414312 0
1551414313 0
1551414314 0
1551414315 0
1551414316 0
1551414317 0
1551414318 0
1551414319 0
1551414320 0
1551414321 0
1551414322 0
1551414323 0
1551414324 0
1551414325 0
1551414326 0
1551414327 0
1551414328 0
1551414329 0
1551414330 0
1551414331 0
1551414332 0
1551414333 0
1551414334 0
1551414335 0
1551414336 0
1551414337 0
1551414338 0
1551414339 0
1551414340 0
1551414341 0
1551414342 0
1551414343 0
1551414344 0
1551414345 0
1551414346 0
1551414347 0
1551414348 0
1551414349 0
1551414350 0
1551414351 0
1551414352 0
1551414353 0
1551414354 0
1551414355 0
1551414356 0
1551414357 0
1551414358 0
1551414359 0
1551414360 0
1551414361 0
1551414362 0
1551414363 0
1551414364 0
1551414365 0
1551414366 0
1551414367 0
1551414368 0
1551414369 0
1551414370 0
1551414371 0
1551414372 0
1551414373 0
1551414374 0
1551414375 0
1551414376 0
1551414377 0
1551414378 0
1551414379 0
1551414380 0
1551414381 0
1551414382 0
1551414383 0
1551414384 0
1551414385 0
1551414386 0
1551414387 0
1551414388 0
1551414389 0
1551414390 0
1551414391 0
1551414392 0
1551414393 0
1551414394 0
1551414395 0
1551414396 0
1551414397 0
1551414398 0
1551414399 0
1551414400 0
1551414401 0
1551414402 0
1551414403 0
1551414404 0
1551414405 0
1551414406 0
1551414407 0
1551414408 0
1551414409 0
1551414410 0
1551414411 0
1551414412 0
1551414413 0
1551414414 0
1551414415 0
1551414416 0
1551414417 0
1551414418 0
1551414419 0
1551414420 0
1551414421 0
1551414422 0
1551414423 0
1551414424 0
1551414425 0
1551414426 0
1551414427 0
1551414428 0
1551414429 0
1551414430 0
1551414431 0
1551414432 0
1551414433 0
1551414434 0
1551414435 0
1551414436 0
1551414437 0
1551414438 0
1551414439 0
1551414440 0
1551414441 0
1551414442 0
1551414443 0
1551414444 0
1551414445 0
1551414446 0
1551414447 0
1551414448 0
1551414449 0
1551414450 0
1551414451 0
1551414452 0
1551414453 0
1551414454 0
1551414455 0
1551414456 0
1551414457 0
1551414458 0
1551414459 0
1551414460 0
1551414461 0
1551414462 0
1551414463 0
1551414464 0
1551414465 0
1551414466 0
1551414467 0
1551414468 0
1551414469 0
1551414470 0
1551414471 0
1551414472 0
1551414473 0
1551414474 0
1551414475 0
1551414476 0
1551414477 0
1551414478 0
1551414479 0
1551414480 0
1551414481 0
1551414482 0
1551414483 0
1551414484 0
1551414485 0
1551414486 0
1551414487 0
1551414488 0
1551414489 0
1551414490 0
1551414491 0
1551414492 0
1551414493 0
1551414494 0
1551414495 0
1551414496 0
1551414497 0
1551414498 0
1551414499 0
1551414500 0
1551414501 0
1551414502 0
1551414503 0
1551414504 0
1551414505 0
1551414506 0
1551414507 0
1551414508 0
1551414509 0
1551414510 0
1551414511 0
1551414512 0
1551414513 0
1551414514 0
1551414515 0
1551414516 0
1551414517 0
1551414518 0
1551414519 0
1551414520 0
1551414521 0
1551414522 0
1551414523 0
1551414524 0
1551414525 0
1551414526 0
1551414527 0
1551414528 0
1551414529 0
1551414530 0
1551414531 0
1551414532 0
1551414533 0
1551414534 0
1551414535 0
1551414536 0
1551414537 0
1551414538 0
1551414539 0
1551414540 0
1551414541 0
1551414542 0
1551414543 0
1551414544 0
1551414545 0
1551414546 0
1551414547 0
1551414548 0
1551414549 0
1551414550 0
1551414551 0
1551414552 0
1551414553 0
1551414554 0
1551414555 0
1551414556 0
1551414557 0
1551414558 0
1551414559 0
1551414560 0
1551414561 0
1551414562 0
1551414563 0
1551414564 0
1551414565 0
1551414566 0
1551414567 0
1551414568 0
1551414569 0
1551414570 0
1551414571 0
1551414572 0
1551414573 0
1551414574 0
1551414575 0
1551414576 0
1551414577 0
1551414578 0
1551414579 0
1551414580 0
1551414581 0
1551414582 0
1551414583 0
1551414584 0
1551414585 0
1551414586 0
1551414587 0
1551414588 0
1551414589 0
1551414590 0
1551414591 0
1551414592 0
1551414593 0
1551414594 0
1551414595 0
1551414596 0
1551414597 0
1551414598 0
1551414599 0
1551414600 0
1551414601 0
1551414602 0
1551414603 0
1551414604 0
1551414605 0
1551414606 0
1551414607 0
1551414608 0
1551414609 0
1551414610 0
1551414611 0
1551414612 0
1551414613 0
1551414614 0
1551414615 0
1551414616 0
1551414617 0
1551414618 0
1551414619 0
1551414620 0
1551414621 0
1551414622 0
1551414623 0
1551414624 0
1551414625 0
1551414626 0
1551414627 0
1551414628 0
1551414629 0
1551414630 0
1551414631 0
1551414632 0
1551414633 0
1551414634 0
1551414635 0
1551414636 0
1551414637 0
1551414638 0
1551414639 0
1551414640 0
1551414641 0
1551414642 0
1551414643 0
1551414644 0
1551414645 0
1551414646 0
1551414647 0
1551414648 0
1551414649 0
1551414650 0
1551414651 0
1551414652 0
1551414653 0
1551414654 0
1551414655 0
1551414656 0
1551414657 0
1551414658 0
1551414659 0
1551414660 0
1551414661 0
1551414662 0
1551414663 0
1551414664 0
1551414665 0
1551414666 0
1551414667 0
1551414668 0
1551414669 0
1551414670 0
1551414671 0
1551414672 0
1551414673 0
1551414674 0
1551414675 0
1551414676 0
1551414677 0
1551414678 0
1551414679 0
1551414680 0
1551414681 0
1551414682 0
1551414683 0
1551414684 0
1551414685 0
1551414686 0
1551414687 0
1551414688 0
1551414689 0
1551414690 0
1551414691 0
1551414692 0
1551414693 0
1551414694 0
1551414695 0
1551414696 0
1551414697 0
1551414698 0
1551414699 0
1551414700 0
1551414701 0
1551414702 0
1551414703 0
1551414704 0
1551414705 0
1551414706 0
1551414707 0
1551414708 0
1551414709 0
1551414710 0
1551414711 0
1551414712 0
1551414713 0
1551414714 0
1551414715 0
1551414716 0
1551414717 0
1551414718 0
1551414719 0
1551414720 0
1551414721 0
1551414722 0
1551414723 0
1551414724 0
1551414725 0
1551414726 0
1551414727 0
1551414728 0
1551414729 0
1551414730 0
1551414731 0
1551414732 0
1551414733 0
1551414734 0
1551414735 0
1551414736 0
1551414737 0
1551414738 0
1551414739 0
1551414740 0
1551414741 0
1551414742 0
1551414743 0
1551414744 0
1551414745 0
1551414746 0
1551414747 0
1551414748 0
1551414749 0
1551414750 0
1551414751 0
1551414752 0
1551414753 0
1551414754 0
1551414755 0
1551414756 0
1551414757 0
1551414758 0
1551414759 0
1551414760 0
1551414761 0
1551414762 0
1551414763 0
1551414764 0
1551414765 0
1551414766 0
1551414767 0
1551414768 0
1551414769 0
1551414770 0
1551414771 0
1551414772 0
1551414773 0
1551414774 0
1551414775 0
1551414776 0
1551414777 0
1551414778 0
1551414779 0
1551414780 0
1551414781 0
1551414782 0
1551414783 0
1551414784 0
1551414785 0
1551414786 0
1551414787 0
1551414788 0
1551414789 0
1551414790 0
1551414791 0
1551414792 0
1551414793 0
1551414794 0
1551414795 0
1551414796 0
1551414797 0
1551414798 0
1551414799 0
1551414800 0
1551414801 0
1551414802 0
1551414803 0
1551414804 0
1551414805 0
1551414806 0
1551414807 0
1551414808 0
1551414809 0
1551414810 0
1551414811 0
1551414812 0
1551414813 0
1551414814 0
1551414815 0
1551414816 0
1551414817 0
1551414818 0
1551414819 0
1551414820 0
1551414821 0
1551414822 0
1551414823 0
1551414824 0
1551414825 0
1551414826 0
1551414827 0
1551414828 0
1551414829 0
1551414830 0
1551414831 0
1551414832 0
1551414833 0
1551414834 0
1551414835 0
1551414836 0
1551414837 0
1551414838 0
1551414839 0
1551414840 0
1551414841 0
1551414842 0
1551414843 0
1551414844 0
1551414845 0
1551414846 0
1551414847 0
1551414848 0
1551414849 0
1551414850 0
1551414851 0
1551414852 0
1551414853 0
1551414854 0
1551414855 0
1551414856 0
1551414857 0
1551414858 0
1551414859 0
1551414860 0
1551414861 0
1551414862 0
1551414863 0
1551414864 0
1551414865 0
1551414866 0
1551414867 0
1551414868 0
1551414869 0
1551414870 0
1551414871 0
1551414872 0
1551414873 0
1551414874 0
1551414875 0
1551414876 0
1551414877 0
1551414878 0
1551414879 0
1551414880 0
1551414881 0
1551414882 0
1551414883 0
1551414884 0
1551414885 0
1551414886 0
1551414887 0
1551414888 0
1551414889 0
1551414890 0
1551414891 0
1551414892 0
1551414893 0
1551414894 0
1551414895 0
1551414896 0
1551414897 0
1551414898 0
1551414899 0
1551414900 0
1551414901 0
1551414902 0
1551414903 0
1551414904 0
1551414905 0
1551414906 0
1551414907 0
1551414908 0
1551414909 0
1551414910 0
1551414911 0
1551414912 0
1551414913 0
1551414914 0
1551414915 0
1551414916 0
1551414917 0
1551414918 0
1551414919 0
1551414920 0
1551414921 0
1551414922 0
1551414923 0
1551414924 0
1551414925 0
1551414926 0
1551414927 0
1551414928 0
1551414929 0
1551414930 0
1551414931 0
1551414932 0
1551414933 0
1551414934 0
1551414935 0
1551414936 0
1551414937 0
1551414938 0
1551414939 0
1551414940 0
1551414941 0
1551414942 0
1551414943 0
1551414944 0
1551414945 0
1551414946 0
1551414947 0
1551414948 0
1551414949 0
1551414950 0
1551414951 0
1551414952 0
1551414953 0
1551414954 0
1551414955 0
1551414956 0
1551414957 0
1551414958 0
1551414959 0
1551414960 0
1551414961 0
1551414962 0
1551414963 0
1551414964 0
1551414965 0
1551414966 0
1551414967 0
1551414968 0
1551414969 0
1551414970 0
1551414971 0
1551414972 0
1551414973 0
1551414974 0
1551414975 0
1551414976 0
1551414977 0
1551414978 0
1551414979 0
1551414980 0
1551414981 0
1551414982 0
1551414983 0
1551414984 0
1551414985 0
1551414986 0
1551414987 0
1551414988 0
1551414989 0
1551414990 0
1551414991 0
1551414992 0
1551414993 0
1551414994 0
1551414995 0
1551414996 0
1551414997 0
1551414998 0
1551414999 0
1551415000 0
1551415001 0
1551415002 0
1551415003 0
1551415004 0
1551415005 0
1551415006 0
1551415007 0
1551415008 0
1551415009 0
1551415010 0
1551415011 0
1551415012 0
1551415013 0
1551415014 0
1551415015 0
1551415016 0
1551415017 0
1551415018 0
1551415019 0
1551415020 0
1551415021 0
1551415022 0
1551415023 0
1551415024 0
1551415025 0
1551415026 0
1551415027 0
1551415028 0
1551415029 0
1551415030 0
1551415031 0
1551415032 0
1551415033 0
1551415034 0
1551415035 0
1551415036 0
1551415037 0
1551415038 0
1551415039 0
1551415040 0
1551415041 0
1551415042 0
1551415043 0
1551415044 0
1551415045 0
1551415046 0
1551415047 0
1551415048 0
1551415049 0
1551415050 0
1551415051 0
1551415052 0
1551415053 0
1551415054 0
1551415055 0
1551415056 0
1551415057 0
1551415058 0
1551415059 0
1551415060 0
1551415061 0
1551415062 0
1551415063 0
1551415064 0
1551415065 0
1551415066 0
1551415067 0
1551415068 0
1551415069 0
1551415070 0
1551415071 0
1551415072 0
1551415073 0
1551415074 0
1551415075 0
1551415076 0
1551415077 0
1551415078 0
1551415079 0
1551415080 0
1551415081 0
1551415082 0
1551415083 0
1551415084 0
1551415085 0
1551415086 0
1551415087 0
1551415088 0
1551415089 0
1551415090 0
1551415091 0
1551415092 0
1551415093 0
1551415094 0
1551415095 0
1551415096 0
1551415097 0
1551415098 0
1551415099 0
1551415100 0
1551415101 0
1551415102 0
1551415103 0
1551415104 0
1551415105 0
1551415106 0
1551415107 0
1551415108 0
1551415109 0
1551415110 0
1551415111 0
1551415112 0
1551415113 0
1551415114 0
1551415115 0
1551415116 0
1551415117 0
1551415118 0
1551415119 0
1551415120 0
1551415121 0
1551415122 0
1551415123 0
1551415124 0
1551415125 0
1551415126 0
1551415127 0
1551415128 0
1551415129 0
1551415130 0
1551415131 0
1551415132 0
1551415133 0
1551415134 0
1551415135 0
1551415136 0
1551415137 0
1551415138 0
1551415139 0
1551415140 0
1551415141 0
1551415142 0
1551415143 0
1551415144 0
1551415145 0
1551415146 0
1551415147 0
1551415148 0
1551415149 0
1551415150 0
1551415151 0
1551415152 0
1551415153 0
1551415154 0
1551415155 0
1551415156 0
1551415157 0
1551415158 0
1551415159 0
1551415160 0
1551415161 0
1551415162 0
1551415163 0
1551415164 0
1551415165 0
1551415166 0
1551415167 0
1551415168 0
1551415169 0
1551415170 0
1551415171 0
1551415172 0
1551415173 0
1551415174 0
1551415175 0
1551415176 0
1551415177 0
1551415178 0
1551415179 0
1551415180 0
1551415181 0
1551415182 0
1551415183 0
1551415184 0
1551415185 0
1551415186 0
1551415187 0
1551415188 0
1551415189 0
1551415190 0
1551415191 0
1551415192 0
1551415193 0
1551415194 0
1551415195 0
1551415196 0
1551415197 0
1551415198 0
1551415199 0
1551415200 0
1551415201 0
1551415202 0
1551415203 0
1551415204 0
1551415205 0
1551415206 0
1551415207 0
1551415208 0
1551415209 0
1551415210 0
1551415211 0
1551415212 0
1551415213 0
1551415214 0
1551415215 0
1551415216 0
1551415217 0
1551415218 0
1551415219 0
1551415220 0
1551415221 0
1551415222 0
1551415223 0
1551415224 0
1551415225 0
1551415226 0
1551415227 0
1551415228 0
1551415229 0
1551415230 0
1551415231 0
1551415232 0
1551415233 0
1551415234 0
1551415235 0
1551415236 0
1551415237 0
1551415238 0
1551415239 0
1551415240 0
1551415241 0
1551415242 0
1551415243 0
1551415244 0
1551415245 0
1551415246 0
1551415247 0
1551415248 0
1551415249 0
1551415250 0
1551415251 0
1551415252 0
1551415253 0
1551415254 0
1551415255 0
1551415256 0
1551415257 0
1551415258 0
1551415259 0
1551415260 0
1551415261 0
1551415262 0
1551415263 0
1551415264 0
1551415265 0
1551415266 0
1551415267 0
1551415268 0
1551415269 0
1551415270 0
1551415271 0
1551415272 0
1551415273 0
1551415274 0
1551415275 0
1551415276 0
1551415277 0
1551415278 0
1551415279 0
1551415280 0
1551415281 0
1551415282 0
1551415283 0
1551415284 0
1551415285 0
1551415286 0
1551415287 0
1551415288 0
1551415289 0
1551415290 0
1551415291 0
1551415292 0
1551415293 0
1551415294 0
1551415295 0
1551415296 0
1551415297 0
1551415298 0
1551415299 0
1551415300 0
1551415301 0
1551415302 0
1551415303 0
1551415304 0
1551415305 0
1551415306 0
1551415307 0
1551415308 0
1551415309 0
1551415310 0
1551415311 0
1551415312 0
1551415313 0
1551415314 0
1551415315 0
1551415316 0
1551415317 0
1551415318 0
1551415319 0
1551415320 0
1551415321 0
1551415322 0
1551415323 0
1551415324 0
1551415325 0
1551415326 0
1551415327 0
1551415328 0
1551415329 0
1551415330 0
1551415331 0
1551415332 0
1551415333 0
1551415334 0
1551415335 0
1551415336 0
1551415337 0
1551415338 0
1551415339 0
1551415340 0
1551415341 0
1551415342 0
1551415343 0
1551415344 0
1551415345 0
1551415346 0
1551415347 0
1551415348 0
1551415349 0
1551415350 0
1551415351 0
1551415352 0
1551415353 0
1551415354 0
1551415355 0
1551415356 0
1551415357 0
1551415358 0
1551415359 0
1551415360 0
1551415361 0
1551415362 0
1551415363 0
1551415364 0
1551415365 0
1551415366 0
1551415367 0
1551415368 0
1551415369 0
1551415370 0
1551415371 0
1551415372 0
1551415373 0
1551415374 0
1551415375 0
1551415376 0
1551415377 0
1551415378 0
1551415379 0
1551415380 0
1551415381 0
1551415382 0
1551415383 0
1551415384 0
1551415385 0
1551415386 0
1551415387 0
1551415388 0
1551415389 0
1551415390 0
1551415391 0
1551415392 0
1551415393 0
1551415394 0
1551415395 0
1551415396 0
1551415397 0
1551415398 0
1551415399 0
1551415400 0
1551415401 0
1551415402 0
1551415403 0
1551415404 0
1551415405 0
1551415406 0
1551415407 0
1551415408 0
1551415409 0
1551415410 0
1551415411 0
1551415412 0
1551415413 0
1551415414 0
1551415415 0
1551415416 0
1551415417 0
1551415418 0
1551415419 0
1551415420 0
1551415421 0
1551415422 0
1551415423 0
1551415424 0
1551415425 0
1551415426 0
1551415427 0
1551415428 0
1551415429 0
1551415430 0
1551415431 0
1551415432 0
1551415433 0
1551415434 0
1551415435 0
1551415436 0
1551415437 0
1551415438 0
1551415439 0
1551415440 0
1551415441 0
1551415442 0
1551415443 0
1551415444 0
1551415445 0
1551415446 0
1551415447 0
1551415448 0
1551415449 0
1551415450 0
1551415451 0
1551415452 0
1551415453 0
1551415454 0
1551415455 0
1551415456 0
1551415457 0
1551415458 0
1551415459 0
1551415460 0
1551415461 0
1551415462 0
1551415463 0
1551415464 0
1551415465 0
1551415466 0
1551415467 0
1551415468 0
1551415469 0
1551415470 0
1551415471 0
1551415472 0
1551415473 0
1551415474 0
1551415475 0
1551415476 0
1551415477 0
1551415478 0
1551415479 0
1551415480 0
1551415481 0
1551415482 0
1551415483 0
1551415484 0
1551415485 0
1551415486 0
1551415487 0
1551415488 0
1551415489 0
1551415490 0
1551415491 0
1551415492 0
1551415493 0
1551415494 0
1551415495 0
1551415496 0
1551415497 0
1551415498 0
1551415499 0
1551415500 0
1551415501 0
1551415502 0
1551415503 0
1551415504 0
1551415505 0
1551415506 0
1551415507 0
1551415508 0
1551415509 0
1551415510 0
1551415511 0
1551415512 0
1551415513 0
1551415514 0
1551415515 0
1551415516 0
1551415517 0
1551415518 0
1551415519 0
1551415520 0
1551415521 0
1551415522 0
1551415523 0
1551415524 0
1551415525 0
1551415526 0
1551415527 0
1551415528 0
1551415529 0
1551415530 0
1551415531 0
1551415532 0
1551415533 0
1551415534 0
1551415535 0
1551415536 0
1551415537 0
1551415538 0
1551415539 0
1551415540 0
1551415541 0
1551415542 0
1551415543 0
1551415544 0
1551415545 0
1551415546 0
1551415547 0
1551415548 0
1551415549 0
1551415550 0
1551415551 0
1551415552 0
1551415553 0
1551415554 0
1551415555 0
1551415556 0
1551415557 0
1551415558 0
1551415559 0
1551415560 0
1551415561 0
1551415562 0
1551415563 0
1551415564 0
1551415565 0
1551415566 0
1551415567 0
1551415568 0
1551415569 0
1551415570 0
1551415571 0
1551415572 0
1551415573 0
1551415574 0
1551415575 0
1551415576 0
1551415577 0
1551415578 0
1551415579 0
1551415580 0
1551415581 0
1551415582 0
1551415583 0
1551415584 0
1551415585 0
1551415586 0
1551415587 0
1551415588 0
1551415589 0
1551415590 0
1551415591 0
1551415592 0
1551415593 0
1551415594 0
1551415595 0
1551415596 0
1551415597 0
1551415598 0
1551415599 0
1551415600 0
1551415601 0
1551415602 0
1551415603 0
1551415604 0
1551415605 0
1551415606 0
1551415607 0
1551415608 0
1551415609 0
1551415610 0
1551415611 0
1551415612 0
1551415613 0
1551415614 0
1551415615 0
1551415616 0
1551415617 0
1551415618 0
1551415619 0
1551415620 0
1551415621 0
1551415622 0
1551415623 0
1551415624 0
1551415625 0
1551415626 0
1551415627 0
1551415628 0
1551415629 0
1551415630 0
1551415631 0
1551415632 0
1551415633 0
1551415634 0
1551415635 0
1551415636 0
1551415637 0
1551415638 0
1551415639 0
1551415640 0
1551415641 0
1551415642 0
1551415643 0
1551415644 0
1551415645 0
1551415646 0
1551415647 0
1551415648 0
1551415649 0
1551415650 0
1551415651 0
1551415652 0
1551415653 0
1551415654 0
1551415655 0
1551415656 0
1551415657 0
1551415658 0
1551415659 0
1551415660 0
1551415661 0
1551415662 0
1551415663 0
1551415664 0
1551415665 0
1551415666 0
1551415667 0
1551415668 0
1551415669 0
1551415670 0
1551415671 0
1551415672 0
1551415673 0
1551415674 0
1551415675 0
1551415676 0
1551415677 0
1551415678 0
1551415679 0
1551415680 0
1551415681 0
1551415682 0
1551415683 0
1551415684 0
1551415685 0
1551415686 0
1551415687 0
1551415688 0
1551415689 0
1551415690 0
1551415691 0
1551415692 0
1551415693 0
1551415694 0
1551415695 0
1551415696 0
1551415697 0
1551415698 0
1551415699 0
1551415700 0
1551415701 0
1551415702 0
1551415703 0
1551415704 0
1551415705 0
1551415706 0
1551415707 0
1551415708 0
1551415709 0
1551415710 0
1551415711 0
1551415712 0
1551415713 0
1551415714 0
1551415715 0
1551415716 0
1551415717 0
1551415718 0
1551415719 0
1551415720 0
1551415721 0
1551415722 0
1551415723 0
1551415724 0
1551415725 0
1551415726 0
1551415727 0
1551415728 0
1551415729 0
1551415730 0
1551415731 0
1551415732 0
1551415733 0
1551415734 0
1551415735 0
1551415736 0
1551415737 0
1551415738 0
1551415739 0
1551415740 0
1551415741 0
1551415742 0
1551415743 0
1551415744 0
1551415745 0
1551415746 0
1551415747 0
1551415748 0
1551415749 0
1551415750 0
1551415751 0
1551415752 0
1551415753 0
1551415754 0
1551415755 0
1551415756 0
1551415757 0
1551415758 0
1551415759 0
1551415760 0
1551415761 0
1551415762 0
1551415763 0
1551415764 0
1551415765 0
1551415766 0
1551415767 0
1551415768 0
1551415769 0
1551415770 0
1551415771 0
1551415772 0
1551415773 0
1551415774 0
1551415775 0
1551415776 0
1551415777 0
1551415778 0
1551415779 0
1551415780 0
1551415781 0
1551415782 0
1551415783 0
1551415784 0
1551415785 0
1551415786 0
1551415787 0
1551415788 0
1551415789 0
1551415790 0
1551415791 0
1551415792 0
1551415793 0
1551415794 0
1551415795 0
1551415796 0
1551415797 0
1551415798 0
1551415799 0
1551415800 0
1551415801 0
1551415802 0
1551415803 0
1551415804 0
1551415805 0
1551415806 0
1551415807 0
1551415808 0
1551415809 0
1551415810 0
1551415811 0
1551415812 0
1551415813 0
1551415814 0
1551415815 0
1551415816 0
1551415817 0
1551415818 0
1551415819 0
1551415820 0
1551415821 0
1551415822 0
1551415823 0
1551415824 0
1551415825 0
1551415826 0
1551415827 0
1551415828 0
1551415829 0
1551415830 0
1551415831 0
1551415832 0
1551415833 0
1551415834 0
1551415835 0
1551415836 0
1551415837 0
1551415838 0
1551415839 0
1551415840 0
1551415841 0
1551415842 0
1551415843 0
1551415844 0
1551415845 0
1551415846 0
1551415847 0
1551415848 0
1551415849 0
1551415850 0
1551415851 0
1551415852 0
1551415853 0
1551415854 0
1551415855 0
1551415856 0
1551415857 0
1551415858 0
1551415859 0
1551415860 0
1551415861 0
1551415862 0
1551415863 0
1551415864 0
1551415865 0
1551415866 0
1551415867 0
1551415868 0
1551415869 0
1551415870 0
1551415871 0
1551415872 0
1551415873 0
1551415874 0
1551415875 0
1551415876 0
1551415877 0
1551415878 0
1551415879 0
1551415880 0
1551415881 0
1551415882 0
1551415883 0
1551415884 0
1551415885 0
1551415886 0
1551415887 0
1551415888 0
1551415889 0
1551415890 0
1551415891 0
1551415892 0
1551415893 0
1551415894 0
1551415895 0
1551415896 0
1551415897 0
1551415898 0
1551415899 0
1551415900 0
1551415901 0
1551415902 0
1551415903 0
1551415904 0
1551415905 0
1551415906 0
1551415907 0
1551415908 0
1551415909 0
1551415910 0
1551415911 0
1551415912 0
1551415913 0
1551415914 0
1551415915 0
1551415916 0
1551415917 0
1551415918 0
1551415919 0
1551415920 0
1551415921 0
1551415922 0
1551415923 0
1551415924 0
1551415925 0
1551415926 0
1551415927 0
1551415928 0
1551415929 0
1551415930 0
1551415931 0
1551415932 0
1551415933 0
1551415934 0
1551415935 0
1551415936 0
1551415937 0
1551415938 0
1551415939 0
1551415940 0
1551415941 0
1551415942 0
1551415943 0
1551415944 0
1551415945 0
1551415946 0
1551415947 0
1551415948 0
1551415949 0
1551415950 0
1551415951 0
1551415952 0
1551415953 0
1551415954 0
1551415955 0
1551415956 0
1551415957 0
1551415958 0
1551415959 0
1551415960 0
1551415961 0
1551415962 0
1551415963 0
1551415964 0
1551415965 0
1551415966 0
1551415967 0
1551415968 0
1551415969 0
1551415970 0
1551415971 0
1551415972 0
1551415973 0
1551415974 0
1551415975 0
1551415976 0
1551415977 0
1551415978 0
1551415979 0
1551415980 0
1551415981 0
1551415982 0
1551415983 0
1551415984 0
1551415985 0
1551415986 0
1551415987 0
1551415988 0
1551415989 0
1551415990 0
1551415991 0
1551415992 0
1551415993 0
1551415994 0
1551415995 0
1551415996 0
1551415997 0
1551415998 0
1551415999 0
1551416000 0
1551416001 0
1551416002 0
1551416003 0
1551416004 0
1551416005 0
1551416006 0
1551416007 0
1551416008 0
1551416009 0
1551416010 0
1551416011 0
1551416012 0
1551416013 0
1551416014 0
1551416015 0
1551416016 0
1551416017 0
1551416018 0
1551416019 0
1551416020 0
1551416021 0
1551416022 0
1551416023 0
1551416024 0
1551416025 0
1551416026 0
1551416027 0
1551416028 0
1551416029 0
1551416030 0
1551416031 0
1551416032 0
1551416033 0
1551416034 0
1551416035 0
1551416036 0
1551416037 0
1551416038 0
1551416039 0
1551416040 0
1551416041 0
1551416042 0
1551416043 0
1551416044 0
1551416045 0
1551416046 0
1551416047 0
1551416048 0
1551416049 0
1551416050 0
1551416051 0
1551416052 0
1551416053 0
1551416054 0
1551416055 0
1551416056 0
1551416057 0
1551416058 0
1551416059 0
1551416060 0
1551416061 0
1551416062 0
1551416063 0
1551416064 0
1551416065 0
1551416066 0
1551416067 0
1551416068 0
1551416069 0
1551416070 0
1551416071 0
1551416072 0
1551416073 0
1551416074 0
1551416075 0
1551416076 0
1551416077 0
1551416078 0
1551416079 0
1551416080 0
1551416081 0
1551416082 0
1551416083 0
1551416084 0
1551416085 0
1551416086 0
1551416087 0
1551416088 0
1551416089 0
1551416090 0
1551416091 0
1551416092 0
1551416093 0
1551416094 0
1551416095 0
1551416096 0
1551416097 0
1551416098 0
1551416099 0
1551416100 0
1551416101 0
1551416102 0
1551416103 0
1551416104 0
1551416105 0
1551416106 0
1551416107 0
1551416108 0
1551416109 0
1551416110 0
1551416111 0
1551416112 0
1551416113 0
1551416114 0
1551416115 0
1551416116 0
1551416117 0
1551416118 0
1551416119 0
1551416120 0
1551416121 0
1551416122 0
1551416123 0
1551416124 0
1551416125 0
1551416126 0
1551416127 0
1551416128 0
1551416129 0
1551416130 0
1551416131 0
1551416132 0
1551416133 0
1551416134 0
1551416135 0
1551416136 0
1551416137 0
1551416138 0
1551416139 0
1551416140 0
1551416141 0
1551416142 0
1551416143 0
1551416144 0
1551416145 0
1551416146 0
1551416147 0
1551416148 0
1551416149 0
1551416150 0
1551416151 0
1551416152 0
1551416153 0
1551416154 0
1551416155 0
1551416156 0
1551416157 0
1551416158 0
1551416159 0
1551416160 0
1551416161 0
1551416162 0
1551416163 0
1551416164 0
1551416165 0
1551416166 0
1551416167 0
1551416168 0
1551416169 0
1551416170 0
1551416171 0
1551416172 0
1551416173 0
1551416174 0
1551416175 0
1551416176 0
1551416177 0
1551416178 0
1551416179 0
1551416180 0
1551416181 0
1551416182 0
1551416183 0
1551416184 0
1551416185 0
1551416186 0
1551416187 0
1551416188 0
1551416189 0
1551416190 0
1551416191 0
1551416192 0
1551416193 0
1551416194 0
1551416195 0
1551416196 0
1551416197 0
1551416198 0
1551416199 0
1551416200 0
1551416201 0
1551416202 0
1551416203 0
1551416204 0
1551416205 0
1551416206 0
1551416207 0
1551416208 0
1551416209 0
1551416210 0
1551416211 0
1551416212 0
1551416213 0
1551416214 0
1551416215 0
1551416216 0
1551416217 0
1551416218 0
1551416219 0
1551416220 0
1551416221 0
1551416222 0
1551416223 0
1551416224 0
1551416225 0
1551416226 0
1551416227 0
1551416228 0
1551416229 0
1551416230 0
1551416231 0
1551416232 0
1551416233 0
1551416234 0
1551416235 0
1551416236 0
1551416237 0
1551416238 0
1551416239 0
1551416240 0
1551416241 0
1551416242 0
1551416243 0
1551416244 0
1551416245 0
1551416246 0
1551416247 0
1551416248 0
1551416249 0
1551416250 0
1551416251 0
1551416252 0
1551416253 0
1551416254 0
1551416255 0
1551416256 0
1551416257 0
1551416258 0
1551416259 0
1551416260 0
1551416261 0
1551416262 0
1551416263 0
1551416264 0
1551416265 0
1551416266 0
1551416267 0
1551416268 0
1551416269 0
1551416270 0
1551416271 0
1551416272 0
1551416273 0
1551416274 0
1551416275 0
1551416276 0
1551416277 0
1551416278 0
1551416279 0
1551416280 0
1551416281 0
1551416282 0
1551416283 0
1551416284 0
1551416285 0
1551416286 0
1551416287 0
1551416288 0
1551416289 0
1551416290 0
1551416291 0
1551416292 0
1551416293 0
1551416294 0
1551416295 0
1551416296 0
1551416297 0
1551416298 0
1551416299 0
1551416300 0
1551416301 0
1551416302 0
1551416303 0
1551416304 0
1551416305 0
1551416306 0
1551416307 0
1551416308 0
1551416309 0
1551416310 0
1551416311 0
1551416312 0
1551416313 0
1551416314 0
1551416315 0
1551416316 0
1551416317 0
1551416318 0
1551416319 0
1551416320 0
1551416321 0
1551416322 0
1551416323 0
1551416324 0
1551416325 0
1551416326 0
1551416327 0
1551416328 0
1551416329 0
1551416330 0
1551416331 0
1551416332 0
1551416333 0
1551416334 0
1551416335 0
1551416336 0
1551416337 0
1551416338 0
1551416339 0
1551416340 0
1551416341 0
1551416342 0
1551416343 0
1551416344 0
1551416345 0
1551416346 0
1551416347 0
1551416348 0
1551416349 0
1551416350 0
1551416351 0
1551416352 0
1551416353 0
1551416354 0
1551416355 0
1551416356 0
1551416357 0
1551416358 0
1551416359 0
1551416360 0
1551416361 0
1551416362 0
1551416363 0
1551416364 0
1551416365 0
1551416366 0
1551416367 0
1551416368 0
1551416369 0
1551416370 0
1551416371 0
1551416372 0
1551416373 0
1551416374 0
1551416375 0
1551416376 0
1551416377 0
1551416378 0
1551416379 0
1551416380 0
1551416381 0
1551416382 0
1551416383 0
1551416384 0
1551416385 0
1551416386 0
1551416387 0
1551416388 0
1551416389 0
1551416390 0
1551416391 0
1551416392 0
1551416393 0
1551416394 0
1551416395 0
1551416396 0
1551416397 0
1551416398 0
1551416399 0
1551416400 0
1551416401 0
1551416402 0
1551416403 0
1551416404 0
1551416405 0
1551416406 0
1551416407 0
1551416408 0
1551416409 0
1551416410 0
1551416411 0
1551416412 0
1551416413 0
1551416414 0
1551416415 0
1551416416 0
1551416417 0
1551416418 0
1551416419 0
1551416420 0
1551416421 0
1551416422 0
1551416423 0
1551416424 0
1551416425 0
1551416426 0
1551416427 0
1551416428 0
1551416429 0
1551416430 0
1551416431 0
1551416432 0
1551416433 0
1551416434 0
1551416435 0
1551416436 0
1551416437 0
1551416438 0
1551416439 0
1551416440 0
1551416441 0
1551416442 0
1551416443 0
1551416444 0
1551416445 0
1551416446 0
1551416447 0
1551416448 0
1551416449 0
1551416450 0
1551416451 0
1551416452 0
1551416453 0
1551416454 0
1551416455 0
1551416456 0
1551416457 0
1551416458 0
1551416459 0
1551416460 0
1551416461 0
1551416462 0
1551416463 0
1551416464 0
1551416465 0
1551416466 0
1551416467 0
1551416468 0
1551416469 0
1551416470 0
1551416471 0
1551416472 0
1551416473 0
1551416474 0
1551416475 0
1551416476 0
1551416477 0
1551416478 0
1551416479 0
1551416480 0
1551416481 0
1551416482 0
1551416483 0
1551416484 0
1551416485 0
1551416486 0
1551416487 0
1551416488 0
1551416489 0
1551416490 0
1551416491 0
1551416492 0
1551416493 0
1551416494 0
1551416495 0
1551416496 0
1551416497 0
1551416498 0
1551416499 0
1551416500 0
1551416501 0
1551416502 0
1551416503 0
1551416504 0
1551416505 0
1551416506 0
1551416507 0
1551416508 0
1551416509 0
1551416510 0
1551416511 0
1551416512 0
1551416513 0
1551416514 0
1551416515 0
1551416516 0
1551416517 0
1551416518 0
1551416519 0
1551416520 0
1551416521 0
1551416522 0
1551416523 0
1551416524 0
1551416525 0
1551416526 0
1551416527 0
1551416528 0
1551416529 0
1551416530 0
1551416531 0
1551416532 0
1551416533 0
1551416534 0
1551416535 0
1551416536 0
1551416537 0
1551416538 0
1551416539 0
1551416540 0
1551416541 0
1551416542 0
1551416543 0
1551416544 0
1551416545 0
1551416546 0
1551416547 0
1551416548 0
1551416549 0
1551416550 0
1551416551 0
1551416552 0
1551416553 0
1551416554 0
1551416555 0
1551416556 0
1551416557 0
1551416558 0
1551416559 0
1551416560 0
1551416561 0
1551416562 0
1551416563 0
1551416564 0
1551416565 0
1551416566 0
1551416567 0
1551416568 0
1551416569 0
1551416570 0
1551416571 0
1551416572 0
1551416573 0
1551416574 0
1551416575 0
1551416576 0
1551416577 0
1551416578 0
1551416579 0
1551416580 0
1551416581 0
1551416582 0
1551416583 0
1551416584 0
1551416585 0
1551416586 0
1551416587 0
1551416588 0
1551416589 0
1551416590 0
1551416591 0
1551416592 0
1551416593 0
1551416594 0
1551416595 0
1551416596 0
1551416597 0
1551416598 0
1551416599 0
1551416600 0
1551416601 0
1551416602 0
1551416603 0
1551416604 0
1551416605 0
1551416606 0
1551416607 0
1551416608 0
1551416609 0
1551416610 0
1551416611 0
1551416612 0
1551416613 0
1551416614 0
1551416615 0
1551416616 0
1551416617 0
1551416618 0
1551416619 0
1551416620 0
1551416621 0
1551416622 0
1551416623 0
1551416624 0
1551416625 0
1551416626 0
1551416627 0
1551416628 0
1551416629 0
1551416630 0
1551416631 0
1551416632 0
1551416633 0
1551416634 0
1551416635 0
1551416636 0
1551416637 0
1551416638 0
1551416639 0
1551416640 0
1551416641 0
1551416642 0
1551416643 0
1551416644 0
1551416645 0
1551416646 0
1551416647 0
1551416648 0
1551416649 0
1551416650 0
1551416651 0
1551416652 0
1551416653 0
1551416654 0
1551416655 0
1551416656 0
1551416657 0
1551416658 0
1551416659 0
1551416660 0
1551416661 0
1551416662 0
1551416663 0
1551416664 0
1551416665 0
1551416666 0
1551416667 0
1551416668 0
1551416669 0
1551416670 0
1551416671 0
1551416672 0
1551416673 0
1551416674 0
1551416675 0
1551416676 0
1551416677 0
1551416678 0
1551416679 0
1551416680 0
1551416681 0
1551416682 0
1551416683 0
1551416684 0
1551416685 0
1551416686 0
1551416687 0
1551416688 0
1551416689 0
1551416690 0
1551416691 0
1551416692 0
1551416693 0
1551416694 0
1551416695 0
1551416696 0
1551416697 0
1551416698 0
1551416699 0
1551416700 0
1551416701 0
1551416702 0
1551416703 0
1551416704 0
1551416705 0
1551416706 0
1551416707 0
1551416708 0
1551416709 0
1551416710 0
1551416711 0
1551416712 0
1551416713 0
1551416714 0
1551416715 0
1551416716 0
1551416717 0
1551416718 0
1551416719 0
1551416720 0
1551416721 0
1551416722 0
1551416723 0
1551416724 0
1551416725 0
1551416726 0
1551416727 0
1551416728 0
1551416729 0
1551416730 0
1551416731 0
1551416732 0
1551416733 0
1551416734 0
1551416735 0
1551416736 0
1551416737 0
1551416738 0
1551416739 0
1551416740 0
1551416741 0
1551416742 0
1551416743 0
1551416744 0
1551416745 0
1551416746 0
1551416747 0
1551416748 0
1551416749 0
1551416750 0
1551416751 0
1551416752 0
1551416753 0
1551416754 0
1551416755 0
1551416756 0
1551416757 0
1551416758 0
1551416759 0
1551416760 0
1551416761 0
1551416762 0
1551416763 0
1551416764 0
1551416765 0
1551416766 0
1551416767 0
1551416768 0
1551416769 0
1551416770 0
1551416771 0
1551416772 0
1551416773 0
1551416774 0
1551416775 0
1551416776 0
1551416777 0
1551416778 0
1551416779 0
1551416780 0
1551416781 0
1551416782 0
1551416783 0
1551416784 0
1551416785 0
1551416786 0
1551416787 0
1551416788 0
1551416789 0
1551416790 0
1551416791 0
1551416792 0
1551416793 0
1551416794 0
1551416795 0
1551416796 0
1551416797 0
1551416798 0
1551416799 0
1551416800 0
1551416801 0
1551416802 0
1551416803 0
1551416804 0
1551416805 0
1551416806 0
1551416807 0
1551416808 0
1551416809 0
1551416810 0
1551416811 0
1551416812 0
1551416813 0
1551416814 0
1551416815 0
1551416816 0
1551416817 0
1551416818 0
1551416819 0
1551416820 0
1551416821 0
1551416822 0
1551416823 0
1551416824 0
1551416825 0
1551416826 0
1551416827 0
1551416828 0
1551416829 0
1551416830 0
1551416831 0
1551416832 0
1551416833 0
1551416834 0
1551416835 0
1551416836 0
1551416837 0
1551416838 0
1551416839 0
1551416840 0
1551416841 0
1551416842 0
1551416843 0
1551416844 0
1551416845 0
1551416846 0
1551416847 0
1551416848 0
1551416849 0
1551416850 0
1551416851 0
1551416852 0
1551416853 0
1551416854 0
1551416855 0
1551416856 0
1551416857 0
1551416858 0
1551416859 0
1551416860 0
1551416861 0
1551416862 0
1551416863 0
1551416864 0
1551416865 0
1551416866 0
1551416867 0
1551416868 0
1551416869 0
1551416870 0
1551416871 0
1551416872 0
1551416873 0
1551416874 0
1551416875 0
1551416876 0
1551416877 0
1551416878 0
1551416879 0
1551416880 0
1551416881 0
1551416882 0
1551416883 0
1551416884 0
1551416885 0
1551416886 0
1551416887 0
1551416888 0
1551416889 0
1551416890 0
1551416891 0
1551416892 0
1551416893 0
1551416894 0
1551416895 0
1551416896 0
1551416897 0
1551416898 0
1551416899 0
1551416900 0
1551416901 0
1551416902 0
1551416903 0
1551416904 0
1551416905 0
1551416906 0
1551416907 0
1551416908 0
1551416909 0
1551416910 0
1551416911 0
1551416912 0
1551416913 0
1551416914 0
1551416915 0
1551416916 0
1551416917 0
1551416918 0
1551416919 0
1551416920 0
1551416921 0
1551416922 0
1551416923 0
1551416924 0
1551416925 0
1551416926 0
1551416927 0
1551416928 0
1551416929 0
1551416930 0
1551416931 0
1551416932 0
1551416933 0
1551416934 0
1551416935 0
1551416936 0
1551416937 0
1551416938 0
1551416939 0
1551416940 0
1551416941 0
1551416942 0
1551416943 0
1551416944 0
1551416945 0
1551416946 0
1551416947 0
1551416948 0
1551416949 0
1551416950 0
1551416951 0
1551416952 0
1551416953 0
1551416954 0
1551416955 0
1551416956 0
1551416957 0
1551416958 0
1551416959 0
1551416960 0
1551416961 0
1551416962 0
1551416963 0
1551416964 0
1551416965 0
1551416966 0
1551416967 0
1551416968 0
1551416969 0
1551416970 0
1551416971 0
1551416972 0
1551416973 0
1551416974 0
1551416975 0
1551416976 0
1551416977 0
1551416978 0
1551416979 0
1551416980 0
1551416981 0
1551416982 0
1551416983 0
1551416984 0
1551416985 0
1551416986 0
1551416987 0
1551416988 0
1551416989 0
1551416990 0
1551416991 0
1551416992 0
1551416993 0
1551416994 0
1551416995 0
1551416996 0
1551416997 0
1551416998 0
1551416999 0
1551417000 0
1551417001 0
1551417002 0
1551417003 0
1551417004 0
1551417005 0
1551417006 0
1551417007 0
1551417008 0
1551417009 0
1551417010 0
1551417011 0
1551417012 0
1551417013 0
1551417014 0
1551417015 0
1551417016 0
1551417017 0
1551417018 0
1551417019 0
1551417020 0
1551417021 0
1551417022 0
1551417023 0
1551417024 0
1551417025 0
1551417026 0
1551417027 0
1551417028 0
1551417029 0
1551417030 0
1551417031 0
1551417032 0
1551417033 0
1551417034 0
1551417035 0
1551417036 0
1551417037 0
1551417038 0
1551417039 0
1551417040 0
1551417041 0
1551417042 0
1551417043 0
1551417044 0
1551417045 0
1551417046 0
1551417047 0
1551417048 0
1551417049 0
1551417050 0
1551417051 0
1551417052 0
1551417053 0
1551417054 0
1551417055 0
1551417056 0
1551417057 0
1551417058 0
1551417059 0
1551417060 0
1551417061 0
1551417062 0
1551417063 0
1551417064 0
1551417065 0
1551417066 0
1551417067 0
1551417068 0
1551417069 0
1551417070 0
1551417071 0
1551417072 0
1551417073 0
1551417074 0
1551417075 0
1551417076 0
1551417077 0
1551417078 0
1551417079 0
1551417080 0
1551417081 0
1551417082 0
1551417083 0
1551417084 0
1551417085 0
1551417086 0
1551417087 0
1551417088 0
1551417089 0
1551417090 0
1551417091 0
1551417092 0
1551417093 0
1551417094 0
1551417095 0
1551417096 0
1551417097 0
1551417098 0
1551417099 0
1551417100 0
1551417101 0
1551417102 0
1551417103 0
1551417104 0
1551417105 0
1551417106 0
1551417107 0
1551417108 0
1551417109 0
1551417110 0
1551417111 0
1551417112 0
1551417113 0
1551417114 0
1551417115 0
1551417116 0
1551417117 0
1551417118 0
1551417119 0
1551417120 0
1551417121 0
1551417122 0
1551417123 0
1551417124 0
1551417125 0
1551417126 0
1551417127 0
1551417128 0
1551417129 0
1551417130 0
1551417131 0
1551417132 0
1551417133 0
1551417134 0
1551417135 0
1551417136 0
1551417137 0
1551417138 0
1551417139 0
1551417140 0
1551417141 0
1551417142 0
1551417143 0
1551417144 0
1551417145 0
1551417146 0
1551417147 0
1551417148 0
1551417149 0
1551417150 0
1551417151 0
1551417152 0
1551417153 0
1551417154 0
1551417155 0
1551417156 0
1551417157 0
1551417158 0
1551417159 0
1551417160 0
1551417161 0
1551417162 0
1551417163 0
1551417164 0
1551417165 0
1551417166 0
1551417167 0
1551417168 0
1551417169 0
1551417170 0
1551417171 0
1551417172 0
1551417173 0
1551417174 0
1551417175 0
1551417176 0
1551417177 0
1551417178 0
1551417179 0
1551417180 0
1551417181 0
1551417182 0
1551417183 0
1551417184 0
1551417185 0
1551417186 0
1551417187 0
1551417188 0
1551417189 0
1551417190 0
1551417191 0
1551417192 0
1551417193 0
1551417194 0
1551417195 0
1551417196 0
1551417197 0
1551417198 0
1551417199 0
1551417200 0
1551417201 0
1551417202 0
1551417203 0
1551417204 0
1551417205 0
1551417206 0
1551417207 0
1551417208 0
1551417209 0
1551417210 0
1551417211 0
1551417212 0
1551417213 0
1551417214 0
1551417215 0
1551417216 0
1551417217 0
1551417218 0
1551417219 0
1551417220 0
1551417221 0
1551417222 0
1551417223 0
1551417224 0
1551417225 0
1551417226 0
1551417227 0
1551417228 0
1551417229 0
1551417230 0
1551417231 0
1551417232 0
1551417233 0
1551417234 0
1551417235 0
1551417236 0
1551417237 0
1551417238 0
1551417239 0
1551417240 0
1551417241 0
1551417242 0
1551417243 0
1551417244 0
1551417245 0
1551417246 0
1551417247 0
1551417248 0
1551417249 0
1551417250 0
1551417251 0
1551417252 0
1551417253 0
1551417254 0
1551417255 0
1551417256 0
1551417257 0
1551417258 0
1551417259 0
1551417260 0
1551417261 0
1551417262 0
1551417263 0
1551417264 0
1551417265 0
1551417266 0
1551417267 0
1551417268 0
1551417269 0
1551417270 0
1551417271 0
1551417272 0
1551417273 0
1551417274 0
1551417275 0
1551417276 0
1551417277 0
1551417278 0
1551417279 0
1551417280 0
1551417281 0
1551417282 0
1551417283 0
1551417284 0
1551417285 0
1551417286 0
1551417287 0
1551417288 0
1551417289 0
1551417290 0
1551417291 0
1551417292 0
1551417293 0
1551417294 0
1551417295 0
1551417296 0
1551417297 0
1551417298 0
1551417299 0
1551417300 0
1551417301 0
1551417302 0
1551417303 0
1551417304 0
1551417305 0
1551417306 0
1551417307 0
1551417308 0
1551417309 0
1551417310 0
1551417311 0
1551417312 0
1551417313 0
1551417314 0
1551417315 0
1551417316 0
1551417317 0
1551417318 0
1551417319 0
1551417320 0
1551417321 0
1551417322 0
1551417323 0
1551417324 0
1551417325 0
1551417326 0
1551417327 0
1551417328 0
1551417329 0
1551417330 0
1551417331 0
1551417332 0
1551417333 0
1551417334 0
1551417335 0
1551417336 0
1551417337 0
1551417338 0
1551417339 0
1551417340 0
1551417341 0
1551417342 0
1551417343 0
1551417344 0
1551417345 0
1551417346 0
1551417347 0
1551417348 0
1551417349 0
1551417350 0
1551417351 0
1551417352 0
1551417353 0
1551417354 0
1551417355 0
1551417356 0
1551417357 0
1551417358 0
1551417359 0
1551417360 0
1551417361 0
1551417362 0
1551417363 0
1551417364 0
1551417365 0
1551417366 0
1551417367 0
1551417368 0
1551417369 0
1551417370 0
1551417371 0
1551417372 0
1551417373 0
1551417374 0
1551417375 0
1551417376 0
1551417377 0
1551417378 0
1551417379 0
1551417380 0
1551417381 0
1551417382 0
1551417383 0
1551417384 0
1551417385 0
1551417386 0
1551417387 0
1551417388 0
1551417389 0
1551417390 0
1551417391 0
1551417392 0
1551417393 0
1551417394 0
1551417395 0
1551417396 0
1551417397 0
1551417398 0
1551417399 0
1551417400 0
1551417401 0
1551417402 0
1551417403 0
1551417404 0
1551417405 0
1551417406 0
1551417407 0
1551417408 0
1551417409 0
1551417410 0
1551417411 0
1551417412 0
1551417413 0
1551417414 0
1551417415 0
1551417416 0
1551417417 0
1551417418 0
1551417419 0
1551417420 0
1551417421 0
1551417422 0
1551417423 0
1551417424 0
1551417425 0
1551417426 0
1551417427 0
1551417428 0
1551417429 0
1551417430 0
1551417431 0
1551417432 0
1551417433 0
1551417434 0
1551417435 0
1551417436 0
1551417437 0
1551417438 0
1551417439 0
1551417440 0
1551417441 0
1551417442 0
1551417443 0
1551417444 0
1551417445 0
1551417446 0
1551417447 0
1551417448 0
1551417449 0
1551417450 0
1551417451 0
1551417452 0
1551417453 0
1551417454 0
1551417455 0
1551417456 0
1551417457 0
1551417458 0
1551417459 0
1551417460 0
1551417461 0
1551417462 0
1551417463 0
1551417464 0
1551417465 0
1551417466 0
1551417467 0
1551417468 0
1551417469 0
1551417470 0
1551417471 0
1551417472 0
1551417473 0
1551417474 0
1551417475 0
1551417476 0
1551417477 0
1551417478 0
1551417479 0
1551417480 0
1551417481 0
1551417482 0
1551417483 0
1551417484 0
1551417485 0
1551417486 0
1551417487 0
1551417488 0
1551417489 0
1551417490 0
1551417491 0
1551417492 0
1551417493 0
1551417494 0
1551417495 0
1551417496 0
1551417497 0
1551417498 0
1551417499 0
1551417500 0
1551417501 0
1551417502 0
1551417503 0
1551417504 0
1551417505 0
1551417506 0
1551417507 0
1551417508 0
1551417509 0
1551417510 0
1551417511 0
1551417512 0
1551417513 0
1551417514 0
1551417515 0
1551417516 0
1551417517 0
1551417518 0
1551417519 0
1551417520 0
1551417521 0
1551417522 0
1551417523 0
1551417524 0
1551417525 0
1551417526 0
1551417527 0
1551417528 0
1551417529 0
1551417530 0
1551417531 0
1551417532 0
1551417533 0
1551417534 0
1551417535 0
1551417536 0
1551417537 0
1551417538 0
1551417539 0
1551417540 0
1551417541 0
1551417542 0
1551417543 0
1551417544 0
1551417545 0
1551417546 0
1551417547 0
1551417548 0
1551417549 0
1551417550 0
1551417551 0
1551417552 0
1551417553 0
1551417554 0
1551417555 0
1551417556 0
1551417557 0
1551417558 0
1551417559 0
1551417560 0
1551417561 0
1551417562 0
1551417563 0
1551417564 0
1551417565 0
1551417566 0
1551417567 0
1551417568 0
1551417569 0
1551417570 0
1551417571 0
1551417572 0
1551417573 0
1551417574 0
1551417575 0
1551417576 0
1551417577 0
1551417578 0
1551417579 0
1551417580 0
1551417581 0
1551417582 0
1551417583 0
1551417584 0
1551417585 0
1551417586 0
1551417587 0
1551417588 0
1551417589 0
1551417590 0
1551417591 0
1551417592 0
1551417593 0
1551417594 0
1551417595 0
1551417596 0
1551417597 0
1551417598 0
1551417599 0
1551417600 0
1551417601 0
1551417602 0
1551417603 0
1551417604 0
1551417605 0
1551417606 0
1551417607 0
1551417608 0
1551417609 0
1551417610 0
1551417611 0
1551417612 0
1551417613 0
1551417614 0
1551417615 0
1551417616 0
1551417617 0
1551417618 0
1551417619 0
1551417620 0
1551417621 0
1551417622 0
1551417623 0
1551417624 0
1551417625 0
1551417626 0
1551417627 0
1551417628 0
1551417629 0
1551417630 0
1551417631 0
1551417632 0
1551417633 0
1551417634 0
1551417635 0
1551417636 0
1551417637 0
1551417638 0
1551417639 0
1551417640 0
1551417641 0
1551417642 0
1551417643 0
1551417644 0
1551417645 0
1551417646 0
1551417647 0
1551417648 0
1551417649 0
1551417650 0
1551417651 0
1551417652 0
1551417653 0
1551417654 0
1551417655 0
1551417656 0
1551417657 0
1551417658 0
1551417659 0
1551417660 0
1551417661 0
1551417662 0
1551417663 0
1551417664 0
1551417665 0
1551417666 0
1551417667 0
1551417668 0
1551417669 0
1551417670 0
1551417671 0
1551417672 0
1551417673 0
1551417674 0
1551417675 0
1551417676 0
1551417677 0
1551417678 0
1551417679 0
1551417680 0
1551417681 0
1551417682 0
1551417683 0
1551417684 0
1551417685 0
1551417686 0
1551417687 0
1551417688 0
1551417689 0
1551417690 0
1551417691 0
1551417692 0
1551417693 0
1551417694 0
1551417695 0
1551417696 0
1551417697 0
1551417698 0
1551417699 0
1551417700 0
1551417701 0
1551417702 0
1551417703 0
1551417704 0
1551417705 0
1551417706 0
1551417707 0
1551417708 0
1551417709 0
1551417710 0
1551417711 0
1551417712 0
1551417713 0
1551417714 0
1551417715 0
1551417716 0
1551417717 0
1551417718 0
1551417719 0
1551417720 0
1551417721 0
1551417722 0
1551417723 0
1551417724 0
1551417725 0
1551417726 0
1551417727 0
1551417728 0
1551417729 0
1551417730 0
1551417731 0
1551417732 0
1551417733 0
1551417734 0
1551417735 0
1551417736 0
1551417737 0
1551417738 0
1551417739 0
1551417740 0
1551417741 0
1551417742 0
1551417743 0
1551417744 0
1551417745 0
1551417746 0
1551417747 0
1551417748 0
1551417749 0
1551417750 0
1551417751 0
1551417752 0
1551417753 0
1551417754 0
1551417755 0
1551417756 0
1551417757 0
1551417758 0
1551417759 0
1551417760 0
1551417761 0
1551417762 0
1551417763 0
1551417764 0
1551417765 0
1551417766 0
1551417767 0
1551417768 0
1551417769 0
1551417770 0
1551417771 0
1551417772 0
1551417773 0
1551417774 0
1551417775 0
1551417776 0
1551417777 0
1551417778 0
1551417779 0
1551417780 0
1551417781 0
1551417782 0
1551417783 0
1551417784 0
1551417785 0
1551417786 0
1551417787 0
1551417788 0
1551417789 0
1551417790 0
1551417791 0
1551417792 0
1551417793 0
1551417794 0
1551417795 0
1551417796 0
1551417797 0
1551417798 0
1551417799 0
1551417800 0
1551417801 0
1551417802 0
1551417803 0
1551417804 0
1551417805 0
1551417806 0
1551417807 0
1551417808 0
1551417809 0
1551417810 0
1551417811 0
1551417812 0
1551417813 0
1551417814 0
1551417815 0
1551417816 0
1551417817 0
1551417818 0
1551417819 0
1551417820 0
1551417821 0
1551417822 0
1551417823 0
1551417824 0
1551417825 0
1551417826 0
1551417827 0
1551417828 0
1551417829 0
1551417830 0
1551417831 0
1551417832 0
1551417833 0
1551417834 0
1551417835 0
1551417836 0
1551417837 0
1551417838 0
1551417839 0
1551417840 0
1551417841 0
1551417842 0
1551417843 0
1551417844 0
1551417845 0
1551417846 0
1551417847 0
1551417848 0
1551417849 0
1551417850 0
1551417851 0
1551417852 0
1551417853 0
1551417854 0
1551417855 0
1551417856 0
1551417857 0
1551417858 0
1551417859 0
1551417860 0
1551417861 0
1551417862 0
1551417863 0
1551417864 0
1551417865 0
1551417866 0
1551417867 0
1551417868 0
1551417869 0
1551417870 0
1551417871 0
1551417872 0
1551417873 0
1551417874 0
1551417875 0
1551417876 0
1551417877 0
1551417878 0
1551417879 0
1551417880 0
1551417881 0
1551417882 0
1551417883 0
1551417884 0
1551417885 0
1551417886 0
1551417887 0
1551417888 0
1551417889 0
1551417890 0
1551417891 0
1551417892 0
1551417893 0
1551417894 0
1551417895 0
1551417896 0
1551417897 0
1551417898 0
1551417899 0
1551417900 0
1551417901 0
1551417902 0
1551417903 0
1551417904 0
1551417905 0
1551417906 0
1551417907 0
1551417908 0
1551417909 0
1551417910 0
1551417911 0
1551417912 0
1551417913 0
1551417914 0
1551417915 0
1551417916 0
1551417917 0
1551417918 0
1551417919 0
1551417920 0
1551417921 0
1551417922 0
1551417923 0
1551417924 0
1551417925 0
1551417926 0
1551417927 0
1551417928 0
1551417929 0
1551417930 0
1551417931 0
1551417932 0
1551417933 0
1551417934 0
1551417935 0
1551417936 0
1551417937 0
1551417938 0
1551417939 0
1551417940 0
1551417941 0
1551417942 0
1551417943 0
1551417944 0
1551417945 0
1551417946 0
1551417947 0
1551417948 0
1551417949 0
1551417950 0
1551417951 0
1551417952 0
1551417953 0
1551417954 0
1551417955 0
1551417956 0
1551417957 0
1551417958 0
1551417959 0
1551417960 0
1551417961 0
1551417962 0
1551417963 0
1551417964 0
1551417965 0
1551417966 0
1551417967 0
1551417968 0
1551417969 0
1551417970 0
1551417971 0
1551417972 0
1551417973 0
1551417974 0
1551417975 0
1551417976 0
1551417977 0
1551417978 0
1551417979 0
1551417980 0
1551417981 0
1551417982 0
1551417983 0
1551417984 0
1551417985 0
1551417986 0
1551417987 0
1551417988 0
1551417989 0
1551417990 0
1551417991 0
1551417992 0
1551417993 0
1551417994 0
1551417995 0
1551417996 0
1551417997 0
1551417998 0
1551417999 0
1551418000 0
1551418001 0
1551418002 0
1551418003 0
1551418004 0
1551418005 0
1551418006 0
1551418007 0
1551418008 0
1551418009 0
1551418010 0
1551418011 0
1551418012 0
1551418013 0
1551418014 0
1551418015 0
1551418016 0
1551418017 0
1551418018 0
1551418019 0
1551418020 0
1551418021 0
1551418022 0
1551418023 0
1551418024 0
1551418025 0
1551418026 0
1551418027 0
1551418028 0
1551418029 0
1551418030 0
1551418031 0
1551418032 0
1551418033 0
1551418034 0
1551418035 0
1551418036 0
1551418037 0
1551418038 0
1551418039 0
1551418040 0
1551418041 0
1551418042 0
1551418043 0
1551418044 0
1551418045 0
1551418046 0
1551418047 0
1551418048 0
1551418049 0
1551418050 0
1551418051 0
1551418052 0
1551418053 0
1551418054 0
1551418055 0
1551418056 0
1551418057 0
1551418058 0
1551418059 0
1551418060 0
1551418061 0
1551418062 0
1551418063 0
1551418064 0
1551418065 0
1551418066 0
1551418067 0
1551418068 0
1551418069 0
1551418070 0
1551418071 0
1551418072 0
1551418073 0
1551418074 0
1551418075 0
1551418076 0
1551418077 0
1551418078 0
1551418079 0
1551418080 0
1551418081 0
1551418082 0
1551418083 0
1551418084 0
1551418085 0
1551418086 0
1551418087 0
1551418088 0
1551418089 0
1551418090 0
1551418091 0
1551418092 0
1551418093 0
1551418094 0
1551418095 0
1551418096 0
1551418097 0
1551418098 0
1551418099 0
1551418100 0
1551418101 0
1551418102 0
1551418103 0
1551418104 0
1551418105 0
1551418106 0
1551418107 0
1551418108 0
1551418109 0
1551418110 0
1551418111 0
1551418112 0
1551418113 0
1551418114 0
1551418115 0
1551418116 0
1551418117 0
1551418118 0
1551418119 0
1551418120 0
1551418121 0
1551418122 0
1551418123 0
1551418124 0
1551418125 0
1551418126 0
1551418127 0
1551418128 0
1551418129 0
1551418130 0
1551418131 0
1551418132 0
1551418133 0
1551418134 0
1551418135 0
1551418136 0
1551418137 0
1551418138 0
1551418139 0
1551418140 0
1551418141 0
1551418142 0
1551418143 0
1551418144 0
1551418145 0
1551418146 0
1551418147 0
1551418148 0
1551418149 0
1551418150 0
1551418151 0
1551418152 0
1551418153 0
1551418154 0
1551418155 0
1551418156 0
1551418157 0
1551418158 0
1551418159 0
1551418160 0
1551418161 0
1551418162 0
1551418163 0
1551418164 0
1551418165 0
1551418166 0
1551418167 0
1551418168 0
1551418169 0
1551418170 0
1551418171 0
1551418172 0
1551418173 0
1551418174 0
1551418175 0
1551418176 0
1551418177 0
1551418178 0
1551418179 0
1551418180 0
1551418181 0
1551418182 0
1551418183 0
1551418184 0
1551418185 0
1551418186 0
1551418187 0
1551418188 0
1551418189 0
1551418190 0
1551418191 0
1551418192 0
1551418193 0
1551418194 0
1551418195 0
1551418196 0
1551418197 0
1551418198 0
1551418199 0
1551418200 0
1551418201 0
1551418202 0
1551418203 0
1551418204 0
1551418205 0
1551418206 0
1551418207 0
1551418208 0
1551418209 0
1551418210 0
1551418211 0
1551418212 0
1551418213 0
1551418214 0
1551418215 0
1551418216 0
1551418217 0
1551418218 0
1551418219 0
1551418220 0
1551418221 0
1551418222 0
1551418223 0
1551418224 0
1551418225 0
1551418226 0
1551418227 0
1551418228 0
1551418229 0
1551418230 0
1551418231 0
1551418232 0
1551418233 0
1551418234 0
1551418235 0
1551418236 0
1551418237 0
1551418238 0
1551418239 0
1551418240 0
1551418241 0
1551418242 0
1551418243 0
1551418244 0
1551418245 0
1551418246 0
1551418247 0
1551418248 0
1551418249 0
1551418250 0
1551418251 0
1551418252 0
1551418253 0
1551418254 0
1551418255 0
1551418256 0
1551418257 0
1551418258 0
1551418259 0
1551418260 0
1551418261 0
1551418262 0
1551418263 0
1551418264 0
1551418265 0
1551418266 0
1551418267 0
1551418268 0
1551418269 0
1551418270 0
1551418271 0
1551418272 0
1551418273 0
1551418274 0
1551418275 0
1551418276 0
1551418277 0
1551418278 0
1551418279 0
1551418280 0
1551418281 0
1551418282 0
1551418283 0
1551418284 0
1551418285 0
1551418286 0
1551418287 0
1551418288 0
1551418289 0
1551418290 0
1551418291 0
1551418292 0
1551418293 0
1551418294 0
1551418295 0
1551418296 0
1551418297 0
1551418298 0
1551418299 0
1551418300 0
1551418301 0
1551418302 0
1551418303 0
1551418304 0
1551418305 0
1551418306 0
1551418307 0
1551418308 0
1551418309 0
1551418310 0
1551418311 0
1551418312 0
1551418313 0
1551418314 0
1551418315 0
1551418316 0
1551418317 0
1551418318 0
1551418319 0
1551418320 0
1551418321 0
1551418322 0
1551418323 0
1551418324 0
1551418325 0
1551418326 0
1551418327 0
1551418328 0
1551418329 0
1551418330 0
1551418331 0
1551418332 0
1551418333 0
1551418334 0
1551418335 0
1551418336 0
1551418337 0
1551418338 0
1551418339 0
1551418340 0
1551418341 0
1551418342 0
1551418343 0
1551418344 0
1551418345 0
1551418346 0
1551418347 0
1551418348 0
1551418349 0
1551418350 0
1551418351 0
1551418352 0
1551418353 0
1551418354 0
1551418355 0
1551418356 0
1551418357 0
1551418358 0
1551418359 0
1551418360 0
1551418361 0
1551418362 0
1551418363 0
1551418364 0
1551418365 0
1551418366 0
1551418367 0
1551418368 0
1551418369 0
1551418370 0
1551418371 0
1551418372 0
1551418373 0
1551418374 0
1551418375 0
1551418376 0
1551418377 0
1551418378 0
1551418379 0
1551418380 0
1551418381 0
1551418382 0
1551418383 0
1551418384 0
1551418385 0
1551418386 0
1551418387 0
1551418388 0
1551418389 0
1551418390 0
1551418391 0
1551418392 0
1551418393 0
1551418394 0
1551418395 0
1551418396 0
1551418397 0
1551418398 0
1551418399 0
1551418400 0
1551418401 0
1551418402 0
1551418403 0
1551418404 0
1551418405 0
1551418406 0
1551418407 0
1551418408 0
1551418409 0
1551418410 0
1551418411 0
1551418412 0
1551418413 0
1551418414 0
1551418415 0
1551418416 0
1551418417 0
1551418418 0
1551418419 0
1551418420 0
1551418421 0
1551418422 0
1551418423 0
1551418424 0
1551418425 0
1551418426 0
1551418427 0
1551418428 0
1551418429 0
1551418430 0
1551418431 0
1551418432 0
1551418433 0
1551418434 0
1551418435 0
1551418436 0
1551418437 0
1551418438 0
1551418439 0
1551418440 0
1551418441 0
1551418442 0
1551418443 0
1551418444 0
1551418445 0
1551418446 0
1551418447 0
1551418448 0
1551418449 0
1551418450 0
1551418451 0
1551418452 0
1551418453 0
1551418454 0
1551418455 0
1551418456 0
1551418457 0
1551418458 0
1551418459 0
1551418460 0
1551418461 0
1551418462 0
1551418463 0
1551418464 0
1551418465 0
1551418466 0
1551418467 0
1551418468 0
1551418469 0
1551418470 0
1551418471 0
1551418472 0
1551418473 0
1551418474 0
1551418475 0
1551418476 0
1551418477 0
1551418478 0
1551418479 0
1551418480 0
1551418481 0
1551418482 0
1551418483 0
1551418484 0
1551418485 0
1551418486 0
1551418487 0
1551418488 0
1551418489 0
1551418490 0
1551418491 0
1551418492 0
1551418493 0
1551418494 0
1551418495 0
1551418496 0
1551418497 0
1551418498 0
1551418499 0
1551418500 0
1551418501 0
1551418502 0
1551418503 0
1551418504 0
1551418505 0
1551418506 0
1551418507 0
1551418508 0
1551418509 0
1551418510 0
1551418511 0
1551418512 0
1551418513 0
1551418514 0
1551418515 0
1551418516 0
1551418517 0
1551418518 0
1551418519 0
1551418520 0
1551418521 0
1551418522 0
1551418523 0
1551418524 0
1551418525 0
1551418526 0
1551418527 0
1551418528 0
1551418529 0
1551418530 0
1551418531 0
1551418532 0
1551418533 0
1551418534 0
1551418535 0
1551418536 0
1551418537 0
1551418538 0
1551418539 0
1551418540 0
1551418541 0
1551418542 0
1551418543 0
1551418544 0
1551418545 0
1551418546 0
1551418547 0
1551418548 0
1551418549 0
1551418550 0
1551418551 0
1551418552 0
1551418553 0
1551418554 0
1551418555 0
1551418556 0
1551418557 0
1551418558 0
1551418559 0
1551418560 0
1551418561 0
1551418562 0
1551418563 0
1551418564 0
1551418565 0
1551418566 0
1551418567 0
1551418568 0
1551418569 0
1551418570 0
1551418571 0
1551418572 0
1551418573 0
1551418574 0
1551418575 0
1551418576 0
1551418577 0
1551418578 0
1551418579 0
1551418580 0
1551418581 0
1551418582 0
1551418583 0
1551418584 0
1551418585 0
1551418586 0
1551418587 0
1551418588 0
1551418589 0
1551418590 0
1551418591 0
1551418592 0
1551418593 0
1551418594 0
1551418595 0
1551418596 0
1551418597 0
1551418598 0
1551418599 0
1551418600 0
1551418601 0
1551418602 0
1551418603 0
1551418604 0
1551418605 0
1551418606 0
1551418607 0
1551418608 0
1551418609 0
1551418610 0
1551418611 0
1551418612 0
1551418613 0
1551418614 0
1551418615 0
1551418616 0
1551418617 0
1551418618 0
1551418619 0
1551418620 0
1551418621 0
1551418622 0
1551418623 0
1551418624 0
1551418625 0
1551418626 0
1551418627 0
1551418628 0
1551418629 0
1551418630 0
1551418631 0
1551418632 0
1551418633 0
1551418634 0
1551418635 0
1551418636 0
1551418637 0
1551418638 0
1551418639 0
1551418640 0
1551418641 0
1551418642 0
1551418643 0
1551418644 0
1551418645 0
1551418646 0
1551418647 0
1551418648 0
1551418649 0
1551418650 0
1551418651 0
1551418652 0
1551418653 0
1551418654 0
1551418655 0
1551418656 0
1551418657 0
1551418658 0
1551418659 0
1551418660 0
1551418661 0
1551418662 0
1551418663 0
1551418664 0
1551418665 0
1551418666 0
1551418667 0
1551418668 0
1551418669 0
1551418670 0
1551418671 0
1551418672 0
1551418673 0
1551418674 0
1551418675 0
1551418676 0
1551418677 0
1551418678 0
1551418679 0
1551418680 0
1551418681 0
1551418682 0
1551418683 0
1551418684 0
1551418685 0
1551418686 0
1551418687 0
1551418688 0
1551418689 0
1551418690 0
1551418691 0
1551418692 0
1551418693 0
1551418694 0
1551418695 0
1551418696 0
1551418697 0
1551418698 0
1551418699 0
1551418700 0
1551418701 0
1551418702 0
1551418703 0
1551418704 0
1551418705 0
1551418706 0
1551418707 0
1551418708 0
1551418709 0
1551418710 0
1551418711 0
1551418712 0
1551418713 0
1551418714 0
1551418715 0
1551418716 0
1551418717 0
1551418718 0
1551418719 0
1551418720 0
1551418721 0
1551418722 0
1551418723 0
1551418724 0
1551418725 0
1551418726 0
1551418727 0
1551418728 0
1551418729 0
1551418730 0
1551418731 0
1551418732 0
1551418733 0
1551418734 0
1551418735 0
1551418736 0
1551418737 0
1551418738 0
1551418739 0
1551418740 0
1551418741 0
1551418742 0
1551418743 0
1551418744 0
1551418745 0
1551418746 0
1551418747 0
1551418748 0
1551418749 0
1551418750 0
1551418751 0
1551418752 0
1551418753 0
1551418754 0
1551418755 0
1551418756 0
1551418757 0
1551418758 0
1551418759 0
1551418760 0
1551418761 0
1551418762 0
1551418763 0
1551418764 0
1551418765 0
1551418766 0
1551418767 0
1551418768 0
1551418769 0
1551418770 0
1551418771 0
1551418772 0
1551418773 0
1551418774 0
1551418775 0
1551418776 0
1551418777 0
1551418778 0
1551418779 0
1551418780 0
1551418781 0
1551418782 0
1551418783 0
1551418784 0
1551418785 0
1551418786 0
1551418787 0
1551418788 0
1551418789 0
1551418790 0
1551418791 0
1551418792 0
1551418793 0
1551418794 0
1551418795 0
1551418796 0
1551418797 0
1551418798 0
1551418799 0
1551418800 0
1551418801 0
1551418802 0
1551418803 0
1551418804 0
1551418805 0
1551418806 0
1551418807 0
1551418808 0
1551418809 0
1551418810 0
1551418811 0
1551418812 0
1551418813 0
1551418814 0
1551418815 0
1551418816 0
1551418817 0
1551418818 0
1551418819 0
1551418820 0
1551418821 0
1551418822 0
1551418823 0
1551418824 0
1551418825 0
1551418826 0
1551418827 0
1551418828 0
1551418829 0
1551418830 0
1551418831 0
1551418832 0
1551418833 0
1551418834 0
1551418835 0
1551418836 0
1551418837 0
1551418838 0
1551418839 0
1551418840 0
1551418841 0
1551418842 0
1551418843 0
1551418844 0
1551418845 0
1551418846 0
1551418847 0
1551418848 0
1551418849 0
1551418850 0
1551418851 0
1551418852 0
1551418853 0
1551418854 0
1551418855 0
1551418856 0
1551418857 0
1551418858 0
1551418859 0
1551418860 0
1551418861 0
1551418862 0
1551418863 0
1551418864 0
1551418865 0
1551418866 0
1551418867 0
1551418868 0
1551418869 0
1551418870 0
1551418871 0
1551418872 0
1551418873 0
1551418874 0
1551418875 0
1551418876 0
1551418877 0
1551418878 0
1551418879 0
1551418880 0
1551418881 0
1551418882 0
1551418883 0
1551418884 0
1551418885 0
1551418886 0
1551418887 0
1551418888 0
1551418889 0
1551418890 0
1551418891 0
1551418892 0
1551418893 0
1551418894 0
1551418895 0
1551418896 0
1551418897 0
1551418898 0
1551418899 0
1551418900 0
1551418901 0
1551418902 0
1551418903 0
1551418904 0
1551418905 0
1551418906 0
1551418907 0
1551418908 0
1551418909 0
1551418910 0
1551418911 0
1551418912 0
1551418913 0
1551418914 0
1551418915 0
1551418916 0
1551418917 0
1551418918 0
1551418919 0
1551418920 0
1551418921 0
1551418922 0
1551418923 0
1551418924 0
1551418925 0
1551418926 0
1551418927 0
1551418928 0
1551418929 0
1551418930 0
1551418931 0
1551418932 0
1551418933 0
1551418934 0
1551418935 0
1551418936 0
1551418937 0
1551418938 0
1551418939 0
1551418940 0
1551418941 0
1551418942 0
1551418943 0
1551418944 0
1551418945 0
1551418946 0
1551418947 0
1551418948 0
1551418949 0
1551418950 0
1551418951 0
1551418952 0
1551418953 0
1551418954 0
1551418955 0
1551418956 0
1551418957 0
1551418958 0
1551418959 0
1551418960 0
1551418961 0
1551418962 0
1551418963 0
1551418964 0
1551418965 0
1551418966 0
1551418967 0
1551418968 0
1551418969 0
1551418970 0
1551418971 0
1551418972 0
1551418973 0
1551418974 0
1551418975 0
1551418976 0
1551418977 0
1551418978 0
1551418979 0
1551418980 0
1551418981 0
1551418982 0
1551418983 0
1551418984 0
1551418985 0
1551418986 0
1551418987 0
1551418988 0
1551418989 0
1551418990 0
1551418991 0
1551418992 0
1551418993 0
1551418994 0
1551418995 0
1551418996 0
1551418997 0
1551418998 0
1551418999 0
1551419000 0
1551419001 0
1551419002 0
1551419003 0
1551419004 0
1551419005 0
1551419006 0
1551419007 0
1551419008 0
1551419009 0
1551419010 0
1551419011 0
1551419012 0
1551419013 0
1551419014 0
1551419015 0
1551419016 0
1551419017 0
1551419018 0
1551419019 0
1551419020 0
1551419021 0
1551419022 0
1551419023 0
1551419024 0
1551419025 0
1551419026 0
1551419027 0
1551419028 0
1551419029 0
1551419030 0
1551419031 0
1551419032 0
1551419033 0
1551419034 0
1551419035 0
1551419036 0
1551419037 0
1551419038 0
1551419039 0
1551419040 0
1551419041 0
1551419042 0
1551419043 0
1551419044 0
1551419045 0
1551419046 0
1551419047 0
1551419048 0
1551419049 0
1551419050 0
1551419051 0
1551419052 0
1551419053 0
1551419054 0
1551419055 0
1551419056 0
1551419057 0
1551419058 0
1551419059 0
1551419060 0
1551419061 0
1551419062 0
1551419063 0
1551419064 0
1551419065 0
1551419066 0
1551419067 0
1551419068 0
1551419069 0
1551419070 0
1551419071 0
1551419072 0
1551419073 0
1551419074 0
1551419075 0
1551419076 0
1551419077 0
1551419078 0
1551419079 0
1551419080 0
1551419081 0
1551419082 0
1551419083 0
1551419084 0
1551419085 0
1551419086 0
1551419087 0
1551419088 0
1551419089 0
1551419090 0
1551419091 0
1551419092 0
1551419093 0
1551419094 0
1551419095 0
1551419096 0
1551419097 0
1551419098 0
1551419099 0
1551419100 0
1551419101 0
1551419102 0
1551419103 0
1551419104 0
1551419105 0
1551419106 0
1551419107 0
1551419108 0
1551419109 0
1551419110 0
1551419111 0
1551419112 0
1551419113 0
1551419114 0
1551419115 0
1551419116 0
1551419117 0
1551419118 0
1551419119 0
1551419120 0
1551419121 0
1551419122 0
1551419123 0
1551419124 0
1551419125 0
1551419126 0
1551419127 0
1551419128 0
1551419129 0
1551419130 0
1551419131 0
1551419132 0
1551419133 0
1551419134 0
1551419135 0
1551419136 0
1551419137 0
1551419138 0
1551419139 0
1551419140 0
1551419141 0
1551419142 0
1551419143 0
1551419144 0
1551419145 0
1551419146 0
1551419147 0
1551419148 0
1551419149 0
1551419150 0
1551419151 0
1551419152 0
1551419153 0
1551419154 0
1551419155 0
1551419156 0
1551419157 0
1551419158 0
1551419159 0
1551419160 0
1551419161 0
1551419162 0
1551419163 0
1551419164 0
1551419165 0
1551419166 0
1551419167 0
1551419168 0
1551419169 0
1551419170 0
1551419171 0
1551419172 0
1551419173 0
1551419174 0
1551419175 0
1551419176 0
1551419177 0
1551419178 0
1551419179 0
1551419180 0
1551419181 0
1551419182 0
1551419183 0
1551419184 0
1551419185 0
1551419186 0
1551419187 0
1551419188 0
1551419189 0
1551419190 0
1551419191 0
1551419192 0
1551419193 0
1551419194 0
1551419195 0
1551419196 0
1551419197 0
1551419198 0
1551419199 0
1551419200 0
1551419201 0
1551419202 0
1551419203 0
1551419204 0
1551419205 0
1551419206 0
1551419207 0
1551419208 0
1551419209 0
1551419210 0
1551419211 0
1551419212 0
1551419213 0
1551419214 0
1551419215 0
1551419216 0
1551419217 0
1551419218 0
1551419219 0
1551419220 0
1551419221 0
1551419222 0
1551419223 0
1551419224 0
1551419225 0
1551419226 0
1551419227 0
1551419228 0
1551419229 0
1551419230 0
1551419231 0
1551419232 0
1551419233 0
1551419234 0
1551419235 0
1551419236 0
1551419237 0
1551419238 0
1551419239 0
1551419240 0
1551419241 0
1551419242 0
1551419243 0
1551419244 0
1551419245 0
1551419246 0
1551419247 0
1551419248 0
1551419249 0
1551419250 0
1551419251 0
1551419252 0
1551419253 0
1551419254 0
1551419255 0
1551419256 0
1551419257 0
1551419258 0
1551419259 0
1551419260 0
1551419261 0
1551419262 0
1551419263 0
1551419264 0
1551419265 0
1551419266 0
1551419267 0
1551419268 0
1551419269 0
1551419270 0
1551419271 0
1551419272 0
1551419273 0
1551419274 0
1551419275 0
1551419276 0
1551419277 0
1551419278 0
1551419279 0
1551419280 0
1551419281 0
1551419282 0
1551419283 0
1551419284 0
1551419285 0
1551419286 0
1551419287 0
1551419288 0
1551419289 0
1551419290 0
1551419291 0
1551419292 0
1551419293 0
1551419294 0
1551419295 0
1551419296 0
1551419297 0
1551419298 0
1551419299 0
1551419300 0
1551419301 0
1551419302 0
1551419303 0
1551419304 0
1551419305 0
1551419306 0
1551419307 0
1551419308 0
1551419309 0
1551419310 0
1551419311 0
1551419312 0
1551419313 0
1551419314 0
1551419315 0
1551419316 0
1551419317 0
1551419318 0
1551419319 0
1551419320 0
1551419321 0
1551419322 0
1551419323 0
1551419324 0
1551419325 0
1551419326 0
1551419327 0
1551419328 0
1551419329 0
1551419330 0
1551419331 0
1551419332 0
1551419333 0
1551419334 0
1551419335 0
1551419336 0
1551419337 0
1551419338 0
1551419339 0
1551419340 0
1551419341 0
1551419342 0
1551419343 0
1551419344 0
1551419345 0
1551419346 0
1551419347 0
1551419348 0
1551419349 0
1551419350 0
1551419351 0
1551419352 0
1551419353 0
1551419354 0
1551419355 0
1551419356 0
1551419357 0
1551419358 0
1551419359 0
1551419360 0
1551419361 0
1551419362 0
1551419363 0
1551419364 0
1551419365 0
1551419366 0
1551419367 0
1551419368 0
1551419369 0
1551419370 0
1551419371 0
1551419372 0
1551419373 0
1551419374 0
1551419375 0
1551419376 0
1551419377 0
1551419378 0
1551419379 0
1551419380 0
1551419381 0
1551419382 0
1551419383 0
1551419384 0
1551419385 0
1551419386 0
1551419387 0
1551419388 0
1551419389 0
1551419390 0
1551419391 0
1551419392 0
1551419393 0
1551419394 0
1551419395 0
1551419396 0
1551419397 0
1551419398 0
1551419399 0
1551419400 0
1551419401 0
1551419402 0
1551419403 0
1551419404 0
1551419405 0
1551419406 0
1551419407 0
1551419408 0
1551419409 0
1551419410 0
1551419411 0
1551419412 0
1551419413 0
1551419414 0
1551419415 0
1551419416 0
1551419417 0
1551419418 0
1551419419 0
1551419420 0
1551419421 0
1551419422 0
1551419423 0
1551419424 0
1551419425 0
1551419426 0
1551419427 0
1551419428 0
1551419429 0
1551419430 0
1551419431 0
1551419432 0
1551419433 0
1551419434 0
1551419435 0
1551419436 0
1551419437 0
1551419438 0
1551419439 0
1551419440 0
1551419441 0
1551419442 0
1551419443 0
1551419444 0
1551419445 0
1551419446 0
1551419447 0
1551419448 0
1551419449 0
1551419450 0
1551419451 0
1551419452 0
1551419453 0
1551419454 0
1551419455 0
1551419456 0
1551419457 0
1551419458 0
1551419459 0
1551419460 0
1551419461 0
1551419462 0
1551419463 0
1551419464 0
1551419465 0
1551419466 0
1551419467 0
1551419468 0
1551419469 0
1551419470 0
1551419471 0
1551419472 0
1551419473 0
1551419474 0
1551419475 0
1551419476 0
1551419477 0
1551419478 0
1551419479 0
1551419480 0
1551419481 0
1551419482 0
1551419483 0
1551419484 0
1551419485 0
1551419486 0
1551419487 0
1551419488 0
1551419489 0
1551419490 0
1551419491 0
1551419492 0
1551419493 0
1551419494 0
1551419495 0
1551419496 0
1551419497 0
1551419498 0
1551419499 0
1551419500 0
1551419501 0
1551419502 0
1551419503 0
1551419504 0
1551419505 0
1551419506 0
1551419507 0
1551419508 0
1551419509 0
1551419510 0
1551419511 0
1551419512 0
1551419513 0
1551419514 0
1551419515 0
1551419516 0
1551419517 0
1551419518 0
1551419519 0
1551419520 0
1551419521 0
1551419522 0
1551419523 0
1551419524 0
1551419525 0
1551419526 0
1551419527 0
1551419528 0
1551419529 0
1551419530 0
1551419531 0
1551419532 0
1551419533 0
1551419534 0
1551419535 0
1551419536 0
1551419537 0
1551419538 0
1551419539 0
1551419540 0
1551419541 0
1551419542 0
1551419543 0
1551419544 0
1551419545 0
1551419546 0
1551419547 0
1551419548 0
1551419549 0
1551419550 0
1551419551 0
1551419552 0
1551419553 0
1551419554 0
1551419555 0
1551419556 0
1551419557 0
1551419558 0
1551419559 0
1551419560 0
1551419561 0
1551419562 0
1551419563 0
1551419564 0
1551419565 0
1551419566 0
1551419567 0
1551419568 0
1551419569 0
1551419570 0
1551419571 0
1551419572 0
1551419573 0
1551419574 0
1551419575 0
1551419576 0
1551419577 0
1551419578 0
1551419579 0
1551419580 0
1551419581 0
1551419582 0
1551419583 0
1551419584 0
1551419585 0
1551419586 0
1551419587 0
1551419588 0
1551419589 0
1551419590 0
1551419591 0
1551419592 0
1551419593 0
1551419594 0
1551419595 0
1551419596 0
1551419597 0
1551419598 0
1551419599 0
1551419600 0
1551419601 0
1551419602 0
1551419603 0
1551419604 0
1551419605 0
1551419606 0
1551419607 0
1551419608 0
1551419609 0
1551419610 0
1551419611 0
1551419612 0
1551419613 0
1551419614 0
1551419615 0
1551419616 0
1551419617 0
1551419618 0
1551419619 0
1551419620 0
1551419621 0
1551419622 0
1551419623 0
1551419624 0
1551419625 0
1551419626 0
1551419627 0
1551419628 0
1551419629 0
1551419630 0
1551419631 0
1551419632 0
1551419633 0
1551419634 0
1551419635 0
1551419636 0
1551419637 0
1551419638 0
1551419639 0
1551419640 0
1551419641 0
1551419642 0
1551419643 0
1551419644 0
1551419645 0
1551419646 0
1551419647 0
1551419648 0
1551419649 0
1551419650 0
1551419651 0
1551419652 0
1551419653 0
1551419654 0
1551419655 0
1551419656 0
1551419657 0
1551419658 0
1551419659 0
1551419660 0
1551419661 0
1551419662 0
1551419663 0
1551419664 0
1551419665 0
1551419666 0
1551419667 0
1551419668 0
1551419669 0
1551419670 0
1551419671 0
1551419672 0
1551419673 0
1551419674 0
1551419675 0
1551419676 0
1551419677 0
1551419678 0
1551419679 0
1551419680 0
1551419681 0
1551419682 0
1551419683 0
1551419684 0
1551419685 0
1551419686 0
1551419687 0
1551419688 0
1551419689 0
1551419690 0
1551419691 0
1551419692 0
1551419693 0
1551419694 0
1551419695 0
1551419696 0
1551419697 0
1551419698 0
1551419699 0
1551419700 0
1551419701 0
1551419702 0
1551419703 0
1551419704 0
1551419705 0
1551419706 0
1551419707 0
1551419708 0
1551419709 0
1551419710 0
1551419711 0
1551419712 0
1551419713 0
1551419714 0
1551419715 0
1551419716 0
1551419717 0
1551419718 0
1551419719 0
1551419720 0
1551419721 0
1551419722 0
1551419723 0
1551419724 0
1551419725 0
1551419726 0
1551419727 0
1551419728 0
1551419729 0
1551419730 0
1551419731 0
1551419732 0
1551419733 0
1551419734 0
1551419735 0
1551419736 0
1551419737 0
1551419738 0
1551419739 0
1551419740 0
1551419741 0
1551419742 0
1551419743 0
1551419744 0
1551419745 0
1551419746 0
1551419747 0
1551419748 0
1551419749 0
1551419750 0
1551419751 0
1551419752 0
1551419753 0
1551419754 0
1551419755 0
1551419756 0
1551419757 0
1551419758 0
1551419759 0
1551419760 0
1551419761 0
1551419762 0
1551419763 0
1551419764 0
1551419765 0
1551419766 0
1551419767 0
1551419768 0
1551419769 0
1551419770 0
1551419771 0
1551419772 0
1551419773 0
1551419774 0
1551419775 0
1551419776 0
1551419777 0
1551419778 0
1551419779 0
1551419780 0
1551419781 0
1551419782 0
1551419783 0
1551419784 0
1551419785 0
1551419786 0
1551419787 0
1551419788 0
1551419789 0
1551419790 0
1551419791 0
1551419792 0
1551419793 0
1551419794 0
1551419795 0
1551419796 0
1551419797 0
1551419798 0
1551419799 0
1551419800 0
1551419801 0
1551419802 0
1551419803 0
1551419804 0
1551419805 0
1551419806 0
1551419807 0
1551419808 0
1551419809 0
1551419810 0
1551419811 0
1551419812 0
1551419813 0
1551419814 0
1551419815 0
1551419816 0
1551419817 0
1551419818 0
1551419819 0
1551419820 0
1551419821 0
1551419822 0
1551419823 0
1551419824 0
1551419825 0
1551419826 0
1551419827 0
1551419828 0
1551419829 0
1551419830 0
1551419831 0
1551419832 0
1551419833 0
1551419834 0
1551419835 0
1551419836 0
1551419837 0
1551419838 0
1551419839 0
1551419840 0
1551419841 0
1551419842 0
1551419843 0
1551419844 0
1551419845 0
1551419846 0
1551419847 0
1551419848 0
1551419849 0
1551419850 0
1551419851 0
1551419852 0
1551419853 0
1551419854 0
1551419855 0
1551419856 0
1551419857 0
1551419858 0
1551419859 0
1551419860 0
1551419861 0
1551419862 0
1551419863 0
1551419864 0
1551419865 0
1551419866 0
1551419867 0
1551419868 0
1551419869 0
1551419870 0
1551419871 0
1551419872 0
1551419873 0
1551419874 0
1551419875 0
1551419876 0
1551419877 0
1551419878 0
1551419879 0
1551419880 0
1551419881 0
1551419882 0
1551419883 0
1551419884 0
1551419885 0
1551419886 0
1551419887 0
1551419888 0
1551419889 0
1551419890 0
1551419891 0
1551419892 0
1551419893 0
1551419894 0
1551419895 0
1551419896 0
1551419897 0
1551419898 0
1551419899 0
1551419900 0
1551419901 0
1551419902 0
1551419903 0
1551419904 0
1551419905 0
1551419906 0
1551419907 0
1551419908 0
1551419909 0
1551419910 0
1551419911 0
1551419912 0
1551419913 0
1551419914 0
1551419915 0
1551419916 0
1551419917 0
1551419918 0
1551419919 0
1551419920 0
1551419921 0
1551419922 0
1551419923 0
1551419924 0
1551419925 0
1551419926 0
1551419927 0
1551419928 0
1551419929 0
1551419930 0
1551419931 0
1551419932 0
1551419933 0
1551419934 0
1551419935 0
1551419936 0
1551419937 0
1551419938 0
1551419939 0
1551419940 0
1551419941 0
1551419942 0
1551419943 0
1551419944 0
1551419945 0
1551419946 0
1551419947 0
1551419948 0
1551419949 0
1551419950 0
1551419951 0
1551419952 0
1551419953 0
1551419954 0
1551419955 0
1551419956 0
1551419957 0
1551419958 0
1551419959 0
1551419960 0
1551419961 0
1551419962 0
1551419963 0
1551419964 0
1551419965 0
1551419966 0
1551419967 0
1551419968 0
1551419969 0
1551419970 0
1551419971 0
1551419972 0
1551419973 0
1551419974 0
1551419975 0
1551419976 0
1551419977 0
1551419978 0
1551419979 0
1551419980 0
1551419981 0
1551419982 0
1551419983 0
1551419984 0
1551419985 0
1551419986 0
1551419987 0
1551419988 0
1551419989 0
1551419990 0
1551419991 0
1551419992 0
1551419993 0
1551419994 0
1551419995 0
1551419996 0
1551419997 0
1551419998 0
1551419999 0
1551420000 0
1551420001 0
1551420002 0
1551420003 0
1551420004 0
1551420005 0
1551420006 0
1551420007 0
1551420008 0
1551420009 0
1551420010 0
1551420011 0
1551420012 0
1551420013 0
1551420014 0
1551420015 0
1551420016 0
1551420017 0
1551420018 0
1551420019 0
1551420020 0
1551420021 0
1551420022 0
1551420023 0
1551420024 0
1551420025 0
1551420026 0
1551420027 0
1551420028 0
1551420029 0
1551420030 0
1551420031 0
1551420032 0
1551420033 0
1551420034 0
1551420035 0
1551420036 0
1551420037 0
1551420038 0
1551420039 0
1551420040 0
1551420041 0
1551420042 0
1551420043 0
1551420044 0
1551420045 0
1551420046 0
1551420047 0
1551420048 0
1551420049 0
1551420050 0
1551420051 0
1551420052 0
1551420053 0
1551420054 0
1551420055 0
1551420056 0
1551420057 0
1551420058 0
1551420059 0
1551420060 0
1551420061 0
1551420062 0
1551420063 0
1551420064 0
1551420065 0
1551420066 0
1551420067 0
1551420068 0
1551420069 0
1551420070 0
1551420071 0
1551420072 0
1551420073 0
1551420074 0
1551420075 0
1551420076 0
1551420077 0
1551420078 0
1551420079 0
1551420080 0
1551420081 0
1551420082 0
1551420083 0
1551420084 0
1551420085 0
1551420086 0
1551420087 0
1551420088 0
1551420089 0
1551420090 0
1551420091 0
1551420092 0
1551420093 0
1551420094 0
1551420095 0
1551420096 0
1551420097 0
1551420098 0
1551420099 0
1551420100 0
1551420101 0
1551420102 0
1551420103 0
1551420104 0
1551420105 0
1551420106 0
1551420107 0
1551420108 0
1551420109 0
1551420110 0
1551420111 0
1551420112 0
1551420113 0
1551420114 0
1551420115 0
1551420116 0
1551420117 0
1551420118 0
1551420119 0
1551420120 0
1551420121 0
1551420122 0
1551420123 0
1551420124 0
1551420125 0
1551420126 0
1551420127 0
1551420128 0
1551420129 0
1551420130 0
1551420131 0
1551420132 0
1551420133 0
1551420134 0
1551420135 0
1551420136 0
1551420137 0
1551420138 0
1551420139 0
1551420140 0
1551420141 0
1551420142 0
1551420143 0
1551420144 0
1551420145 0
1551420146 0
1551420147 0
1551420148 0
1551420149 0
1551420150 0
1551420151 0
1551420152 0
1551420153 0
1551420154 0
1551420155 0
1551420156 0
1551420157 0
1551420158 0
1551420159 0
1551420160 0
1551420161 0
1551420162 0
1551420163 0
1551420164 0
1551420165 0
1551420166 0
1551420167 0
1551420168 0
1551420169 0
1551420170 0
1551420171 0
1551420172 0
1551420173 0
1551420174 0
1551420175 0
1551420176 0
1551420177 0
1551420178 0
1551420179 0
1551420180 0
1551420181 0
1551420182 0
1551420183 0
1551420184 0
1551420185 0
1551420186 0
1551420187 0
1551420188 0
1551420189 0
1551420190 0
1551420191 0
1551420192 0
1551420193 0
1551420194 0
1551420195 0
1551420196 0
1551420197 0
1551420198 0
1551420199 0
1551420200 0
1551420201 0
1551420202 0
1551420203 0
1551420204 0
1551420205 0
1551420206 0
1551420207 0
1551420208 0
1551420209 0
1551420210 0
1551420211 0
1551420212 0
1551420213 0
1551420214 0
1551420215 0
1551420216 0
1551420217 0
1551420218 0
1551420219 0
1551420220 0
1551420221 0
1551420222 0
1551420223 0
1551420224 0
1551420225 0
1551420226 0
1551420227 0
1551420228 0
1551420229 0
1551420230 0
1551420231 0
1551420232 0
1551420233 0
1551420234 0
1551420235 0
1551420236 0
1551420237 0
1551420238 0
1551420239 0
1551420240 0
1551420241 0
1551420242 0
1551420243 0
1551420244 0
1551420245 0
1551420246 0
1551420247 0
1551420248 0
1551420249 0
1551420250 0
1551420251 0
1551420252 0
1551420253 0
1551420254 0
1551420255 0
1551420256 0
1551420257 0
1551420258 0
1551420259 0
1551420260 0
1551420261 0
1551420262 0
1551420263 0
1551420264 0
1551420265 0
1551420266 0
1551420267 0
1551420268 0
1551420269 0
1551420270 0
1551420271 0
1551420272 0
1551420273 0
1551420274 0
1551420275 0
1551420276 0
1551420277 0
1551420278 0
1551420279 0
1551420280 0
1551420281 0
1551420282 0
1551420283 0
1551420284 0
1551420285 0
1551420286 0
1551420287 0
1551420288 0
1551420289 0
1551420290 0
1551420291 0
1551420292 0
1551420293 0
1551420294 0
1551420295 0
1551420296 0
1551420297 0
1551420298 0
1551420299 0
1551420300 0
1551420301 0
1551420302 0
1551420303 0
1551420304 0
1551420305 0
1551420306 0
1551420307 0
1551420308 0
1551420309 0
1551420310 0
1551420311 0
1551420312 0
1551420313 0
1551420314 0
1551420315 0
1551420316 0
1551420317 0
1551420318 0
1551420319 0
1551420320 0
1551420321 0
1551420322 0
1551420323 0
1551420324 0
1551420325 0
1551420326 0
1551420327 0
1551420328 0
1551420329 0
1551420330 0
1551420331 0
1551420332 0
1551420333 0
1551420334 0
1551420335 0
1551420336 0
1551420337 0
1551420338 0
1551420339 0
1551420340 0
1551420341 0
1551420342 0
1551420343 0
1551420344 0
1551420345 0
1551420346 0
1551420347 0
1551420348 0
1551420349 0
1551420350 0
1551420351 0
1551420352 0
1551420353 0
1551420354 0
1551420355 0
1551420356 0
1551420357 0
1551420358 0
1551420359 0
1551420360 0
1551420361 0
1551420362 0
1551420363 0
1551420364 0
1551420365 0
1551420366 0
1551420367 0
1551420368 0
1551420369 0
1551420370 0
1551420371 0
1551420372 0
1551420373 0
1551420374 0
1551420375 0
1551420376 0
1551420377 0
1551420378 0
1551420379 0
1551420380 0
1551420381 0
1551420382 0
1551420383 0
1551420384 0
1551420385 0
1551420386 0
1551420387 0
1551420388 0
1551420389 0
1551420390 0
1551420391 0
1551420392 0
1551420393 0
1551420394 0
1551420395 0
1551420396 0
1551420397 0
1551420398 0
1551420399 0
1551420400 0
1551420401 0
1551420402 0
1551420403 0
1551420404 0
1551420405 0
1551420406 0
1551420407 0
1551420408 0
1551420409 0
1551420410 0
1551420411 0
1551420412 0
1551420413 0
1551420414 0
1551420415 0
1551420416 0
1551420417 0
1551420418 0
1551420419 0
1551420420 0
1551420421 0
1551420422 0
1551420423 0
1551420424 0
1551420425 0
1551420426 0
1551420427 0
1551420428 0
1551420429 0
1551420430 0
1551420431 0
1551420432 0
1551420433 0
1551420434 0
1551420435 0
1551420436 0
1551420437 0
1551420438 0
1551420439 0
1551420440 0
1551420441 0
1551420442 0
1551420443 0
1551420444 0
1551420445 0
1551420446 0
1551420447 0
1551420448 0
1551420449 0
1551420450 0
1551420451 0
1551420452 0
1551420453 0
1551420454 0
1551420455 0
1551420456 0
1551420457 0
1551420458 0
1551420459 0
1551420460 0
1551420461 0
1551420462 0
1551420463 0
1551420464 0
1551420465 0
1551420466 0
1551420467 0
1551420468 0
1551420469 0
1551420470 0
1551420471 0
1551420472 0
1551420473 0
1551420474 0
1551420475 0
1551420476 0
1551420477 0
1551420478 0
1551420479 0
1551420480 0
1551420481 0
1551420482 0
1551420483 0
1551420484 0
1551420485 0
1551420486 0
1551420487 0
1551420488 0
1551420489 0
1551420490 0
1551420491 0
1551420492 0
1551420493 0
1551420494 0
1551420495 0
1551420496 0
1551420497 0
1551420498 0
1551420499 0
1551420500 0
1551420501 0
1551420502 0
1551420503 0
1551420504 0
1551420505 0
1551420506 0
1551420507 0
1551420508 0
1551420509 0
1551420510 0
1551420511 0
1551420512 0
1551420513 0
1551420514 0
1551420515 0
1551420516 0
1551420517 0
1551420518 0
1551420519 0
1551420520 0
1551420521 0
1551420522 0
1551420523 0
1551420524 0
1551420525 0
1551420526 0
1551420527 0
1551420528 0
1551420529 0
1551420530 0
1551420531 0
1551420532 0
1551420533 0
1551420534 0
1551420535 0
1551420536 0
1551420537 0
1551420538 0
1551420539 0
1551420540 0
1551420541 0
1551420542 0
1551420543 0
1551420544 0
1551420545 0
1551420546 0
1551420547 0
1551420548 0
1551420549 0
1551420550 0
1551420551 0
1551420552 0
1551420553 0
1551420554 0
1551420555 0
1551420556 0
1551420557 0
1551420558 0
1551420559 0
1551420560 0
1551420561 0
1551420562 0
1551420563 0
1551420564 0
1551420565 0
1551420566 0
1551420567 0
1551420568 0
1551420569 0
1551420570 0
1551420571 0
1551420572 0
1551420573 0
1551420574 0
1551420575 0
1551420576 0
1551420577 0
1551420578 0
1551420579 0
1551420580 0
1551420581 0
1551420582 0
1551420583 0
1551420584 0
1551420585 0
1551420586 0
1551420587 0
1551420588 0
1551420589 0
1551420590 0
1551420591 0
1551420592 0
1551420593 0
1551420594 0
1551420595 0
1551420596 0
1551420597 0
1551420598 0
1551420599 0
1551420600 0
1551420601 0
1551420602 0
1551420603 0
1551420604 0
1551420605 0
1551420606 0
1551420607 0
1551420608 0
1551420609 0
1551420610 0
1551420611 0
1551420612 0
1551420613 0
1551420614 0
1551420615 0
1551420616 0
1551420617 0
1551420618 0
1551420619 0
1551420620 0
1551420621 0
1551420622 0
1551420623 0
1551420624 0
1551420625 0
1551420626 0
1551420627 0
1551420628 0
1551420629 0
1551420630 0
1551420631 0
1551420632 0
1551420633 0
1551420634 0
1551420635 0
1551420636 0
1551420637 0
1551420638 0
1551420639 0
1551420640 0
1551420641 0
1551420642 0
1551420643 0
1551420644 0
1551420645 0
1551420646 0
1551420647 0
1551420648 0
1551420649 0
1551420650 0
1551420651 0
1551420652 0
1551420653 0
1551420654 0
1551420655 0
1551420656 0
1551420657 0
1551420658 0
1551420659 0
1551420660 0
1551420661 0
1551420662 0
1551420663 0
1551420664 0
1551420665 0
1551420666 0
1551420667 0
1551420668 0
1551420669 0
1551420670 0
1551420671 0
1551420672 0
1551420673 0
1551420674 0
1551420675 0
1551420676 0
1551420677 0
1551420678 0
1551420679 0
1551420680 0
1551420681 0
1551420682 0
1551420683 0
1551420684 0
1551420685 0
1551420686 0
1551420687 0
1551420688 0
1551420689 0
1551420690 0
1551420691 0
1551420692 0
1551420693 0
1551420694 0
1551420695 0
1551420696 0
1551420697 0
1551420698 0
1551420699 0
1551420700 0
1551420701 0
1551420702 0
1551420703 0
1551420704 0
1551420705 0
1551420706 0
1551420707 0
1551420708 0
1551420709 0
1551420710 0
1551420711 0
1551420712 0
1551420713 0
1551420714 0
1551420715 0
1551420716 0
1551420717 0
1551420718 0
1551420719 0
1551420720 0
1551420721 0
1551420722 0
1551420723 0
1551420724 0
1551420725 0
1551420726 0
1551420727 0
1551420728 0
1551420729 0
1551420730 0
1551420731 0
1551420732 0
1551420733 0
1551420734 0
1551420735 0
1551420736 0
1551420737 0
1551420738 0
1551420739 0
1551420740 0
1551420741 0
1551420742 0
1551420743 0
1551420744 0
1551420745 0
1551420746 0
1551420747 0
1551420748 0
1551420749 0
1551420750 0
1551420751 0
1551420752 0
1551420753 0
1551420754 0
1551420755 0
1551420756 0
1551420757 0
1551420758 0
1551420759 0
1551420760 0
1551420761 0
1551420762 0
1551420763 0
1551420764 0
1551420765 0
1551420766 0
1551420767 0
1551420768 0
1551420769 0
1551420770 0
1551420771 0
1551420772 0
1551420773 0
1551420774 0
1551420775 0
1551420776 0
1551420777 0
1551420778 0
1551420779 0
1551420780 0
1551420781 0
1551420782 0
1551420783 0
1551420784 0
1551420785 0
1551420786 0
1551420787 0
1551420788 0
1551420789 0
1551420790 0
1551420791 0
1551420792 0
1551420793 0
1551420794 0
1551420795 0
1551420796 0
1551420797 0
1551420798 0
1551420799 0
1551420800 0
1551420801 0
1551420802 0
1551420803 0
1551420804 0
1551420805 0
1551420806 0
1551420807 0
1551420808 0
1551420809 0
1551420810 0
1551420811 0
1551420812 0
1551420813 0
1551420814 0
1551420815 0
1551420816 0
1551420817 0
1551420818 0
1551420819 0
1551420820 0
1551420821 0
1551420822 0
1551420823 0
1551420824 0
1551420825 0
1551420826 0
1551420827 0
1551420828 0
1551420829 0
1551420830 0
1551420831 0
1551420832 0
1551420833 0
1551420834 0
1551420835 0
1551420836 0
1551420837 0
1551420838 0
1551420839 0
1551420840 0
1551420841 0
1551420842 0
1551420843 0
1551420844 0
1551420845 0
1551420846 0
1551420847 0
1551420848 0
1551420849 0
1551420850 0
1551420851 0
1551420852 0
1551420853 0
1551420854 0
1551420855 0
1551420856 0
1551420857 0
1551420858 0
1551420859 0
1551420860 0
1551420861 0
1551420862 0
1551420863 0
1551420864 0
1551420865 0
1551420866 0
1551420867 0
1551420868 0
1551420869 0
1551420870 0
1551420871 0
1551420872 0
1551420873 0
1551420874 0
1551420875 0
1551420876 0
1551420877 0
1551420878 0
1551420879 0
1551420880 0
1551420881 0
1551420882 0
1551420883 0
1551420884 0
1551420885 0
1551420886 0
1551420887 0
1551420888 0
1551420889 0
1551420890 0
1551420891 0
1551420892 0
1551420893 0
1551420894 0
1551420895 0
1551420896 0
1551420897 0
1551420898 0
1551420899 0
1551420900 0
1551420901 0
1551420902 0
1551420903 0
1551420904 0
1551420905 0
1551420906 0
1551420907 0
1551420908 0
1551420909 0
1551420910 0
1551420911 0
1551420912 0
1551420913 0
1551420914 0
1551420915 0
1551420916 0
1551420917 0
1551420918 0
1551420919 0
1551420920 0
1551420921 0
1551420922 0
1551420923 0
1551420924 0
1551420925 0
1551420926 0
1551420927 0
1551420928 0
1551420929 0
1551420930 0
1551420931 0
1551420932 0
1551420933 0
1551420934 0
1551420935 0
1551420936 0
1551420937 0
1551420938 0
1551420939 0
1551420940 0
1551420941 0
1551420942 0
1551420943 0
1551420944 0
1551420945 0
1551420946 0
1551420947 0
1551420948 0
1551420949 0
1551420950 0
1551420951 0
1551420952 0
1551420953 0
1551420954 0
1551420955 0
1551420956 0
1551420957 0
1551420958 0
1551420959 0
1551420960 0
1551420961 0
1551420962 0
1551420963 0
1551420964 0
1551420965 0
1551420966 0
1551420967 0
1551420968 0
1551420969 0
1551420970 0
1551420971 0
1551420972 0
1551420973 0
1551420974 0
1551420975 0
1551420976 0
1551420977 0
1551420978 0
1551420979 0
1551420980 0
1551420981 0
1551420982 0
1551420983 0
1551420984 0
1551420985 0
1551420986 0
1551420987 0
1551420988 0
1551420989 0
1551420990 0
1551420991 0
1551420992 0
1551420993 0
1551420994 0
1551420995 0
1551420996 0
1551420997 0
1551420998 0
1551420999 0
1551421000 0
1551421001 0
1551421002 0
1551421003 0
1551421004 0
1551421005 0
1551421006 0
1551421007 0
1551421008 0
1551421009 0
1551421010 0
1551421011 0
1551421012 0
1551421013 0
1551421014 0
1551421015 0
1551421016 0
1551421017 0
1551421018 0
1551421019 0
1551421020 0
1551421021 0
1551421022 0
1551421023 0
1551421024 0
1551421025 0
1551421026 0
1551421027 0
1551421028 0
1551421029 0
1551421030 0
1551421031 0
1551421032 0
1551421033 0
1551421034 0
1551421035 0
1551421036 0
1551421037 0
1551421038 0
1551421039 0
1551421040 0
1551421041 0
1551421042 0
1551421043 0
1551421044 0
1551421045 0
1551421046 0
1551421047 0
1551421048 0
1551421049 0
1551421050 0
1551421051 0
1551421052 0
1551421053 0
1551421054 0
1551421055 0
1551421056 0
1551421057 0
1551421058 0
1551421059 0
1551421060 0
1551421061 0
1551421062 0
1551421063 0
1551421064 0
1551421065 0
1551421066 0
1551421067 0
1551421068 0
1551421069 0
1551421070 0
1551421071 0
1551421072 0
1551421073 0
1551421074 0
1551421075 0
1551421076 0
1551421077 0
1551421078 0
1551421079 0
1551421080 0
1551421081 0
1551421082 0
1551421083 0
1551421084 0
1551421085 0
1551421086 0
1551421087 0
1551421088 0
1551421089 0
1551421090 0
1551421091 0
1551421092 0
1551421093 0
1551421094 0
1551421095 0
1551421096 0
1551421097 0
1551421098 0
1551421099 0
1551421100 0
1551421101 0
1551421102 0
1551421103 0
1551421104 0
1551421105 0
1551421106 0
1551421107 0
1551421108 0
1551421109 0
1551421110 0
1551421111 0
1551421112 0
1551421113 0
1551421114 0
1551421115 0
1551421116 0
1551421117 0
1551421118 0
1551421119 0
1551421120 0
1551421121 0
1551421122 0
1551421123 0
1551421124 0
1551421125 0
1551421126 0
1551421127 0
1551421128 0
1551421129 0
1551421130 0
1551421131 0
1551421132 0
1551421133 0
1551421134 0
1551421135 0
1551421136 0
1551421137 0
1551421138 0
1551421139 0
1551421140 0
1551421141 0
1551421142 0
1551421143 0
1551421144 0
1551421145 0
1551421146 0
1551421147 0
1551421148 0
1551421149 0
1551421150 0
1551421151 0
1551421152 0
1551421153 0
1551421154 0
1551421155 0
1551421156 0
1551421157 0
1551421158 0
1551421159 0
1551421160 0
1551421161 0
1551421162 0
1551421163 0
1551421164 0
1551421165 0
1551421166 0
1551421167 0
1551421168 0
1551421169 0
1551421170 0
1551421171 0
1551421172 0
1551421173 0
1551421174 0
1551421175 0
1551421176 0
1551421177 0
1551421178 0
1551421179 0
1551421180 0
1551421181 0
1551421182 0
1551421183 0
1551421184 0
1551421185 0
1551421186 0
1551421187 0
1551421188 0
1551421189 0
1551421190 0
1551421191 0
1551421192 0
1551421193 0
1551421194 0
1551421195 0
1551421196 0
1551421197 0
1551421198 0
1551421199 0
1551421200 0
1551421201 0
1551421202 0
1551421203 0
1551421204 0
1551421205 0
1551421206 0
1551421207 0
1551421208 0
1551421209 0
1551421210 0
1551421211 0
1551421212 0
1551421213 0
1551421214 0
1551421215 0
1551421216 0
1551421217 0
1551421218 0
1551421219 0
1551421220 0
1551421221 0
1551421222 0
1551421223 0
1551421224 0
1551421225 0
1551421226 0
1551421227 0
1551421228 0
1551421229 0
1551421230 0
1551421231 0
1551421232 0
1551421233 0
1551421234 0
1551421235 0
1551421236 0
1551421237 0
1551421238 0
1551421239 0
1551421240 0
1551421241 0
1551421242 0
1551421243 0
1551421244 0
1551421245 0
1551421246 0
1551421247 0
1551421248 0
1551421249 0
1551421250 0
1551421251 0
1551421252 0
1551421253 0
1551421254 0
1551421255 0
1551421256 0
1551421257 0
1551421258 0
1551421259 0
1551421260 0
1551421261 0
1551421262 0
1551421263 0
1551421264 0
1551421265 0
1551421266 0
1551421267 0
1551421268 0
1551421269 0
1551421270 0
1551421271 0
1551421272 0
1551421273 0
1551421274 0
1551421275 0
1551421276 0
1551421277 0
1551421278 0
1551421279 0
1551421280 0
1551421281 0
1551421282 0
1551421283 0
1551421284 0
1551421285 0
1551421286 0
1551421287 0
1551421288 0
1551421289 0
1551421290 0
1551421291 0
1551421292 0
1551421293 0
1551421294 0
1551421295 0
1551421296 0
1551421297 0
1551421298 0
1551421299 0
1551421300 0
1551421301 0
1551421302 0
1551421303 0
1551421304 0
1551421305 0
1551421306 0
1551421307 0
1551421308 0
1551421309 0
1551421310 0
1551421311 0
1551421312 0
1551421313 0
1551421314 0
1551421315 0
1551421316 0
1551421317 0
1551421318 0
1551421319 0
1551421320 0
1551421321 0
1551421322 0
1551421323 0
1551421324 0
1551421325 0
1551421326 0
1551421327 0
1551421328 0
1551421329 0
1551421330 0
1551421331 0
1551421332 0
1551421333 0
1551421334 0
1551421335 0
1551421336 0
1551421337 0
1551421338 0
1551421339 0
1551421340 0
1551421341 0
1551421342 0
1551421343 0
1551421344 0
1551421345 0
1551421346 0
1551421347 0
1551421348 0
1551421349 0
1551421350 0
1551421351 0
1551421352 0
1551421353 0
1551421354 0
1551421355 0
1551421356 0
1551421357 0
1551421358 0
1551421359 0
1551421360 0
1551421361 0
1551421362 0
1551421363 0
1551421364 0
1551421365 0
1551421366 0
1551421367 0
1551421368 0
1551421369 0
1551421370 0
1551421371 0
1551421372 0
1551421373 0
1551421374 0
1551421375 0
1551421376 0
1551421377 0
1551421378 0
1551421379 0
1551421380 0
1551421381 0
1551421382 0
1551421383 0
1551421384 0
1551421385 0
1551421386 0
1551421387 0
1551421388 0
1551421389 0
1551421390 0
1551421391 0
1551421392 0
1551421393 0
1551421394 0
1551421395 0
1551421396 0
1551421397 0
1551421398 0
1551421399 0
1551421400 0
1551421401 0
1551421402 0
1551421403 0
1551421404 0
1551421405 0
1551421406 0
1551421407 0
1551421408 0
1551421409 0
1551421410 0
1551421411 0
1551421412 0
1551421413 0
1551421414 0
1551421415 0
1551421416 0
1551421417 0
1551421418 0
1551421419 0
1551421420 0
1551421421 0
1551421422 0
1551421423 0
1551421424 0
1551421425 0
1551421426 0
1551421427 0
1551421428 0
1551421429 0
1551421430 0
1551421431 0
1551421432 0
1551421433 0
1551421434 0
1551421435 0
1551421436 0
1551421437 0
1551421438 0
1551421439 0
1551421440 0
1551421441 0
1551421442 0
1551421443 0
1551421444 0
1551421445 0
1551421446 0
1551421447 0
1551421448 0
1551421449 0
1551421450 0
1551421451 0
1551421452 0
1551421453 0
1551421454 0
1551421455 0
1551421456 0
1551421457 0
1551421458 0
1551421459 0
1551421460 0
1551421461 0
1551421462 0
1551421463 0
1551421464 0
1551421465 0
1551421466 0
1551421467 0
1551421468 0
1551421469 0
1551421470 0
1551421471 0
1551421472 0
1551421473 0
1551421474 0
1551421475 0
1551421476 0
1551421477 0
1551421478 0
1551421479 0
1551421480 0
1551421481 0
1551421482 0
1551421483 0
1551421484 0
1551421485 0
1551421486 0
1551421487 0
1551421488 0
1551421489 0
1551421490 0
1551421491 0
1551421492 0
1551421493 0
1551421494 0
1551421495 0
1551421496 0
1551421497 0
1551421498 0
1551421499 0
1551421500 0
1551421501 0
1551421502 0
1551421503 0
1551421504 0
1551421505 0
1551421506 0
1551421507 0
1551421508 0
1551421509 0
1551421510 0
1551421511 0
1551421512 0
1551421513 0
1551421514 0
1551421515 0
1551421516 0
1551421517 0
1551421518 0
1551421519 0
1551421520 0
1551421521 0
1551421522 0
1551421523 0
1551421524 0
1551421525 0
1551421526 0
1551421527 0
1551421528 0
1551421529 0
1551421530 0
1551421531 0
1551421532 0
1551421533 0
1551421534 0
1551421535 0
1551421536 0
1551421537 0
1551421538 0
1551421539 0
1551421540 0
1551421541 0
1551421542 0
1551421543 0
1551421544 0
1551421545 0
1551421546 0
1551421547 0
1551421548 0
1551421549 0
1551421550 0
1551421551 0
1551421552 0
1551421553 0
1551421554 0
1551421555 0
1551421556 0
1551421557 0
1551421558 0
1551421559 0
1551421560 0
1551421561 0
1551421562 0
1551421563 0
1551421564 0
1551421565 0
1551421566 0
1551421567 0
1551421568 0
1551421569 0
1551421570 0
1551421571 0
1551421572 0
1551421573 0
1551421574 0
1551421575 0
1551421576 0
1551421577 0
1551421578 0
1551421579 0
1551421580 0
1551421581 0
1551421582 0
1551421583 0
1551421584 0
1551421585 0
1551421586 0
1551421587 0
1551421588 0
1551421589 0
1551421590 0
1551421591 0
1551421592 0
1551421593 0
1551421594 0
1551421595 0
1551421596 0
1551421597 0
1551421598 0
1551421599 0
1551421600 0
1551421601 0
1551421602 0
1551421603 0
1551421604 0
1551421605 0
1551421606 0
1551421607 0
1551421608 0
1551421609 0
1551421610 0
1551421611 0
1551421612 0
1551421613 0
1551421614 0
1551421615 0
1551421616 0
1551421617 0
1551421618 0
1551421619 0
1551421620 0
1551421621 0
1551421622 0
1551421623 0
1551421624 0
1551421625 0
1551421626 0
1551421627 0
1551421628 0
1551421629 0
1551421630 0
1551421631 0
1551421632 0
1551421633 0
1551421634 0
1551421635 0
1551421636 0
1551421637 0
1551421638 0
1551421639 0
1551421640 0
1551421641 0
1551421642 0
1551421643 0
1551421644 0
1551421645 0
1551421646 0
1551421647 0
1551421648 0
1551421649 0
1551421650 0
1551421651 0
1551421652 0
1551421653 0
1551421654 0
1551421655 0
1551421656 0
1551421657 0
1551421658 0
1551421659 0
1551421660 0
1551421661 0
1551421662 0
1551421663 0
1551421664 0
1551421665 0
1551421666 0
1551421667 0
1551421668 0
1551421669 0
1551421670 0
1551421671 0
1551421672 0
1551421673 0
1551421674 0
1551421675 0
1551421676 0
1551421677 0
1551421678 0
1551421679 0
1551421680 0
1551421681 0
1551421682 0
1551421683 0
1551421684 0
1551421685 0
1551421686 0
1551421687 0
1551421688 0
1551421689 0
1551421690 0
1551421691 0
1551421692 0
1551421693 0
1551421694 0
1551421695 0
1551421696 0
1551421697 0
1551421698 0
1551421699 0
1551421700 0
1551421701 0
1551421702 0
1551421703 0
1551421704 0
1551421705 0
1551421706 0
1551421707 0
1551421708 0
1551421709 0
1551421710 0
1551421711 0
1551421712 0
1551421713 0
1551421714 0
1551421715 0
1551421716 0
1551421717 0
1551421718 0
1551421719 0
1551421720 0
1551421721 0
1551421722 0
1551421723 0
1551421724 0
1551421725 0
1551421726 0
1551421727 0
1551421728 0
1551421729 0
1551421730 0
1551421731 0
1551421732 0
1551421733 0
1551421734 0
1551421735 0
1551421736 0
1551421737 0
1551421738 0
1551421739 0
1551421740 0
1551421741 0
1551421742 0
1551421743 0
1551421744 0
1551421745 0
1551421746 0
1551421747 0
1551421748 0
1551421749 0
1551421750 0
1551421751 0
1551421752 0
1551421753 0
1551421754 0
1551421755 0
1551421756 0
1551421757 0
1551421758 0
1551421759 0
1551421760 0
1551421761 0
1551421762 0
1551421763 0
1551421764 0
1551421765 0
1551421766 0
1551421767 0
1551421768 0
1551421769 0
1551421770 0
1551421771 0
1551421772 0
1551421773 0
1551421774 0
1551421775 0
1551421776 0
1551421777 0
1551421778 0
1551421779 0
1551421780 0
1551421781 0
1551421782 0
1551421783 0
1551421784 0
1551421785 0
1551421786 0
1551421787 0
1551421788 0
1551421789 0
1551421790 0
1551421791 0
1551421792 0
1551421793 0
1551421794 0
1551421795 0
1551421796 0
1551421797 0
1551421798 0
1551421799 0
1551421800 0
1551421801 0
1551421802 0
1551421803 0
1551421804 0
1551421805 0
1551421806 0
1551421807 0
1551421808 0
1551421809 0
1551421810 0
1551421811 0
1551421812 0
1551421813 0
1551421814 0
1551421815 0
1551421816 0
1551421817 0
1551421818 0
1551421819 0
1551421820 0
1551421821 0
1551421822 0
1551421823 0
1551421824 0
1551421825 0
1551421826 0
1551421827 0
1551421828 0
1551421829 0
1551421830 0
1551421831 0
1551421832 0
1551421833 0
1551421834 0
1551421835 0
1551421836 0
1551421837 0
1551421838 0
1551421839 0
1551421840 0
1551421841 0
1551421842 0
1551421843 0
1551421844 0
1551421845 0
1551421846 0
1551421847 0
1551421848 0
1551421849 0
1551421850 0
1551421851 0
1551421852 0
1551421853 0
1551421854 0
1551421855 0
1551421856 0
1551421857 0
1551421858 0
1551421859 0
1551421860 0
1551421861 0
1551421862 0
1551421863 0
1551421864 0
1551421865 0
1551421866 0
1551421867 0
1551421868 0
1551421869 0
1551421870 0
1551421871 0
1551421872 0
1551421873 0
1551421874 0
1551421875 0
1551421876 0
1551421877 0
1551421878 0
1551421879 0
1551421880 0
1551421881 0
1551421882 0
1551421883 0
1551421884 0
1551421885 0
1551421886 0
1551421887 0
1551421888 0
1551421889 0
1551421890 0
1551421891 0
1551421892 0
1551421893 0
1551421894 0
1551421895 0
1551421896 0
1551421897 0
1551421898 0
1551421899 0
1551421900 0
1551421901 0
1551421902 0
1551421903 0
1551421904 0
1551421905 0
1551421906 0
1551421907 0
1551421908 0
1551421909 0
1551421910 0
1551421911 0
1551421912 0
1551421913 0
1551421914 0
1551421915 0
1551421916 0
1551421917 0
1551421918 0
1551421919 0
1551421920 0
1551421921 0
1551421922 0
1551421923 0
1551421924 0
1551421925 0
1551421926 0
1551421927 0
1551421928 0
1551421929 0
1551421930 0
1551421931 0
1551421932 0
1551421933 0
1551421934 0
1551421935 0
1551421936 0
1551421937 0
1551421938 0
1551421939 0
1551421940 0
1551421941 0
1551421942 0
1551421943 0
1551421944 0
1551421945 0
1551421946 0
1551421947 0
1551421948 0
1551421949 0
1551421950 0
1551421951 0
1551421952 0
1551421953 0
1551421954 0
1551421955 0
1551421956 0
1551421957 0
1551421958 0
1551421959 0
1551421960 0
1551421961 0
1551421962 0
1551421963 0
1551421964 0
1551421965 0
1551421966 0
1551421967 0
1551421968 0
1551421969 0
1551421970 0
1551421971 0
1551421972 0
1551421973 0
1551421974 0
1551421975 0
1551421976 0
1551421977 0
1551421978 0
1551421979 0
1551421980 0
1551421981 0
1551421982 0
1551421983 0
1551421984 0
1551421985 0
1551421986 0
1551421987 0
1551421988 0
1551421989 0
1551421990 0
1551421991 0
1551421992 0
1551421993 0
1551421994 0
1551421995 0
1551421996 0
1551421997 0
1551421998 0
1551421999 0
1551422000 0
1551422001 0
1551422002 0
1551422003 0
1551422004 0
1551422005 0
1551422006 0
1551422007 0
1551422008 0
1551422009 0
1551422010 0
1551422011 0
1551422012 0
1551422013 0
1551422014 0
1551422015 0
1551422016 0
1551422017 0
1551422018 0
1551422019 0
1551422020 0
1551422021 0
1551422022 0
1551422023 0
1551422024 0
1551422025 0
1551422026 0
1551422027 0
1551422028 0
1551422029 0
1551422030 0
1551422031 0
1551422032 0
1551422033 0
1551422034 0
1551422035 0
1551422036 0
1551422037 0
1551422038 0
1551422039 0
1551422040 0
1551422041 0
1551422042 0
1551422043 0
1551422044 0
1551422045 0
1551422046 0
1551422047 0
1551422048 0
1551422049 0
1551422050 0
1551422051 0
1551422052 0
1551422053 0
1551422054 0
1551422055 0
1551422056 0
1551422057 0
1551422058 0
1551422059 0
1551422060 0
1551422061 0
1551422062 0
1551422063 0
1551422064 0
1551422065 0
1551422066 0
1551422067 0
1551422068 0
1551422069 0
1551422070 0
1551422071 0
1551422072 0
1551422073 0
1551422074 0
1551422075 0
1551422076 0
1551422077 0
1551422078 0
1551422079 0
1551422080 0
1551422081 0
1551422082 0
1551422083 0
1551422084 0
1551422085 0
1551422086 0
1551422087 0
1551422088 0
1551422089 0
1551422090 0
1551422091 0
1551422092 0
1551422093 0
1551422094 0
1551422095 0
1551422096 0
1551422097 0
1551422098 0
1551422099 0
1551422100 0
1551422101 0
1551422102 0
1551422103 0
1551422104 0
1551422105 0
1551422106 0
1551422107 0
1551422108 0
1551422109 0
1551422110 0
1551422111 0
1551422112 0
1551422113 0
1551422114 0
1551422115 0
1551422116 0
1551422117 0
1551422118 0
1551422119 0
1551422120 0
1551422121 0
1551422122 0
1551422123 0
1551422124 0
1551422125 0
1551422126 0
1551422127 0
1551422128 0
1551422129 0
1551422130 0
1551422131 0
1551422132 0
1551422133 0
1551422134 0
1551422135 0
1551422136 0
1551422137 0
1551422138 0
1551422139 0
1551422140 0
1551422141 0
1551422142 0
1551422143 0
1551422144 0
1551422145 0
1551422146 0
1551422147 0
1551422148 0
1551422149 0
1551422150 0
1551422151 0
1551422152 0
1551422153 0
1551422154 0
1551422155 0
1551422156 0
1551422157 0
1551422158 0
1551422159 0
1551422160 0
1551422161 0
1551422162 0
1551422163 0
1551422164 0
1551422165 0
1551422166 0
1551422167 0
1551422168 0
1551422169 0
1551422170 0
1551422171 0
1551422172 0
1551422173 0
1551422174 0
1551422175 0
1551422176 0
1551422177 0
1551422178 0
1551422179 0
1551422180 0
1551422181 0
1551422182 0
1551422183 0
1551422184 0
1551422185 0
1551422186 0
1551422187 0
1551422188 0
1551422189 0
1551422190 0
1551422191 0
1551422192 0
1551422193 0
1551422194 0
1551422195 0
1551422196 0
1551422197 0
1551422198 0
1551422199 0
1551422200 0
1551422201 0
1551422202 0
1551422203 0
1551422204 0
1551422205 0
1551422206 0
1551422207 0
1551422208 0
1551422209 0
1551422210 0
1551422211 0
1551422212 0
1551422213 0
1551422214 0
1551422215 0
1551422216 0
1551422217 0
1551422218 0
1551422219 0
1551422220 0
1551422221 0
1551422222 0
1551422223 0
1551422224 0
1551422225 0
1551422226 0
1551422227 0
1551422228 0
1551422229 0
1551422230 0
1551422231 0
1551422232 0
1551422233 0
1551422234 0
1551422235 0
1551422236 0
1551422237 0
1551422238 0
1551422239 0
1551422240 0
1551422241 0
1551422242 0
1551422243 0
1551422244 0
1551422245 0
1551422246 0
1551422247 0
1551422248 0
1551422249 0
1551422250 0
1551422251 0
1551422252 0
1551422253 0
1551422254 0
1551422255 0
1551422256 0
1551422257 0
1551422258 0
1551422259 0
1551422260 0
1551422261 0
1551422262 0
1551422263 0
1551422264 0
1551422265 0
1551422266 0
1551422267 0
1551422268 0
1551422269 0
1551422270 0
1551422271 0
1551422272 0
1551422273 0
1551422274 0
1551422275 0
1551422276 0
1551422277 0
1551422278 0
1551422279 0
1551422280 0
1551422281 0
1551422282 0
1551422283 0
1551422284 0
1551422285 0
1551422286 0
1551422287 0
1551422288 0
1551422289 0
1551422290 0
1551422291 0
1551422292 0
1551422293 0
1551422294 0
1551422295 0
1551422296 0
1551422297 0
1551422298 0
1551422299 0
1551422300 0
1551422301 0
1551422302 0
1551422303 0
1551422304 0
1551422305 0
1551422306 0
1551422307 0
1551422308 0
1551422309 0
1551422310 0
1551422311 0
1551422312 0
1551422313 0
1551422314 0
1551422315 0
1551422316 0
1551422317 0
1551422318 0
1551422319 0
1551422320 0
1551422321 0
1551422322 0
1551422323 0
1551422324 0
1551422325 0
1551422326 0
1551422327 0
1551422328 0
1551422329 0
1551422330 0
1551422331 0
1551422332 0
1551422333 0
1551422334 0
1551422335 0
1551422336 0
1551422337 0
1551422338 0
1551422339 0
1551422340 0
1551422341 0
1551422342 0
1551422343 0
1551422344 0
1551422345 0
1551422346 0
1551422347 0
1551422348 0
1551422349 0
1551422350 0
1551422351 0
1551422352 0
1551422353 0
1551422354 0
1551422355 0
1551422356 0
1551422357 0
1551422358 0
1551422359 0
1551422360 0
1551422361 0
1551422362 0
1551422363 0
1551422364 0
1551422365 0
1551422366 0
1551422367 0
1551422368 0
1551422369 0
1551422370 0
1551422371 0
1551422372 0
1551422373 0
1551422374 0
1551422375 0
1551422376 0
1551422377 0
1551422378 0
1551422379 0
1551422380 0
1551422381 0
1551422382 0
1551422383 0
1551422384 0
1551422385 0
1551422386 0
1551422387 0
1551422388 0
1551422389 0
1551422390 0
1551422391 0
1551422392 0
1551422393 0
1551422394 0
1551422395 0
1551422396 0
1551422397 0
1551422398 0
1551422399 0
1551422400 0
1551422401 0
1551422402 0
1551422403 0
1551422404 0
1551422405 0
1551422406 0
1551422407 0
1551422408 0
1551422409 0
1551422410 0
1551422411 0
1551422412 0
1551422413 0
1551422414 0
1551422415 0
1551422416 0
1551422417 0
1551422418 0
1551422419 0
1551422420 0
1551422421 0
1551422422 0
1551422423 0
1551422424 0
1551422425 0
1551422426 0
1551422427 0
1551422428 0
1551422429 0
1551422430 0
1551422431 0
1551422432 0
1551422433 0
1551422434 0
1551422435 0
1551422436 0
1551422437 0
1551422438 0
1551422439 0
1551422440 0
1551422441 0
1551422442 0
1551422443 0
1551422444 0
1551422445 0
1551422446 0
1551422447 0
1551422448 0
1551422449 0
1551422450 0
1551422451 0
1551422452 0
1551422453 0
1551422454 0
1551422455 0
1551422456 0
1551422457 0
1551422458 0
1551422459 0
1551422460 0
1551422461 0
1551422462 0
1551422463 0
1551422464 0
1551422465 0
1551422466 0
1551422467 0
1551422468 0
1551422469 0
1551422470 0
1551422471 0
1551422472 0
1551422473 0
1551422474 0
1551422475 0
1551422476 0
1551422477 0
1551422478 0
1551422479 0
1551422480 0
1551422481 0
1551422482 0
1551422483 0
1551422484 0
1551422485 0
1551422486 0
1551422487 0
1551422488 0
1551422489 0
1551422490 0
1551422491 0
1551422492 0
1551422493 0
1551422494 0
1551422495 0
1551422496 0
1551422497 0
1551422498 0
1551422499 0
1551422500 0
1551422501 0
1551422502 0
1551422503 0
1551422504 0
1551422505 0
1551422506 0
1551422507 0
1551422508 0
1551422509 0
1551422510 0
1551422511 0
1551422512 0
1551422513 0
1551422514 0
1551422515 0
1551422516 0
1551422517 0
1551422518 0
1551422519 0
1551422520 0
1551422521 0
1551422522 0
1551422523 0
1551422524 0
1551422525 0
1551422526 0
1551422527 0
1551422528 0
1551422529 0
1551422530 0
1551422531 0
1551422532 0
1551422533 0
1551422534 0
1551422535 0
1551422536 0
1551422537 0
1551422538 0
1551422539 0
1551422540 0
1551422541 0
1551422542 0
1551422543 0
1551422544 0
1551422545 0
1551422546 0
1551422547 0
1551422548 0
1551422549 0
1551422550 0
1551422551 0
1551422552 0
1551422553 0
1551422554 0
1551422555 0
1551422556 0
1551422557 0
1551422558 0
1551422559 0
1551422560 0
1551422561 0
1551422562 0
1551422563 0
1551422564 0
1551422565 0
1551422566 0
1551422567 0
1551422568 0
1551422569 0
1551422570 0
1551422571 0
1551422572 0
1551422573 0
1551422574 0
1551422575 0
1551422576 0
1551422577 0
1551422578 0
1551422579 0
1551422580 0
1551422581 0
1551422582 0
1551422583 0
1551422584 0
1551422585 0
1551422586 0
1551422587 0
1551422588 0
1551422589 0
1551422590 0
1551422591 0
1551422592 0
1551422593 0
1551422594 0
1551422595 0
1551422596 0
1551422597 0
1551422598 0
1551422599 0
1551422600 0
1551422601 0
1551422602 0
1551422603 0
1551422604 0
1551422605 0
1551422606 0
1551422607 0
1551422608 0
1551422609 0
1551422610 0
1551422611 0
1551422612 0
1551422613 0
1551422614 0
1551422615 0
1551422616 0
1551422617 0
1551422618 0
1551422619 0
1551422620 0
1551422621 0
1551422622 0
1551422623 0
1551422624 0
1551422625 0
1551422626 0
1551422627 0
1551422628 0
1551422629 0
1551422630 0
1551422631 0
1551422632 0
1551422633 0
1551422634 0
1551422635 0
1551422636 0
1551422637 0
1551422638 0
1551422639 0
1551422640 0
1551422641 0
1551422642 0
1551422643 0
1551422644 0
1551422645 0
1551422646 0
1551422647 0
1551422648 0
1551422649 0
1551422650 0
1551422651 0
1551422652 0
1551422653 0
1551422654 0
1551422655 0
1551422656 0
1551422657 0
1551422658 0
1551422659 0
1551422660 0
1551422661 0
1551422662 0
1551422663 0
1551422664 0
1551422665 0
1551422666 0
1551422667 0
1551422668 0
1551422669 0
1551422670 0
1551422671 0
1551422672 0
1551422673 0
1551422674 0
1551422675 0
1551422676 0
1551422677 0
1551422678 0
1551422679 0
1551422680 0
1551422681 0
1551422682 0
1551422683 0
1551422684 0
1551422685 0
1551422686 0
1551422687 0
1551422688 0
1551422689 0
1551422690 0
1551422691 0
1551422692 0
1551422693 0
1551422694 0
1551422695 0
1551422696 0
1551422697 0
1551422698 0
1551422699 0
1551422700 0
1551422701 0
1551422702 0
1551422703 0
1551422704 0
1551422705 0
1551422706 0
1551422707 0
1551422708 0
1551422709 0
1551422710 0
1551422711 0
1551422712 0
1551422713 0
1551422714 0
1551422715 0
1551422716 0
1551422717 0
1551422718 0
1551422719 0
1551422720 0
1551422721 0
1551422722 0
1551422723 0
1551422724 0
1551422725 0
1551422726 0
1551422727 0
1551422728 0
1551422729 0
1551422730 0
1551422731 0
1551422732 0
1551422733 0
1551422734 0
1551422735 0
1551422736 0
1551422737 0
1551422738 0
1551422739 0
1551422740 0
1551422741 0
1551422742 0
1551422743 0
1551422744 0
1551422745 0
1551422746 0
1551422747 0
1551422748 0
1551422749 0
1551422750 0
1551422751 0
1551422752 0
1551422753 0
1551422754 0
1551422755 0
1551422756 0
1551422757 0
1551422758 0
1551422759 0
1551422760 0
1551422761 0
1551422762 0
1551422763 0
1551422764 0
1551422765 0
1551422766 0
1551422767 0
1551422768 0
1551422769 0
1551422770 0
1551422771 0
1551422772 0
1551422773 0
1551422774 0
1551422775 0
1551422776 0
1551422777 0
1551422778 0
1551422779 0
1551422780 0
1551422781 0
1551422782 0
1551422783 0
1551422784 0
1551422785 0
1551422786 0
1551422787 0
1551422788 0
1551422789 0
1551422790 0
1551422791 0
1551422792 0
1551422793 0
1551422794 0
1551422795 0
1551422796 0
1551422797 0
1551422798 0
1551422799 0
1551422800 0
1551422801 0
1551422802 0
1551422803 0
1551422804 0
1551422805 0
1551422806 0
1551422807 0
1551422808 0
1551422809 0
1551422810 0
1551422811 0
1551422812 0
1551422813 0
1551422814 0
1551422815 0
1551422816 0
1551422817 0
1551422818 0
1551422819 0
1551422820 0
1551422821 0
1551422822 0
1551422823 0
1551422824 0
1551422825 0
1551422826 0
1551422827 0
1551422828 0
1551422829 0
1551422830 0
1551422831 0
1551422832 0
1551422833 0
1551422834 0
1551422835 0
1551422836 0
1551422837 0
1551422838 0
1551422839 0
1551422840 0
1551422841 0
1551422842 0
1551422843 0
1551422844 0
1551422845 0
1551422846 0
1551422847 0
1551422848 0
1551422849 0
1551422850 0
1551422851 0
1551422852 0
1551422853 0
1551422854 0
1551422855 0
1551422856 0
1551422857 0
1551422858 0
1551422859 0
1551422860 0
1551422861 0
1551422862 0
1551422863 0
1551422864 0
1551422865 0
1551422866 0
1551422867 0
1551422868 0
1551422869 0
1551422870 0
1551422871 0
1551422872 0
1551422873 0
1551422874 0
1551422875 0
1551422876 0
1551422877 0
1551422878 0
1551422879 0
1551422880 0
1551422881 0
1551422882 0
1551422883 0
1551422884 0
1551422885 0
1551422886 0
1551422887 0
1551422888 0
1551422889 0
1551422890 0
1551422891 0
1551422892 0
1551422893 0
1551422894 0
1551422895 0
1551422896 0
1551422897 0
1551422898 0
1551422899 0
1551422900 0
1551422901 0
1551422902 0
1551422903 0
1551422904 0
1551422905 0
1551422906 0
1551422907 0
1551422908 0
1551422909 0
1551422910 0
1551422911 0
1551422912 0
1551422913 0
1551422914 0
1551422915 0
1551422916 0
1551422917 0
1551422918 0
1551422919 0
1551422920 0
1551422921 0
1551422922 0
1551422923 0
1551422924 0
1551422925 0
1551422926 0
1551422927 0
1551422928 0
1551422929 0
1551422930 0
1551422931 0
1551422932 0
1551422933 0
1551422934 0
1551422935 0
1551422936 0
1551422937 0
1551422938 0
1551422939 0
1551422940 0
1551422941 0
1551422942 0
1551422943 0
1551422944 0
1551422945 0
1551422946 0
1551422947 0
1551422948 0
1551422949 0
1551422950 0
1551422951 0
1551422952 0
1551422953 0
1551422954 0
1551422955 0
1551422956 0
1551422957 0
1551422958 0
1551422959 0
1551422960 0
1551422961 0
1551422962 0
1551422963 0
1551422964 0
1551422965 0
1551422966 0
1551422967 0
1551422968 0
1551422969 0
1551422970 0
1551422971 0
1551422972 0
1551422973 0
1551422974 0
1551422975 0
1551422976 0
1551422977 0
1551422978 0
1551422979 0
1551422980 0
1551422981 0
1551422982 0
1551422983 0
1551422984 0
1551422985 0
1551422986 0
1551422987 0
1551422988 0
1551422989 0
1551422990 0
1551422991 0
1551422992 0
1551422993 0
1551422994 0
1551422995 0
1551422996 0
1551422997 0
1551422998 0
1551422999 0
1551423000 0
1551423001 0
1551423002 0
1551423003 0
1551423004 0
1551423005 0
1551423006 0
1551423007 0
1551423008 0
1551423009 0
1551423010 0
1551423011 0
1551423012 0
1551423013 0
1551423014 0
1551423015 0
1551423016 0
1551423017 0
1551423018 0
1551423019 0
1551423020 0
1551423021 0
1551423022 0
1551423023 0
1551423024 0
1551423025 0
1551423026 0
1551423027 0
1551423028 0
1551423029 0
1551423030 0
1551423031 0
1551423032 0
1551423033 0
1551423034 0
1551423035 0
1551423036 0
1551423037 0
1551423038 0
1551423039 0
1551423040 0
1551423041 0
1551423042 0
1551423043 0
1551423044 0
1551423045 0
1551423046 0
1551423047 0
1551423048 0
1551423049 0
1551423050 0
1551423051 0
1551423052 0
1551423053 0
1551423054 0
1551423055 0
1551423056 0
1551423057 0
1551423058 0
1551423059 0
1551423060 0
1551423061 0
1551423062 0
1551423063 0
1551423064 0
1551423065 0
1551423066 0
1551423067 0
1551423068 0
1551423069 0
1551423070 0
1551423071 0
1551423072 0
1551423073 0
1551423074 0
1551423075 0
1551423076 0
1551423077 0
1551423078 0
1551423079 0
1551423080 0
1551423081 0
1551423082 0
1551423083 0
1551423084 0
1551423085 0
1551423086 0
1551423087 0
1551423088 0
1551423089 0
1551423090 0
1551423091 0
1551423092 0
1551423093 0
1551423094 0
1551423095 0
1551423096 0
1551423097 0
1551423098 0
1551423099 0
1551423100 0
1551423101 0
1551423102 0
1551423103 0
1551423104 0
1551423105 0
1551423106 0
1551423107 0
1551423108 0
1551423109 0
1551423110 0
1551423111 0
1551423112 0
1551423113 0
1551423114 0
1551423115 0
1551423116 0
1551423117 0
1551423118 0
1551423119 0
1551423120 0
1551423121 0
1551423122 0
1551423123 0
1551423124 0
1551423125 0
1551423126 0
1551423127 0
1551423128 0
1551423129 0
1551423130 0
1551423131 0
1551423132 0
1551423133 0
1551423134 0
1551423135 0
1551423136 0
1551423137 0
1551423138 0
1551423139 0
1551423140 0
1551423141 0
1551423142 0
1551423143 0
1551423144 0
1551423145 0
1551423146 0
1551423147 0
1551423148 0
1551423149 0
1551423150 0
1551423151 0
1551423152 0
1551423153 0
1551423154 0
1551423155 0
1551423156 0
1551423157 0
1551423158 0
1551423159 0
1551423160 0
1551423161 0
1551423162 0
1551423163 0
1551423164 0
1551423165 0
1551423166 0
1551423167 0
1551423168 0
1551423169 0
1551423170 0
1551423171 0
1551423172 0
1551423173 0
1551423174 0
1551423175 0
1551423176 0
1551423177 0
1551423178 0
1551423179 0
1551423180 0
1551423181 0
1551423182 0
1551423183 0
1551423184 0
1551423185 0
1551423186 0
1551423187 0
1551423188 0
1551423189 0
1551423190 0
1551423191 0
1551423192 0
1551423193 0
1551423194 0
1551423195 0
1551423196 0
1551423197 0
1551423198 0
1551423199 0
1551423200 0
1551423201 0
1551423202 0
1551423203 0
1551423204 0
1551423205 0
1551423206 0
1551423207 0
1551423208 0
1551423209 0
1551423210 0
1551423211 0
1551423212 0
1551423213 0
1551423214 0
1551423215 0
1551423216 0
1551423217 0
1551423218 0
1551423219 0
1551423220 0
1551423221 0
1551423222 0
1551423223 0
1551423224 0
1551423225 0
1551423226 0
1551423227 0
1551423228 0
1551423229 0
1551423230 0
1551423231 0
1551423232 0
1551423233 0
1551423234 0
1551423235 0
1551423236 0
1551423237 0
1551423238 0
1551423239 0
1551423240 0
1551423241 0
1551423242 0
1551423243 0
1551423244 0
1551423245 0
1551423246 0
1551423247 0
1551423248 0
1551423249 0
1551423250 0
1551423251 0
1551423252 0
1551423253 0
1551423254 0
1551423255 0
1551423256 0
1551423257 0
1551423258 0
1551423259 0
1551423260 0
1551423261 0
1551423262 0
1551423263 0
1551423264 0
1551423265 0
1551423266 0
1551423267 0
1551423268 0
1551423269 0
1551423270 0
1551423271 0
1551423272 0
1551423273 0
1551423274 0
1551423275 0
1551423276 0
1551423277 0
1551423278 0
1551423279 0
1551423280 0
1551423281 0
1551423282 0
1551423283 0
1551423284 0
1551423285 0
1551423286 0
1551423287 0
1551423288 0
1551423289 0
1551423290 0
1551423291 0
1551423292 0
1551423293 0
1551423294 0
1551423295 0
1551423296 0
1551423297 0
1551423298 0
1551423299 0
1551423300 0
1551423301 0
1551423302 0
1551423303 0
1551423304 0
1551423305 0
1551423306 0
1551423307 0
1551423308 0
1551423309 0
1551423310 0
1551423311 0
1551423312 0
1551423313 0
1551423314 0
1551423315 0
1551423316 0
1551423317 0
1551423318 0
1551423319 0
1551423320 0
1551423321 0
1551423322 0
1551423323 0
1551423324 0
1551423325 0
1551423326 0
1551423327 0
1551423328 0
1551423329 0
1551423330 0
1551423331 0
1551423332 0
1551423333 0
1551423334 0
1551423335 0
1551423336 0
1551423337 0
1551423338 0
1551423339 0
1551423340 0
1551423341 0
1551423342 0
1551423343 0
1551423344 0
1551423345 0
1551423346 0
1551423347 0
1551423348 0
1551423349 0
1551423350 0
1551423351 0
1551423352 0
1551423353 0
1551423354 0
1551423355 0
1551423356 0
1551423357 0
1551423358 0
1551423359 0
1551423360 0
1551423361 0
1551423362 0
1551423363 0
1551423364 0
1551423365 0
1551423366 0
1551423367 0
1551423368 0
1551423369 0
1551423370 0
1551423371 0
1551423372 0
1551423373 0
1551423374 0
1551423375 0
1551423376 0
1551423377 0
1551423378 0
1551423379 0
1551423380 0
1551423381 0
1551423382 0
1551423383 0
1551423384 0
1551423385 0
1551423386 0
1551423387 0
1551423388 0
1551423389 0
1551423390 0
1551423391 0
1551423392 0
1551423393 0
1551423394 0
1551423395 0
1551423396 0
1551423397 0
1551423398 0
1551423399 0
1551423400 0
1551423401 0
1551423402 0
1551423403 0
1551423404 0
1551423405 0
1551423406 0
1551423407 0
1551423408 0
1551423409 0
1551423410 0
1551423411 0
1551423412 0
1551423413 0
1551423414 0
1551423415 0
1551423416 0
1551423417 0
1551423418 0
1551423419 0
1551423420 0
1551423421 0
1551423422 0
1551423423 0
1551423424 0
1551423425 0
1551423426 0
1551423427 0
1551423428 0
1551423429 0
1551423430 0
1551423431 0
1551423432 0
1551423433 0
1551423434 0
1551423435 0
1551423436 0
1551423437 0
1551423438 0
1551423439 0
1551423440 0
1551423441 0
1551423442 0
1551423443 0
1551423444 0
1551423445 0
1551423446 0
1551423447 0
1551423448 0
1551423449 0
1551423450 0
1551423451 0
1551423452 0
1551423453 0
1551423454 0
1551423455 0
1551423456 0
1551423457 0
1551423458 0
1551423459 0
1551423460 0
1551423461 0
1551423462 0
1551423463 0
1551423464 0
1551423465 0
1551423466 0
1551423467 0
1551423468 0
1551423469 0
1551423470 0
1551423471 0
1551423472 0
1551423473 0
1551423474 0
1551423475 0
1551423476 0
1551423477 0
1551423478 0
1551423479 0
1551423480 0
1551423481 0
1551423482 0
1551423483 0
1551423484 0
1551423485 0
1551423486 0
1551423487 0
1551423488 0
1551423489 0
1551423490 0
1551423491 0
1551423492 0
1551423493 0
1551423494 0
1551423495 0
1551423496 0
1551423497 0
1551423498 0
1551423499 0
1551423500 0
1551423501 0
1551423502 0
1551423503 0
1551423504 0
1551423505 0
1551423506 0
1551423507 0
1551423508 0
1551423509 0
1551423510 0
1551423511 0
1551423512 0
1551423513 0
1551423514 0
1551423515 0
1551423516 0
1551423517 0
1551423518 0
1551423519 0
1551423520 0
1551423521 0
1551423522 0
1551423523 0
1551423524 0
1551423525 0
1551423526 0
1551423527 0
1551423528 0
1551423529 0
1551423530 0
1551423531 0
1551423532 0
1551423533 0
1551423534 0
1551423535 0
1551423536 0
1551423537 0
1551423538 0
1551423539 0
1551423540 0
1551423541 0
1551423542 0
1551423543 0
1551423544 0
1551423545 0
1551423546 0
1551423547 0
1551423548 0
1551423549 0
1551423550 0
1551423551 0
1551423552 0
1551423553 0
1551423554 0
1551423555 0
1551423556 0
1551423557 0
1551423558 0
1551423559 0
1551423560 0
1551423561 0
1551423562 0
1551423563 0
1551423564 0
1551423565 0
1551423566 0
1551423567 0
1551423568 0
1551423569 0
1551423570 0
1551423571 0
1551423572 0
1551423573 0
1551423574 0
1551423575 0
1551423576 0
1551423577 0
1551423578 0
1551423579 0
1551423580 0
1551423581 0
1551423582 0
1551423583 0
1551423584 0
1551423585 0
1551423586 0
1551423587 0
1551423588 0
1551423589 0
1551423590 0
1551423591 0
1551423592 0
1551423593 0
1551423594 0
1551423595 0
1551423596 0
1551423597 0
1551423598 0
1551423599 0
1551423600 0
1551423601 0
1551423602 0
1551423603 0
1551423604 0
1551423605 0
1551423606 0
1551423607 0
1551423608 0
1551423609 0
1551423610 0
1551423611 0
1551423612 0
1551423613 0
1551423614 0
1551423615 0
1551423616 0
1551423617 0
1551423618 0
1551423619 0
1551423620 0
1551423621 0
1551423622 0
1551423623 0
1551423624 0
1551423625 0
1551423626 0
1551423627 0
1551423628 0
1551423629 0
1551423630 0
1551423631 0
1551423632 0
1551423633 0
1551423634 0
1551423635 0
1551423636 0
1551423637 0
1551423638 0
1551423639 0
1551423640 0
1551423641 0
1551423642 0
1551423643 0
1551423644 0
1551423645 0
1551423646 0
1551423647 0
1551423648 0
1551423649 0
1551423650 0
1551423651 0
1551423652 0
1551423653 0
1551423654 0
1551423655 0
1551423656 0
1551423657 0
1551423658 0
1551423659 0
1551423660 0
1551423661 0
1551423662 0
1551423663 0
1551423664 0
1551423665 0
1551423666 0
1551423667 0
1551423668 0
1551423669 0
1551423670 0
1551423671 0
1551423672 0
1551423673 0
1551423674 0
1551423675 0
1551423676 0
1551423677 0
1551423678 0
1551423679 0
1551423680 0
1551423681 0
1551423682 0
1551423683 0
1551423684 0
1551423685 0
1551423686 0
1551423687 0
1551423688 0
1551423689 0
1551423690 0
1551423691 0
1551423692 0
1551423693 0
1551423694 0
1551423695 0
1551423696 0
1551423697 0
1551423698 0
1551423699 0
1551423700 0
1551423701 0
1551423702 0
1551423703 0
1551423704 0
1551423705 0
1551423706 0
1551423707 0
1551423708 0
1551423709 0
1551423710 0
1551423711 0
1551423712 0
1551423713 0
1551423714 0
1551423715 0
1551423716 0
1551423717 0
1551423718 0
1551423719 0
1551423720 0
1551423721 0
1551423722 0
1551423723 0
1551423724 0
1551423725 0
1551423726 0
1551423727 0
1551423728 0
1551423729 0
1551423730 0
1551423731 0
1551423732 0
1551423733 0
1551423734 0
1551423735 0
1551423736 0
1551423737 0
1551423738 0
1551423739 0
1551423740 0
1551423741 0
1551423742 0
1551423743 0
1551423744 0
1551423745 0
1551423746 0
1551423747 0
1551423748 0
1551423749 0
1551423750 0
1551423751 0
1551423752 0
1551423753 0
1551423754 0
1551423755 0
1551423756 0
1551423757 0
1551423758 0
1551423759 0
1551423760 0
1551423761 0
1551423762 0
1551423763 0
1551423764 0
1551423765 0
1551423766 0
1551423767 0
1551423768 0
1551423769 0
1551423770 0
1551423771 0
1551423772 0
1551423773 0
1551423774 0
1551423775 0
1551423776 0
1551423777 0
1551423778 0
1551423779 0
1551423780 0
1551423781 0
1551423782 0
1551423783 0
1551423784 0
1551423785 0
1551423786 0
1551423787 0
1551423788 0
1551423789 0
1551423790 0
1551423791 0
1551423792 0
1551423793 0
1551423794 0
1551423795 0
1551423796 0
1551423797 0
1551423798 0
1551423799 0
1551423800 0
1551423801 0
1551423802 0
1551423803 0
1551423804 0
1551423805 0
1551423806 0
1551423807 0
1551423808 0
1551423809 0
1551423810 0
1551423811 0
1551423812 0
1551423813 0
1551423814 0
1551423815 0
1551423816 0
1551423817 0
1551423818 0
1551423819 0
1551423820 0
1551423821 0
1551423822 0
1551423823 0
1551423824 0
1551423825 0
1551423826 0
1551423827 0
1551423828 0
1551423829 0
1551423830 0
1551423831 0
1551423832 0
1551423833 0
1551423834 0
1551423835 0
1551423836 0
1551423837 0
1551423838 0
1551423839 0
1551423840 0
1551423841 0
1551423842 0
1551423843 0
1551423844 0
1551423845 0
1551423846 0
1551423847 0
1551423848 0
1551423849 0
1551423850 0
1551423851 0
1551423852 0
1551423853 0
1551423854 0
1551423855 0
1551423856 0
1551423857 0
1551423858 0
1551423859 0
1551423860 0
1551423861 0
1551423862 0
1551423863 0
1551423864 0
1551423865 0
1551423866 0
1551423867 0
1551423868 0
1551423869 0
1551423870 0
1551423871 0
1551423872 0
1551423873 0
1551423874 0
1551423875 0
1551423876 0
1551423877 0
1551423878 0
1551423879 0
1551423880 0
1551423881 0
1551423882 0
1551423883 0
1551423884 0
1551423885 0
1551423886 0
1551423887 0
1551423888 0
1551423889 0
1551423890 0
1551423891 0
1551423892 0
1551423893 0
1551423894 0
1551423895 0
1551423896 0
1551423897 0
1551423898 0
1551423899 0
1551423900 0
1551423901 0
1551423902 0
1551423903 0
1551423904 0
1551423905 0
1551423906 0
1551423907 0
1551423908 0
1551423909 0
1551423910 0
1551423911 0
1551423912 0
1551423913 0
1551423914 0
1551423915 0
1551423916 0
1551423917 0
1551423918 0
1551423919 0
1551423920 0
1551423921 0
1551423922 0
1551423923 0
1551423924 0
1551423925 0
1551423926 0
1551423927 0
1551423928 0
1551423929 0
1551423930 0
1551423931 0
1551423932 0
1551423933 0
1551423934 0
1551423935 0
1551423936 0
1551423937 0
1551423938 0
1551423939 0
1551423940 0
1551423941 0
1551423942 0
1551423943 0
1551423944 0
1551423945 0
1551423946 0
1551423947 0
1551423948 0
1551423949 0
1551423950 0
1551423951 0
1551423952 0
1551423953 0
1551423954 0
1551423955 0
1551423956 0
1551423957 0
1551423958 0
1551423959 0
1551423960 0
1551423961 0
1551423962 0
1551423963 0
1551423964 0
1551423965 0
1551423966 0
1551423967 0
1551423968 0
1551423969 0
1551423970 0
1551423971 0
1551423972 0
1551423973 0
1551423974 0
1551423975 0
1551423976 0
1551423977 0
1551423978 0
1551423979 0
1551423980 0
1551423981 0
1551423982 0
1551423983 0
1551423984 0
1551423985 0
1551423986 0
1551423987 0
1551423988 0
1551423989 0
1551423990 0
1551423991 0
1551423992 0
1551423993 0
1551423994 0
1551423995 0
1551423996 0
1551423997 0
1551423998 0
1551423999 0
1551424000 0
1551424001 0
1551424002 0
1551424003 0
1551424004 0
1551424005 0
1551424006 0
1551424007 0
1551424008 0
1551424009 0
1551424010 0
1551424011 0
1551424012 0
1551424013 0
1551424014 0
1551424015 0
1551424016 0
1551424017 0
1551424018 0
1551424019 0
1551424020 0
1551424021 0
1551424022 0
1551424023 0
1551424024 0
1551424025 0
1551424026 0
1551424027 0
1551424028 0
1551424029 0
1551424030 0
1551424031 0
1551424032 0
1551424033 0
1551424034 0
1551424035 0
1551424036 0
1551424037 0
1551424038 0
1551424039 0
1551424040 0
1551424041 0
1551424042 0
1551424043 0
1551424044 0
1551424045 0
1551424046 0
1551424047 0
1551424048 0
1551424049 0
1551424050 0
1551424051 0
1551424052 0
1551424053 0
1551424054 0
1551424055 0
1551424056 0
1551424057 0
1551424058 0
1551424059 0
1551424060 0
1551424061 0
1551424062 0
1551424063 0
1551424064 0
1551424065 0
1551424066 0
1551424067 0
1551424068 0
1551424069 0
1551424070 0
1551424071 0
1551424072 0
1551424073 0
1551424074 0
1551424075 0
1551424076 0
1551424077 0
1551424078 0
1551424079 0
1551424080 0
1551424081 0
1551424082 0
1551424083 0
1551424084 0
1551424085 0
1551424086 0
1551424087 0
1551424088 0
1551424089 0
1551424090 0
1551424091 0
1551424092 0
1551424093 0
1551424094 0
1551424095 0
1551424096 0
1551424097 0
1551424098 0
1551424099 0
1551424100 0
1551424101 0
1551424102 0
1551424103 0
1551424104 0
1551424105 0
1551424106 0
1551424107 0
1551424108 0
1551424109 0
1551424110 0
1551424111 0
1551424112 0
1551424113 0
1551424114 0
1551424115 0
1551424116 0
1551424117 0
1551424118 0
1551424119 0
1551424120 0
1551424121 0
1551424122 0
1551424123 0
1551424124 0
1551424125 0
1551424126 0
1551424127 0
1551424128 0
1551424129 0
1551424130 0
1551424131 0
1551424132 0
1551424133 0
1551424134 0
1551424135 0
1551424136 0
1551424137 0
1551424138 0
1551424139 0
1551424140 0
1551424141 0
1551424142 0
1551424143 0
1551424144 0
1551424145 0
1551424146 0
1551424147 0
1551424148 0
1551424149 0
1551424150 0
1551424151 0
1551424152 0
1551424153 0
1551424154 0
1551424155 0
1551424156 0
1551424157 0
1551424158 0
1551424159 0
1551424160 0
1551424161 0
1551424162 0
1551424163 0
1551424164 0
1551424165 0
1551424166 0
1551424167 0
1551424168 0
1551424169 0
1551424170 0
1551424171 0
1551424172 0
1551424173 0
1551424174 0
1551424175 0
1551424176 0
1551424177 0
1551424178 0
1551424179 0
1551424180 0
1551424181 0
1551424182 0
1551424183 0
1551424184 0
1551424185 0
1551424186 0
1551424187 0
1551424188 0
1551424189 0
1551424190 0
1551424191 0
1551424192 0
1551424193 0
1551424194 0
1551424195 0
1551424196 0
1551424197 0
1551424198 0
1551424199 0
1551424200 0
1551424201 0
1551424202 0
1551424203 0
1551424204 0
1551424205 0
1551424206 0
1551424207 0
1551424208 0
1551424209 0
1551424210 0
1551424211 0
1551424212 0
1551424213 0
1551424214 0
1551424215 0
1551424216 0
1551424217 0
1551424218 0
1551424219 0
1551424220 0
1551424221 0
1551424222 0
1551424223 0
1551424224 0
1551424225 0
1551424226 0
1551424227 0
1551424228 0
1551424229 0
1551424230 0
1551424231 0
1551424232 0
1551424233 0
1551424234 0
1551424235 0
1551424236 0
1551424237 0
1551424238 0
1551424239 0
1551424240 0
1551424241 0
1551424242 0
1551424243 0
1551424244 0
1551424245 0
1551424246 0
1551424247 0
1551424248 0
1551424249 0
1551424250 0
1551424251 0
1551424252 0
1551424253 0
1551424254 0
1551424255 0
1551424256 0
1551424257 0
1551424258 0
1551424259 0
1551424260 0
1551424261 0
1551424262 0
1551424263 0
1551424264 0
1551424265 0
1551424266 0
1551424267 0
1551424268 0
1551424269 0
1551424270 0
1551424271 0
1551424272 0
1551424273 0
1551424274 0
1551424275 0
1551424276 0
1551424277 0
1551424278 0
1551424279 0
1551424280 0
1551424281 0
1551424282 0
1551424283 0
1551424284 0
1551424285 0
1551424286 0
1551424287 0
1551424288 0
1551424289 0
1551424290 0
1551424291 0
1551424292 0
1551424293 0
1551424294 0
1551424295 0
1551424296 0
1551424297 0
1551424298 0
1551424299 0
1551424300 0
1551424301 0
1551424302 0
1551424303 0
1551424304 0
1551424305 0
1551424306 0
1551424307 0
1551424308 0
1551424309 0
1551424310 0
1551424311 0
1551424312 0
1551424313 0
1551424314 0
1551424315 0
1551424316 0
1551424317 0
1551424318 0
1551424319 0
1551424320 0
1551424321 0
1551424322 0
1551424323 0
1551424324 0
1551424325 0
1551424326 0
1551424327 0
1551424328 0
1551424329 0
1551424330 0
1551424331 0
1551424332 0
1551424333 0
1551424334 0
1551424335 0
1551424336 0
1551424337 0
1551424338 0
1551424339 0
1551424340 0
1551424341 0
1551424342 0
1551424343 0
1551424344 0
1551424345 0
1551424346 0
1551424347 0
1551424348 0
1551424349 0
1551424350 0
1551424351 0
1551424352 0
1551424353 0
1551424354 0
1551424355 0
1551424356 0
1551424357 0
1551424358 0
1551424359 0
1551424360 0
1551424361 0
1551424362 0
1551424363 0
1551424364 0
1551424365 0
1551424366 0
1551424367 0
1551424368 0
1551424369 0
1551424370 0
1551424371 0
1551424372 0
1551424373 0
1551424374 0
1551424375 0
1551424376 0
1551424377 0
1551424378 0
1551424379 0
1551424380 0
1551424381 0
1551424382 0
1551424383 0
1551424384 0
1551424385 0
1551424386 0
1551424387 0
1551424388 0
1551424389 0
1551424390 0
1551424391 0
1551424392 0
1551424393 0
1551424394 0
1551424395 0
1551424396 0
1551424397 0
1551424398 0
1551424399 0
1551424400 0
1551424401 0
1551424402 0
1551424403 0
1551424404 0
1551424405 0
1551424406 0
1551424407 0
1551424408 0
1551424409 0
1551424410 0
1551424411 0
1551424412 0
1551424413 0
1551424414 0
1551424415 0
1551424416 0
1551424417 0
1551424418 0
1551424419 0
1551424420 0
1551424421 0
1551424422 0
1551424423 0
1551424424 0
1551424425 0
1551424426 0
1551424427 0
1551424428 0
1551424429 0
1551424430 0
1551424431 0
1551424432 0
1551424433 0
1551424434 0
1551424435 0
1551424436 0
1551424437 0
1551424438 0
1551424439 0
1551424440 0
1551424441 0
1551424442 0
1551424443 0
1551424444 0
1551424445 0
1551424446 0
1551424447 0
1551424448 0
1551424449 0
1551424450 0
1551424451 0
1551424452 0
1551424453 0
1551424454 0
1551424455 0
1551424456 0
1551424457 0
1551424458 0
1551424459 0
1551424460 0
1551424461 0
1551424462 0
1551424463 0
1551424464 0
1551424465 0
1551424466 0
1551424467 0
1551424468 0
1551424469 0
1551424470 0
1551424471 0
1551424472 0
1551424473 0
1551424474 0
1551424475 0
1551424476 0
1551424477 0
1551424478 0
1551424479 0
1551424480 0
1551424481 0
1551424482 0
1551424483 0
1551424484 0
1551424485 0
1551424486 0
1551424487 0
1551424488 0
1551424489 0
1551424490 0
1551424491 0
1551424492 0
1551424493 0
1551424494 0
1551424495 0
1551424496 0
1551424497 0
1551424498 0
1551424499 0
1551424500 0
1551424501 0
1551424502 0
1551424503 0
1551424504 0
1551424505 0
1551424506 0
1551424507 0
1551424508 0
1551424509 0
1551424510 0
1551424511 0
1551424512 0
1551424513 0
1551424514 0
1551424515 0
1551424516 0
1551424517 0
1551424518 0
1551424519 0
1551424520 0
1551424521 0
1551424522 0
1551424523 0
1551424524 0
1551424525 0
1551424526 0
1551424527 0
1551424528 0
1551424529 0
1551424530 0
1551424531 0
1551424532 0
1551424533 0
1551424534 0
1551424535 0
1551424536 0
1551424537 0
1551424538 0
1551424539 0
1551424540 0
1551424541 0
1551424542 0
1551424543 0
1551424544 0
1551424545 0
1551424546 0
1551424547 0
1551424548 0
1551424549 0
1551424550 0
1551424551 0
1551424552 0
1551424553 0
1551424554 0
1551424555 0
1551424556 0
1551424557 0
1551424558 0
1551424559 0
1551424560 0
1551424561 0
1551424562 0
1551424563 0
1551424564 0
1551424565 0
1551424566 0
1551424567 0
1551424568 0
1551424569 0
1551424570 0
1551424571 0
1551424572 0
1551424573 0
1551424574 0
1551424575 0
1551424576 0
1551424577 0
1551424578 0
1551424579 0
1551424580 0
1551424581 0
1551424582 0
1551424583 0
1551424584 0
1551424585 0
1551424586 0
1551424587 0
1551424588 0
1551424589 0
1551424590 0
1551424591 0
1551424592 0
1551424593 0
1551424594 0
1551424595 0
1551424596 0
1551424597 0
1551424598 0
1551424599 0
1551424600 0
1551424601 0
1551424602 0
1551424603 0
1551424604 0
1551424605 0
1551424606 0
1551424607 0
1551424608 0
1551424609 0
1551424610 0
1551424611 0
1551424612 0
1551424613 0
1551424614 0
1551424615 0
1551424616 0
1551424617 0
1551424618 0
1551424619 0
1551424620 0
1551424621 0
1551424622 0
1551424623 0
1551424624 0
1551424625 0
1551424626 0
1551424627 0
1551424628 0
1551424629 0
1551424630 0
1551424631 0
1551424632 0
1551424633 0
1551424634 0
1551424635 0
1551424636 0
1551424637 0
1551424638 0
1551424639 0
1551424640 0
1551424641 0
1551424642 0
1551424643 0
1551424644 0
1551424645 0
1551424646 0
1551424647 0
1551424648 0
1551424649 0
1551424650 0
1551424651 0
1551424652 0
1551424653 0
1551424654 0
1551424655 0
1551424656 0
1551424657 0
1551424658 0
1551424659 0
1551424660 0
1551424661 0
1551424662 0
1551424663 0
1551424664 0
1551424665 0
1551424666 0
1551424667 0
1551424668 0
1551424669 0
1551424670 0
1551424671 0
1551424672 0
1551424673 0
1551424674 0
1551424675 0
1551424676 0
1551424677 0
1551424678 0
1551424679 0
1551424680 0
1551424681 0
1551424682 0
1551424683 0
1551424684 0
1551424685 0
1551424686 0
1551424687 0
1551424688 0
1551424689 0
1551424690 0
1551424691 0
1551424692 0
1551424693 0
1551424694 0
1551424695 0
1551424696 0
1551424697 0
1551424698 0
1551424699 0
1551424700 0
1551424701 0
1551424702 0
1551424703 0
1551424704 0
1551424705 0
1551424706 0
1551424707 0
1551424708 0
1551424709 0
1551424710 0
1551424711 0
1551424712 0
1551424713 0
1551424714 0
1551424715 0
1551424716 0
1551424717 0
1551424718 0
1551424719 0
1551424720 0
1551424721 0
1551424722 0
1551424723 0
1551424724 0
1551424725 0
1551424726 0
1551424727 0
1551424728 0
1551424729 0
1551424730 0
1551424731 0
1551424732 0
1551424733 0
1551424734 0
1551424735 0
1551424736 0
1551424737 0
1551424738 0
1551424739 0
1551424740 0
1551424741 0
1551424742 0
1551424743 0
1551424744 0
1551424745 0
1551424746 0
1551424747 0
1551424748 0
1551424749 0
1551424750 0
1551424751 0
1551424752 0
1551424753 0
1551424754 0
1551424755 0
1551424756 0
1551424757 0
1551424758 0
1551424759 0
1551424760 0
1551424761 0
1551424762 0
1551424763 0
1551424764 0
1551424765 0
1551424766 0
1551424767 0
1551424768 0
1551424769 0
1551424770 0
1551424771 0
1551424772 0
1551424773 0
1551424774 0
1551424775 0
1551424776 0
1551424777 0
1551424778 0
1551424779 0
1551424780 0
1551424781 0
1551424782 0
1551424783 0
1551424784 0
1551424785 0
1551424786 0
1551424787 0
1551424788 0
1551424789 0
1551424790 0
1551424791 0
1551424792 0
1551424793 0
1551424794 0
1551424795 0
1551424796 0
1551424797 0
1551424798 0
1551424799 0
1551424800 0
1551424801 0
1551424802 0
1551424803 0
1551424804 0
1551424805 0
1551424806 0
1551424807 0
1551424808 0
1551424809 0
1551424810 0
1551424811 0
1551424812 0
1551424813 0
1551424814 0
1551424815 0
1551424816 0
1551424817 0
1551424818 0
1551424819 0
1551424820 0
1551424821 0
1551424822 0
1551424823 0
1551424824 0
1551424825 0
1551424826 0
1551424827 0
1551424828 0
1551424829 0
1551424830 0
1551424831 0
1551424832 0
1551424833 0
1551424834 0
1551424835 0
1551424836 0
1551424837 0
1551424838 0
1551424839 0
1551424840 0
1551424841 0
1551424842 0
1551424843 0
1551424844 0
1551424845 0
1551424846 0
1551424847 0
1551424848 0
1551424849 0
1551424850 0
1551424851 0
1551424852 0
1551424853 0
1551424854 0
1551424855 0
1551424856 0
1551424857 0
1551424858 0
1551424859 0
1551424860 0
1551424861 0
1551424862 0
1551424863 0
1551424864 0
1551424865 0
1551424866 0
1551424867 0
1551424868 0
1551424869 0
1551424870 0
1551424871 0
1551424872 0
1551424873 0
1551424874 0
1551424875 0
1551424876 0
1551424877 0
1551424878 0
1551424879 0
1551424880 0
1551424881 0
1551424882 0
1551424883 0
1551424884 0
1551424885 0
1551424886 0
1551424887 0
1551424888 0
1551424889 0
1551424890 0
1551424891 0
1551424892 0
1551424893 0
1551424894 0
1551424895 0
1551424896 0
1551424897 0
1551424898 0
1551424899 0
1551424900 0
1551424901 0
1551424902 0
1551424903 0
1551424904 0
1551424905 0
1551424906 0
1551424907 0
1551424908 0
1551424909 0
1551424910 0
1551424911 0
1551424912 0
1551424913 0
1551424914 0
1551424915 0
1551424916 0
1551424917 0
1551424918 0
1551424919 0
1551424920 0
1551424921 0
1551424922 0
1551424923 0
1551424924 0
1551424925 0
1551424926 0
1551424927 0
1551424928 0
1551424929 0
1551424930 0
1551424931 0
1551424932 0
1551424933 0
1551424934 0
1551424935 0
1551424936 0
1551424937 0
1551424938 0
1551424939 0
1551424940 0
1551424941 0
1551424942 0
1551424943 0
1551424944 0
1551424945 0
1551424946 0
1551424947 0
1551424948 0
1551424949 0
1551424950 0
1551424951 0
1551424952 0
1551424953 0
1551424954 0
1551424955 0
1551424956 0
1551424957 0
1551424958 0
1551424959 0
1551424960 0
1551424961 0
1551424962 0
1551424963 0
1551424964 0
1551424965 0
1551424966 0
1551424967 0
1551424968 0
1551424969 0
1551424970 0
1551424971 0
1551424972 0
1551424973 0
1551424974 0
1551424975 0
1551424976 0
1551424977 0
1551424978 0
1551424979 0
1551424980 0
1551424981 0
1551424982 0
1551424983 0
1551424984 0
1551424985 0
1551424986 0
1551424987 0
1551424988 0
1551424989 0
1551424990 0
1551424991 0
1551424992 0
1551424993 0
1551424994 0
1551424995 0
1551424996 0
1551424997 0
1551424998 0
1551424999 0
1551425000 0
1551425001 0
1551425002 0
1551425003 0
1551425004 0
1551425005 0
1551425006 0
1551425007 0
1551425008 0
1551425009 0
1551425010 0
1551425011 0
1551425012 0
1551425013 0
1551425014 0
1551425015 0
1551425016 0
1551425017 0
1551425018 0
1551425019 0
1551425020 0
1551425021 0
1551425022 0
1551425023 0
1551425024 0
1551425025 0
1551425026 0
1551425027 0
1551425028 0
1551425029 0
1551425030 0
1551425031 0
1551425032 0
1551425033 0
1551425034 0
1551425035 0
1551425036 0
1551425037 0
1551425038 0
1551425039 0
1551425040 0
1551425041 0
1551425042 0
1551425043 0
1551425044 0
1551425045 0
1551425046 0
1551425047 0
1551425048 0
1551425049 0
1551425050 0
1551425051 0
1551425052 0
1551425053 0
1551425054 0
1551425055 0
1551425056 0
1551425057 0
1551425058 0
1551425059 0
1551425060 0
1551425061 0
1551425062 0
1551425063 0
1551425064 0
1551425065 0
1551425066 0
1551425067 0
1551425068 0
1551425069 0
1551425070 0
1551425071 0
1551425072 0
1551425073 0
1551425074 0
1551425075 0
1551425076 0
1551425077 0
1551425078 0
1551425079 0
1551425080 0
1551425081 0
1551425082 0
1551425083 0
1551425084 0
1551425085 0
1551425086 0
1551425087 0
1551425088 0
1551425089 0
1551425090 0
1551425091 0
1551425092 0
1551425093 0
1551425094 0
1551425095 0
1551425096 0
1551425097 0
1551425098 0
1551425099 0
1551425100 0
1551425101 0
1551425102 0
1551425103 0
1551425104 0
1551425105 0
1551425106 0
1551425107 0
1551425108 0
1551425109 0
1551425110 0
1551425111 0
1551425112 0
1551425113 0
1551425114 0
1551425115 0
1551425116 0
1551425117 0
1551425118 0
1551425119 0
1551425120 0
1551425121 0
1551425122 0
1551425123 0
1551425124 0
1551425125 0
1551425126 0
1551425127 0
1551425128 0
1551425129 0
1551425130 0
1551425131 0
1551425132 0
1551425133 0
1551425134 0
1551425135 0
1551425136 0
1551425137 0
1551425138 0
1551425139 0
1551425140 0
1551425141 0
1551425142 0
1551425143 0
1551425144 0
1551425145 0
1551425146 0
1551425147 0
1551425148 0
1551425149 0
1551425150 0
1551425151 0
1551425152 0
1551425153 0
1551425154 0
1551425155 0
1551425156 0
1551425157 0
1551425158 0
1551425159 0
1551425160 0
1551425161 0
1551425162 0
1551425163 0
1551425164 0
1551425165 0
1551425166 0
1551425167 0
1551425168 0
1551425169 0
1551425170 0
1551425171 0
1551425172 0
1551425173 0
1551425174 0
1551425175 0
1551425176 0
1551425177 0
1551425178 0
1551425179 0
1551425180 0
1551425181 0
1551425182 0
1551425183 0
1551425184 0
1551425185 0
1551425186 0
1551425187 0
1551425188 0
1551425189 0
1551425190 0
1551425191 0
1551425192 0
1551425193 0
1551425194 0
1551425195 0
1551425196 0
1551425197 0
1551425198 0
1551425199 0
1551425200 0
1551425201 0
1551425202 0
1551425203 0
1551425204 0
1551425205 0
1551425206 0
1551425207 0
1551425208 0
1551425209 0
1551425210 0
1551425211 0
1551425212 0
1551425213 0
1551425214 0
1551425215 0
1551425216 0
1551425217 0
1551425218 0
1551425219 0
1551425220 0
1551425221 0
1551425222 0
1551425223 0
1551425224 0
1551425225 0
1551425226 0
1551425227 0
1551425228 0
1551425229 0
1551425230 0
1551425231 0
1551425232 0
1551425233 0
1551425234 0
1551425235 0
1551425236 0
1551425237 0
1551425238 0
1551425239 0
1551425240 0
1551425241 0
1551425242 0
1551425243 0
1551425244 0
1551425245 0
1551425246 0
1551425247 0
1551425248 0
1551425249 0
1551425250 0
1551425251 0
1551425252 0
1551425253 0
1551425254 0
1551425255 0
1551425256 0
1551425257 0
1551425258 0
1551425259 0
1551425260 0
1551425261 0
1551425262 0
1551425263 0
1551425264 0
1551425265 0
1551425266 0
1551425267 0
1551425268 0
1551425269 0
1551425270 0
1551425271 0
1551425272 0
1551425273 0
1551425274 0
1551425275 0
1551425276 0
1551425277 0
1551425278 0
1551425279 0
1551425280 0
1551425281 0
1551425282 0
1551425283 0
1551425284 0
1551425285 0
1551425286 0
1551425287 0
1551425288 0
1551425289 0
1551425290 0
1551425291 0
1551425292 0
1551425293 0
1551425294 0
1551425295 0
1551425296 0
1551425297 0
1551425298 0
1551425299 0
1551425300 0
1551425301 0
1551425302 0
1551425303 0
1551425304 0
1551425305 0
1551425306 0
1551425307 0
1551425308 0
1551425309 0
1551425310 0
1551425311 0
1551425312 0
1551425313 0
1551425314 0
1551425315 0
1551425316 0
1551425317 0
1551425318 0
1551425319 0
1551425320 0
1551425321 0
1551425322 0
1551425323 0
1551425324 0
1551425325 0
1551425326 0
1551425327 0
1551425328 0
1551425329 0
1551425330 0
1551425331 0
1551425332 0
1551425333 0
1551425334 0
1551425335 0
1551425336 0
1551425337 0
1551425338 0
1551425339 0
1551425340 0
1551425341 0
1551425342 0
1551425343 0
1551425344 0
1551425345 0
1551425346 0
1551425347 0
1551425348 0
1551425349 0
1551425350 0
1551425351 0
1551425352 0
1551425353 0
1551425354 0
1551425355 0
1551425356 0
1551425357 0
1551425358 0
1551425359 0
1551425360 0
1551425361 0
1551425362 0
1551425363 0
1551425364 0
1551425365 0
1551425366 0
1551425367 0
1551425368 0
1551425369 0
1551425370 0
1551425371 0
1551425372 0
1551425373 0
1551425374 0
1551425375 0
1551425376 0
1551425377 0
1551425378 0
1551425379 0
1551425380 0
1551425381 0
1551425382 0
1551425383 0
1551425384 0
1551425385 0
1551425386 0
1551425387 0
1551425388 0
1551425389 0
1551425390 0
1551425391 0
1551425392 0
1551425393 0
1551425394 0
1551425395 0
1551425396 0
1551425397 0
1551425398 0
1551425399 0
1551425400 0
1551425401 0
1551425402 0
1551425403 0
1551425404 0
1551425405 0
1551425406 0
1551425407 0
1551425408 0
1551425409 0
1551425410 0
1551425411 0
1551425412 0
1551425413 0
1551425414 0
1551425415 0
1551425416 0
1551425417 0
1551425418 0
1551425419 0
1551425420 0
1551425421 0
1551425422 0
1551425423 0
1551425424 0
1551425425 0
1551425426 0
1551425427 0
1551425428 0
1551425429 0
1551425430 0
1551425431 0
1551425432 0
1551425433 0
1551425434 0
1551425435 0
1551425436 0
1551425437 0
1551425438 0
1551425439 0
1551425440 0
1551425441 0
1551425442 0
1551425443 0
1551425444 0
1551425445 0
1551425446 0
1551425447 0
1551425448 0
1551425449 0
1551425450 0
1551425451 0
1551425452 0
1551425453 0
1551425454 0
1551425455 0
1551425456 0
1551425457 0
1551425458 0
1551425459 0
1551425460 0
1551425461 0
1551425462 0
1551425463 0
1551425464 0
1551425465 0
1551425466 0
1551425467 0
1551425468 0
1551425469 0
1551425470 0
1551425471 0
1551425472 0
1551425473 0
1551425474 0
1551425475 0
1551425476 0
1551425477 0
1551425478 0
1551425479 0
1551425480 0
1551425481 0
1551425482 0
1551425483 0
1551425484 0
1551425485 0
1551425486 0
1551425487 0
1551425488 0
1551425489 0
1551425490 0
1551425491 0
1551425492 0
1551425493 0
1551425494 0
1551425495 0
1551425496 0
1551425497 0
1551425498 0
1551425499 0
1551425500 0
1551425501 0
1551425502 0
1551425503 0
1551425504 0
1551425505 0
1551425506 0
1551425507 0
1551425508 0
1551425509 0
1551425510 0
1551425511 0
1551425512 0
1551425513 0
1551425514 0
1551425515 0
1551425516 0
1551425517 0
1551425518 0
1551425519 0
1551425520 0
1551425521 0
1551425522 0
1551425523 0
1551425524 0
1551425525 0
1551425526 0
1551425527 0
1551425528 0
1551425529 0
1551425530 0
1551425531 0
1551425532 0
1551425533 0
1551425534 0
1551425535 0
1551425536 0
1551425537 0
1551425538 0
1551425539 0
1551425540 0
1551425541 0
1551425542 0
1551425543 0
1551425544 0
1551425545 0
1551425546 0
1551425547 0
1551425548 0
1551425549 0
1551425550 0
1551425551 0
1551425552 0
1551425553 0
1551425554 0
1551425555 0
1551425556 0
1551425557 0
1551425558 0
1551425559 0
1551425560 0
1551425561 0
1551425562 0
1551425563 0
1551425564 0
1551425565 0
1551425566 0
1551425567 0
1551425568 0
1551425569 0
1551425570 0
1551425571 0
1551425572 0
1551425573 0
1551425574 0
1551425575 0
1551425576 0
1551425577 0
1551425578 0
1551425579 0
1551425580 0
1551425581 0
1551425582 0
1551425583 0
1551425584 0
1551425585 0
1551425586 0
1551425587 0
1551425588 0
1551425589 0
1551425590 0
1551425591 0
1551425592 0
1551425593 0
1551425594 0
1551425595 0
1551425596 0
1551425597 0
1551425598 0
1551425599 0
1551425600 0
1551425601 0
1551425602 0
1551425603 0
1551425604 0
1551425605 0
1551425606 0
1551425607 0
1551425608 0
1551425609 0
1551425610 0
1551425611 0
1551425612 0
1551425613 0
1551425614 0
1551425615 0
1551425616 0
1551425617 0
1551425618 0
1551425619 0
1551425620 0
1551425621 0
1551425622 0
1551425623 0
1551425624 0
1551425625 0
1551425626 0
1551425627 0
1551425628 0
1551425629 0
1551425630 0
1551425631 0
1551425632 0
1551425633 0
1551425634 0
1551425635 0
1551425636 0
1551425637 0
1551425638 0
1551425639 0
1551425640 0
1551425641 0
1551425642 0
1551425643 0
1551425644 0
1551425645 0
1551425646 0
1551425647 0
1551425648 0
1551425649 0
1551425650 0
1551425651 0
1551425652 0
1551425653 0
1551425654 0
1551425655 0
1551425656 0
1551425657 0
1551425658 0
1551425659 0
1551425660 0
1551425661 0
1551425662 0
1551425663 0
1551425664 0
1551425665 0
1551425666 0
1551425667 0
1551425668 0
1551425669 0
1551425670 0
1551425671 0
1551425672 0
1551425673 0
1551425674 0
1551425675 0
1551425676 0
1551425677 0
1551425678 0
1551425679 0
1551425680 0
1551425681 0
1551425682 0
1551425683 0
1551425684 0
1551425685 0
1551425686 0
1551425687 0
1551425688 0
1551425689 0
1551425690 0
1551425691 0
1551425692 0
1551425693 0
1551425694 0
1551425695 0
1551425696 0
1551425697 0
1551425698 0
1551425699 0
1551425700 0
1551425701 0
1551425702 0
1551425703 0
1551425704 0
1551425705 0
1551425706 0
1551425707 0
1551425708 0
1551425709 0
1551425710 0
1551425711 0
1551425712 0
1551425713 0
1551425714 0
1551425715 0
1551425716 0
1551425717 0
1551425718 0
1551425719 0
1551425720 0
1551425721 0
1551425722 0
1551425723 0
1551425724 0
1551425725 0
1551425726 0
1551425727 0
1551425728 0
1551425729 0
1551425730 0
1551425731 0
1551425732 0
1551425733 0
1551425734 0
1551425735 0
1551425736 0
1551425737 0
1551425738 0
1551425739 0
1551425740 0
1551425741 0
1551425742 0
1551425743 0
1551425744 0
1551425745 0
1551425746 0
1551425747 0
1551425748 0
1551425749 0
1551425750 0
1551425751 0
1551425752 0
1551425753 0
1551425754 0
1551425755 0
1551425756 0
1551425757 0
1551425758 0
1551425759 0
1551425760 0
1551425761 0
1551425762 0
1551425763 0
1551425764 0
1551425765 0
1551425766 0
1551425767 0
1551425768 0
1551425769 0
1551425770 0
1551425771 0
1551425772 0
1551425773 0
1551425774 0
1551425775 0
1551425776 0
1551425777 0
1551425778 0
1551425779 0
1551425780 0
1551425781 0
1551425782 0
1551425783 0
1551425784 0
1551425785 0
1551425786 0
1551425787 0
1551425788 0
1551425789 0
1551425790 0
1551425791 0
1551425792 0
1551425793 0
1551425794 0
1551425795 0
1551425796 0
1551425797 0
1551425798 0
1551425799 0
1551425800 0
1551425801 0
1551425802 0
1551425803 0
1551425804 0
1551425805 0
1551425806 0
1551425807 0
1551425808 0
1551425809 0
1551425810 0
1551425811 0
1551425812 0
1551425813 0
1551425814 0
1551425815 0
1551425816 0
1551425817 0
1551425818 0
1551425819 0
1551425820 0
1551425821 0
1551425822 0
1551425823 0
1551425824 0
1551425825 0
1551425826 0
1551425827 0
1551425828 0
1551425829 0
1551425830 0
1551425831 0
1551425832 0
1551425833 0
1551425834 0
1551425835 0
1551425836 0
1551425837 0
1551425838 0
1551425839 0
1551425840 0
1551425841 0
1551425842 0
1551425843 0
1551425844 0
1551425845 0
1551425846 0
1551425847 0
1551425848 0
1551425849 0
1551425850 0
1551425851 0
1551425852 0
1551425853 0
1551425854 0
1551425855 0
1551425856 0
1551425857 0
1551425858 0
1551425859 0
1551425860 0
1551425861 0
1551425862 0
1551425863 0
1551425864 0
1551425865 0
1551425866 0
1551425867 0
1551425868 0
1551425869 0
1551425870 0
1551425871 0
1551425872 0
1551425873 0
1551425874 0
1551425875 0
1551425876 0
1551425877 0
1551425878 0
1551425879 0
1551425880 0
1551425881 0
1551425882 0
1551425883 0
1551425884 0
1551425885 0
1551425886 0
1551425887 0
1551425888 0
1551425889 0
1551425890 0
1551425891 0
1551425892 0
1551425893 0
1551425894 0
1551425895 0
1551425896 0
1551425897 0
1551425898 0
1551425899 0
1551425900 0
1551425901 0
1551425902 0
1551425903 0
1551425904 0
1551425905 0
1551425906 0
1551425907 0
1551425908 0
1551425909 0
1551425910 0
1551425911 0
1551425912 0
1551425913 0
1551425914 0
1551425915 0
1551425916 0
1551425917 0
1551425918 0
1551425919 0
1551425920 0
1551425921 0
1551425922 0
1551425923 0
1551425924 0
1551425925 0
1551425926 0
1551425927 0
1551425928 0
1551425929 0
1551425930 0
1551425931 0
1551425932 0
1551425933 0
1551425934 0
1551425935 0
1551425936 0
1551425937 0
1551425938 0
1551425939 0
1551425940 0
1551425941 0
1551425942 0
1551425943 0
1551425944 0
1551425945 0
1551425946 0
1551425947 0
1551425948 0
1551425949 0
1551425950 0
1551425951 0
1551425952 0
1551425953 0
1551425954 0
1551425955 0
1551425956 0
1551425957 0
1551425958 0
1551425959 0
1551425960 0
1551425961 0
1551425962 0
1551425963 0
1551425964 0
1551425965 0
1551425966 0
1551425967 0
1551425968 0
1551425969 0
1551425970 0
1551425971 0
1551425972 0
1551425973 0
1551425974 0
1551425975 0
1551425976 0
1551425977 0
1551425978 0
1551425979 0
1551425980 0
1551425981 0
1551425982 0
1551425983 0
1551425984 0
1551425985 0
1551425986 0
1551425987 0
1551425988 0
1551425989 0
1551425990 0
1551425991 0
1551425992 0
1551425993 0
1551425994 0
1551425995 0
1551425996 0
1551425997 0
1551425998 0
1551425999 0
1551426000 0
1551426001 0
1551426002 0
1551426003 0
1551426004 0
1551426005 0
1551426006 0
1551426007 0
1551426008 0
1551426009 0
1551426010 0
1551426011 0
1551426012 0
1551426013 0
1551426014 0
1551426015 0
1551426016 0
1551426017 0
1551426018 0
1551426019 0
1551426020 0
1551426021 0
1551426022 0
1551426023 0
1551426024 0
1551426025 0
1551426026 0
1551426027 0
1551426028 0
1551426029 0
1551426030 0
1551426031 0
1551426032 0
1551426033 0
1551426034 0
1551426035 0
1551426036 0
1551426037 0
1551426038 0
1551426039 0
1551426040 0
1551426041 0
1551426042 0
1551426043 0
1551426044 0
1551426045 0
1551426046 0
1551426047 0
1551426048 0
1551426049 0
1551426050 0
1551426051 0
1551426052 0
1551426053 0
1551426054 0
1551426055 0
1551426056 0
1551426057 0
1551426058 0
1551426059 0
1551426060 0
1551426061 0
1551426062 0
1551426063 0
1551426064 0
1551426065 0
1551426066 0
1551426067 0
1551426068 0
1551426069 0
1551426070 0
1551426071 0
1551426072 0
1551426073 0
1551426074 0
1551426075 0
1551426076 0
1551426077 0
1551426078 0
1551426079 0
1551426080 0
1551426081 0
1551426082 0
1551426083 0
1551426084 0
1551426085 0
1551426086 0
1551426087 0
1551426088 0
1551426089 0
1551426090 0
1551426091 0
1551426092 0
1551426093 0
1551426094 0
1551426095 0
1551426096 0
1551426097 0
1551426098 0
1551426099 0
1551426100 0
1551426101 0
1551426102 0
1551426103 0
1551426104 0
1551426105 0
1551426106 0
1551426107 0
1551426108 0
1551426109 0
1551426110 0
1551426111 0
1551426112 0
1551426113 0
1551426114 0
1551426115 0
1551426116 0
1551426117 0
1551426118 0
1551426119 0
1551426120 0
1551426121 0
1551426122 0
1551426123 0
1551426124 0
1551426125 0
1551426126 0
1551426127 0
1551426128 0
1551426129 0
1551426130 0
1551426131 0
1551426132 0
1551426133 0
1551426134 0
1551426135 0
1551426136 0
1551426137 0
1551426138 0
1551426139 0
1551426140 0
1551426141 0
1551426142 0
1551426143 0
1551426144 0
1551426145 0
1551426146 0
1551426147 0
1551426148 0
1551426149 0
1551426150 0
1551426151 0
1551426152 0
1551426153 0
1551426154 0
1551426155 0
1551426156 0
1551426157 0
1551426158 0
1551426159 0
1551426160 0
1551426161 0
1551426162 0
1551426163 0
1551426164 0
1551426165 0
1551426166 0
1551426167 0
1551426168 0
1551426169 0
1551426170 0
1551426171 0
1551426172 0
1551426173 0
1551426174 0
1551426175 0
1551426176 0
1551426177 0
1551426178 0
1551426179 0
1551426180 0
1551426181 0
1551426182 0
1551426183 0
1551426184 0
1551426185 0
1551426186 0
1551426187 0
1551426188 0
1551426189 0
1551426190 0
1551426191 0
1551426192 0
1551426193 0
1551426194 0
1551426195 0
1551426196 0
1551426197 0
1551426198 0
1551426199 0
1551426200 0
1551426201 0
1551426202 0
1551426203 0
1551426204 0
1551426205 0
1551426206 0
1551426207 0
1551426208 0
1551426209 0
1551426210 0
1551426211 0
1551426212 0
1551426213 0
1551426214 0
1551426215 0
1551426216 0
1551426217 0
1551426218 0
1551426219 0
1551426220 0
1551426221 0
1551426222 0
1551426223 0
1551426224 0
1551426225 0
1551426226 0
1551426227 0
1551426228 0
1551426229 0
1551426230 0
1551426231 0
1551426232 0
1551426233 0
1551426234 0
1551426235 0
1551426236 0
1551426237 0
1551426238 0
1551426239 0
1551426240 0
1551426241 0
1551426242 0
1551426243 0
1551426244 0
1551426245 0
1551426246 0
1551426247 0
1551426248 0
1551426249 0
1551426250 0
1551426251 0
1551426252 0
1551426253 0
1551426254 0
1551426255 0
1551426256 0
1551426257 0
1551426258 0
1551426259 0
1551426260 0
1551426261 0
1551426262 0
1551426263 0
1551426264 0
1551426265 0
1551426266 0
1551426267 0
1551426268 0
1551426269 0
1551426270 0
1551426271 0
1551426272 0
1551426273 0
1551426274 0
1551426275 0
1551426276 0
1551426277 0
1551426278 0
1551426279 0
1551426280 0
1551426281 0
1551426282 0
1551426283 0
1551426284 0
1551426285 0
1551426286 0
1551426287 0
1551426288 0
1551426289 0
1551426290 0
1551426291 0
1551426292 0
1551426293 0
1551426294 0
1551426295 0
1551426296 0
1551426297 0
1551426298 0
1551426299 0
1551426300 0
1551426301 0
1551426302 0
1551426303 0
1551426304 0
1551426305 0
1551426306 0
1551426307 0
1551426308 0
1551426309 0
1551426310 0
1551426311 0
1551426312 0
1551426313 0
1551426314 0
1551426315 0
1551426316 0
1551426317 0
1551426318 0
1551426319 0
1551426320 0
1551426321 0
1551426322 0
1551426323 0
1551426324 0
1551426325 0
1551426326 0
1551426327 0
1551426328 0
1551426329 0
1551426330 0
1551426331 0
1551426332 0
1551426333 0
1551426334 0
1551426335 0
1551426336 0
1551426337 0
1551426338 0
1551426339 0
1551426340 0
1551426341 0
1551426342 0
1551426343 0
1551426344 0
1551426345 0
1551426346 0
1551426347 0
1551426348 0
1551426349 0
1551426350 0
1551426351 0
1551426352 0
1551426353 0
1551426354 0
1551426355 0
1551426356 0
1551426357 0
1551426358 0
1551426359 0
1551426360 0
1551426361 0
1551426362 0
1551426363 0
1551426364 0
1551426365 0
1551426366 0
1551426367 0
1551426368 0
1551426369 0
1551426370 0
1551426371 0
1551426372 0
1551426373 0
1551426374 0
1551426375 0
1551426376 0
1551426377 0
1551426378 0
1551426379 0
1551426380 0
1551426381 0
1551426382 0
1551426383 0
1551426384 0
1551426385 0
1551426386 0
1551426387 0
1551426388 0
1551426389 0
1551426390 0
1551426391 0
1551426392 0
1551426393 0
1551426394 0
1551426395 0
1551426396 0
1551426397 0
1551426398 0
1551426399 0
1551426400 0
1551426401 0
1551426402 0
1551426403 0
1551426404 0
1551426405 0
1551426406 0
1551426407 0
1551426408 0
1551426409 0
1551426410 0
1551426411 0
1551426412 0
1551426413 0
1551426414 0
1551426415 0
1551426416 0
1551426417 0
1551426418 0
1551426419 0
1551426420 0
1551426421 0
1551426422 0
1551426423 0
1551426424 0
1551426425 0
1551426426 0
1551426427 0
1551426428 0
1551426429 0
1551426430 0
1551426431 0
1551426432 0
1551426433 0
1551426434 0
1551426435 0
1551426436 0
1551426437 0
1551426438 0
1551426439 0
1551426440 0
1551426441 0
1551426442 0
1551426443 0
1551426444 0
1551426445 0
1551426446 0
1551426447 0
1551426448 0
1551426449 0
1551426450 0
1551426451 0
1551426452 0
1551426453 0
1551426454 0
1551426455 0
1551426456 0
1551426457 0
1551426458 0
1551426459 0
1551426460 0
1551426461 0
1551426462 0
1551426463 0
1551426464 0
1551426465 0
1551426466 0
1551426467 0
1551426468 0
1551426469 0
1551426470 0
1551426471 0
1551426472 0
1551426473 0
1551426474 0
1551426475 0
1551426476 0
1551426477 0
1551426478 0
1551426479 0
1551426480 0
1551426481 0
1551426482 0
1551426483 0
1551426484 0
1551426485 0
1551426486 0
1551426487 0
1551426488 0
1551426489 0
1551426490 0
1551426491 0
1551426492 0
1551426493 0
1551426494 0
1551426495 0
1551426496 0
1551426497 0
1551426498 0
1551426499 0
1551426500 0
1551426501 0
1551426502 0
1551426503 0
1551426504 0
1551426505 0
1551426506 0
1551426507 0
1551426508 0
1551426509 0
1551426510 0
1551426511 0
1551426512 0
1551426513 0
1551426514 0
1551426515 0
1551426516 0
1551426517 0
1551426518 0
1551426519 0
1551426520 0
1551426521 0
1551426522 0
1551426523 0
1551426524 0
1551426525 0
1551426526 0
1551426527 0
1551426528 0
1551426529 0
1551426530 0
1551426531 0
1551426532 0
1551426533 0
1551426534 0
1551426535 0
1551426536 0
1551426537 0
1551426538 0
1551426539 0
1551426540 0
1551426541 0
1551426542 0
1551426543 0
1551426544 0
1551426545 0
1551426546 0
1551426547 0
1551426548 0
1551426549 0
1551426550 0
1551426551 0
1551426552 0
1551426553 0
1551426554 0
1551426555 0
1551426556 0
1551426557 0
1551426558 0
1551426559 0
1551426560 0
1551426561 0
1551426562 0
1551426563 0
1551426564 0
1551426565 0
1551426566 0
1551426567 0
1551426568 0
1551426569 0
1551426570 0
1551426571 0
1551426572 0
1551426573 0
1551426574 0
1551426575 0
1551426576 0
1551426577 0
1551426578 0
1551426579 0
1551426580 0
1551426581 0
1551426582 0
1551426583 0
1551426584 0
1551426585 0
1551426586 0
1551426587 0
1551426588 0
1551426589 0
1551426590 0
1551426591 0
1551426592 0
1551426593 0
1551426594 0
1551426595 0
1551426596 0
1551426597 0
1551426598 0
1551426599 0
1551426600 0
1551426601 0
1551426602 0
1551426603 0
1551426604 0
1551426605 0
1551426606 0
1551426607 0
1551426608 0
1551426609 0
1551426610 0
1551426611 0
1551426612 0
1551426613 0
1551426614 0
1551426615 0
1551426616 0
1551426617 0
1551426618 0
1551426619 0
1551426620 0
1551426621 0
1551426622 0
1551426623 0
1551426624 0
1551426625 0
1551426626 0
1551426627 0
1551426628 0
1551426629 0
1551426630 0
1551426631 0
1551426632 0
1551426633 0
1551426634 0
1551426635 0
1551426636 0
1551426637 0
1551426638 0
1551426639 0
1551426640 0
1551426641 0
1551426642 0
1551426643 0
1551426644 0
1551426645 0
1551426646 0
1551426647 0
1551426648 0
1551426649 0
1551426650 0
1551426651 0
1551426652 0
1551426653 0
1551426654 0
1551426655 0
1551426656 0
1551426657 0
1551426658 0
1551426659 0
1551426660 0
1551426661 0
1551426662 0
1551426663 0
1551426664 0
1551426665 0
1551426666 0
1551426667 0
1551426668 0
1551426669 0
1551426670 0
1551426671 0
1551426672 0
1551426673 0
1551426674 0
1551426675 0
1551426676 0
1551426677 0
1551426678 0
1551426679 0
1551426680 0
1551426681 0
1551426682 0
1551426683 0
1551426684 0
1551426685 0
1551426686 0
1551426687 0
1551426688 0
1551426689 0
1551426690 0
1551426691 0
1551426692 0
1551426693 0
1551426694 0
1551426695 0
1551426696 0
1551426697 0
1551426698 0
1551426699 0
1551426700 0
1551426701 0
1551426702 0
1551426703 0
1551426704 0
1551426705 0
1551426706 0
1551426707 0
1551426708 0
1551426709 0
1551426710 0
1551426711 0
1551426712 0
1551426713 0
1551426714 0
1551426715 0
1551426716 0
1551426717 0
1551426718 0
1551426719 0
1551426720 0
1551426721 0
1551426722 0
1551426723 0
1551426724 0
1551426725 0
1551426726 0
1551426727 0
1551426728 0
1551426729 0
1551426730 0
1551426731 0
1551426732 0
1551426733 0
1551426734 0
1551426735 0
1551426736 0
1551426737 0
1551426738 0
1551426739 0
1551426740 0
1551426741 0
1551426742 0
1551426743 0
1551426744 0
1551426745 0
1551426746 0
1551426747 0
1551426748 0
1551426749 0
1551426750 0
1551426751 0
1551426752 0
1551426753 0
1551426754 0
1551426755 0
1551426756 0
1551426757 0
1551426758 0
1551426759 0
1551426760 0
1551426761 0
1551426762 0
1551426763 0
1551426764 0
1551426765 0
1551426766 0
1551426767 0
1551426768 0
1551426769 0
1551426770 0
1551426771 0
1551426772 0
1551426773 0
1551426774 0
1551426775 0
1551426776 0
1551426777 0
1551426778 0
1551426779 0
1551426780 0
1551426781 0
1551426782 0
1551426783 0
1551426784 0
1551426785 0
1551426786 0
1551426787 0
1551426788 0
1551426789 0
1551426790 0
1551426791 0
1551426792 0
1551426793 0
1551426794 0
1551426795 0
1551426796 0
1551426797 0
1551426798 0
1551426799 0
1551426800 0
1551426801 0
1551426802 0
1551426803 0
1551426804 0
1551426805 0
1551426806 0
1551426807 0
1551426808 0
1551426809 0
1551426810 0
1551426811 0
1551426812 0
1551426813 0
1551426814 0
1551426815 0
1551426816 0
1551426817 0
1551426818 0
1551426819 0
1551426820 0
1551426821 0
1551426822 0
1551426823 0
1551426824 0
1551426825 0
1551426826 0
1551426827 0
1551426828 0
1551426829 0
1551426830 0
1551426831 0
1551426832 0
1551426833 0
1551426834 0
1551426835 0
1551426836 0
1551426837 0
1551426838 0
1551426839 0
1551426840 0
1551426841 0
1551426842 0
1551426843 0
1551426844 0
1551426845 0
1551426846 0
1551426847 0
1551426848 0
1551426849 0
1551426850 0
1551426851 0
1551426852 0
1551426853 0
1551426854 0
1551426855 0
1551426856 0
1551426857 0
1551426858 0
1551426859 0
1551426860 0
1551426861 0
1551426862 0
1551426863 0
1551426864 0
1551426865 0
1551426866 0
1551426867 0
1551426868 0
1551426869 0
1551426870 0
1551426871 0
1551426872 0
1551426873 0
1551426874 0
1551426875 0
1551426876 0
1551426877 0
1551426878 0
1551426879 0
1551426880 0
1551426881 0
1551426882 0
1551426883 0
1551426884 0
1551426885 0
1551426886 0
1551426887 0
1551426888 0
1551426889 0
1551426890 0
1551426891 0
1551426892 0
1551426893 0
1551426894 0
1551426895 0
1551426896 0
1551426897 0
1551426898 0
1551426899 0
1551426900 0
1551426901 0
1551426902 0
1551426903 0
1551426904 0
1551426905 0
1551426906 0
1551426907 0
1551426908 0
1551426909 0
1551426910 0
1551426911 0
1551426912 0
1551426913 0
1551426914 0
1551426915 0
1551426916 0
1551426917 0
1551426918 0
1551426919 0
1551426920 0
1551426921 0
1551426922 0
1551426923 0
1551426924 0
1551426925 0
1551426926 0
1551426927 0
1551426928 0
1551426929 0
1551426930 0
1551426931 0
1551426932 0
1551426933 0
1551426934 0
1551426935 0
1551426936 0
1551426937 0
1551426938 0
1551426939 0
1551426940 0
1551426941 0
1551426942 0
1551426943 0
1551426944 0
1551426945 0
1551426946 0
1551426947 0
1551426948 0
1551426949 0
1551426950 0
1551426951 0
1551426952 0
1551426953 0
1551426954 0
1551426955 0
1551426956 0
1551426957 0
1551426958 0
1551426959 0
1551426960 0
1551426961 0
1551426962 0
1551426963 0
1551426964 0
1551426965 0
1551426966 0
1551426967 0
1551426968 0
1551426969 0
1551426970 0
1551426971 0
1551426972 0
1551426973 0
1551426974 0
1551426975 0
1551426976 0
1551426977 0
1551426978 0
1551426979 0
1551426980 0
1551426981 0
1551426982 0
1551426983 0
1551426984 0
1551426985 0
1551426986 0
1551426987 0
1551426988 0
1551426989 0
1551426990 0
1551426991 0
1551426992 0
1551426993 0
1551426994 0
1551426995 0
1551426996 0
1551426997 0
1551426998 0
1551426999 0
1551427000 0
1551427001 0
1551427002 0
1551427003 0
1551427004 0
1551427005 0
1551427006 0
1551427007 0
1551427008 0
1551427009 0
1551427010 0
1551427011 0
1551427012 0
1551427013 0
1551427014 0
1551427015 0
1551427016 0
1551427017 0
1551427018 0
1551427019 0
1551427020 0
1551427021 0
1551427022 0
1551427023 0
1551427024 0
1551427025 0
1551427026 0
1551427027 0
1551427028 0
1551427029 0
1551427030 0
1551427031 0
1551427032 0
1551427033 0
1551427034 0
1551427035 0
1551427036 0
1551427037 0
1551427038 0
1551427039 0
1551427040 0
1551427041 0
1551427042 0
1551427043 0
1551427044 0
1551427045 0
1551427046 0
1551427047 0
1551427048 0
1551427049 0
1551427050 0
1551427051 0
1551427052 0
1551427053 0
1551427054 0
1551427055 0
1551427056 0
1551427057 0
1551427058 0
1551427059 0
1551427060 0
1551427061 0
1551427062 0
1551427063 0
1551427064 0
1551427065 0
1551427066 0
1551427067 0
1551427068 0
1551427069 0
1551427070 0
1551427071 0
1551427072 0
1551427073 0
1551427074 0
1551427075 0
1551427076 0
1551427077 0
1551427078 0
1551427079 0
1551427080 0
1551427081 0
1551427082 0
1551427083 0
1551427084 0
1551427085 0
1551427086 0
1551427087 0
1551427088 0
1551427089 0
1551427090 0
1551427091 0
1551427092 0
1551427093 0
1551427094 0
1551427095 0
1551427096 0
1551427097 0
1551427098 0
1551427099 0
1551427100 0
1551427101 0
1551427102 0
1551427103 0
1551427104 0
1551427105 0
1551427106 0
1551427107 0
1551427108 0
1551427109 0
1551427110 0
1551427111 0
1551427112 0
1551427113 0
1551427114 0
1551427115 0
1551427116 0
1551427117 0
1551427118 0
1551427119 0
1551427120 0
1551427121 0
1551427122 0
1551427123 0
1551427124 0
1551427125 0
1551427126 0
1551427127 0
1551427128 0
1551427129 0
1551427130 0
1551427131 0
1551427132 0
1551427133 0
1551427134 0
1551427135 0
1551427136 0
1551427137 0
1551427138 0
1551427139 0
1551427140 0
1551427141 0
1551427142 0
1551427143 0
1551427144 0
1551427145 0
1551427146 0
1551427147 0
1551427148 0
1551427149 0
1551427150 0
1551427151 0
1551427152 0
1551427153 0
1551427154 0
1551427155 0
1551427156 0
1551427157 0
1551427158 0
1551427159 0
1551427160 0
1551427161 0
1551427162 0
1551427163 0
1551427164 0
1551427165 0
1551427166 0
1551427167 0
1551427168 0
1551427169 0
1551427170 0
1551427171 0
1551427172 0
1551427173 0
1551427174 0
1551427175 0
1551427176 0
1551427177 0
1551427178 0
1551427179 0
1551427180 0
1551427181 0
1551427182 0
1551427183 0
1551427184 0
1551427185 0
1551427186 0
1551427187 0
1551427188 0
1551427189 0
1551427190 0
1551427191 0
1551427192 0
1551427193 0
1551427194 0
1551427195 0
1551427196 0
1551427197 0
1551427198 0
1551427199 0
1551427200 0
1551427201 0
1551427202 0
1551427203 0
1551427204 0
1551427205 0
1551427206 0
1551427207 0
1551427208 0
1551427209 0
1551427210 0
1551427211 0
1551427212 0
1551427213 0
1551427214 0
1551427215 0
1551427216 0
1551427217 0
1551427218 0
1551427219 0
1551427220 0
1551427221 0
1551427222 0
1551427223 0
1551427224 0
1551427225 0
1551427226 0
1551427227 0
1551427228 0
1551427229 0
1551427230 0
1551427231 0
1551427232 0
1551427233 0
1551427234 0
1551427235 0
1551427236 0
1551427237 0
1551427238 0
1551427239 0
1551427240 0
1551427241 0
1551427242 0
1551427243 0
1551427244 0
1551427245 0
1551427246 0
1551427247 0
1551427248 0
1551427249 0
1551427250 0
1551427251 0
1551427252 0
1551427253 0
1551427254 0
1551427255 0
1551427256 0
1551427257 0
1551427258 0
1551427259 0
1551427260 0
1551427261 0
1551427262 0
1551427263 0
1551427264 0
1551427265 0
1551427266 0
1551427267 0
1551427268 0
1551427269 0
1551427270 0
1551427271 0
1551427272 0
1551427273 0
1551427274 0
1551427275 0
1551427276 0
1551427277 0
1551427278 0
1551427279 0
1551427280 0
1551427281 0
1551427282 0
1551427283 0
1551427284 0
1551427285 0
1551427286 0
1551427287 0
1551427288 0
1551427289 0
1551427290 0
1551427291 0
1551427292 0
1551427293 0
1551427294 0
1551427295 0
1551427296 0
1551427297 0
1551427298 0
1551427299 0
1551427300 0
1551427301 0
1551427302 0
1551427303 0
1551427304 0
1551427305 0
1551427306 0
1551427307 0
1551427308 0
1551427309 0
1551427310 0
1551427311 0
1551427312 0
1551427313 0
1551427314 0
1551427315 0
1551427316 0
1551427317 0
1551427318 0
1551427319 0
1551427320 0
1551427321 0
1551427322 0
1551427323 0
1551427324 0
1551427325 0
1551427326 0
1551427327 0
1551427328 0
1551427329 0
1551427330 0
1551427331 0
1551427332 0
1551427333 0
1551427334 0
1551427335 0
1551427336 0
1551427337 0
1551427338 0
1551427339 0
1551427340 0
1551427341 0
1551427342 0
1551427343 0
1551427344 0
1551427345 0
1551427346 0
1551427347 0
1551427348 0
1551427349 0
1551427350 0
1551427351 0
1551427352 0
1551427353 0
1551427354 0
1551427355 0
1551427356 0
1551427357 0
1551427358 0
1551427359 0
1551427360 0
1551427361 0
1551427362 0
1551427363 0
1551427364 0
1551427365 0
1551427366 0
1551427367 0
1551427368 0
1551427369 0
1551427370 0
1551427371 0
1551427372 0
1551427373 0
1551427374 0
1551427375 0
1551427376 0
1551427377 0
1551427378 0
1551427379 0
1551427380 0
1551427381 0
1551427382 0
1551427383 0
1551427384 0
1551427385 0
1551427386 0
1551427387 0
1551427388 0
1551427389 0
1551427390 0
1551427391 0
1551427392 0
1551427393 0
1551427394 0
1551427395 0
1551427396 0
1551427397 0
1551427398 0
1551427399 0
1551427400 0
1551427401 0
1551427402 0
1551427403 0
1551427404 0
1551427405 0
1551427406 0
1551427407 0
1551427408 0
1551427409 0
1551427410 0
1551427411 0
1551427412 0
1551427413 0
1551427414 0
1551427415 0
1551427416 0
1551427417 0
1551427418 0
1551427419 0
1551427420 0
1551427421 0
1551427422 0
1551427423 0
1551427424 0
1551427425 0
1551427426 0
1551427427 0
1551427428 0
1551427429 0
1551427430 0
1551427431 0
1551427432 0
1551427433 0
1551427434 0
1551427435 0
1551427436 0
1551427437 0
1551427438 0
1551427439 0
1551427440 0
1551427441 0
1551427442 0
1551427443 0
1551427444 0
1551427445 0
1551427446 0
1551427447 0
1551427448 0
1551427449 0
1551427450 0
1551427451 0
1551427452 0
1551427453 0
1551427454 0
1551427455 0
1551427456 0
1551427457 0
1551427458 0
1551427459 0
1551427460 0
1551427461 0
1551427462 0
1551427463 0
1551427464 0
1551427465 0
1551427466 0
1551427467 0
1551427468 0
1551427469 0
1551427470 0
1551427471 0
1551427472 0
1551427473 0
1551427474 0
1551427475 0
1551427476 0
1551427477 0
1551427478 0
1551427479 0
1551427480 0
1551427481 0
1551427482 0
1551427483 0
1551427484 0
1551427485 0
1551427486 0
1551427487 0
1551427488 0
1551427489 0
1551427490 0
1551427491 0
1551427492 0
1551427493 0
1551427494 0
1551427495 0
1551427496 0
1551427497 0
1551427498 0
1551427499 0
1551427500 0
1551427501 0
1551427502 0
1551427503 0
1551427504 0
1551427505 0
1551427506 0
1551427507 0
1551427508 0
1551427509 0
1551427510 0
1551427511 0
1551427512 0
1551427513 0
1551427514 0
1551427515 0
1551427516 0
1551427517 0
1551427518 0
1551427519 0
1551427520 0
1551427521 0
1551427522 0
1551427523 0
1551427524 0
1551427525 0
1551427526 0
1551427527 0
1551427528 0
1551427529 0
1551427530 0
1551427531 0
1551427532 0
1551427533 0
1551427534 0
1551427535 0
1551427536 0
1551427537 0
1551427538 0
1551427539 0
1551427540 0
1551427541 0
1551427542 0
1551427543 0
1551427544 0
1551427545 0
1551427546 0
1551427547 0
1551427548 0
1551427549 0
1551427550 0
1551427551 0
1551427552 0
1551427553 0
1551427554 0
1551427555 0
1551427556 0
1551427557 0
1551427558 0
1551427559 0
1551427560 0
1551427561 0
1551427562 0
1551427563 0
1551427564 0
1551427565 0
1551427566 0
1551427567 0
1551427568 0
1551427569 0
1551427570 0
1551427571 0
1551427572 0
1551427573 0
1551427574 0
1551427575 0
1551427576 0
1551427577 0
1551427578 0
1551427579 0
1551427580 0
1551427581 0
1551427582 0
1551427583 0
1551427584 0
1551427585 0
1551427586 0
1551427587 0
1551427588 0
1551427589 0
1551427590 0
1551427591 0
1551427592 0
1551427593 0
1551427594 0
1551427595 0
1551427596 0
1551427597 0
1551427598 0
1551427599 0
1551427600 0
1551427601 0
1551427602 0
1551427603 0
1551427604 0
1551427605 0
1551427606 0
1551427607 0
1551427608 0
1551427609 0
1551427610 0
1551427611 0
1551427612 0
1551427613 0
1551427614 0
1551427615 0
1551427616 0
1551427617 0
1551427618 0
1551427619 0
1551427620 0
1551427621 0
1551427622 0
1551427623 0
1551427624 0
1551427625 0
1551427626 0
1551427627 0
1551427628 0
1551427629 0
1551427630 0
1551427631 0
1551427632 0
1551427633 0
1551427634 0
1551427635 0
1551427636 0
1551427637 0
1551427638 0
1551427639 0
1551427640 0
1551427641 0
1551427642 0
1551427643 0
1551427644 0
1551427645 0
1551427646 0
1551427647 0
1551427648 0
1551427649 0
1551427650 0
1551427651 0
1551427652 0
1551427653 0
1551427654 0
1551427655 0
1551427656 0
1551427657 0
1551427658 0
1551427659 0
1551427660 0
1551427661 0
1551427662 0
1551427663 0
1551427664 0
1551427665 0
1551427666 0
1551427667 0
1551427668 0
1551427669 0
1551427670 0
1551427671 0
1551427672 0
1551427673 0
1551427674 0
1551427675 0
1551427676 0
1551427677 0
1551427678 0
1551427679 0
1551427680 0
1551427681 0
1551427682 0
1551427683 0
1551427684 0
1551427685 0
1551427686 0
1551427687 0
1551427688 0
1551427689 0
1551427690 0
1551427691 0
1551427692 0
1551427693 0
1551427694 0
1551427695 0
1551427696 0
1551427697 0
1551427698 0
1551427699 0
1551427700 0
1551427701 0
1551427702 0
1551427703 0
1551427704 0
1551427705 0
1551427706 0
1551427707 0
1551427708 0
1551427709 0
1551427710 0
1551427711 0
1551427712 0
1551427713 0
1551427714 0
1551427715 0
1551427716 0
1551427717 0
1551427718 0
1551427719 0
1551427720 0
1551427721 0
1551427722 0
1551427723 0
1551427724 0
1551427725 0
1551427726 0
1551427727 0
1551427728 0
1551427729 0
1551427730 0
1551427731 0
1551427732 0
1551427733 0
1551427734 0
1551427735 0
1551427736 0
1551427737 0
1551427738 0
1551427739 0
1551427740 0
1551427741 0
1551427742 0
1551427743 0
1551427744 0
1551427745 0
1551427746 0
1551427747 0
1551427748 0
1551427749 0
1551427750 0
1551427751 0
1551427752 0
1551427753 0
1551427754 0
1551427755 0
1551427756 0
1551427757 0
1551427758 0
1551427759 0
1551427760 0
1551427761 0
1551427762 0
1551427763 0
1551427764 0
1551427765 0
1551427766 0
1551427767 0
1551427768 0
1551427769 0
1551427770 0
1551427771 0
1551427772 0
1551427773 0
1551427774 0
1551427775 0
1551427776 0
1551427777 0
1551427778 0
1551427779 0
1551427780 0
1551427781 0
1551427782 0
1551427783 0
1551427784 0
1551427785 0
1551427786 0
1551427787 0
1551427788 0
1551427789 0
1551427790 0
1551427791 0
1551427792 0
1551427793 0
1551427794 0
1551427795 0
1551427796 0
1551427797 0
1551427798 0
1551427799 0
1551427800 0
1551427801 0
1551427802 0
1551427803 0
1551427804 0
1551427805 0
1551427806 0
1551427807 0
1551427808 0
1551427809 0
1551427810 0
1551427811 0
1551427812 0
1551427813 0
1551427814 0
1551427815 0
1551427816 0
1551427817 0
1551427818 0
1551427819 0
1551427820 0
1551427821 0
1551427822 0
1551427823 0
1551427824 0
1551427825 0
1551427826 0
1551427827 0
1551427828 0
1551427829 0
1551427830 0
1551427831 0
1551427832 0
1551427833 0
1551427834 0
1551427835 0
1551427836 0
1551427837 0
1551427838 0
1551427839 0
1551427840 0
1551427841 0
1551427842 0
1551427843 0
1551427844 0
1551427845 0
1551427846 0
1551427847 0
1551427848 0
1551427849 0
1551427850 0
1551427851 0
1551427852 0
1551427853 0
1551427854 0
1551427855 0
1551427856 0
1551427857 0
1551427858 0
1551427859 0
1551427860 0
1551427861 0
1551427862 0
1551427863 0
1551427864 0
1551427865 0
1551427866 0
1551427867 0
1551427868 0
1551427869 0
1551427870 0
1551427871 0
1551427872 0
1551427873 0
1551427874 0
1551427875 0
1551427876 0
1551427877 0
1551427878 0
1551427879 0
1551427880 0
1551427881 0
1551427882 0
1551427883 0
1551427884 0
1551427885 0
1551427886 0
1551427887 0
1551427888 0
1551427889 0
1551427890 0
1551427891 0
1551427892 0
1551427893 0
1551427894 0
1551427895 0
1551427896 0
1551427897 0
1551427898 0
1551427899 0
1551427900 0
1551427901 0
1551427902 0
1551427903 0
1551427904 0
1551427905 0
1551427906 0
1551427907 0
1551427908 0
1551427909 0
1551427910 0
1551427911 0
1551427912 0
1551427913 0
1551427914 0
1551427915 0
1551427916 0
1551427917 0
1551427918 0
1551427919 0
1551427920 0
1551427921 0
1551427922 0
1551427923 0
1551427924 0
1551427925 0
1551427926 0
1551427927 0
1551427928 0
1551427929 0
1551427930 0
1551427931 0
1551427932 0
1551427933 0
1551427934 0
1551427935 0
1551427936 0
1551427937 0
1551427938 0
1551427939 0
1551427940 0
1551427941 0
1551427942 0
1551427943 0
1551427944 0
1551427945 0
1551427946 0
1551427947 0
1551427948 0
1551427949 0
1551427950 0
1551427951 0
1551427952 0
1551427953 0
1551427954 0
1551427955 0
1551427956 0
1551427957 0
1551427958 0
1551427959 0
1551427960 0
1551427961 0
1551427962 0
1551427963 0
1551427964 0
1551427965 0
1551427966 0
1551427967 0
1551427968 0
1551427969 0
1551427970 0
1551427971 0
1551427972 0
1551427973 0
1551427974 0
1551427975 0
1551427976 0
1551427977 0
1551427978 0
1551427979 0
1551427980 0
1551427981 0
1551427982 0
1551427983 0
1551427984 0
1551427985 0
1551427986 0
1551427987 0
1551427988 0
1551427989 0
1551427990 0
1551427991 0
1551427992 0
1551427993 0
1551427994 0
1551427995 0
1551427996 0
1551427997 0
1551427998 0
1551427999 0
1551428000 0
1551428001 0
1551428002 0
1551428003 0
1551428004 0
1551428005 0
1551428006 0
1551428007 0
1551428008 0
1551428009 0
1551428010 0
1551428011 0
1551428012 0
1551428013 0
1551428014 0
1551428015 0
1551428016 0
1551428017 0
1551428018 0
1551428019 0
1551428020 0
1551428021 0
1551428022 0
1551428023 0
1551428024 0
1551428025 0
1551428026 0
1551428027 0
1551428028 0
1551428029 0
1551428030 0
1551428031 0
1551428032 0
1551428033 0
1551428034 0
1551428035 0
1551428036 0
1551428037 0
1551428038 0
1551428039 0
1551428040 0
1551428041 0
1551428042 0
1551428043 0
1551428044 0
1551428045 0
1551428046 0
1551428047 0
1551428048 0
1551428049 0
1551428050 0
1551428051 0
1551428052 0
1551428053 0
1551428054 0
1551428055 0
1551428056 0
1551428057 0
1551428058 0
1551428059 0
1551428060 0
1551428061 0
1551428062 0
1551428063 0
1551428064 0
1551428065 0
1551428066 0
1551428067 0
1551428068 0
1551428069 0
1551428070 0
1551428071 0
1551428072 0
1551428073 0
1551428074 0
1551428075 0
1551428076 0
1551428077 0
1551428078 0
1551428079 0
1551428080 0
1551428081 0
1551428082 0
1551428083 0
1551428084 0
1551428085 0
1551428086 0
1551428087 0
1551428088 0
1551428089 0
1551428090 0
1551428091 0
1551428092 0
1551428093 0
1551428094 0
1551428095 0
1551428096 0
1551428097 0
1551428098 0
1551428099 0
1551428100 0
1551428101 0
1551428102 0
1551428103 0
1551428104 0
1551428105 0
1551428106 0
1551428107 0
1551428108 0
1551428109 0
1551428110 0
1551428111 0
1551428112 0
1551428113 0
1551428114 0
1551428115 0
1551428116 0
1551428117 0
1551428118 0
1551428119 0
1551428120 0
1551428121 0
1551428122 0
1551428123 0
1551428124 0
1551428125 0
1551428126 0
1551428127 0
1551428128 0
1551428129 0
1551428130 0
1551428131 0
1551428132 0
1551428133 0
1551428134 0
1551428135 0
1551428136 0
1551428137 0
1551428138 0
1551428139 0
1551428140 0
1551428141 0
1551428142 0
1551428143 0
1551428144 0
1551428145 0
1551428146 0
1551428147 0
1551428148 0
1551428149 0
1551428150 0
1551428151 0
1551428152 0
1551428153 0
1551428154 0
1551428155 0
1551428156 0
1551428157 0
1551428158 0
1551428159 0
1551428160 0
1551428161 0
1551428162 0
1551428163 0
1551428164 0
1551428165 0
1551428166 0
1551428167 0
1551428168 0
1551428169 0
1551428170 0
1551428171 0
1551428172 0
1551428173 0
1551428174 0
1551428175 0
1551428176 0
1551428177 0
1551428178 0
1551428179 0
1551428180 0
1551428181 0
1551428182 0
1551428183 0
1551428184 0
1551428185 0
1551428186 0
1551428187 0
1551428188 0
1551428189 0
1551428190 0
1551428191 0
1551428192 0
1551428193 0
1551428194 0
1551428195 0
1551428196 0
1551428197 0
1551428198 0
1551428199 0
1551428200 0
1551428201 0
1551428202 0
1551428203 0
1551428204 0
1551428205 0
1551428206 0
1551428207 0
1551428208 0
1551428209 0
1551428210 0
1551428211 0
1551428212 0
1551428213 0
1551428214 0
1551428215 0
1551428216 0
1551428217 0
1551428218 0
1551428219 0
1551428220 0
1551428221 0
1551428222 0
1551428223 0
1551428224 0
1551428225 0
1551428226 0
1551428227 0
1551428228 0
1551428229 0
1551428230 0
1551428231 0
1551428232 0
1551428233 0
1551428234 0
1551428235 0
1551428236 0
1551428237 0
1551428238 0
1551428239 0
1551428240 0
1551428241 0
1551428242 0
1551428243 0
1551428244 0
1551428245 0
1551428246 0
1551428247 0
1551428248 0
1551428249 0
1551428250 0
1551428251 0
1551428252 0
1551428253 0
1551428254 0
1551428255 0
1551428256 0
1551428257 0
1551428258 0
1551428259 0
1551428260 0
1551428261 0
1551428262 0
1551428263 0
1551428264 0
1551428265 0
1551428266 0
1551428267 0
1551428268 0
1551428269 0
1551428270 0
1551428271 0
1551428272 0
1551428273 0
1551428274 0
1551428275 0
1551428276 0
1551428277 0
1551428278 0
1551428279 0
1551428280 0
1551428281 0
1551428282 0
1551428283 0
1551428284 0
1551428285 0
1551428286 0
1551428287 0
1551428288 0
1551428289 0
1551428290 0
1551428291 0
1551428292 0
1551428293 0
1551428294 0
1551428295 0
1551428296 0
1551428297 0
1551428298 0
1551428299 0
1551428300 0
1551428301 0
1551428302 0
1551428303 0
1551428304 0
1551428305 0
1551428306 0
1551428307 0
1551428308 0
1551428309 0
1551428310 0
1551428311 0
1551428312 0
1551428313 0
1551428314 0
1551428315 0
1551428316 0
1551428317 0
1551428318 0
1551428319 0
1551428320 0
1551428321 0
1551428322 0
1551428323 0
1551428324 0
1551428325 0
1551428326 0
1551428327 0
1551428328 0
1551428329 0
1551428330 0
1551428331 0
1551428332 0
1551428333 0
1551428334 0
1551428335 0
1551428336 0
1551428337 0
1551428338 0
1551428339 0
1551428340 0
1551428341 0
1551428342 0
1551428343 0
1551428344 0
1551428345 0
1551428346 0
1551428347 0
1551428348 0
1551428349 0
1551428350 0
1551428351 0
1551428352 0
1551428353 0
1551428354 0
1551428355 0
1551428356 0
1551428357 0
1551428358 0
1551428359 0
1551428360 0
1551428361 0
1551428362 0
1551428363 0
1551428364 0
1551428365 0
1551428366 0
1551428367 0
1551428368 0
1551428369 0
1551428370 0
1551428371 0
1551428372 0
1551428373 0
1551428374 0
1551428375 0
1551428376 0
1551428377 0
1551428378 0
1551428379 0
1551428380 0
1551428381 0
1551428382 0
1551428383 0
1551428384 0
1551428385 0
1551428386 0
1551428387 0
1551428388 0
1551428389 0
1551428390 0
1551428391 0
1551428392 0
1551428393 0
1551428394 0
1551428395 0
1551428396 0
1551428397 0
1551428398 0
1551428399 0
1551428400 0
1551428401 0
1551428402 0
1551428403 0
1551428404 0
1551428405 0
1551428406 0
1551428407 0
1551428408 0
1551428409 0
1551428410 0
1551428411 0
1551428412 0
1551428413 0
1551428414 0
1551428415 0
1551428416 0
1551428417 0
1551428418 0
1551428419 0
1551428420 0
1551428421 0
1551428422 0
1551428423 0
1551428424 0
1551428425 0
1551428426 0
1551428427 0
1551428428 0
1551428429 0
1551428430 0
1551428431 0
1551428432 0
1551428433 0
1551428434 0
1551428435 0
1551428436 0
1551428437 0
1551428438 0
1551428439 0
1551428440 0
1551428441 0
1551428442 0
1551428443 0
1551428444 0
1551428445 0
1551428446 0
1551428447 0
1551428448 0
1551428449 0
1551428450 0
1551428451 0
1551428452 0
1551428453 0
1551428454 0
1551428455 0
1551428456 0
1551428457 0
1551428458 0
1551428459 0
1551428460 0
1551428461 0
1551428462 0
1551428463 0
1551428464 0
1551428465 0
1551428466 0
1551428467 0
1551428468 0
1551428469 0
1551428470 0
1551428471 0
1551428472 0
1551428473 0
1551428474 0
1551428475 0
1551428476 0
1551428477 0
1551428478 0
1551428479 0
1551428480 0
1551428481 0
1551428482 0
1551428483 0
1551428484 0
1551428485 0
1551428486 0
1551428487 0
1551428488 0
1551428489 0
1551428490 0
1551428491 0
1551428492 0
1551428493 0
1551428494 0
1551428495 0
1551428496 0
1551428497 0
1551428498 0
1551428499 0
1551428500 0
1551428501 0
1551428502 0
1551428503 0
1551428504 0
1551428505 0
1551428506 0
1551428507 0
1551428508 0
1551428509 0
1551428510 0
1551428511 0
1551428512 0
1551428513 0
1551428514 0
1551428515 0
1551428516 0
1551428517 0
1551428518 0
1551428519 0
1551428520 0
1551428521 0
1551428522 0
1551428523 0
1551428524 0
1551428525 0
1551428526 0
1551428527 0
1551428528 0
1551428529 0
1551428530 0
1551428531 0
1551428532 0
1551428533 0
1551428534 0
1551428535 0
1551428536 0
1551428537 0
1551428538 0
1551428539 0
1551428540 0
1551428541 0
1551428542 0
1551428543 0
1551428544 0
1551428545 0
1551428546 0
1551428547 0
1551428548 0
1551428549 0
1551428550 0
1551428551 0
1551428552 0
1551428553 0
1551428554 0
1551428555 0
1551428556 0
1551428557 0
1551428558 0
1551428559 0
1551428560 0
1551428561 0
1551428562 0
1551428563 0
1551428564 0
1551428565 0
1551428566 0
1551428567 0
1551428568 0
1551428569 0
1551428570 0
1551428571 0
1551428572 0
1551428573 0
1551428574 0
1551428575 0
1551428576 0
1551428577 0
1551428578 0
1551428579 0
1551428580 0
1551428581 0
1551428582 0
1551428583 0
1551428584 0
1551428585 0
1551428586 0
1551428587 0
1551428588 0
1551428589 0
1551428590 0
1551428591 0
1551428592 0
1551428593 0
1551428594 0
1551428595 0
1551428596 0
1551428597 0
1551428598 0
1551428599 0
1551428600 0
1551428601 0
1551428602 0
1551428603 0
1551428604 0
1551428605 0
1551428606 0
1551428607 0
1551428608 0
1551428609 0
1551428610 0
1551428611 0
1551428612 0
1551428613 0
1551428614 0
1551428615 0
1551428616 0
1551428617 0
1551428618 0
1551428619 0
1551428620 0
1551428621 0
1551428622 0
1551428623 0
1551428624 0
1551428625 0
1551428626 0
1551428627 0
1551428628 0
1551428629 0
1551428630 0
1551428631 0
1551428632 0
1551428633 0
1551428634 0
1551428635 0
1551428636 0
1551428637 0
1551428638 0
1551428639 0
1551428640 0
1551428641 0
1551428642 0
1551428643 0
1551428644 0
1551428645 0
1551428646 0
1551428647 0
1551428648 0
1551428649 0
1551428650 0
1551428651 0
1551428652 0
1551428653 0
1551428654 0
1551428655 0
1551428656 0
1551428657 0
1551428658 0
1551428659 0
1551428660 0
1551428661 0
1551428662 0
1551428663 0
1551428664 0
1551428665 0
1551428666 0
1551428667 0
1551428668 0
1551428669 0
1551428670 0
1551428671 0
1551428672 0
1551428673 0
1551428674 0
1551428675 0
1551428676 0
1551428677 0
1551428678 0
1551428679 0
1551428680 0
1551428681 0
1551428682 0
1551428683 0
1551428684 0
1551428685 0
1551428686 0
1551428687 0
1551428688 0
1551428689 0
1551428690 0
1551428691 0
1551428692 0
1551428693 0
1551428694 0
1551428695 0
1551428696 0
1551428697 0
1551428698 0
1551428699 0
1551428700 0
1551428701 0
1551428702 0
1551428703 0
1551428704 0
1551428705 0
1551428706 0
1551428707 0
1551428708 0
1551428709 0
1551428710 0
1551428711 0
1551428712 0
1551428713 0
1551428714 0
1551428715 0
1551428716 0
1551428717 0
1551428718 0
1551428719 0
1551428720 0
1551428721 0
1551428722 0
1551428723 0
1551428724 0
1551428725 0
1551428726 0
1551428727 0
1551428728 0
1551428729 0
1551428730 0
1551428731 0
1551428732 0
1551428733 0
1551428734 0
1551428735 0
1551428736 0
1551428737 0
1551428738 0
1551428739 0
1551428740 0
1551428741 0
1551428742 0
1551428743 0
1551428744 0
1551428745 0
1551428746 0
1551428747 0
1551428748 0
1551428749 0
1551428750 0
1551428751 0
1551428752 0
1551428753 0
1551428754 0
1551428755 0
1551428756 0
1551428757 0
1551428758 0
1551428759 0
1551428760 0
1551428761 0
1551428762 0
1551428763 0
1551428764 0
1551428765 0
1551428766 0
1551428767 0
1551428768 0
1551428769 0
1551428770 0
1551428771 0
1551428772 0
1551428773 0
1551428774 0
1551428775 0
1551428776 0
1551428777 0
1551428778 0
1551428779 0
1551428780 0
1551428781 0
1551428782 0
1551428783 0
1551428784 0
1551428785 0
1551428786 0
1551428787 0
1551428788 0
1551428789 0
1551428790 0
1551428791 0
1551428792 0
1551428793 0
1551428794 0
1551428795 0
1551428796 0
1551428797 0
1551428798 0
1551428799 0
1551428800 0
1551428801 0
1551428802 0
1551428803 0
1551428804 0
1551428805 0
1551428806 0
1551428807 0
1551428808 0
1551428809 0
1551428810 0
1551428811 0
1551428812 0
1551428813 0
1551428814 0
1551428815 0
1551428816 0
1551428817 0
1551428818 0
1551428819 0
1551428820 0
1551428821 0
1551428822 0
1551428823 0
1551428824 0
1551428825 0
1551428826 0
1551428827 0
1551428828 0
1551428829 0
1551428830 0
1551428831 0
1551428832 0
1551428833 0
1551428834 0
1551428835 0
1551428836 0
1551428837 0
1551428838 0
1551428839 0
1551428840 0
1551428841 0
1551428842 0
1551428843 0
1551428844 0
1551428845 0
1551428846 0
1551428847 0
1551428848 0
1551428849 0
1551428850 0
1551428851 0
1551428852 0
1551428853 0
1551428854 0
1551428855 0
1551428856 0
1551428857 0
1551428858 0
1551428859 0
1551428860 0
1551428861 0
1551428862 0
1551428863 0
1551428864 0
1551428865 0
1551428866 0
1551428867 0
1551428868 0
1551428869 0
1551428870 0
1551428871 0
1551428872 0
1551428873 0
1551428874 0
1551428875 0
1551428876 0
1551428877 0
1551428878 0
1551428879 0
1551428880 0
1551428881 0
1551428882 0
1551428883 0
1551428884 0
1551428885 0
1551428886 0
1551428887 0
1551428888 0
1551428889 0
1551428890 0
1551428891 0
1551428892 0
1551428893 0
1551428894 0
1551428895 0
1551428896 0
1551428897 0
1551428898 0
1551428899 0
1551428900 0
1551428901 0
1551428902 0
1551428903 0
1551428904 0
1551428905 0
1551428906 0
1551428907 0
1551428908 0
1551428909 0
1551428910 0
1551428911 0
1551428912 0
1551428913 0
1551428914 0
1551428915 0
1551428916 0
1551428917 0
1551428918 0
1551428919 0
1551428920 0
1551428921 0
1551428922 0
1551428923 0
1551428924 0
1551428925 0
1551428926 0
1551428927 0
1551428928 0
1551428929 0
1551428930 0
1551428931 0
1551428932 0
1551428933 0
1551428934 0
1551428935 0
1551428936 0
1551428937 0
1551428938 0
1551428939 0
1551428940 0
1551428941 0
1551428942 0
1551428943 0
1551428944 0
1551428945 0
1551428946 0
1551428947 0
1551428948 0
1551428949 0
1551428950 0
1551428951 0
1551428952 0
1551428953 0
1551428954 0
1551428955 0
1551428956 0
1551428957 0
1551428958 0
1551428959 0
1551428960 0
1551428961 0
1551428962 0
1551428963 0
1551428964 0
1551428965 0
1551428966 0
1551428967 0
1551428968 0
1551428969 0
1551428970 0
1551428971 0
1551428972 0
1551428973 0
1551428974 0
1551428975 0
1551428976 0
1551428977 0
1551428978 0
1551428979 0
1551428980 0
1551428981 0
1551428982 0
1551428983 0
1551428984 0
1551428985 0
1551428986 0
1551428987 0
1551428988 0
1551428989 0
1551428990 0
1551428991 0
1551428992 0
1551428993 0
1551428994 0
1551428995 0
1551428996 0
1551428997 0
1551428998 0
1551428999 0
1551429000 0
1551429001 0
1551429002 0
1551429003 0
1551429004 0
1551429005 0
1551429006 0
1551429007 0
1551429008 0
1551429009 0
1551429010 0
1551429011 0
1551429012 0
1551429013 0
1551429014 0
1551429015 0
1551429016 0
1551429017 0
1551429018 0
1551429019 0
1551429020 0
1551429021 0
1551429022 0
1551429023 0
1551429024 0
1551429025 0
1551429026 0
1551429027 0
1551429028 0
1551429029 0
1551429030 0
1551429031 0
1551429032 0
1551429033 0
1551429034 0
1551429035 0
1551429036 0
1551429037 0
1551429038 0
1551429039 0
1551429040 0
1551429041 0
1551429042 0
1551429043 0
1551429044 0
1551429045 0
1551429046 0
1551429047 0
1551429048 0
1551429049 0
1551429050 0
1551429051 0
1551429052 0
1551429053 0
1551429054 0
1551429055 0
1551429056 0
1551429057 0
1551429058 0
1551429059 0
1551429060 0
1551429061 0
1551429062 0
1551429063 0
1551429064 0
1551429065 0
1551429066 0
1551429067 0
1551429068 0
1551429069 0
1551429070 0
1551429071 0
1551429072 0
1551429073 0
1551429074 0
1551429075 0
1551429076 0
1551429077 0
1551429078 0
1551429079 0
1551429080 0
1551429081 0
1551429082 0
1551429083 0
1551429084 0
1551429085 0
1551429086 0
1551429087 0
1551429088 0
1551429089 0
1551429090 0
1551429091 0
1551429092 0
1551429093 0
1551429094 0
1551429095 0
1551429096 0
1551429097 0
1551429098 0
1551429099 0
1551429100 0
1551429101 0
1551429102 0
1551429103 0
1551429104 0
1551429105 0
1551429106 0
1551429107 0
1551429108 0
1551429109 0
1551429110 0
1551429111 0
1551429112 0
1551429113 0
1551429114 0
1551429115 0
1551429116 0
1551429117 0
1551429118 0
1551429119 0
1551429120 0
1551429121 0
1551429122 0
1551429123 0
1551429124 0
1551429125 0
1551429126 0
1551429127 0
1551429128 0
1551429129 0
1551429130 0
1551429131 0
1551429132 0
1551429133 0
1551429134 0
1551429135 0
1551429136 0
1551429137 0
1551429138 0
1551429139 0
1551429140 0
1551429141 0
1551429142 0
1551429143 0
1551429144 0
1551429145 0
1551429146 0
1551429147 0
1551429148 0
1551429149 0
1551429150 0
1551429151 0
1551429152 0
1551429153 0
1551429154 0
1551429155 0
1551429156 0
1551429157 0
1551429158 0
1551429159 0
1551429160 0
1551429161 0
1551429162 0
1551429163 0
1551429164 0
1551429165 0
1551429166 0
1551429167 0
1551429168 0
1551429169 0
1551429170 0
1551429171 0
1551429172 0
1551429173 0
1551429174 0
1551429175 0
1551429176 0
1551429177 0
1551429178 0
1551429179 0
1551429180 0
1551429181 0
1551429182 0
1551429183 0
1551429184 0
1551429185 0
1551429186 0
1551429187 0
1551429188 0
1551429189 0
1551429190 0
1551429191 0
1551429192 0
1551429193 0
1551429194 0
1551429195 0
1551429196 0
1551429197 0
1551429198 0
1551429199 0
1551429200 0
1551429201 0
1551429202 0
1551429203 0
1551429204 0
1551429205 0
1551429206 0
1551429207 0
1551429208 0
1551429209 0
1551429210 0
1551429211 0
1551429212 0
1551429213 0
1551429214 0
1551429215 0
1551429216 0
1551429217 0
1551429218 0
1551429219 0
1551429220 0
1551429221 0
1551429222 0
1551429223 0
1551429224 0
1551429225 0
1551429226 0
1551429227 0
1551429228 0
1551429229 0
1551429230 0
1551429231 0
1551429232 0
1551429233 0
1551429234 0
1551429235 0
1551429236 0
1551429237 0
1551429238 0
1551429239 0
1551429240 0
1551429241 0
1551429242 0
1551429243 0
1551429244 0
1551429245 0
1551429246 0
1551429247 0
1551429248 0
1551429249 0
1551429250 0
1551429251 0
1551429252 0
1551429253 0
1551429254 0
1551429255 0
1551429256 0
1551429257 0
1551429258 0
1551429259 0
1551429260 0
1551429261 0
1551429262 0
1551429263 0
1551429264 0
1551429265 0
1551429266 0
1551429267 0
1551429268 0
1551429269 0
1551429270 0
1551429271 0
1551429272 0
1551429273 0
1551429274 0
1551429275 0
1551429276 0
1551429277 0
1551429278 0
1551429279 0
1551429280 0
1551429281 0
1551429282 0
1551429283 0
1551429284 0
1551429285 0
1551429286 0
1551429287 0
1551429288 0
1551429289 0
1551429290 0
1551429291 0
1551429292 0
1551429293 0
1551429294 0
1551429295 0
1551429296 0
1551429297 0
1551429298 0
1551429299 0
1551429300 0
1551429301 0
1551429302 0
1551429303 0
1551429304 0
1551429305 0
1551429306 0
1551429307 0
1551429308 0
1551429309 0
1551429310 0
1551429311 0
1551429312 0
1551429313 0
1551429314 0
1551429315 0
1551429316 0
1551429317 0
1551429318 0
1551429319 0
1551429320 0
1551429321 0
1551429322 0
1551429323 0
1551429324 0
1551429325 0
1551429326 0
1551429327 0
1551429328 0
1551429329 0
1551429330 0
1551429331 0
1551429332 0
1551429333 0
1551429334 0
1551429335 0
1551429336 0
1551429337 0
1551429338 0
1551429339 0
1551429340 0
1551429341 0
1551429342 0
1551429343 0
1551429344 0
1551429345 0
1551429346 0
1551429347 0
1551429348 0
1551429349 0
1551429350 0
1551429351 0
1551429352 0
1551429353 0
1551429354 0
1551429355 0
1551429356 0
1551429357 0
1551429358 0
1551429359 0
1551429360 0
1551429361 0
1551429362 0
1551429363 0
1551429364 0
1551429365 0
1551429366 0
1551429367 0
1551429368 0
1551429369 0
1551429370 0
1551429371 0
1551429372 0
1551429373 0
1551429374 0
1551429375 0
1551429376 0
1551429377 0
1551429378 0
1551429379 0
1551429380 0
1551429381 0
1551429382 0
1551429383 0
1551429384 0
1551429385 0
1551429386 0
1551429387 0
1551429388 0
1551429389 0
1551429390 0
1551429391 0
1551429392 0
1551429393 0
1551429394 0
1551429395 0
1551429396 0
1551429397 0
1551429398 0
1551429399 0
1551429400 0
1551429401 0
1551429402 0
1551429403 0
1551429404 0
1551429405 0
1551429406 0
1551429407 0
1551429408 0
1551429409 0
1551429410 0
1551429411 0
1551429412 0
1551429413 0
1551429414 0
1551429415 0
1551429416 0
1551429417 0
1551429418 0
1551429419 0
1551429420 0
1551429421 0
1551429422 0
1551429423 0
1551429424 0
1551429425 0
1551429426 0
1551429427 0
1551429428 0
1551429429 0
1551429430 0
1551429431 0
1551429432 0
1551429433 0
1551429434 0
1551429435 0
1551429436 0
1551429437 0
1551429438 0
1551429439 0
1551429440 0
1551429441 0
1551429442 0
1551429443 0
1551429444 0
1551429445 0
1551429446 0
1551429447 0
1551429448 0
1551429449 0
1551429450 0
1551429451 0
1551429452 0
1551429453 0
1551429454 0
1551429455 0
1551429456 0
1551429457 0
1551429458 0
1551429459 0
1551429460 0
1551429461 0
1551429462 0
1551429463 0
1551429464 0
1551429465 0
1551429466 0
1551429467 0
1551429468 0
1551429469 0
1551429470 0
1551429471 0
1551429472 0
1551429473 0
1551429474 0
1551429475 0
1551429476 0
1551429477 0
1551429478 0
1551429479 0
1551429480 0
1551429481 0
1551429482 0
1551429483 0
1551429484 0
1551429485 0
1551429486 0
1551429487 0
1551429488 0
1551429489 0
1551429490 0
1551429491 0
1551429492 0
1551429493 0
1551429494 0
1551429495 0
1551429496 0
1551429497 0
1551429498 0
1551429499 0
1551429500 0
1551429501 0
1551429502 0
1551429503 0
1551429504 0
1551429505 0
1551429506 0
1551429507 0
1551429508 0
1551429509 0
1551429510 0
1551429511 0
1551429512 0
1551429513 0
1551429514 0
1551429515 0
1551429516 0
1551429517 0
1551429518 0
1551429519 0
1551429520 0
1551429521 0
1551429522 0
1551429523 0
1551429524 0
1551429525 0
1551429526 0
1551429527 0
1551429528 0
1551429529 0
1551429530 0
1551429531 0
1551429532 0
1551429533 0
1551429534 0
1551429535 0
1551429536 0
1551429537 0
1551429538 0
1551429539 0
1551429540 0
1551429541 0
1551429542 0
1551429543 0
1551429544 0
1551429545 0
1551429546 0
1551429547 0
1551429548 0
1551429549 0
1551429550 0
1551429551 0
1551429552 0
1551429553 0
1551429554 0
1551429555 0
1551429556 0
1551429557 0
1551429558 0
1551429559 0
1551429560 0
1551429561 0
1551429562 0
1551429563 0
1551429564 0
1551429565 0
1551429566 0
1551429567 0
1551429568 0
1551429569 0
1551429570 0
1551429571 0
1551429572 0
1551429573 0
1551429574 0
1551429575 0
1551429576 0
1551429577 0
1551429578 0
1551429579 0
1551429580 0
1551429581 0
1551429582 0
1551429583 0
1551429584 0
1551429585 0
1551429586 0
1551429587 0
1551429588 0
1551429589 0
1551429590 0
1551429591 0
1551429592 0
1551429593 0
1551429594 0
1551429595 0
1551429596 0
1551429597 0
1551429598 0
1551429599 0
1551429600 0
1551429601 0
1551429602 0
1551429603 0
1551429604 0
1551429605 0
1551429606 0
1551429607 0
1551429608 0
1551429609 0
1551429610 0
1551429611 0
1551429612 0
1551429613 0
1551429614 0
1551429615 0
1551429616 0
1551429617 0
1551429618 0
1551429619 0
1551429620 0
1551429621 0
1551429622 0
1551429623 0
1551429624 0
1551429625 0
1551429626 0
1551429627 0
1551429628 0
1551429629 0
1551429630 0
1551429631 0
1551429632 0
1551429633 0
1551429634 0
1551429635 0
1551429636 0
1551429637 0
1551429638 0
1551429639 0
1551429640 0
1551429641 0
1551429642 0
1551429643 0
1551429644 0
1551429645 0
1551429646 0
1551429647 0
1551429648 0
1551429649 0
1551429650 0
1551429651 0
1551429652 0
1551429653 0
1551429654 0
1551429655 0
1551429656 0
1551429657 0
1551429658 0
1551429659 0
1551429660 0
1551429661 0
1551429662 0
1551429663 0
1551429664 0
1551429665 0
1551429666 0
1551429667 0
1551429668 0
1551429669 0
1551429670 0
1551429671 0
1551429672 0
1551429673 0
1551429674 0
1551429675 0
1551429676 0
1551429677 0
1551429678 0
1551429679 0
1551429680 0
1551429681 0
1551429682 0
1551429683 0
1551429684 0
1551429685 0
1551429686 0
1551429687 0
1551429688 0
1551429689 0
1551429690 0
1551429691 0
1551429692 0
1551429693 0
1551429694 0
1551429695 0
1551429696 0
1551429697 0
1551429698 0
1551429699 0
1551429700 0
1551429701 0
1551429702 0
1551429703 0
1551429704 0
1551429705 0
1551429706 0
1551429707 0
1551429708 0
1551429709 0
1551429710 0
1551429711 0
1551429712 0
1551429713 0
1551429714 0
1551429715 0
1551429716 0
1551429717 0
1551429718 0
1551429719 0
1551429720 0
1551429721 0
1551429722 0
1551429723 0
1551429724 0
1551429725 0
1551429726 0
1551429727 0
1551429728 0
1551429729 0
1551429730 0
1551429731 0
1551429732 0
1551429733 0
1551429734 0
1551429735 0
1551429736 0
1551429737 0
1551429738 0
1551429739 0
1551429740 0
1551429741 0
1551429742 0
1551429743 0
1551429744 0
1551429745 0
1551429746 0
1551429747 0
1551429748 0
1551429749 0
1551429750 0
1551429751 0
1551429752 0
1551429753 0
1551429754 0
1551429755 0
1551429756 0
1551429757 0
1551429758 0
1551429759 0
1551429760 0
1551429761 0
1551429762 0
1551429763 0
1551429764 0
1551429765 0
1551429766 0
1551429767 0
1551429768 0
1551429769 0
1551429770 0
1551429771 0
1551429772 0
1551429773 0
1551429774 0
1551429775 0
1551429776 0
1551429777 0
1551429778 0
1551429779 0
1551429780 0
1551429781 0
1551429782 0
1551429783 0
1551429784 0
1551429785 0
1551429786 0
1551429787 0
1551429788 0
1551429789 0
1551429790 0
1551429791 0
1551429792 0
1551429793 0
1551429794 0
1551429795 0
1551429796 0
1551429797 0
1551429798 0
1551429799 0
1551429800 0
1551429801 0
1551429802 0
1551429803 0
1551429804 0
1551429805 0
1551429806 0
1551429807 0
1551429808 0
1551429809 0
1551429810 0
1551429811 0
1551429812 0
1551429813 0
1551429814 0
1551429815 0
1551429816 0
1551429817 0
1551429818 0
1551429819 0
1551429820 0
1551429821 0
1551429822 0
1551429823 0
1551429824 0
1551429825 0
1551429826 0
1551429827 0
1551429828 0
1551429829 0
1551429830 0
1551429831 0
1551429832 0
1551429833 0
1551429834 0
1551429835 0
1551429836 0
1551429837 0
1551429838 0
1551429839 0
1551429840 0
1551429841 0
1551429842 0
1551429843 0
1551429844 0
1551429845 0
1551429846 0
1551429847 0
1551429848 0
1551429849 0
1551429850 0
1551429851 0
1551429852 0
1551429853 0
1551429854 0
1551429855 0
1551429856 0
1551429857 0
1551429858 0
1551429859 0
1551429860 0
1551429861 0
1551429862 0
1551429863 0
1551429864 0
1551429865 0
1551429866 0
1551429867 0
1551429868 0
1551429869 0
1551429870 0
1551429871 0
1551429872 0
1551429873 0
1551429874 0
1551429875 0
1551429876 0
1551429877 0
1551429878 0
1551429879 0
1551429880 0
1551429881 0
1551429882 0
1551429883 0
1551429884 0
1551429885 0
1551429886 0
1551429887 0
1551429888 0
1551429889 0
1551429890 0
1551429891 0
1551429892 0
1551429893 0
1551429894 0
1551429895 0
1551429896 0
1551429897 0
1551429898 0
1551429899 0
1551429900 0
1551429901 0
1551429902 0
1551429903 0
1551429904 0
1551429905 0
1551429906 0
1551429907 0
1551429908 0
1551429909 0
1551429910 0
1551429911 0
1551429912 0
1551429913 0
1551429914 0
1551429915 0
1551429916 0
1551429917 0
1551429918 0
1551429919 0
1551429920 0
1551429921 0
1551429922 0
1551429923 0
1551429924 0
1551429925 0
1551429926 0
1551429927 0
1551429928 0
1551429929 0
1551429930 0
1551429931 0
1551429932 0
1551429933 0
1551429934 0
1551429935 0
1551429936 0
1551429937 0
1551429938 0
1551429939 0
1551429940 0
1551429941 0
1551429942 0
1551429943 0
1551429944 0
1551429945 0
1551429946 0
1551429947 0
1551429948 0
1551429949 0
1551429950 0
1551429951 0
1551429952 0
1551429953 0
1551429954 0
1551429955 0
1551429956 0
1551429957 0
1551429958 0
1551429959 0
1551429960 0
1551429961 0
1551429962 0
1551429963 0
1551429964 0
1551429965 0
1551429966 0
1551429967 0
1551429968 0
1551429969 0
1551429970 0
1551429971 0
1551429972 0
1551429973 0
1551429974 0
1551429975 0
1551429976 0
1551429977 0
1551429978 0
1551429979 0
1551429980 0
1551429981 0
1551429982 0
1551429983 0
1551429984 0
1551429985 0
1551429986 0
1551429987 0
1551429988 0
1551429989 0
1551429990 0
1551429991 0
1551429992 0
1551429993 0
1551429994 0
1551429995 0
1551429996 0
1551429997 0
1551429998 0
1551429999 0
1551430000 0
1551430001 0
1551430002 0
1551430003 0
1551430004 0
1551430005 0
1551430006 0
1551430007 0
1551430008 0
1551430009 0
1551430010 0
1551430011 0
1551430012 0
1551430013 0
1551430014 0
1551430015 0
1551430016 0
1551430017 0
1551430018 0
1551430019 0
1551430020 0
1551430021 0
1551430022 0
1551430023 0
1551430024 0
1551430025 0
1551430026 0
1551430027 0
1551430028 0
1551430029 0
1551430030 0
1551430031 0
1551430032 0
1551430033 0
1551430034 0
1551430035 0
1551430036 0
1551430037 0
1551430038 0
1551430039 0
1551430040 0
1551430041 0
1551430042 0
1551430043 0
1551430044 0
1551430045 0
1551430046 0
1551430047 0
1551430048 0
1551430049 0
1551430050 0
1551430051 0
1551430052 0
1551430053 0
1551430054 0
1551430055 0
1551430056 0
1551430057 0
1551430058 0
1551430059 0
1551430060 0
1551430061 0
1551430062 0
1551430063 0
1551430064 0
1551430065 0
1551430066 0
1551430067 0
1551430068 0
1551430069 0
1551430070 0
1551430071 0
1551430072 0
1551430073 0
1551430074 0
1551430075 0
1551430076 0
1551430077 0
1551430078 0
1551430079 0
1551430080 0
1551430081 0
1551430082 0
1551430083 0
1551430084 0
1551430085 0
1551430086 0
1551430087 0
1551430088 0
1551430089 0
1551430090 0
1551430091 0
1551430092 0
1551430093 0
1551430094 0
1551430095 0
1551430096 0
1551430097 0
1551430098 0
1551430099 0
1551430100 0
1551430101 0
1551430102 0
1551430103 0
1551430104 0
1551430105 0
1551430106 0
1551430107 0
1551430108 0
1551430109 0
1551430110 0
1551430111 0
1551430112 0
1551430113 0
1551430114 0
1551430115 0
1551430116 0
1551430117 0
1551430118 0
1551430119 0
1551430120 0
1551430121 0
1551430122 0
1551430123 0
1551430124 0
1551430125 0
1551430126 0
1551430127 0
1551430128 0
1551430129 0
1551430130 0
1551430131 0
1551430132 0
1551430133 0
1551430134 0
1551430135 0
1551430136 0
1551430137 0
1551430138 0
1551430139 0
1551430140 0
1551430141 0
1551430142 0
1551430143 0
1551430144 0
1551430145 0
1551430146 0
1551430147 0
1551430148 0
1551430149 0
1551430150 0
1551430151 0
1551430152 0
1551430153 0
1551430154 0
1551430155 0
1551430156 0
1551430157 0
1551430158 0
1551430159 0
1551430160 0
1551430161 0
1551430162 0
1551430163 0
1551430164 0
1551430165 0
1551430166 0
1551430167 0
1551430168 0
1551430169 0
1551430170 0
1551430171 0
1551430172 0
1551430173 0
1551430174 0
1551430175 0
1551430176 0
1551430177 0
1551430178 0
1551430179 0
1551430180 0
1551430181 0
1551430182 0
1551430183 0
1551430184 0
1551430185 0
1551430186 0
1551430187 0
1551430188 0
1551430189 0
1551430190 0
1551430191 0
1551430192 0
1551430193 0
1551430194 0
1551430195 0
1551430196 0
1551430197 0
1551430198 0
1551430199 0
1551430200 0
1551430201 0
1551430202 0
1551430203 0
1551430204 0
1551430205 0
1551430206 0
1551430207 0
1551430208 0
1551430209 0
1551430210 0
1551430211 0
1551430212 0
1551430213 0
1551430214 0
1551430215 0
1551430216 0
1551430217 0
1551430218 0
1551430219 0
1551430220 0
1551430221 0
1551430222 0
1551430223 0
1551430224 0
1551430225 0
1551430226 0
1551430227 0
1551430228 0
1551430229 0
1551430230 0
1551430231 0
1551430232 0
1551430233 0
1551430234 0
1551430235 0
1551430236 0
1551430237 0
1551430238 0
1551430239 0
1551430240 0
1551430241 0
1551430242 0
1551430243 0
1551430244 0
1551430245 0
1551430246 0
1551430247 0
1551430248 0
1551430249 0
1551430250 0
1551430251 0
1551430252 0
1551430253 0
1551430254 0
1551430255 0
1551430256 0
1551430257 0
1551430258 0
1551430259 0
1551430260 0
1551430261 0
1551430262 0
1551430263 0
1551430264 0
1551430265 0
1551430266 0
1551430267 0
1551430268 0
1551430269 0
1551430270 0
1551430271 0
1551430272 0
1551430273 0
1551430274 0
1551430275 0
1551430276 0
1551430277 0
1551430278 0
1551430279 0
1551430280 0
1551430281 0
1551430282 0
1551430283 0
1551430284 0
1551430285 0
1551430286 0
1551430287 0
1551430288 0
1551430289 0
1551430290 0
1551430291 0
1551430292 0
1551430293 0
1551430294 0
1551430295 0
1551430296 0
1551430297 0
1551430298 0
1551430299 0
1551430300 0
1551430301 0
1551430302 0
1551430303 0
1551430304 0
1551430305 0
1551430306 0
1551430307 0
1551430308 0
1551430309 0
1551430310 0
1551430311 0
1551430312 0
1551430313 0
1551430314 0
1551430315 0
1551430316 0
1551430317 0
1551430318 0
1551430319 0
1551430320 0
1551430321 0
1551430322 0
1551430323 0
1551430324 0
1551430325 0
1551430326 0
1551430327 0
1551430328 0
1551430329 0
1551430330 0
1551430331 0
1551430332 0
1551430333 0
1551430334 0
1551430335 0
1551430336 0
1551430337 0
1551430338 0
1551430339 0
1551430340 0
1551430341 0
1551430342 0
1551430343 0
1551430344 0
1551430345 0
1551430346 0
1551430347 0
1551430348 0
1551430349 0
1551430350 0
1551430351 0
1551430352 0
1551430353 0
1551430354 0
1551430355 0
1551430356 0
1551430357 0
1551430358 0
1551430359 0
1551430360 0
1551430361 0
1551430362 0
1551430363 0
1551430364 0
1551430365 0
1551430366 0
1551430367 0
1551430368 0
1551430369 0
1551430370 0
1551430371 0
1551430372 0
1551430373 0
1551430374 0
1551430375 0
1551430376 0
1551430377 0
1551430378 0
1551430379 0
1551430380 0
1551430381 0
1551430382 0
1551430383 0
1551430384 0
1551430385 0
1551430386 0
1551430387 0
1551430388 0
1551430389 0
1551430390 0
1551430391 0
1551430392 0
1551430393 0
1551430394 0
1551430395 0
1551430396 0
1551430397 0
1551430398 0
1551430399 0
1551430400 0
1551430401 0
1551430402 0
1551430403 0
1551430404 0
1551430405 0
1551430406 0
1551430407 0
1551430408 0
1551430409 0
1551430410 0
1551430411 0
1551430412 0
1551430413 0
1551430414 0
1551430415 0
1551430416 0
1551430417 0
1551430418 0
1551430419 0
1551430420 0
1551430421 0
1551430422 0
1551430423 0
1551430424 0
1551430425 0
1551430426 0
1551430427 0
1551430428 0
1551430429 0
1551430430 0
1551430431 0
1551430432 0
1551430433 0
1551430434 0
1551430435 0
1551430436 0
1551430437 0
1551430438 0
1551430439 0
1551430440 0
1551430441 0
1551430442 0
1551430443 0
1551430444 0
1551430445 0
1551430446 0
1551430447 0
1551430448 0
1551430449 0
1551430450 0
1551430451 0
1551430452 0
1551430453 0
1551430454 0
1551430455 0
1551430456 0
1551430457 0
1551430458 0
1551430459 0
1551430460 0
1551430461 0
1551430462 0
1551430463 0
1551430464 0
1551430465 0
1551430466 0
1551430467 0
1551430468 0
1551430469 0
1551430470 0
1551430471 0
1551430472 0
1551430473 0
1551430474 0
1551430475 0
1551430476 0
1551430477 0
1551430478 0
1551430479 0
1551430480 0
1551430481 0
1551430482 0
1551430483 0
1551430484 0
1551430485 0
1551430486 0
1551430487 0
1551430488 0
1551430489 0
1551430490 0
1551430491 0
1551430492 0
1551430493 0
1551430494 0
1551430495 0
1551430496 0
1551430497 0
1551430498 0
1551430499 0
1551430500 0
1551430501 0
1551430502 0
1551430503 0
1551430504 0
1551430505 0
1551430506 0
1551430507 0
1551430508 0
1551430509 0
1551430510 0
1551430511 0
1551430512 0
1551430513 0
1551430514 0
1551430515 0
1551430516 0
1551430517 0
1551430518 0
1551430519 0
1551430520 0
1551430521 0
1551430522 0
1551430523 0
1551430524 0
1551430525 0
1551430526 0
1551430527 0
1551430528 0
1551430529 0
1551430530 0
1551430531 0
1551430532 0
1551430533 0
1551430534 0
1551430535 0
1551430536 0
1551430537 0
1551430538 0
1551430539 0
1551430540 0
1551430541 0
1551430542 0
1551430543 0
1551430544 0
1551430545 0
1551430546 0
1551430547 0
1551430548 0
1551430549 0
1551430550 0
1551430551 0
1551430552 0
1551430553 0
1551430554 0
1551430555 0
1551430556 0
1551430557 0
1551430558 0
1551430559 0
1551430560 0
1551430561 0
1551430562 0
1551430563 0
1551430564 0
1551430565 0
1551430566 0
1551430567 0
1551430568 0
1551430569 0
1551430570 0
1551430571 0
1551430572 0
1551430573 0
1551430574 0
1551430575 0
1551430576 0
1551430577 0
1551430578 0
1551430579 0
1551430580 0
1551430581 0
1551430582 0
1551430583 0
1551430584 0
1551430585 0
1551430586 0
1551430587 0
1551430588 0
1551430589 0
1551430590 0
1551430591 0
1551430592 0
1551430593 0
1551430594 0
1551430595 0
1551430596 0
1551430597 0
1551430598 0
1551430599 0
1551430600 0
1551430601 0
1551430602 0
1551430603 0
1551430604 0
1551430605 0
1551430606 0
1551430607 0
1551430608 0
1551430609 0
1551430610 0
1551430611 0
1551430612 0
1551430613 0
1551430614 0
1551430615 0
1551430616 0
1551430617 0
1551430618 0
1551430619 0
1551430620 0
1551430621 0
1551430622 0
1551430623 0
1551430624 0
1551430625 0
1551430626 0
1551430627 0
1551430628 0
1551430629 0
1551430630 0
1551430631 0
1551430632 0
1551430633 0
1551430634 0
1551430635 0
1551430636 0
1551430637 0
1551430638 0
1551430639 0
1551430640 0
1551430641 0
1551430642 0
1551430643 0
1551430644 0
1551430645 0
1551430646 0
1551430647 0
1551430648 0
1551430649 0
1551430650 0
1551430651 0
1551430652 0
1551430653 0
1551430654 0
1551430655 0
1551430656 0
1551430657 0
1551430658 0
1551430659 0
1551430660 0
1551430661 0
1551430662 0
1551430663 0
1551430664 0
1551430665 0
1551430666 0
1551430667 0
1551430668 0
1551430669 0
1551430670 0
1551430671 0
1551430672 0
1551430673 0
1551430674 0
1551430675 0
1551430676 0
1551430677 0
1551430678 0
1551430679 0
1551430680 0
1551430681 0
1551430682 0
1551430683 0
1551430684 0
1551430685 0
1551430686 0
1551430687 0
1551430688 0
1551430689 0
1551430690 0
1551430691 0
1551430692 0
1551430693 0
1551430694 0
1551430695 0
1551430696 0
1551430697 0
1551430698 0
1551430699 0
1551430700 0
1551430701 0
1551430702 0
1551430703 0
1551430704 0
1551430705 0
1551430706 0
1551430707 0
1551430708 0
1551430709 0
1551430710 0
1551430711 0
1551430712 0
1551430713 0
1551430714 0
1551430715 0
1551430716 0
1551430717 0
1551430718 0
1551430719 0
1551430720 0
1551430721 0
1551430722 0
1551430723 0
1551430724 0
1551430725 0
1551430726 0
1551430727 0
1551430728 0
1551430729 0
1551430730 0
1551430731 0
1551430732 0
1551430733 0
1551430734 0
1551430735 0
1551430736 0
1551430737 0
1551430738 0
1551430739 0
1551430740 0
1551430741 0
1551430742 0
1551430743 0
1551430744 0
1551430745 0
1551430746 0
1551430747 0
1551430748 0
1551430749 0
1551430750 0
1551430751 0
1551430752 0
1551430753 0
1551430754 0
1551430755 0
1551430756 0
1551430757 0
1551430758 0
1551430759 0
1551430760 0
1551430761 0
1551430762 0
1551430763 0
1551430764 0
1551430765 0
1551430766 0
1551430767 0
1551430768 0
1551430769 0
1551430770 0
1551430771 0
1551430772 0
1551430773 0
1551430774 0
1551430775 0
1551430776 0
1551430777 0
1551430778 0
1551430779 0
1551430780 0
1551430781 0
1551430782 0
1551430783 0
1551430784 0
1551430785 0
1551430786 0
1551430787 0
1551430788 0
1551430789 0
1551430790 0
1551430791 0
1551430792 0
1551430793 0
1551430794 0
1551430795 0
1551430796 0
1551430797 0
1551430798 0
1551430799 0
1551430800 0
1551430801 0
1551430802 0
1551430803 0
1551430804 0
1551430805 0
1551430806 0
1551430807 0
1551430808 0
1551430809 0
1551430810 0
1551430811 0
1551430812 0
1551430813 0
1551430814 0
1551430815 0
1551430816 0
1551430817 0
1551430818 0
1551430819 0
1551430820 0
1551430821 0
1551430822 0
1551430823 0
1551430824 0
1551430825 0
1551430826 0
1551430827 0
1551430828 0
1551430829 0
1551430830 0
1551430831 0
1551430832 0
1551430833 0
1551430834 0
1551430835 0
1551430836 0
1551430837 0
1551430838 0
1551430839 0
1551430840 0
1551430841 0
1551430842 0
1551430843 0
1551430844 0
1551430845 0
1551430846 0
1551430847 0
1551430848 0
1551430849 0
1551430850 0
1551430851 0
1551430852 0
1551430853 0
1551430854 0
1551430855 0
1551430856 0
1551430857 0
1551430858 0
1551430859 0
1551430860 0
1551430861 0
1551430862 0
1551430863 0
1551430864 0
1551430865 0
1551430866 0
1551430867 0
1551430868 0
1551430869 0
1551430870 0
1551430871 0
1551430872 0
1551430873 0
1551430874 0
1551430875 0
1551430876 0
1551430877 0
1551430878 0
1551430879 0
1551430880 0
1551430881 0
1551430882 0
1551430883 0
1551430884 0
1551430885 0
1551430886 0
1551430887 0
1551430888 0
1551430889 0
1551430890 0
1551430891 0
1551430892 0
1551430893 0
1551430894 0
1551430895 0
1551430896 0
1551430897 0
1551430898 0
1551430899 0
1551430900 0
1551430901 0
1551430902 0
1551430903 0
1551430904 0
1551430905 0
1551430906 0
1551430907 0
1551430908 0
1551430909 0
1551430910 0
1551430911 0
1551430912 0
1551430913 0
1551430914 0
1551430915 0
1551430916 0
1551430917 0
1551430918 0
1551430919 0
1551430920 0
1551430921 0
1551430922 0
1551430923 0
1551430924 0
1551430925 0
1551430926 0
1551430927 0
1551430928 0
1551430929 0
1551430930 0
1551430931 0
1551430932 0
1551430933 0
1551430934 0
1551430935 0
1551430936 0
1551430937 0
1551430938 0
1551430939 0
1551430940 0
1551430941 0
1551430942 0
1551430943 0
1551430944 0
1551430945 0
1551430946 0
1551430947 0
1551430948 0
1551430949 0
1551430950 0
1551430951 0
1551430952 0
1551430953 0
1551430954 0
1551430955 0
1551430956 0
1551430957 0
1551430958 0
1551430959 0
1551430960 0
1551430961 0
1551430962 0
1551430963 0
1551430964 0
1551430965 0
1551430966 0
1551430967 0
1551430968 0
1551430969 0
1551430970 0
1551430971 0
1551430972 0
1551430973 0
1551430974 0
1551430975 0
1551430976 0
1551430977 0
1551430978 0
1551430979 0
1551430980 0
1551430981 0
1551430982 0
1551430983 0
1551430984 0
1551430985 0
1551430986 0
1551430987 0
1551430988 0
1551430989 0
1551430990 0
1551430991 0
1551430992 0
1551430993 0
1551430994 0
1551430995 0
1551430996 0
1551430997 0
1551430998 0
1551430999 0
1551431000 0
1551431001 0
1551431002 0
1551431003 0
1551431004 0
1551431005 0
1551431006 0
1551431007 0
1551431008 0
1551431009 0
1551431010 0
1551431011 0
1551431012 0
1551431013 0
1551431014 0
1551431015 0
1551431016 0
1551431017 0
1551431018 0
1551431019 0
1551431020 0
1551431021 0
1551431022 0
1551431023 0
1551431024 0
1551431025 0
1551431026 0
1551431027 0
1551431028 0
1551431029 0
1551431030 0
1551431031 0
1551431032 0
1551431033 0
1551431034 0
1551431035 0
1551431036 0
1551431037 0
1551431038 0
1551431039 0
1551431040 0
1551431041 0
1551431042 0
1551431043 0
1551431044 0
1551431045 0
1551431046 0
1551431047 0
1551431048 0
1551431049 0
1551431050 0
1551431051 0
1551431052 0
1551431053 0
1551431054 0
1551431055 0
1551431056 0
1551431057 0
1551431058 0
1551431059 0
1551431060 0
1551431061 0
1551431062 0
1551431063 0
1551431064 0
1551431065 0
1551431066 0
1551431067 0
1551431068 0
1551431069 0
1551431070 0
1551431071 0
1551431072 0
1551431073 0
1551431074 0
1551431075 0
1551431076 0
1551431077 0
1551431078 0
1551431079 0
1551431080 0
1551431081 0
1551431082 0
1551431083 0
1551431084 0
1551431085 0
1551431086 0
1551431087 0
1551431088 0
1551431089 0
1551431090 0
1551431091 0
1551431092 0
1551431093 0
1551431094 0
1551431095 0
1551431096 0
1551431097 0
1551431098 0
1551431099 0
1551431100 0
1551431101 0
1551431102 0
1551431103 0
1551431104 0
1551431105 0
1551431106 0
1551431107 0
1551431108 0
1551431109 0
1551431110 0
1551431111 0
1551431112 0
1551431113 0
1551431114 0
1551431115 0
1551431116 0
1551431117 0
1551431118 0
1551431119 0
1551431120 0
1551431121 0
1551431122 0
1551431123 0
1551431124 0
1551431125 0
1551431126 0
1551431127 0
1551431128 0
1551431129 0
1551431130 0
1551431131 0
1551431132 0
1551431133 0
1551431134 0
1551431135 0
1551431136 0
1551431137 0
1551431138 0
1551431139 0
1551431140 0
1551431141 0
1551431142 0
1551431143 0
1551431144 0
1551431145 0
1551431146 0
1551431147 0
1551431148 0
1551431149 0
1551431150 0
1551431151 0
1551431152 0
1551431153 0
1551431154 0
1551431155 0
1551431156 0
1551431157 0
1551431158 0
1551431159 0
1551431160 0
1551431161 0
1551431162 0
1551431163 0
1551431164 0
1551431165 0
1551431166 0
1551431167 0
1551431168 0
1551431169 0
1551431170 0
1551431171 0
1551431172 0
1551431173 0
1551431174 0
1551431175 0
1551431176 0
1551431177 0
1551431178 0
1551431179 0
1551431180 0
1551431181 0
1551431182 0
1551431183 0
1551431184 0
1551431185 0
1551431186 0
1551431187 0
1551431188 0
1551431189 0
1551431190 0
1551431191 0
1551431192 0
1551431193 0
1551431194 0
1551431195 0
1551431196 0
1551431197 0
1551431198 0
1551431199 0
1551431200 0
1551431201 0
1551431202 0
1551431203 0
1551431204 0
1551431205 0
1551431206 0
1551431207 0
1551431208 0
1551431209 0
1551431210 0
1551431211 0
1551431212 0
1551431213 0
1551431214 0
1551431215 0
1551431216 0
1551431217 0
1551431218 0
1551431219 0
1551431220 0
1551431221 0
1551431222 0
1551431223 0
1551431224 0
1551431225 0
1551431226 0
1551431227 0
1551431228 0
1551431229 0
1551431230 0
1551431231 0
1551431232 0
1551431233 0
1551431234 0
1551431235 0
1551431236 0
1551431237 0
1551431238 0
1551431239 0
1551431240 0
1551431241 0
1551431242 0
1551431243 0
1551431244 0
1551431245 0
1551431246 0
1551431247 0
1551431248 0
1551431249 0
1551431250 0
1551431251 0
1551431252 0
1551431253 0
1551431254 0
1551431255 0
1551431256 0
1551431257 0
1551431258 0
1551431259 0
1551431260 0
1551431261 0
1551431262 0
1551431263 0
1551431264 0
1551431265 0
1551431266 0
1551431267 0
1551431268 0
1551431269 0
1551431270 0
1551431271 0
1551431272 0
1551431273 0
1551431274 0
1551431275 0
1551431276 0
1551431277 0
1551431278 0
1551431279 0
1551431280 0
1551431281 0
1551431282 0
1551431283 0
1551431284 0
1551431285 0
1551431286 0
1551431287 0
1551431288 0
1551431289 0
1551431290 0
1551431291 0
1551431292 0
1551431293 0
1551431294 0
1551431295 0
1551431296 0
1551431297 0
1551431298 0
1551431299 0
1551431300 0
1551431301 0
1551431302 0
1551431303 0
1551431304 0
1551431305 0
1551431306 0
1551431307 0
1551431308 0
1551431309 0
1551431310 0
1551431311 0
1551431312 0
1551431313 0
1551431314 0
1551431315 0
1551431316 0
1551431317 0
1551431318 0
1551431319 0
1551431320 0
1551431321 0
1551431322 0
1551431323 0
1551431324 0
1551431325 0
1551431326 0
1551431327 0
1551431328 0
1551431329 0
1551431330 0
1551431331 0
1551431332 0
1551431333 0
1551431334 0
1551431335 0
1551431336 0
1551431337 0
1551431338 0
1551431339 0
1551431340 0
1551431341 0
1551431342 0
1551431343 0
1551431344 0
1551431345 0
1551431346 0
1551431347 0
1551431348 0
1551431349 0
1551431350 0
1551431351 0
1551431352 0
1551431353 0
1551431354 0
1551431355 0
1551431356 0
1551431357 0
1551431358 0
1551431359 0
1551431360 0
1551431361 0
1551431362 0
1551431363 0
1551431364 0
1551431365 0
1551431366 0
1551431367 0
1551431368 0
1551431369 0
1551431370 0
1551431371 0
1551431372 0
1551431373 0
1551431374 0
1551431375 0
1551431376 0
1551431377 0
1551431378 0
1551431379 0
1551431380 0
1551431381 0
1551431382 0
1551431383 0
1551431384 0
1551431385 0
1551431386 0
1551431387 0
1551431388 0
1551431389 0
1551431390 0
1551431391 0
1551431392 0
1551431393 0
1551431394 0
1551431395 0
1551431396 0
1551431397 0
1551431398 0
1551431399 0
1551431400 0
1551431401 0
1551431402 0
1551431403 0
1551431404 0
1551431405 0
1551431406 0
1551431407 0
1551431408 0
1551431409 0
1551431410 0
1551431411 0
1551431412 0
1551431413 0
1551431414 0
1551431415 0
1551431416 0
1551431417 0
1551431418 0
1551431419 0
1551431420 0
1551431421 0
1551431422 0
1551431423 0
1551431424 0
1551431425 0
1551431426 0
1551431427 0
1551431428 0
1551431429 0
1551431430 0
1551431431 0
1551431432 0
1551431433 0
1551431434 0
1551431435 0
1551431436 0
1551431437 0
1551431438 0
1551431439 0
1551431440 0
1551431441 0
1551431442 0
1551431443 0
1551431444 0
1551431445 0
1551431446 0
1551431447 0
1551431448 0
1551431449 0
1551431450 0
1551431451 0
1551431452 0
1551431453 0
1551431454 0
1551431455 0
1551431456 0
1551431457 0
1551431458 0
1551431459 0
1551431460 0
1551431461 0
1551431462 0
1551431463 0
1551431464 0
1551431465 0
1551431466 0
1551431467 0
1551431468 0
1551431469 0
1551431470 0
1551431471 0
1551431472 0
1551431473 0
1551431474 0
1551431475 0
1551431476 0
1551431477 0
1551431478 0
1551431479 0
1551431480 0
1551431481 0
1551431482 0
1551431483 0
1551431484 0
1551431485 0
1551431486 0
1551431487 0
1551431488 0
1551431489 0
1551431490 0
1551431491 0
1551431492 0
1551431493 0
1551431494 0
1551431495 0
1551431496 0
1551431497 0
1551431498 0
1551431499 0
1551431500 0
1551431501 0
1551431502 0
1551431503 0
1551431504 0
1551431505 0
1551431506 0
1551431507 0
1551431508 0
1551431509 0
1551431510 0
1551431511 0
1551431512 0
1551431513 0
1551431514 0
1551431515 0
1551431516 0
1551431517 0
1551431518 0
1551431519 0
1551431520 0
1551431521 0
1551431522 0
1551431523 0
1551431524 0
1551431525 0
1551431526 0
1551431527 0
1551431528 0
1551431529 0
1551431530 0
1551431531 0
1551431532 0
1551431533 0
1551431534 0
1551431535 0
1551431536 0
1551431537 0
1551431538 0
1551431539 0
1551431540 0
1551431541 0
1551431542 0
1551431543 0
1551431544 0
1551431545 0
1551431546 0
1551431547 0
1551431548 0
1551431549 0
1551431550 0
1551431551 0
1551431552 0
1551431553 0
1551431554 0
1551431555 0
1551431556 0
1551431557 0
1551431558 0
1551431559 0
1551431560 0
1551431561 0
1551431562 0
1551431563 0
1551431564 0
1551431565 0
1551431566 0
1551431567 0
1551431568 0
1551431569 0
1551431570 0
1551431571 0
1551431572 0
1551431573 0
1551431574 0
1551431575 0
1551431576 0
1551431577 0
1551431578 0
1551431579 0
1551431580 0
1551431581 0
1551431582 0
1551431583 0
1551431584 0
1551431585 0
1551431586 0
1551431587 0
1551431588 0
1551431589 0
1551431590 0
1551431591 0
1551431592 0
1551431593 0
1551431594 0
1551431595 0
1551431596 0
1551431597 0
1551431598 0
1551431599 0
1551431600 0
1551431601 0
1551431602 0
1551431603 0
1551431604 0
1551431605 0
1551431606 0
1551431607 0
1551431608 0
1551431609 0
1551431610 0
1551431611 0
1551431612 0
1551431613 0
1551431614 0
1551431615 0
1551431616 0
1551431617 0
1551431618 0
1551431619 0
1551431620 0
1551431621 0
1551431622 0
1551431623 0
1551431624 0
1551431625 0
1551431626 0
1551431627 0
1551431628 0
1551431629 0
1551431630 0
1551431631 0
1551431632 0
1551431633 0
1551431634 0
1551431635 0
1551431636 0
1551431637 0
1551431638 0
1551431639 0
1551431640 0
1551431641 0
1551431642 0
1551431643 0
1551431644 0
1551431645 0
1551431646 0
1551431647 0
1551431648 0
1551431649 0
1551431650 0
1551431651 0
1551431652 0
1551431653 0
1551431654 0
1551431655 0
1551431656 0
1551431657 0
1551431658 0
1551431659 0
1551431660 0
1551431661 0
1551431662 0
1551431663 0
1551431664 0
1551431665 0
1551431666 0
1551431667 0
1551431668 0
1551431669 0
1551431670 0
1551431671 0
1551431672 0
1551431673 0
1551431674 0
1551431675 0
1551431676 0
1551431677 0
1551431678 0
1551431679 0
1551431680 0
1551431681 0
1551431682 0
1551431683 0
1551431684 0
1551431685 0
1551431686 0
1551431687 0
1551431688 0
1551431689 0
1551431690 0
1551431691 0
1551431692 0
1551431693 0
1551431694 0
1551431695 0
1551431696 0
1551431697 0
1551431698 0
1551431699 0
1551431700 0
1551431701 0
1551431702 0
1551431703 0
1551431704 0
1551431705 0
1551431706 0
1551431707 0
1551431708 0
1551431709 0
1551431710 0
1551431711 0
1551431712 0
1551431713 0
1551431714 0
1551431715 0
1551431716 0
1551431717 0
1551431718 0
1551431719 0
1551431720 0
1551431721 0
1551431722 0
1551431723 0
1551431724 0
1551431725 0
1551431726 0
1551431727 0
1551431728 0
1551431729 0
1551431730 0
1551431731 0
1551431732 0
1551431733 0
1551431734 0
1551431735 0
1551431736 0
1551431737 0
1551431738 0
1551431739 0
1551431740 0
1551431741 0
1551431742 0
1551431743 0
1551431744 0
1551431745 0
1551431746 0
1551431747 0
1551431748 0
1551431749 0
1551431750 0
1551431751 0
1551431752 0
1551431753 0
1551431754 0
1551431755 0
1551431756 0
1551431757 0
1551431758 0
1551431759 0
1551431760 0
1551431761 0
1551431762 0
1551431763 0
1551431764 0
1551431765 0
1551431766 0
1551431767 0
1551431768 0
1551431769 0
1551431770 0
1551431771 0
1551431772 0
1551431773 0
1551431774 0
1551431775 0
1551431776 0
1551431777 0
1551431778 0
1551431779 0
1551431780 0
1551431781 0
1551431782 0
1551431783 0
1551431784 0
1551431785 0
1551431786 0
1551431787 0
1551431788 0
1551431789 0
1551431790 0
1551431791 0
1551431792 0
1551431793 0
1551431794 0
1551431795 0
1551431796 0
1551431797 0
1551431798 0
1551431799 0
1551431800 0
1551431801 0
1551431802 0
1551431803 0
1551431804 0
1551431805 0
1551431806 0
1551431807 0
1551431808 0
1551431809 0
1551431810 0
1551431811 0
1551431812 0
1551431813 0
1551431814 0
1551431815 0
1551431816 0
1551431817 0
1551431818 0
1551431819 0
1551431820 0
1551431821 0
1551431822 0
1551431823 0
1551431824 0
1551431825 0
1551431826 0
1551431827 0
1551431828 0
1551431829 0
1551431830 0
1551431831 0
1551431832 0
1551431833 0
1551431834 0
1551431835 0
1551431836 0
1551431837 0
1551431838 0
1551431839 0
1551431840 0
1551431841 0
1551431842 0
1551431843 0
1551431844 0
1551431845 0
1551431846 0
1551431847 0
1551431848 0
1551431849 0
1551431850 0
1551431851 0
1551431852 0
1551431853 0
1551431854 0
1551431855 0
1551431856 0
1551431857 0
1551431858 0
1551431859 0
1551431860 0
1551431861 0
1551431862 0
1551431863 0
1551431864 0
1551431865 0
1551431866 0
1551431867 0
1551431868 0
1551431869 0
1551431870 0
1551431871 0
1551431872 0
1551431873 0
1551431874 0
1551431875 0
1551431876 0
1551431877 0
1551431878 0
1551431879 0
1551431880 0
1551431881 0
1551431882 0
1551431883 0
1551431884 0
1551431885 0
1551431886 0
1551431887 0
1551431888 0
1551431889 0
1551431890 0
1551431891 0
1551431892 0
1551431893 0
1551431894 0
1551431895 0
1551431896 0
1551431897 0
1551431898 0
1551431899 0
1551431900 0
1551431901 0
1551431902 0
1551431903 0
1551431904 0
1551431905 0
1551431906 0
1551431907 0
1551431908 0
1551431909 0
1551431910 0
1551431911 0
1551431912 0
1551431913 0
1551431914 0
1551431915 0
1551431916 0
1551431917 0
1551431918 0
1551431919 0
1551431920 0
1551431921 0
1551431922 0
1551431923 0
1551431924 0
1551431925 0
1551431926 0
1551431927 0
1551431928 0
1551431929 0
1551431930 0
1551431931 0
1551431932 0
1551431933 0
1551431934 0
1551431935 0
1551431936 0
1551431937 0
1551431938 0
1551431939 0
1551431940 0
1551431941 0
1551431942 0
1551431943 0
1551431944 0
1551431945 0
1551431946 0
1551431947 0
1551431948 0
1551431949 0
1551431950 0
1551431951 0
1551431952 0
1551431953 0
1551431954 0
1551431955 0
1551431956 0
1551431957 0
1551431958 0
1551431959 0
1551431960 0
1551431961 0
1551431962 0
1551431963 0
1551431964 0
1551431965 0
1551431966 0
1551431967 0
1551431968 0
1551431969 0
1551431970 0
1551431971 0
1551431972 0
1551431973 0
1551431974 0
1551431975 0
1551431976 0
1551431977 0
1551431978 0
1551431979 0
1551431980 0
1551431981 0
1551431982 0
1551431983 0
1551431984 0
1551431985 0
1551431986 0
1551431987 0
1551431988 0
1551431989 0
1551431990 0
1551431991 0
1551431992 0
1551431993 0
1551431994 0
1551431995 0
1551431996 0
1551431997 0
1551431998 0
1551431999 0
1551432000 0
1551432001 0
1551432002 0
1551432003 0
1551432004 0
1551432005 0
1551432006 0
1551432007 0
1551432008 0
1551432009 0
1551432010 0
1551432011 0
1551432012 0
1551432013 0
1551432014 0
1551432015 0
1551432016 0
1551432017 0
1551432018 0
1551432019 0
1551432020 0
1551432021 0
1551432022 0
1551432023 0
1551432024 0
1551432025 0
1551432026 0
1551432027 0
1551432028 0
1551432029 0
1551432030 0
1551432031 0
1551432032 0
1551432033 0
1551432034 0
1551432035 0
1551432036 0
1551432037 0
1551432038 0
1551432039 0
1551432040 0
1551432041 0
1551432042 0
1551432043 0
1551432044 0
1551432045 0
1551432046 0
1551432047 0
1551432048 0
1551432049 0
1551432050 0
1551432051 0
1551432052 0
1551432053 0
1551432054 0
1551432055 0
1551432056 0
1551432057 0
1551432058 0
1551432059 0
1551432060 0
1551432061 0
1551432062 0
1551432063 0
1551432064 0
1551432065 0
1551432066 0
1551432067 0
1551432068 0
1551432069 0
1551432070 0
1551432071 0
1551432072 0
1551432073 0
1551432074 0
1551432075 0
1551432076 0
1551432077 0
1551432078 0
1551432079 0
1551432080 0
1551432081 0
1551432082 0
1551432083 0
1551432084 0
1551432085 0
1551432086 0
1551432087 0
1551432088 0
1551432089 0
1551432090 0
1551432091 0
1551432092 0
1551432093 0
1551432094 0
1551432095 0
1551432096 0
1551432097 0
1551432098 0
1551432099 0
1551432100 0
1551432101 0
1551432102 0
1551432103 0
1551432104 0
1551432105 0
1551432106 0
1551432107 0
1551432108 0
1551432109 0
1551432110 0
1551432111 0
1551432112 0
1551432113 0
1551432114 0
1551432115 0
1551432116 0
1551432117 0
1551432118 0
1551432119 0
1551432120 0
1551432121 0
1551432122 0
1551432123 0
1551432124 0
1551432125 0
1551432126 0
1551432127 0
1551432128 0
1551432129 0
1551432130 0
1551432131 0
1551432132 0
1551432133 0
1551432134 0
1551432135 0
1551432136 0
1551432137 0
1551432138 0
1551432139 0
1551432140 0
1551432141 0
1551432142 0
1551432143 0
1551432144 0
1551432145 0
1551432146 0
1551432147 0
1551432148 0
1551432149 0
1551432150 0
1551432151 0
1551432152 0
1551432153 0
1551432154 0
1551432155 0
1551432156 0
1551432157 0
1551432158 0
1551432159 0
1551432160 0
1551432161 0
1551432162 0
1551432163 0
1551432164 0
1551432165 0
1551432166 0
1551432167 0
1551432168 0
1551432169 0
1551432170 0
1551432171 0
1551432172 0
1551432173 0
1551432174 0
1551432175 0
1551432176 0
1551432177 0
1551432178 0
1551432179 0
1551432180 0
1551432181 0
1551432182 0
1551432183 0
1551432184 0
1551432185 0
1551432186 0
1551432187 0
1551432188 0
1551432189 0
1551432190 0
1551432191 0
1551432192 0
1551432193 0
1551432194 0
1551432195 0
1551432196 0
1551432197 0
1551432198 0
1551432199 0
1551432200 0
1551432201 0
1551432202 0
1551432203 0
1551432204 0
1551432205 0
1551432206 0
1551432207 0
1551432208 0
1551432209 0
1551432210 0
1551432211 0
1551432212 0
1551432213 0
1551432214 0
1551432215 0
1551432216 0
1551432217 0
1551432218 0
1551432219 0
1551432220 0
1551432221 0
1551432222 0
1551432223 0
1551432224 0
1551432225 0
1551432226 0
1551432227 0
1551432228 0
1551432229 0
1551432230 0
1551432231 0
1551432232 0
1551432233 0
1551432234 0
1551432235 0
1551432236 0
1551432237 0
1551432238 0
1551432239 0
1551432240 0
1551432241 0
1551432242 0
1551432243 0
1551432244 0
1551432245 0
1551432246 0
1551432247 0
1551432248 0
1551432249 0
1551432250 0
1551432251 0
1551432252 0
1551432253 0
1551432254 0
1551432255 0
1551432256 0
1551432257 0
1551432258 0
1551432259 0
1551432260 0
1551432261 0
1551432262 0
1551432263 0
1551432264 0
1551432265 0
1551432266 0
1551432267 0
1551432268 0
1551432269 0
1551432270 0
1551432271 0
1551432272 0
1551432273 0
1551432274 0
1551432275 0
1551432276 0
1551432277 0
1551432278 0
1551432279 0
1551432280 0
1551432281 0
1551432282 0
1551432283 0
1551432284 0
1551432285 0
1551432286 0
1551432287 0
1551432288 0
1551432289 0
1551432290 0
1551432291 0
1551432292 0
1551432293 0
1551432294 0
1551432295 0
1551432296 0
1551432297 0
1551432298 0
1551432299 0
1551432300 0
1551432301 0
1551432302 0
1551432303 0
1551432304 0
1551432305 0
1551432306 0
1551432307 0
1551432308 0
1551432309 0
1551432310 0
1551432311 0
1551432312 0
1551432313 0
1551432314 0
1551432315 0
1551432316 0
1551432317 0
1551432318 0
1551432319 0
1551432320 0
1551432321 0
1551432322 0
1551432323 0
1551432324 0
1551432325 0
1551432326 0
1551432327 0
1551432328 0
1551432329 0
1551432330 0
1551432331 0
1551432332 0
1551432333 0
1551432334 0
1551432335 0
1551432336 0
1551432337 0
1551432338 0
1551432339 0
1551432340 0
1551432341 0
1551432342 0
1551432343 0
1551432344 0
1551432345 0
1551432346 0
1551432347 0
1551432348 0
1551432349 0
1551432350 0
1551432351 0
1551432352 0
1551432353 0
1551432354 0
1551432355 0
1551432356 0
1551432357 0
1551432358 0
1551432359 0
1551432360 0
1551432361 0
1551432362 0
1551432363 0
1551432364 0
1551432365 0
1551432366 0
1551432367 0
1551432368 0
1551432369 0
1551432370 0
1551432371 0
1551432372 0
1551432373 0
1551432374 0
1551432375 0
1551432376 0
1551432377 0
1551432378 0
1551432379 0
1551432380 0
1551432381 0
1551432382 0
1551432383 0
1551432384 0
1551432385 0
1551432386 0
1551432387 0
1551432388 0
1551432389 0
1551432390 0
1551432391 0
1551432392 0
1551432393 0
1551432394 0
1551432395 0
1551432396 0
1551432397 0
1551432398 0
1551432399 0
1551432400 0
1551432401 0
1551432402 0
1551432403 0
1551432404 0
1551432405 0
1551432406 0
1551432407 0
1551432408 0
1551432409 0
1551432410 0
1551432411 0
1551432412 0
1551432413 0
1551432414 0
1551432415 0
1551432416 0
1551432417 0
1551432418 0
1551432419 0
1551432420 0
1551432421 0
1551432422 0
1551432423 0
1551432424 0
1551432425 0
1551432426 0
1551432427 0
1551432428 0
1551432429 0
1551432430 0
1551432431 0
1551432432 0
1551432433 0
1551432434 0
1551432435 0
1551432436 0
1551432437 0
1551432438 0
1551432439 0
1551432440 0
1551432441 0
1551432442 0
1551432443 0
1551432444 0
1551432445 0
1551432446 0
1551432447 0
1551432448 0
1551432449 0
1551432450 0
1551432451 0
1551432452 0
1551432453 0
1551432454 0
1551432455 0
1551432456 0
1551432457 0
1551432458 0
1551432459 0
1551432460 0
1551432461 0
1551432462 0
1551432463 0
1551432464 0
1551432465 0
1551432466 0
1551432467 0
1551432468 0
1551432469 0
1551432470 0
1551432471 0
1551432472 0
1551432473 0
1551432474 0
1551432475 0
1551432476 0
1551432477 0
1551432478 0
1551432479 0
1551432480 0
1551432481 0
1551432482 0
1551432483 0
1551432484 0
1551432485 0
1551432486 0
1551432487 0
1551432488 0
1551432489 0
1551432490 0
1551432491 0
1551432492 0
1551432493 0
1551432494 0
1551432495 0
1551432496 0
1551432497 0
1551432498 0
1551432499 0
1551432500 0
1551432501 0
1551432502 0
1551432503 0
1551432504 0
1551432505 0
1551432506 0
1551432507 0
1551432508 0
1551432509 0
1551432510 0
1551432511 0
1551432512 0
1551432513 0
1551432514 0
1551432515 0
1551432516 0
1551432517 0
1551432518 0
1551432519 0
1551432520 0
1551432521 0
1551432522 0
1551432523 0
1551432524 0
1551432525 0
1551432526 0
1551432527 0
1551432528 0
1551432529 0
1551432530 0
1551432531 0
1551432532 0
1551432533 0
1551432534 0
1551432535 0
1551432536 0
1551432537 0
1551432538 0
1551432539 0
1551432540 0
1551432541 0
1551432542 0
1551432543 0
1551432544 0
1551432545 0
1551432546 0
1551432547 0
1551432548 0
1551432549 0
1551432550 0
1551432551 0
1551432552 0
1551432553 0
1551432554 0
1551432555 0
1551432556 0
1551432557 0
1551432558 0
1551432559 0
1551432560 0
1551432561 0
1551432562 0
1551432563 0
1551432564 0
1551432565 0
1551432566 0
1551432567 0
1551432568 0
1551432569 0
1551432570 0
1551432571 0
1551432572 0
1551432573 0
1551432574 0
1551432575 0
1551432576 0
1551432577 0
1551432578 0
1551432579 0
1551432580 0
1551432581 0
1551432582 0
1551432583 0
1551432584 0
1551432585 0
1551432586 0
1551432587 0
1551432588 0
1551432589 0
1551432590 0
1551432591 0
1551432592 0
1551432593 0
1551432594 0
1551432595 0
1551432596 0
1551432597 0
1551432598 0
1551432599 0
1551432600 0
1551432601 0
1551432602 0
1551432603 0
1551432604 0
1551432605 0
1551432606 0
1551432607 0
1551432608 0
1551432609 0
1551432610 0
1551432611 0
1551432612 0
1551432613 0
1551432614 0
1551432615 0
1551432616 0
1551432617 0
1551432618 0
1551432619 0
1551432620 0
1551432621 0
1551432622 0
1551432623 0
1551432624 0
1551432625 0
1551432626 0
1551432627 0
1551432628 0
1551432629 0
1551432630 0
1551432631 0
1551432632 0
1551432633 0
1551432634 0
1551432635 0
1551432636 0
1551432637 0
1551432638 0
1551432639 0
1551432640 0
1551432641 0
1551432642 0
1551432643 0
1551432644 0
1551432645 0
1551432646 0
1551432647 0
1551432648 0
1551432649 0
1551432650 0
1551432651 0
1551432652 0
1551432653 0
1551432654 0
1551432655 0
1551432656 0
1551432657 0
1551432658 0
1551432659 0
1551432660 0
1551432661 0
1551432662 0
1551432663 0
1551432664 0
1551432665 0
1551432666 0
1551432667 0
1551432668 0
1551432669 0
1551432670 0
1551432671 0
1551432672 0
1551432673 0
1551432674 0
1551432675 0
1551432676 0
1551432677 0
1551432678 0
1551432679 0
1551432680 0
1551432681 0
1551432682 0
1551432683 0
1551432684 0
1551432685 0
1551432686 0
1551432687 0
1551432688 0
1551432689 0
1551432690 0
1551432691 0
1551432692 0
1551432693 0
1551432694 0
1551432695 0
1551432696 0
1551432697 0
1551432698 0
1551432699 0
1551432700 0
1551432701 0
1551432702 0
1551432703 0
1551432704 0
1551432705 0
1551432706 0
1551432707 0
1551432708 0
1551432709 0
1551432710 0
1551432711 0
1551432712 0
1551432713 0
1551432714 0
1551432715 0
1551432716 0
1551432717 0
1551432718 0
1551432719 0
1551432720 0
1551432721 0
1551432722 0
1551432723 0
1551432724 0
1551432725 0
1551432726 0
1551432727 0
1551432728 0
1551432729 0
1551432730 0
1551432731 0
1551432732 0
1551432733 0
1551432734 0
1551432735 0
1551432736 0
1551432737 0
1551432738 0
1551432739 0
1551432740 0
1551432741 0
1551432742 0
1551432743 0
1551432744 0
1551432745 0
1551432746 0
1551432747 0
1551432748 0
1551432749 0
1551432750 0
1551432751 0
1551432752 0
1551432753 0
1551432754 0
1551432755 0
1551432756 0
1551432757 0
1551432758 0
1551432759 0
1551432760 0
1551432761 0
1551432762 0
1551432763 0
1551432764 0
1551432765 0
1551432766 0
1551432767 0
1551432768 0
1551432769 0
1551432770 0
1551432771 0
1551432772 0
1551432773 0
1551432774 0
1551432775 0
1551432776 0
1551432777 0
1551432778 0
1551432779 0
1551432780 0
1551432781 0
1551432782 0
1551432783 0
1551432784 0
1551432785 0
1551432786 0
1551432787 0
1551432788 0
1551432789 0
1551432790 0
1551432791 0
1551432792 0
1551432793 0
1551432794 0
1551432795 0
1551432796 0
1551432797 0
1551432798 0
1551432799 0
1551432800 0
1551432801 0
1551432802 0
1551432803 0
1551432804 0
1551432805 0
1551432806 0
1551432807 0
1551432808 0
1551432809 0
1551432810 0
1551432811 0
1551432812 0
1551432813 0
1551432814 0
1551432815 0
1551432816 0
1551432817 0
1551432818 0
1551432819 0
1551432820 0
1551432821 0
1551432822 0
1551432823 0
1551432824 0
1551432825 0
1551432826 0
1551432827 0
1551432828 0
1551432829 0
1551432830 0
1551432831 0
1551432832 0
1551432833 0
1551432834 0
1551432835 0
1551432836 0
1551432837 0
1551432838 0
1551432839 0
1551432840 0
1551432841 0
1551432842 0
1551432843 0
1551432844 0
1551432845 0
1551432846 0
1551432847 0
1551432848 0
1551432849 0
1551432850 0
1551432851 0
1551432852 0
1551432853 0
1551432854 0
1551432855 0
1551432856 0
1551432857 0
1551432858 0
1551432859 0
1551432860 0
1551432861 0
1551432862 0
1551432863 0
1551432864 0
1551432865 0
1551432866 0
1551432867 0
1551432868 0
1551432869 0
1551432870 0
1551432871 0
1551432872 0
1551432873 0
1551432874 0
1551432875 0
1551432876 0
1551432877 0
1551432878 0
1551432879 0
1551432880 0
1551432881 0
1551432882 0
1551432883 0
1551432884 0
1551432885 0
1551432886 0
1551432887 0
1551432888 0
1551432889 0
1551432890 0
1551432891 0
1551432892 0
1551432893 0
1551432894 0
1551432895 0
1551432896 0
1551432897 0
1551432898 0
1551432899 0
1551432900 0
1551432901 0
1551432902 0
1551432903 0
1551432904 0
1551432905 0
1551432906 0
1551432907 0
1551432908 0
1551432909 0
1551432910 0
1551432911 0
1551432912 0
1551432913 0
1551432914 0
1551432915 0
1551432916 0
1551432917 0
1551432918 0
1551432919 0
1551432920 0
1551432921 0
1551432922 0
1551432923 0
1551432924 0
1551432925 0
1551432926 0
1551432927 0
1551432928 0
1551432929 0
1551432930 0
1551432931 0
1551432932 0
1551432933 0
1551432934 0
1551432935 0
1551432936 0
1551432937 0
1551432938 0
1551432939 0
1551432940 0
1551432941 0
1551432942 0
1551432943 0
1551432944 0
1551432945 0
1551432946 0
1551432947 0
1551432948 0
1551432949 0
1551432950 0
1551432951 0
1551432952 0
1551432953 0
1551432954 0
1551432955 0
1551432956 0
1551432957 0
1551432958 0
1551432959 0
1551432960 0
1551432961 0
1551432962 0
1551432963 0
1551432964 0
1551432965 0
1551432966 0
1551432967 0
1551432968 0
1551432969 0
1551432970 0
1551432971 0
1551432972 0
1551432973 0
1551432974 0
1551432975 0
1551432976 0
1551432977 0
1551432978 0
1551432979 0
1551432980 0
1551432981 0
1551432982 0
1551432983 0
1551432984 0
1551432985 0
1551432986 0
1551432987 0
1551432988 0
1551432989 0
1551432990 0
1551432991 0
1551432992 0
1551432993 0
1551432994 0
1551432995 0
1551432996 0
1551432997 0
1551432998 0
1551432999 0
1551433000 0
1551433001 0
1551433002 0
1551433003 0
1551433004 0
1551433005 0
1551433006 0
1551433007 0
1551433008 0
1551433009 0
1551433010 0
1551433011 0
1551433012 0
1551433013 0
1551433014 0
1551433015 0
1551433016 0
1551433017 0
1551433018 0
1551433019 0
1551433020 0
1551433021 0
1551433022 0
1551433023 0
1551433024 0
1551433025 0
1551433026 0
1551433027 0
1551433028 0
1551433029 0
1551433030 0
1551433031 0
1551433032 0
1551433033 0
1551433034 0
1551433035 0
1551433036 0
1551433037 0
1551433038 0
1551433039 0
1551433040 0
1551433041 0
1551433042 0
1551433043 0
1551433044 0
1551433045 0
1551433046 0
1551433047 0
1551433048 0
1551433049 0
1551433050 0
1551433051 0
1551433052 0
1551433053 0
1551433054 0
1551433055 0
1551433056 0
1551433057 0
1551433058 0
1551433059 0
1551433060 0
1551433061 0
1551433062 0
1551433063 0
1551433064 0
1551433065 0
1551433066 0
1551433067 0
1551433068 0
1551433069 0
1551433070 0
1551433071 0
1551433072 0
1551433073 0
1551433074 0
1551433075 0
1551433076 0
1551433077 0
1551433078 0
1551433079 0
1551433080 0
1551433081 0
1551433082 0
1551433083 0
1551433084 0
1551433085 0
1551433086 0
1551433087 0
1551433088 0
1551433089 0
1551433090 0
1551433091 0
1551433092 0
1551433093 0
1551433094 0
1551433095 0
1551433096 0
1551433097 0
1551433098 0
1551433099 0
1551433100 0
1551433101 0
1551433102 0
1551433103 0
1551433104 0
1551433105 0
1551433106 0
1551433107 0
1551433108 0
1551433109 0
1551433110 0
1551433111 0
1551433112 0
1551433113 0
1551433114 0
1551433115 0
1551433116 0
1551433117 0
1551433118 0
1551433119 0
1551433120 0
1551433121 0
1551433122 0
1551433123 0
1551433124 0
1551433125 0
1551433126 0
1551433127 0
1551433128 0
1551433129 0
1551433130 0
1551433131 0
1551433132 0
1551433133 0
1551433134 0
1551433135 0
1551433136 0
1551433137 0
1551433138 0
1551433139 0
1551433140 0
1551433141 0
1551433142 0
1551433143 0
1551433144 0
1551433145 0
1551433146 0
1551433147 0
1551433148 0
1551433149 0
1551433150 0
1551433151 0
1551433152 0
1551433153 0
1551433154 0
1551433155 0
1551433156 0
1551433157 0
1551433158 0
1551433159 0
1551433160 0
1551433161 0
1551433162 0
1551433163 0
1551433164 0
1551433165 0
1551433166 0
1551433167 0
1551433168 0
1551433169 0
1551433170 0
1551433171 0
1551433172 0
1551433173 0
1551433174 0
1551433175 0
1551433176 0
1551433177 0
1551433178 0
1551433179 0
1551433180 0
1551433181 0
1551433182 0
1551433183 0
1551433184 0
1551433185 0
1551433186 0
1551433187 0
1551433188 0
1551433189 0
1551433190 0
1551433191 0
1551433192 0
1551433193 0
1551433194 0
1551433195 0
1551433196 0
1551433197 0
1551433198 0
1551433199 0
1551433200 0
1551433201 0
1551433202 0
1551433203 0
1551433204 0
1551433205 0
1551433206 0
1551433207 0
1551433208 0
1551433209 0
1551433210 0
1551433211 0
1551433212 0
1551433213 0
1551433214 0
1551433215 0
1551433216 0
1551433217 0
1551433218 0
1551433219 0
1551433220 0
1551433221 0
1551433222 0
1551433223 0
1551433224 0
1551433225 0
1551433226 0
1551433227 0
1551433228 0
1551433229 0
1551433230 0
1551433231 0
1551433232 0
1551433233 0
1551433234 0
1551433235 0
1551433236 0
1551433237 0
1551433238 0
1551433239 0
1551433240 0
1551433241 0
1551433242 0
1551433243 0
1551433244 0
1551433245 0
1551433246 0
1551433247 0
1551433248 0
1551433249 0
1551433250 0
1551433251 0
1551433252 0
1551433253 0
1551433254 0
1551433255 0
1551433256 0
1551433257 0
1551433258 0
1551433259 0
1551433260 0
1551433261 0
1551433262 0
1551433263 0
1551433264 0
1551433265 0
1551433266 0
1551433267 0
1551433268 0
1551433269 0
1551433270 0
1551433271 0
1551433272 0
1551433273 0
1551433274 0
1551433275 0
1551433276 0
1551433277 0
1551433278 0
1551433279 0
1551433280 0
1551433281 0
1551433282 0
1551433283 0
1551433284 0
1551433285 0
1551433286 0
1551433287 0
1551433288 0
1551433289 0
1551433290 0
1551433291 0
1551433292 0
1551433293 0
1551433294 0
1551433295 0
1551433296 0
1551433297 0
1551433298 0
1551433299 0
1551433300 0
1551433301 0
1551433302 0
1551433303 0
1551433304 0
1551433305 0
1551433306 0
1551433307 0
1551433308 0
1551433309 0
1551433310 0
1551433311 0
1551433312 0
1551433313 0
1551433314 0
1551433315 0
1551433316 0
1551433317 0
1551433318 0
1551433319 0
1551433320 0
1551433321 0
1551433322 0
1551433323 0
1551433324 0
1551433325 0
1551433326 0
1551433327 0
1551433328 0
1551433329 0
1551433330 0
1551433331 0
1551433332 0
1551433333 0
1551433334 0
1551433335 0
1551433336 0
1551433337 0
1551433338 0
1551433339 0
1551433340 0
1551433341 0
1551433342 0
1551433343 0
1551433344 0
1551433345 0
1551433346 0
1551433347 0
1551433348 0
1551433349 0
1551433350 0
1551433351 0
1551433352 0
1551433353 0
1551433354 0
1551433355 0
1551433356 0
1551433357 0
1551433358 0
1551433359 0
1551433360 0
1551433361 0
1551433362 0
1551433363 0
1551433364 0
1551433365 0
1551433366 0
1551433367 0
1551433368 0
1551433369 0
1551433370 0
1551433371 0
1551433372 0
1551433373 0
1551433374 0
1551433375 0
1551433376 0
1551433377 0
1551433378 0
1551433379 0
1551433380 0
1551433381 0
1551433382 0
1551433383 0
1551433384 0
1551433385 0
1551433386 0
1551433387 0
1551433388 0
1551433389 0
1551433390 0
1551433391 0
1551433392 0
1551433393 0
1551433394 0
1551433395 0
1551433396 0
1551433397 0
1551433398 0
1551433399 0
1551433400 0
1551433401 0
1551433402 0
1551433403 0
1551433404 0
1551433405 0
1551433406 0
1551433407 0
1551433408 0
1551433409 0
1551433410 0
1551433411 0
1551433412 0
1551433413 0
1551433414 0
1551433415 0
1551433416 0
1551433417 0
1551433418 0
1551433419 0
1551433420 0
1551433421 0
1551433422 0
1551433423 0
1551433424 0
1551433425 0
1551433426 0
1551433427 0
1551433428 0
1551433429 0
1551433430 0
1551433431 0
1551433432 0
1551433433 0
1551433434 0
1551433435 0
1551433436 0
1551433437 0
1551433438 0
1551433439 0
1551433440 0
1551433441 0
1551433442 0
1551433443 0
1551433444 0
1551433445 0
1551433446 0
1551433447 0
1551433448 0
1551433449 0
1551433450 0
1551433451 0
1551433452 0
1551433453 0
1551433454 0
1551433455 0
1551433456 0
1551433457 0
1551433458 0
1551433459 0
1551433460 0
1551433461 0
1551433462 0
1551433463 0
1551433464 0
1551433465 0
1551433466 0
1551433467 0
1551433468 0
1551433469 0
1551433470 0
1551433471 0
1551433472 0
1551433473 0
1551433474 0
1551433475 0
1551433476 0
1551433477 0
1551433478 0
1551433479 0
1551433480 0
1551433481 0
1551433482 0
1551433483 0
1551433484 0
1551433485 0
1551433486 0
1551433487 0
1551433488 0
1551433489 0
1551433490 0
1551433491 0
1551433492 0
1551433493 0
1551433494 0
1551433495 0
1551433496 0
1551433497 0
1551433498 0
1551433499 0
1551433500 0
1551433501 0
1551433502 0
1551433503 0
1551433504 0
1551433505 0
1551433506 0
1551433507 0
1551433508 0
1551433509 0
1551433510 0
1551433511 0
1551433512 0
1551433513 0
1551433514 0
1551433515 0
1551433516 0
1551433517 0
1551433518 0
1551433519 0
1551433520 0
1551433521 0
1551433522 0
1551433523 0
1551433524 0
1551433525 0
1551433526 0
1551433527 0
1551433528 0
1551433529 0
1551433530 0
1551433531 0
1551433532 0
1551433533 0
1551433534 0
1551433535 0
1551433536 0
1551433537 0
1551433538 0
1551433539 0
1551433540 0
1551433541 0
1551433542 0
1551433543 0
1551433544 0
1551433545 0
1551433546 0
1551433547 0
1551433548 0
1551433549 0
1551433550 0
1551433551 0
1551433552 0
1551433553 0
1551433554 0
1551433555 0
1551433556 0
1551433557 0
1551433558 0
1551433559 0
1551433560 0
1551433561 0
1551433562 0
1551433563 0
1551433564 0
1551433565 0
1551433566 0
1551433567 0
1551433568 0
1551433569 0
1551433570 0
1551433571 0
1551433572 0
1551433573 0
1551433574 0
1551433575 0
1551433576 0
1551433577 0
1551433578 0
1551433579 0
1551433580 0
1551433581 0
1551433582 0
1551433583 0
1551433584 0
1551433585 0
1551433586 0
1551433587 0
1551433588 0
1551433589 0
1551433590 0
1551433591 0
1551433592 0
1551433593 0
1551433594 0
1551433595 0
1551433596 0
1551433597 0
1551433598 0
1551433599 0
1551433600 0
1551433601 0
1551433602 0
1551433603 0
1551433604 0
1551433605 0
1551433606 0
1551433607 0
1551433608 0
1551433609 0
1551433610 0
1551433611 0
1551433612 0
1551433613 0
1551433614 0
1551433615 0
1551433616 0
1551433617 0
1551433618 0
1551433619 0
1551433620 0
1551433621 0
1551433622 0
1551433623 0
1551433624 0
1551433625 0
1551433626 0
1551433627 0
1551433628 0
1551433629 0
1551433630 0
1551433631 0
1551433632 0
1551433633 0
1551433634 0
1551433635 0
1551433636 0
1551433637 0
1551433638 0
1551433639 0
1551433640 0
1551433641 0
1551433642 0
1551433643 0
1551433644 0
1551433645 0
1551433646 0
1551433647 0
1551433648 0
1551433649 0
1551433650 0
1551433651 0
1551433652 0
1551433653 0
1551433654 0
1551433655 0
1551433656 0
1551433657 0
1551433658 0
1551433659 0
1551433660 0
1551433661 0
1551433662 0
1551433663 0
1551433664 0
1551433665 0
1551433666 0
1551433667 0
1551433668 0
1551433669 0
1551433670 0
1551433671 0
1551433672 0
1551433673 0
1551433674 0
1551433675 0
1551433676 0
1551433677 0
1551433678 0
1551433679 0
1551433680 0
1551433681 0
1551433682 0
1551433683 0
1551433684 0
1551433685 0
1551433686 0
1551433687 0
1551433688 0
1551433689 0
1551433690 0
1551433691 0
1551433692 0
1551433693 0
1551433694 0
1551433695 0
1551433696 0
1551433697 0
1551433698 0
1551433699 0
1551433700 0
1551433701 0
1551433702 0
1551433703 0
1551433704 0
1551433705 0
1551433706 0
1551433707 0
1551433708 0
1551433709 0
1551433710 0
1551433711 0
1551433712 0
1551433713 0
1551433714 0
1551433715 0
1551433716 0
1551433717 0
1551433718 0
1551433719 0
1551433720 0
1551433721 0
1551433722 0
1551433723 0
1551433724 0
1551433725 0
1551433726 0
1551433727 0
1551433728 0
1551433729 0
1551433730 0
1551433731 0
1551433732 0
1551433733 0
1551433734 0
1551433735 0
1551433736 0
1551433737 0
1551433738 0
1551433739 0
1551433740 0
1551433741 0
1551433742 0
1551433743 0
1551433744 0
1551433745 0
1551433746 0
1551433747 0
1551433748 0
1551433749 0
1551433750 0
1551433751 0
1551433752 0
1551433753 0
1551433754 0
1551433755 0
1551433756 0
1551433757 0
1551433758 0
1551433759 0
1551433760 0
1551433761 0
1551433762 0
1551433763 0
1551433764 0
1551433765 0
1551433766 0
1551433767 0
1551433768 0
1551433769 0
1551433770 0
1551433771 0
1551433772 0
1551433773 0
1551433774 0
1551433775 0
1551433776 0
1551433777 0
1551433778 0
1551433779 0
1551433780 0
1551433781 0
1551433782 0
1551433783 0
1551433784 0
1551433785 0
1551433786 0
1551433787 0
1551433788 0
1551433789 0
1551433790 0
1551433791 0
1551433792 0
1551433793 0
1551433794 0
1551433795 0
1551433796 0
1551433797 0
1551433798 0
1551433799 0
1551433800 0
1551433801 0
1551433802 0
1551433803 0
1551433804 0
1551433805 0
1551433806 0
1551433807 0
1551433808 0
1551433809 0
1551433810 0
1551433811 0
1551433812 0
1551433813 0
1551433814 0
1551433815 0
1551433816 0
1551433817 0
1551433818 0
1551433819 0
1551433820 0
1551433821 0
1551433822 0
1551433823 0
1551433824 0
1551433825 0
1551433826 0
1551433827 0
1551433828 0
1551433829 0
1551433830 0
1551433831 0
1551433832 0
1551433833 0
1551433834 0
1551433835 0
1551433836 0
1551433837 0
1551433838 0
1551433839 0
1551433840 0
1551433841 0
1551433842 0
1551433843 0
1551433844 0
1551433845 0
1551433846 0
1551433847 0
1551433848 0
1551433849 0
1551433850 0
1551433851 0
1551433852 0
1551433853 0
1551433854 0
1551433855 0
1551433856 0
1551433857 0
1551433858 0
1551433859 0
1551433860 0
1551433861 0
1551433862 0
1551433863 0
1551433864 0
1551433865 0
1551433866 0
1551433867 0
1551433868 0
1551433869 0
1551433870 0
1551433871 0
1551433872 0
1551433873 0
1551433874 0
1551433875 0
1551433876 0
1551433877 0
1551433878 0
1551433879 0
1551433880 0
1551433881 0
1551433882 0
1551433883 0
1551433884 0
1551433885 0
1551433886 0
1551433887 0
1551433888 0
1551433889 0
1551433890 0
1551433891 0
1551433892 0
1551433893 0
1551433894 0
1551433895 0
1551433896 0
1551433897 0
1551433898 0
1551433899 0
1551433900 0
1551433901 0
1551433902 0
1551433903 0
1551433904 0
1551433905 0
1551433906 0
1551433907 0
1551433908 0
1551433909 0
1551433910 0
1551433911 0
1551433912 0
1551433913 0
1551433914 0
1551433915 0
1551433916 0
1551433917 0
1551433918 0
1551433919 0
1551433920 0
1551433921 0
1551433922 0
1551433923 0
1551433924 0
1551433925 0
1551433926 0
1551433927 0
1551433928 0
1551433929 0
1551433930 0
1551433931 0
1551433932 0
1551433933 0
1551433934 0
1551433935 0
1551433936 0
1551433937 0
1551433938 0
1551433939 0
1551433940 0
1551433941 0
1551433942 0
1551433943 0
1551433944 0
1551433945 0
1551433946 0
1551433947 0
1551433948 0
1551433949 0
1551433950 0
1551433951 0
1551433952 0
1551433953 0
1551433954 0
1551433955 0
1551433956 0
1551433957 0
1551433958 0
1551433959 0
1551433960 0
1551433961 0
1551433962 0
1551433963 0
1551433964 0
1551433965 0
1551433966 0
1551433967 0
1551433968 0
1551433969 0
1551433970 0
1551433971 0
1551433972 0
1551433973 0
1551433974 0
1551433975 0
1551433976 0
1551433977 0
1551433978 0
1551433979 0
1551433980 0
1551433981 0
1551433982 0
1551433983 0
1551433984 0
1551433985 0
1551433986 0
1551433987 0
1551433988 0
1551433989 0
1551433990 0
1551433991 0
1551433992 0
1551433993 0
1551433994 0
1551433995 0
1551433996 0
1551433997 0
1551433998 0
1551433999 0
1551434000 0
1551434001 0
1551434002 0
1551434003 0
1551434004 0
1551434005 0
1551434006 0
1551434007 0
1551434008 0
1551434009 0
1551434010 0
1551434011 0
1551434012 0
1551434013 0
1551434014 0
1551434015 0
1551434016 0
1551434017 0
1551434018 0
1551434019 0
1551434020 0
1551434021 0
1551434022 0
1551434023 0
1551434024 0
1551434025 0
1551434026 0
1551434027 0
1551434028 0
1551434029 0
1551434030 0
1551434031 0
1551434032 0
1551434033 0
1551434034 0
1551434035 0
1551434036 0
1551434037 0
1551434038 0
1551434039 0
1551434040 0
1551434041 0
1551434042 0
1551434043 0
1551434044 0
1551434045 0
1551434046 0
1551434047 0
1551434048 0
1551434049 0
1551434050 0
1551434051 0
1551434052 0
1551434053 0
1551434054 0
1551434055 0
1551434056 0
1551434057 0
1551434058 0
1551434059 0
1551434060 0
1551434061 0
1551434062 0
1551434063 0
1551434064 0
1551434065 0
1551434066 0
1551434067 0
1551434068 0
1551434069 0
1551434070 0
1551434071 0
1551434072 0
1551434073 0
1551434074 0
1551434075 0
1551434076 0
1551434077 0
1551434078 0
1551434079 0
1551434080 0
1551434081 0
1551434082 0
1551434083 0
1551434084 0
1551434085 0
1551434086 0
1551434087 0
1551434088 0
1551434089 0
1551434090 0
1551434091 0
1551434092 0
1551434093 0
1551434094 0
1551434095 0
1551434096 0
1551434097 0
1551434098 0
1551434099 0
1551434100 0
1551434101 0
1551434102 0
1551434103 0
1551434104 0
1551434105 0
1551434106 0
1551434107 0
1551434108 0
1551434109 0
1551434110 0
1551434111 0
1551434112 0
1551434113 0
1551434114 0
1551434115 0
1551434116 0
1551434117 0
1551434118 0
1551434119 0
1551434120 0
1551434121 0
1551434122 0
1551434123 0
1551434124 0
1551434125 0
1551434126 0
1551434127 0
1551434128 0
1551434129 0
1551434130 0
1551434131 0
1551434132 0
1551434133 0
1551434134 0
1551434135 0
1551434136 0
1551434137 0
1551434138 0
1551434139 0
1551434140 0
1551434141 0
1551434142 0
1551434143 0
1551434144 0
1551434145 0
1551434146 0
1551434147 0
1551434148 0
1551434149 0
1551434150 0
1551434151 0
1551434152 0
1551434153 0
1551434154 0
1551434155 0
1551434156 0
1551434157 0
1551434158 0
1551434159 0
1551434160 0
1551434161 0
1551434162 0
1551434163 0
1551434164 0
1551434165 0
1551434166 0
1551434167 0
1551434168 0
1551434169 0
1551434170 0
1551434171 0
1551434172 0
1551434173 0
1551434174 0
1551434175 0
1551434176 0
1551434177 0
1551434178 0
1551434179 0
1551434180 0
1551434181 0
1551434182 0
1551434183 0
1551434184 0
1551434185 0
1551434186 0
1551434187 0
1551434188 0
1551434189 0
1551434190 0
1551434191 0
1551434192 0
1551434193 0
1551434194 0
1551434195 0
1551434196 0
1551434197 0
1551434198 0
1551434199 0
1551434200 0
1551434201 0
1551434202 0
1551434203 0
1551434204 0
1551434205 0
1551434206 0
1551434207 0
1551434208 0
1551434209 0
1551434210 0
1551434211 0
1551434212 0
1551434213 0
1551434214 0
1551434215 0
1551434216 0
1551434217 0
1551434218 0
1551434219 0
1551434220 0
1551434221 0
1551434222 0
1551434223 0
1551434224 0
1551434225 0
1551434226 0
1551434227 0
1551434228 0
1551434229 0
1551434230 0
1551434231 0
1551434232 0
1551434233 0
1551434234 0
1551434235 0
1551434236 0
1551434237 0
1551434238 0
1551434239 0
1551434240 0
1551434241 0
1551434242 0
1551434243 0
1551434244 0
1551434245 0
1551434246 0
1551434247 0
1551434248 0
1551434249 0
1551434250 0
1551434251 0
1551434252 0
1551434253 0
1551434254 0
1551434255 0
1551434256 0
1551434257 0
1551434258 0
1551434259 0
1551434260 0
1551434261 0
1551434262 0
1551434263 0
1551434264 0
1551434265 0
1551434266 0
1551434267 0
1551434268 0
1551434269 0
1551434270 0
1551434271 0
1551434272 0
1551434273 0
1551434274 0
1551434275 0
1551434276 0
1551434277 0
1551434278 0
1551434279 0
1551434280 0
1551434281 0
1551434282 0
1551434283 0
1551434284 0
1551434285 0
1551434286 0
1551434287 0
1551434288 0
1551434289 0
1551434290 0
1551434291 0
1551434292 0
1551434293 0
1551434294 0
1551434295 0
1551434296 0
1551434297 0
1551434298 0
1551434299 0
1551434300 0
1551434301 0
1551434302 0
1551434303 0
1551434304 0
1551434305 0
1551434306 0
1551434307 0
1551434308 0
1551434309 0
1551434310 0
1551434311 0
1551434312 0
1551434313 0
1551434314 0
1551434315 0
1551434316 0
1551434317 0
1551434318 0
1551434319 0
1551434320 0
1551434321 0
1551434322 0
1551434323 0
1551434324 0
1551434325 0
1551434326 0
1551434327 0
1551434328 0
1551434329 0
1551434330 0
1551434331 0
1551434332 0
1551434333 0
1551434334 0
1551434335 0
1551434336 0
1551434337 0
1551434338 0
1551434339 0
1551434340 0
1551434341 0
1551434342 0
1551434343 0
1551434344 0
1551434345 0
1551434346 0
1551434347 0
1551434348 0
1551434349 0
1551434350 0
1551434351 0
1551434352 0
1551434353 0
1551434354 0
1551434355 0
1551434356 0
1551434357 0
1551434358 0
1551434359 0
1551434360 0
1551434361 0
1551434362 0
1551434363 0
1551434364 0
1551434365 0
1551434366 0
1551434367 0
1551434368 0
1551434369 0
1551434370 0
1551434371 0
1551434372 0
1551434373 0
1551434374 0
1551434375 0
1551434376 0
1551434377 0
1551434378 0
1551434379 0
1551434380 0
1551434381 0
1551434382 0
1551434383 0
1551434384 0
1551434385 0
1551434386 0
1551434387 0
1551434388 0
1551434389 0
1551434390 0
1551434391 0
1551434392 0
1551434393 0
1551434394 0
1551434395 0
1551434396 0
1551434397 0
1551434398 0
1551434399 0
1551434400 0
1551434401 0
1551434402 0
1551434403 0
1551434404 0
1551434405 0
1551434406 0
1551434407 0
1551434408 0
1551434409 0
1551434410 0
1551434411 0
1551434412 0
1551434413 0
1551434414 0
1551434415 0
1551434416 0
1551434417 0
1551434418 0
1551434419 0
1551434420 0
1551434421 0
1551434422 0
1551434423 0
1551434424 0
1551434425 0
1551434426 0
1551434427 0
1551434428 0
1551434429 0
1551434430 0
1551434431 0
1551434432 0
1551434433 0
1551434434 0
1551434435 0
1551434436 0
1551434437 0
1551434438 0
1551434439 0
1551434440 0
1551434441 0
1551434442 0
1551434443 0
1551434444 0
1551434445 0
1551434446 0
1551434447 0
1551434448 0
1551434449 0
1551434450 0
1551434451 0
1551434452 0
1551434453 0
1551434454 0
1551434455 0
1551434456 0
1551434457 0
1551434458 0
1551434459 0
1551434460 0
1551434461 0
1551434462 0
1551434463 0
1551434464 0
1551434465 0
1551434466 0
1551434467 0
1551434468 0
1551434469 0
1551434470 0
1551434471 0
1551434472 0
1551434473 0
1551434474 0
1551434475 0
1551434476 0
1551434477 0
1551434478 0
1551434479 0
1551434480 0
1551434481 0
1551434482 0
1551434483 0
1551434484 0
1551434485 0
1551434486 0
1551434487 0
1551434488 0
1551434489 0
1551434490 0
1551434491 0
1551434492 0
1551434493 0
1551434494 0
1551434495 0
1551434496 0
1551434497 0
1551434498 0
1551434499 0
1551434500 0
1551434501 0
1551434502 0
1551434503 0
1551434504 0
1551434505 0
1551434506 0
1551434507 0
1551434508 0
1551434509 0
1551434510 0
1551434511 0
1551434512 0
1551434513 0
1551434514 0
1551434515 0
1551434516 0
1551434517 0
1551434518 0
1551434519 0
1551434520 0
1551434521 0
1551434522 0
1551434523 0
1551434524 0
1551434525 0
1551434526 0
1551434527 0
1551434528 0
1551434529 0
1551434530 0
1551434531 0
1551434532 0
1551434533 0
1551434534 0
1551434535 0
1551434536 0
1551434537 0
1551434538 0
1551434539 0
1551434540 0
1551434541 0
1551434542 0
1551434543 0
1551434544 0
1551434545 0
1551434546 0
1551434547 0
1551434548 0
1551434549 0
1551434550 0
1551434551 0
1551434552 0
1551434553 0
1551434554 0
1551434555 0
1551434556 0
1551434557 0
1551434558 0
1551434559 0
1551434560 0
1551434561 0
1551434562 0
1551434563 0
1551434564 0
1551434565 0
1551434566 0
1551434567 0
1551434568 0
1551434569 0
1551434570 0
1551434571 0
1551434572 0
1551434573 0
1551434574 0
1551434575 0
1551434576 0
1551434577 0
1551434578 0
1551434579 0
1551434580 0
1551434581 0
1551434582 0
1551434583 0
1551434584 0
1551434585 0
1551434586 0
1551434587 0
1551434588 0
1551434589 0
1551434590 0
1551434591 0
1551434592 0
1551434593 0
1551434594 0
1551434595 0
1551434596 0
1551434597 0
1551434598 0
1551434599 0
1551434600 0
1551434601 0
1551434602 0
1551434603 0
1551434604 0
1551434605 0
1551434606 0
1551434607 0
1551434608 0
1551434609 0
1551434610 0
1551434611 0
1551434612 0
1551434613 0
1551434614 0
1551434615 0
1551434616 0
1551434617 0
1551434618 0
1551434619 0
1551434620 0
1551434621 0
1551434622 0
1551434623 0
1551434624 0
1551434625 0
1551434626 0
1551434627 0
1551434628 0
1551434629 0
1551434630 0
1551434631 0
1551434632 0
1551434633 0
1551434634 0
1551434635 0
1551434636 0
1551434637 0
1551434638 0
1551434639 0
1551434640 0
1551434641 0
1551434642 0
1551434643 0
1551434644 0
1551434645 0
1551434646 0
1551434647 0
1551434648 0
1551434649 0
1551434650 0
1551434651 0
1551434652 0
1551434653 0
1551434654 0
1551434655 0
1551434656 0
1551434657 0
1551434658 0
1551434659 0
1551434660 0
1551434661 0
1551434662 0
1551434663 0
1551434664 0
1551434665 0
1551434666 0
1551434667 0
1551434668 0
1551434669 0
1551434670 0
1551434671 0
1551434672 0
1551434673 0
1551434674 0
1551434675 0
1551434676 0
1551434677 0
1551434678 0
1551434679 0
1551434680 0
1551434681 0
1551434682 0
1551434683 0
1551434684 0
1551434685 0
1551434686 0
1551434687 0
1551434688 0
1551434689 0
1551434690 0
1551434691 0
1551434692 0
1551434693 0
1551434694 0
1551434695 0
1551434696 0
1551434697 0
1551434698 0
1551434699 0
1551434700 0
1551434701 0
1551434702 0
1551434703 0
1551434704 0
1551434705 0
1551434706 0
1551434707 0
1551434708 0
1551434709 0
1551434710 0
1551434711 0
1551434712 0
1551434713 0
1551434714 0
1551434715 0
1551434716 0
1551434717 0
1551434718 0
1551434719 0
1551434720 0
1551434721 0
1551434722 0
1551434723 0
1551434724 0
1551434725 0
1551434726 0
1551434727 0
1551434728 0
1551434729 0
1551434730 0
1551434731 0
1551434732 0
1551434733 0
1551434734 0
1551434735 0
1551434736 0
1551434737 0
1551434738 0
1551434739 0
1551434740 0
1551434741 0
1551434742 0
1551434743 0
1551434744 0
1551434745 0
1551434746 0
1551434747 0
1551434748 0
1551434749 0
1551434750 0
1551434751 0
1551434752 0
1551434753 0
1551434754 0
1551434755 0
1551434756 0
1551434757 0
1551434758 0
1551434759 0
1551434760 0
1551434761 0
1551434762 0
1551434763 0
1551434764 0
1551434765 0
1551434766 0
1551434767 0
1551434768 0
1551434769 0
1551434770 0
1551434771 0
1551434772 0
1551434773 0
1551434774 0
1551434775 0
1551434776 0
1551434777 0
1551434778 0
1551434779 0
1551434780 0
1551434781 0
1551434782 0
1551434783 0
1551434784 0
1551434785 0
1551434786 0
1551434787 0
1551434788 0
1551434789 0
1551434790 0
1551434791 0
1551434792 0
1551434793 0
1551434794 0
1551434795 0
1551434796 0
1551434797 0
1551434798 0
1551434799 0
1551434800 0
1551434801 0
1551434802 0
1551434803 0
1551434804 0
1551434805 0
1551434806 0
1551434807 0
1551434808 0
1551434809 0
1551434810 0
1551434811 0
1551434812 0
1551434813 0
1551434814 0
1551434815 0
1551434816 0
1551434817 0
1551434818 0
1551434819 0
1551434820 0
1551434821 0
1551434822 0
1551434823 0
1551434824 0
1551434825 0
1551434826 0
1551434827 0
1551434828 0
1551434829 0
1551434830 0
1551434831 0
1551434832 0
1551434833 0
1551434834 0
1551434835 0
1551434836 0
1551434837 0
1551434838 0
1551434839 0
1551434840 0
1551434841 0
1551434842 0
1551434843 0
1551434844 0
1551434845 0
1551434846 0
1551434847 0
1551434848 0
1551434849 0
1551434850 0
1551434851 0
1551434852 0
1551434853 0
1551434854 0
1551434855 0
1551434856 0
1551434857 0
1551434858 0
1551434859 0
1551434860 0
1551434861 0
1551434862 0
1551434863 0
1551434864 0
1551434865 0
1551434866 0
1551434867 0
1551434868 0
1551434869 0
1551434870 0
1551434871 0
1551434872 0
1551434873 0
1551434874 0
1551434875 0
1551434876 0
1551434877 0
1551434878 0
1551434879 0
1551434880 0
1551434881 0
1551434882 0
1551434883 0
1551434884 0
1551434885 0
1551434886 0
1551434887 0
1551434888 0
1551434889 0
1551434890 0
1551434891 0
1551434892 0
1551434893 0
1551434894 0
1551434895 0
1551434896 0
1551434897 0
1551434898 0
1551434899 0
1551434900 0
1551434901 0
1551434902 0
1551434903 0
1551434904 0
1551434905 0
1551434906 0
1551434907 0
1551434908 0
1551434909 0
1551434910 0
1551434911 0
1551434912 0
1551434913 0
1551434914 0
1551434915 0
1551434916 0
1551434917 0
1551434918 0
1551434919 0
1551434920 0
1551434921 0
1551434922 0
1551434923 0
1551434924 0
1551434925 0
1551434926 0
1551434927 0
1551434928 0
1551434929 0
1551434930 0
1551434931 0
1551434932 0
1551434933 0
1551434934 0
1551434935 0
1551434936 0
1551434937 0
1551434938 0
1551434939 0
1551434940 0
1551434941 0
1551434942 0
1551434943 0
1551434944 0
1551434945 0
1551434946 0
1551434947 0
1551434948 0
1551434949 0
1551434950 0
1551434951 0
1551434952 0
1551434953 0
1551434954 0
1551434955 0
1551434956 0
1551434957 0
1551434958 0
1551434959 0
1551434960 0
1551434961 0
1551434962 0
1551434963 0
1551434964 0
1551434965 0
1551434966 0
1551434967 0
1551434968 0
1551434969 0
1551434970 0
1551434971 0
1551434972 0
1551434973 0
1551434974 0
1551434975 0
1551434976 0
1551434977 0
1551434978 0
1551434979 0
1551434980 0
1551434981 0
1551434982 0
1551434983 0
1551434984 0
1551434985 0
1551434986 0
1551434987 0
1551434988 0
1551434989 0
1551434990 0
1551434991 0
1551434992 0
1551434993 0
1551434994 0
1551434995 0
1551434996 0
1551434997 0
1551434998 0
1551434999 0
1551435000 0
1551435001 0
1551435002 0
1551435003 0
1551435004 0
1551435005 0
1551435006 0
1551435007 0
1551435008 0
1551435009 0
1551435010 0
1551435011 0
1551435012 0
1551435013 0
1551435014 0
1551435015 0
1551435016 0
1551435017 0
1551435018 0
1551435019 0
1551435020 0
1551435021 0
1551435022 0
1551435023 0
1551435024 0
1551435025 0
1551435026 0
1551435027 0
1551435028 0
1551435029 0
1551435030 0
1551435031 0
1551435032 0
1551435033 0
1551435034 0
1551435035 0
1551435036 0
1551435037 0
1551435038 0
1551435039 0
1551435040 0
1551435041 0
1551435042 0
1551435043 0
1551435044 0
1551435045 0
1551435046 0
1551435047 0
1551435048 0
1551435049 0
1551435050 0
1551435051 0
1551435052 0
1551435053 0
1551435054 0
1551435055 0
1551435056 0
1551435057 0
1551435058 0
1551435059 0
1551435060 0
1551435061 0
1551435062 0
1551435063 0
1551435064 0
1551435065 0
1551435066 0
1551435067 0
1551435068 0
1551435069 0
1551435070 0
1551435071 0
1551435072 0
1551435073 0
1551435074 0
1551435075 0
1551435076 0
1551435077 0
1551435078 0
1551435079 0
1551435080 0
1551435081 0
1551435082 0
1551435083 0
1551435084 0
1551435085 0
1551435086 0
1551435087 0
1551435088 0
1551435089 0
1551435090 0
1551435091 0
1551435092 0
1551435093 0
1551435094 0
1551435095 0
1551435096 0
1551435097 0
1551435098 0
1551435099 0
1551435100 0
1551435101 0
1551435102 0
1551435103 0
1551435104 0
1551435105 0
1551435106 0
1551435107 0
1551435108 0
1551435109 0
1551435110 0
1551435111 0
1551435112 0
1551435113 0
1551435114 0
1551435115 0
1551435116 0
1551435117 0
1551435118 0
1551435119 0
1551435120 0
1551435121 0
1551435122 0
1551435123 0
1551435124 0
1551435125 0
1551435126 0
1551435127 0
1551435128 0
1551435129 0
1551435130 0
1551435131 0
1551435132 0
1551435133 0
1551435134 0
1551435135 0
1551435136 0
1551435137 0
1551435138 0
1551435139 0
1551435140 0
1551435141 0
1551435142 0
1551435143 0
1551435144 0
1551435145 0
1551435146 0
1551435147 0
1551435148 0
1551435149 0
1551435150 0
1551435151 0
1551435152 0
1551435153 0
1551435154 0
1551435155 0
1551435156 0
1551435157 0
1551435158 0
1551435159 0
1551435160 0
1551435161 0
1551435162 0
1551435163 0
1551435164 0
1551435165 0
1551435166 0
1551435167 0
1551435168 0
1551435169 0
1551435170 0
1551435171 0
1551435172 0
1551435173 0
1551435174 0
1551435175 0
1551435176 0
1551435177 0
1551435178 0
1551435179 0
1551435180 0
1551435181 0
1551435182 0
1551435183 0
1551435184 0
1551435185 0
1551435186 0
1551435187 0
1551435188 0
1551435189 0
1551435190 0
1551435191 0
1551435192 0
1551435193 0
1551435194 0
1551435195 0
1551435196 0
1551435197 0
1551435198 0
1551435199 0
1551435200 0
1551435201 0
1551435202 0
1551435203 0
1551435204 0
1551435205 0
1551435206 0
1551435207 0
1551435208 0
1551435209 0
1551435210 0
1551435211 0
1551435212 0
1551435213 0
1551435214 0
1551435215 0
1551435216 0
1551435217 0
1551435218 0
1551435219 0
1551435220 0
1551435221 0
1551435222 0
1551435223 0
1551435224 0
1551435225 0
1551435226 0
1551435227 0
1551435228 0
1551435229 0
1551435230 0
1551435231 0
1551435232 0
1551435233 0
1551435234 0
1551435235 0
1551435236 0
1551435237 0
1551435238 0
1551435239 0
1551435240 0
1551435241 0
1551435242 0
1551435243 0
1551435244 0
1551435245 0
1551435246 0
1551435247 0
1551435248 0
1551435249 0
1551435250 0
1551435251 0
1551435252 0
1551435253 0
1551435254 0
1551435255 0
1551435256 0
1551435257 0
1551435258 0
1551435259 0
1551435260 0
1551435261 0
1551435262 0
1551435263 0
1551435264 0
1551435265 0
1551435266 0
1551435267 0
1551435268 0
1551435269 0
1551435270 0
1551435271 0
1551435272 0
1551435273 0
1551435274 0
1551435275 0
1551435276 0
1551435277 0
1551435278 0
1551435279 0
1551435280 0
1551435281 0
1551435282 0
1551435283 0
1551435284 0
1551435285 0
1551435286 0
1551435287 0
1551435288 0
1551435289 0
1551435290 0
1551435291 0
1551435292 0
1551435293 0
1551435294 0
1551435295 0
1551435296 0
1551435297 0
1551435298 0
1551435299 0
1551435300 0
1551435301 0
1551435302 0
1551435303 0
1551435304 0
1551435305 0
1551435306 0
1551435307 0
1551435308 0
1551435309 0
1551435310 0
1551435311 0
1551435312 0
1551435313 0
1551435314 0
1551435315 0
1551435316 0
1551435317 0
1551435318 0
1551435319 0
1551435320 0
1551435321 0
1551435322 0
1551435323 0
1551435324 0
1551435325 0
1551435326 0
1551435327 0
1551435328 0
1551435329 0
1551435330 0
1551435331 0
1551435332 0
1551435333 0
1551435334 0
1551435335 0
1551435336 0
1551435337 0
1551435338 0
1551435339 0
1551435340 0
1551435341 0
1551435342 0
1551435343 0
1551435344 0
1551435345 0
1551435346 0
1551435347 0
1551435348 0
1551435349 0
1551435350 0
1551435351 0
1551435352 0
1551435353 0
1551435354 0
1551435355 0
1551435356 0
1551435357 0
1551435358 0
1551435359 0
1551435360 0
1551435361 0
1551435362 0
1551435363 0
1551435364 0
1551435365 0
1551435366 0
1551435367 0
1551435368 0
1551435369 0
1551435370 0
1551435371 0
1551435372 0
1551435373 0
1551435374 0
1551435375 0
1551435376 0
1551435377 0
1551435378 0
1551435379 0
1551435380 0
1551435381 0
1551435382 0
1551435383 0
1551435384 0
1551435385 0
1551435386 0
1551435387 0
1551435388 0
1551435389 0
1551435390 0
1551435391 0
1551435392 0
1551435393 0
1551435394 0
1551435395 0
1551435396 0
1551435397 0
1551435398 0
1551435399 0
1551435400 0
1551435401 0
1551435402 0
1551435403 0
1551435404 0
1551435405 0
1551435406 0
1551435407 0
1551435408 0
1551435409 0
1551435410 0
1551435411 0
1551435412 0
1551435413 0
1551435414 0
1551435415 0
1551435416 0
1551435417 0
1551435418 0
1551435419 0
1551435420 0
1551435421 0
1551435422 0
1551435423 0
1551435424 0
1551435425 0
1551435426 0
1551435427 0
1551435428 0
1551435429 0
1551435430 0
1551435431 0
1551435432 0
1551435433 0
1551435434 0
1551435435 0
1551435436 0
1551435437 0
1551435438 0
1551435439 0
1551435440 0
1551435441 0
1551435442 0
1551435443 0
1551435444 0
1551435445 0
1551435446 0
1551435447 0
1551435448 0
1551435449 0
1551435450 0
1551435451 0
1551435452 0
1551435453 0
1551435454 0
1551435455 0
1551435456 0
1551435457 0
1551435458 0
1551435459 0
1551435460 0
1551435461 0
1551435462 0
1551435463 0
1551435464 0
1551435465 0
1551435466 0
1551435467 0
1551435468 0
1551435469 0
1551435470 0
1551435471 0
1551435472 0
1551435473 0
1551435474 0
1551435475 0
1551435476 0
1551435477 0
1551435478 0
1551435479 0
1551435480 0
1551435481 0
1551435482 0
1551435483 0
1551435484 0
1551435485 0
1551435486 0
1551435487 0
1551435488 0
1551435489 0
1551435490 0
1551435491 0
1551435492 0
1551435493 0
1551435494 0
1551435495 0
1551435496 0
1551435497 0
1551435498 0
1551435499 0
1551435500 0
1551435501 0
1551435502 0
1551435503 0
1551435504 0
1551435505 0
1551435506 0
1551435507 0
1551435508 0
1551435509 0
1551435510 0
1551435511 0
1551435512 0
1551435513 0
1551435514 0
1551435515 0
1551435516 0
1551435517 0
1551435518 0
1551435519 0
1551435520 0
1551435521 0
1551435522 0
1551435523 0
1551435524 0
1551435525 0
1551435526 0
1551435527 0
1551435528 0
1551435529 0
1551435530 0
1551435531 0
1551435532 0
1551435533 0
1551435534 0
1551435535 0
1551435536 0
1551435537 0
1551435538 0
1551435539 0
1551435540 0
1551435541 0
1551435542 0
1551435543 0
1551435544 0
1551435545 0
1551435546 0
1551435547 0
1551435548 0
1551435549 0
1551435550 0
1551435551 0
1551435552 0
1551435553 0
1551435554 0
1551435555 0
1551435556 0
1551435557 0
1551435558 0
1551435559 0
1551435560 0
1551435561 0
1551435562 0
1551435563 0
1551435564 0
1551435565 0
1551435566 0
1551435567 0
1551435568 0
1551435569 0
1551435570 0
1551435571 0
1551435572 0
1551435573 0
1551435574 0
1551435575 0
1551435576 0
1551435577 0
1551435578 0
1551435579 0
1551435580 0
1551435581 0
1551435582 0
1551435583 0
1551435584 0
1551435585 0
1551435586 0
1551435587 0
1551435588 0
1551435589 0
1551435590 0
1551435591 0
1551435592 0
1551435593 0
1551435594 0
1551435595 0
1551435596 0
1551435597 0
1551435598 0
1551435599 0
1551435600 0
1551435601 0
1551435602 0
1551435603 0
1551435604 0
1551435605 0
1551435606 0
1551435607 0
1551435608 0
1551435609 0
1551435610 0
1551435611 0
1551435612 0
1551435613 0
1551435614 0
1551435615 0
1551435616 0
1551435617 0
1551435618 0
1551435619 0
1551435620 0
1551435621 0
1551435622 0
1551435623 0
1551435624 0
1551435625 0
1551435626 0
1551435627 0
1551435628 0
1551435629 0
1551435630 0
1551435631 0
1551435632 0
1551435633 0
1551435634 0
1551435635 0
1551435636 0
1551435637 0
1551435638 0
1551435639 0
1551435640 0
1551435641 0
1551435642 0
1551435643 0
1551435644 0
1551435645 0
1551435646 0
1551435647 0
1551435648 0
1551435649 0
1551435650 0
1551435651 0
1551435652 0
1551435653 0
1551435654 0
1551435655 0
1551435656 0
1551435657 0
1551435658 0
1551435659 0
1551435660 0
1551435661 0
1551435662 0
1551435663 0
1551435664 0
1551435665 0
1551435666 0
1551435667 0
1551435668 0
1551435669 0
1551435670 0
1551435671 0
1551435672 0
1551435673 0
1551435674 0
1551435675 0
1551435676 0
1551435677 0
1551435678 0
1551435679 0
1551435680 0
1551435681 0
1551435682 0
1551435683 0
1551435684 0
1551435685 0
1551435686 0
1551435687 0
1551435688 0
1551435689 0
1551435690 0
1551435691 0
1551435692 0
1551435693 0
1551435694 0
1551435695 0
1551435696 0
1551435697 0
1551435698 0
1551435699 0
1551435700 0
1551435701 0
1551435702 0
1551435703 0
1551435704 0
1551435705 0
1551435706 0
1551435707 0
1551435708 0
1551435709 0
1551435710 0
1551435711 0
1551435712 0
1551435713 0
1551435714 0
1551435715 0
1551435716 0
1551435717 0
1551435718 0
1551435719 0
1551435720 0
1551435721 0
1551435722 0
1551435723 0
1551435724 0
1551435725 0
1551435726 0
1551435727 0
1551435728 0
1551435729 0
1551435730 0
1551435731 0
1551435732 0
1551435733 0
1551435734 0
1551435735 0
1551435736 0
1551435737 0
1551435738 0
1551435739 0
1551435740 0
1551435741 0
1551435742 0
1551435743 0
1551435744 0
1551435745 0
1551435746 0
1551435747 0
1551435748 0
1551435749 0
1551435750 0
1551435751 0
1551435752 0
1551435753 0
1551435754 0
1551435755 0
1551435756 0
1551435757 0
1551435758 0
1551435759 0
1551435760 0
1551435761 0
1551435762 0
1551435763 0
1551435764 0
1551435765 0
1551435766 0
1551435767 0
1551435768 0
1551435769 0
1551435770 0
1551435771 0
1551435772 0
1551435773 0
1551435774 0
1551435775 0
1551435776 0
1551435777 0
1551435778 0
1551435779 0
1551435780 0
1551435781 0
1551435782 0
1551435783 0
1551435784 0
1551435785 0
1551435786 0
1551435787 0
1551435788 0
1551435789 0
1551435790 0
1551435791 0
1551435792 0
1551435793 0
1551435794 0
1551435795 0
1551435796 0
1551435797 0
1551435798 0
1551435799 0
1551435800 0
1551435801 0
1551435802 0
1551435803 0
1551435804 0
1551435805 0
1551435806 0
1551435807 0
1551435808 0
1551435809 0
1551435810 0
1551435811 0
1551435812 0
1551435813 0
1551435814 0
1551435815 0
1551435816 0
1551435817 0
1551435818 0
1551435819 0
1551435820 0
1551435821 0
1551435822 0
1551435823 0
1551435824 0
1551435825 0
1551435826 0
1551435827 0
1551435828 0
1551435829 0
1551435830 0
1551435831 0
1551435832 0
1551435833 0
1551435834 0
1551435835 0
1551435836 0
1551435837 0
1551435838 0
1551435839 0
1551435840 0
1551435841 0
1551435842 0
1551435843 0
1551435844 0
1551435845 0
1551435846 0
1551435847 0
1551435848 0
1551435849 0
1551435850 0
1551435851 0
1551435852 0
1551435853 0
1551435854 0
1551435855 0
1551435856 0
1551435857 0
1551435858 0
1551435859 0
1551435860 0
1551435861 0
1551435862 0
1551435863 0
1551435864 0
1551435865 0
1551435866 0
1551435867 0
1551435868 0
1551435869 0
1551435870 0
1551435871 0
1551435872 0
1551435873 0
1551435874 0
1551435875 0
1551435876 0
1551435877 0
1551435878 0
1551435879 0
1551435880 0
1551435881 0
1551435882 0
1551435883 0
1551435884 0
1551435885 0
1551435886 0
1551435887 0
1551435888 0
1551435889 0
1551435890 0
1551435891 0
1551435892 0
1551435893 0
1551435894 0
1551435895 0
1551435896 0
1551435897 0
1551435898 0
1551435899 0
1551435900 0
1551435901 0
1551435902 0
1551435903 0
1551435904 0
1551435905 0
1551435906 0
1551435907 0
1551435908 0
1551435909 0
1551435910 0
1551435911 0
1551435912 0
1551435913 0
1551435914 0
1551435915 0
1551435916 0
1551435917 0
1551435918 0
1551435919 0
1551435920 0
1551435921 0
1551435922 0
1551435923 0
1551435924 0
1551435925 0
1551435926 0
1551435927 0
1551435928 0
1551435929 0
1551435930 0
1551435931 0
1551435932 0
1551435933 0
1551435934 0
1551435935 0
1551435936 0
1551435937 0
1551435938 0
1551435939 0
1551435940 0
1551435941 0
1551435942 0
1551435943 0
1551435944 0
1551435945 0
1551435946 0
1551435947 0
1551435948 0
1551435949 0
1551435950 0
1551435951 0
1551435952 0
1551435953 0
1551435954 0
1551435955 0
1551435956 0
1551435957 0
1551435958 0
1551435959 0
1551435960 0
1551435961 0
1551435962 0
1551435963 0
1551435964 0
1551435965 0
1551435966 0
1551435967 0
1551435968 0
1551435969 0
1551435970 0
1551435971 0
1551435972 0
1551435973 0
1551435974 0
1551435975 0
1551435976 0
1551435977 0
1551435978 0
1551435979 0
1551435980 0
1551435981 0
1551435982 0
1551435983 0
1551435984 0
1551435985 0
1551435986 0
1551435987 0
1551435988 0
1551435989 0
1551435990 0
1551435991 0
1551435992 0
1551435993 0
1551435994 0
1551435995 0
1551435996 0
1551435997 0
1551435998 0
1551435999 0
1551436000 0
1551436001 0
1551436002 0
1551436003 0
1551436004 0
1551436005 0
1551436006 0
1551436007 0
1551436008 0
1551436009 0
1551436010 0
1551436011 0
1551436012 0
1551436013 0
1551436014 0
1551436015 0
1551436016 0
1551436017 0
1551436018 0
1551436019 0
1551436020 0
1551436021 0
1551436022 0
1551436023 0
1551436024 0
1551436025 0
1551436026 0
1551436027 0
1551436028 0
1551436029 0
1551436030 0
1551436031 0
1551436032 0
1551436033 0
1551436034 0
1551436035 0
1551436036 0
1551436037 0
1551436038 0
1551436039 0
1551436040 0
1551436041 0
1551436042 0
1551436043 0
1551436044 0
1551436045 0
1551436046 0
1551436047 0
1551436048 0
1551436049 0
1551436050 0
1551436051 0
1551436052 0
1551436053 0
1551436054 0
1551436055 0
1551436056 0
1551436057 0
1551436058 0
1551436059 0
1551436060 0
1551436061 0
1551436062 0
1551436063 0
1551436064 0
1551436065 0
1551436066 0
1551436067 0
1551436068 0
1551436069 0
1551436070 0
1551436071 0
1551436072 0
1551436073 0
1551436074 0
1551436075 0
1551436076 0
1551436077 0
1551436078 0
1551436079 0
1551436080 0
1551436081 0
1551436082 0
1551436083 0
1551436084 0
1551436085 0
1551436086 0
1551436087 0
1551436088 0
1551436089 0
1551436090 0
1551436091 0
1551436092 0
1551436093 0
1551436094 0
1551436095 0
1551436096 0
1551436097 0
1551436098 0
1551436099 0
1551436100 0
1551436101 0
1551436102 0
1551436103 0
1551436104 0
1551436105 0
1551436106 0
1551436107 0
1551436108 0
1551436109 0
1551436110 0
1551436111 0
1551436112 0
1551436113 0
1551436114 0
1551436115 0
1551436116 0
1551436117 0
1551436118 0
1551436119 0
1551436120 0
1551436121 0
1551436122 0
1551436123 0
1551436124 0
1551436125 0
1551436126 0
1551436127 0
1551436128 0
1551436129 0
1551436130 0
1551436131 0
1551436132 0
1551436133 0
1551436134 0
1551436135 0
1551436136 0
1551436137 0
1551436138 0
1551436139 0
1551436140 0
1551436141 0
1551436142 0
1551436143 0
1551436144 0
1551436145 0
1551436146 0
1551436147 0
1551436148 0
1551436149 0
1551436150 0
1551436151 0
1551436152 0
1551436153 0
1551436154 0
1551436155 0
1551436156 0
1551436157 0
1551436158 0
1551436159 0
1551436160 0
1551436161 0
1551436162 0
1551436163 0
1551436164 0
1551436165 0
1551436166 0
1551436167 0
1551436168 0
1551436169 0
1551436170 0
1551436171 0
1551436172 0
1551436173 0
1551436174 0
1551436175 0
1551436176 0
1551436177 0
1551436178 0
1551436179 0
1551436180 0
1551436181 0
1551436182 0
1551436183 0
1551436184 0
1551436185 0
1551436186 0
1551436187 0
1551436188 0
1551436189 0
1551436190 0
1551436191 0
1551436192 0
1551436193 0
1551436194 0
1551436195 0
1551436196 0
1551436197 0
1551436198 0
1551436199 0
1551436200 0
1551436201 0
1551436202 0
1551436203 0
1551436204 0
1551436205 0
1551436206 0
1551436207 0
1551436208 0
1551436209 0
1551436210 0
1551436211 0
1551436212 0
1551436213 0
1551436214 0
1551436215 0
1551436216 0
1551436217 0
1551436218 0
1551436219 0
1551436220 0
1551436221 0
1551436222 0
1551436223 0
1551436224 0
1551436225 0
1551436226 0
1551436227 0
1551436228 0
1551436229 0
1551436230 0
1551436231 0
1551436232 0
1551436233 0
1551436234 0
1551436235 0
1551436236 0
1551436237 0
1551436238 0
1551436239 0
1551436240 0
1551436241 0
1551436242 0
1551436243 0
1551436244 0
1551436245 0
1551436246 0
1551436247 0
1551436248 0
1551436249 0
1551436250 0
1551436251 0
1551436252 0
1551436253 0
1551436254 0
1551436255 0
1551436256 0
1551436257 0
1551436258 0
1551436259 0
1551436260 0
1551436261 0
1551436262 0
1551436263 0
1551436264 0
1551436265 0
1551436266 0
1551436267 0
1551436268 0
1551436269 0
1551436270 0
1551436271 0
1551436272 0
1551436273 0
1551436274 0
1551436275 0
1551436276 0
1551436277 0
1551436278 0
1551436279 0
1551436280 0
1551436281 0
1551436282 0
1551436283 0
1551436284 0
1551436285 0
1551436286 0
1551436287 0
1551436288 0
1551436289 0
1551436290 0
1551436291 0
1551436292 0
1551436293 0
1551436294 0
1551436295 0
1551436296 0
1551436297 0
1551436298 0
1551436299 0
1551436300 0
1551436301 0
1551436302 0
1551436303 0
1551436304 0
1551436305 0
1551436306 0
1551436307 0
1551436308 0
1551436309 0
1551436310 0
1551436311 0
1551436312 0
1551436313 0
1551436314 0
1551436315 0
1551436316 0
1551436317 0
1551436318 0
1551436319 0
1551436320 0
1551436321 0
1551436322 0
1551436323 0
1551436324 0
1551436325 0
1551436326 0
1551436327 0
1551436328 0
1551436329 0
1551436330 0
1551436331 0
1551436332 0
1551436333 0
1551436334 0
1551436335 0
1551436336 0
1551436337 0
1551436338 0
1551436339 0
1551436340 0
1551436341 0
1551436342 0
1551436343 0
1551436344 0
1551436345 0
1551436346 0
1551436347 0
1551436348 0
1551436349 0
1551436350 0
1551436351 0
1551436352 0
1551436353 0
1551436354 0
1551436355 0
1551436356 0
1551436357 0
1551436358 0
1551436359 0
1551436360 0
1551436361 0
1551436362 0
1551436363 0
1551436364 0
1551436365 0
1551436366 0
1551436367 0
1551436368 0
1551436369 0
1551436370 0
1551436371 0
1551436372 0
1551436373 0
1551436374 0
1551436375 0
1551436376 0
1551436377 0
1551436378 0
1551436379 0
1551436380 0
1551436381 0
1551436382 0
1551436383 0
1551436384 0
1551436385 0
1551436386 0
1551436387 0
1551436388 0
1551436389 0
1551436390 0
1551436391 0
1551436392 0
1551436393 0
1551436394 0
1551436395 0
1551436396 0
1551436397 0
1551436398 0
1551436399 0
1551436400 0
1551436401 0
1551436402 0
1551436403 0
1551436404 0
1551436405 0
1551436406 0
1551436407 0
1551436408 0
1551436409 0
1551436410 0
1551436411 0
1551436412 0
1551436413 0
1551436414 0
1551436415 0
1551436416 0
1551436417 0
1551436418 0
1551436419 0
1551436420 0
1551436421 0
1551436422 0
1551436423 0
1551436424 0
1551436425 0
1551436426 0
1551436427 0
1551436428 0
1551436429 0
1551436430 0
1551436431 0
1551436432 0
1551436433 0
1551436434 0
1551436435 0
1551436436 0
1551436437 0
1551436438 0
1551436439 0
1551436440 0
1551436441 0
1551436442 0
1551436443 0
1551436444 0
1551436445 0
1551436446 0
1551436447 0
1551436448 0
1551436449 0
1551436450 0
1551436451 0
1551436452 0
1551436453 0
1551436454 0
1551436455 0
1551436456 0
1551436457 0
1551436458 0
1551436459 0
1551436460 0
1551436461 0
1551436462 0
1551436463 0
1551436464 0
1551436465 0
1551436466 0
1551436467 0
1551436468 0
1551436469 0
1551436470 0
1551436471 0
1551436472 0
1551436473 0
1551436474 0
1551436475 0
1551436476 0
1551436477 0
1551436478 0
1551436479 0
1551436480 0
1551436481 0
1551436482 0
1551436483 0
1551436484 0
1551436485 0
1551436486 0
1551436487 0
1551436488 0
1551436489 0
1551436490 0
1551436491 0
1551436492 0
1551436493 0
1551436494 0
1551436495 0
1551436496 0
1551436497 0
1551436498 0
1551436499 0
1551436500 0
1551436501 0
1551436502 0
1551436503 0
1551436504 0
1551436505 0
1551436506 0
1551436507 0
1551436508 0
1551436509 0
1551436510 0
1551436511 0
1551436512 0
1551436513 0
1551436514 0
1551436515 0
1551436516 0
1551436517 0
1551436518 0
1551436519 0
1551436520 0
1551436521 0
1551436522 0
1551436523 0
1551436524 0
1551436525 0
1551436526 0
1551436527 0
1551436528 0
1551436529 0
1551436530 0
1551436531 0
1551436532 0
1551436533 0
1551436534 0
1551436535 0
1551436536 0
1551436537 0
1551436538 0
1551436539 0
1551436540 0
1551436541 0
1551436542 0
1551436543 0
1551436544 0
1551436545 0
1551436546 0
1551436547 0
1551436548 0
1551436549 0
1551436550 0
1551436551 0
1551436552 0
1551436553 0
1551436554 0
1551436555 0
1551436556 0
1551436557 0
1551436558 0
1551436559 0
1551436560 0
1551436561 0
1551436562 0
1551436563 0
1551436564 0
1551436565 0
1551436566 0
1551436567 0
1551436568 0
1551436569 0
1551436570 0
1551436571 0
1551436572 0
1551436573 0
1551436574 0
1551436575 0
1551436576 0
1551436577 0
1551436578 0
1551436579 0
1551436580 0
1551436581 0
1551436582 0
1551436583 0
1551436584 0
1551436585 0
1551436586 0
1551436587 0
1551436588 0
1551436589 0
1551436590 0
1551436591 0
1551436592 0
1551436593 0
1551436594 0
1551436595 0
1551436596 0
1551436597 0
1551436598 0
1551436599 0
1551436600 0
1551436601 0
1551436602 0
1551436603 0
1551436604 0
1551436605 0
1551436606 0
1551436607 0
1551436608 0
1551436609 0
1551436610 0
1551436611 0
1551436612 0
1551436613 0
1551436614 0
1551436615 0
1551436616 0
1551436617 0
1551436618 0
1551436619 0
1551436620 0
1551436621 0
1551436622 0
1551436623 0
1551436624 0
1551436625 0
1551436626 0
1551436627 0
1551436628 0
1551436629 0
1551436630 0
1551436631 0
1551436632 0
1551436633 0
1551436634 0
1551436635 0
1551436636 0
1551436637 0
1551436638 0
1551436639 0
1551436640 0
1551436641 0
1551436642 0
1551436643 0
1551436644 0
1551436645 0
1551436646 0
1551436647 0
1551436648 0
1551436649 0
1551436650 0
1551436651 0
1551436652 0
1551436653 0
1551436654 0
1551436655 0
1551436656 0
1551436657 0
1551436658 0
1551436659 0
1551436660 0
1551436661 0
1551436662 0
1551436663 0
1551436664 0
1551436665 0
1551436666 0
1551436667 0
1551436668 0
1551436669 0
1551436670 0
1551436671 0
1551436672 0
1551436673 0
1551436674 0
1551436675 0
1551436676 0
1551436677 0
1551436678 0
1551436679 0
1551436680 0
1551436681 0
1551436682 0
1551436683 0
1551436684 0
1551436685 0
1551436686 0
1551436687 0
1551436688 0
1551436689 0
1551436690 0
1551436691 0
1551436692 0
1551436693 0
1551436694 0
1551436695 0
1551436696 0
1551436697 0
1551436698 0
1551436699 0
1551436700 0
1551436701 0
1551436702 0
1551436703 0
1551436704 0
1551436705 0
1551436706 0
1551436707 0
1551436708 0
1551436709 0
1551436710 0
1551436711 0
1551436712 0
1551436713 0
1551436714 0
1551436715 0
1551436716 0
1551436717 0
1551436718 0
1551436719 0
1551436720 0
1551436721 0
1551436722 0
1551436723 0
1551436724 0
1551436725 0
1551436726 0
1551436727 0
1551436728 0
1551436729 0
1551436730 0
1551436731 0
1551436732 0
1551436733 0
1551436734 0
1551436735 0
1551436736 0
1551436737 0
1551436738 0
1551436739 0
1551436740 0
1551436741 0
1551436742 0
1551436743 0
1551436744 0
1551436745 0
1551436746 0
1551436747 0
1551436748 0
1551436749 0
1551436750 0
1551436751 0
1551436752 0
1551436753 0
1551436754 0
1551436755 0
1551436756 0
1551436757 0
1551436758 0
1551436759 0
1551436760 0
1551436761 0
1551436762 0
1551436763 0
1551436764 0
1551436765 0
1551436766 0
1551436767 0
1551436768 0
1551436769 0
1551436770 0
1551436771 0
1551436772 0
1551436773 0
1551436774 0
1551436775 0
1551436776 0
1551436777 0
1551436778 0
1551436779 0
1551436780 0
1551436781 0
1551436782 0
1551436783 0
1551436784 0
1551436785 0
1551436786 0
1551436787 0
1551436788 0
1551436789 0
1551436790 0
1551436791 0
1551436792 0
1551436793 0
1551436794 0
1551436795 0
1551436796 0
1551436797 0
1551436798 0
1551436799 0
1551436800 0
1551436801 0
1551436802 0
1551436803 0
1551436804 0
1551436805 0
1551436806 0
1551436807 0
1551436808 0
1551436809 0
1551436810 0
1551436811 0
1551436812 0
1551436813 0
1551436814 0
1551436815 0
1551436816 0
1551436817 0
1551436818 0
1551436819 0
1551436820 0
1551436821 0
1551436822 0
1551436823 0
1551436824 0
1551436825 0
1551436826 0
1551436827 0
1551436828 0
1551436829 0
1551436830 0
1551436831 0
1551436832 0
1551436833 0
1551436834 0
1551436835 0
1551436836 0
1551436837 0
1551436838 0
1551436839 0
1551436840 0
1551436841 0
1551436842 0
1551436843 0
1551436844 0
1551436845 0
1551436846 0
1551436847 0
1551436848 0
1551436849 0
1551436850 0
1551436851 0
1551436852 0
1551436853 0
1551436854 0
1551436855 0
1551436856 0
1551436857 0
1551436858 0
1551436859 0
1551436860 0
1551436861 0
1551436862 0
1551436863 0
1551436864 0
1551436865 0
1551436866 0
1551436867 0
1551436868 0
1551436869 0
1551436870 0
1551436871 0
1551436872 0
1551436873 0
1551436874 0
1551436875 0
1551436876 0
1551436877 0
1551436878 0
1551436879 0
1551436880 0
1551436881 0
1551436882 0
1551436883 0
1551436884 0
1551436885 0
1551436886 0
1551436887 0
1551436888 0
1551436889 0
1551436890 0
1551436891 0
1551436892 0
1551436893 0
1551436894 0
1551436895 0
1551436896 0
1551436897 0
1551436898 0
1551436899 0
1551436900 0
1551436901 0
1551436902 0
1551436903 0
1551436904 0
1551436905 0
1551436906 0
1551436907 0
1551436908 0
1551436909 0
1551436910 0
1551436911 0
1551436912 0
1551436913 0
1551436914 0
1551436915 0
1551436916 0
1551436917 0
1551436918 0
1551436919 0
1551436920 0
1551436921 0
1551436922 0
1551436923 0
1551436924 0
1551436925 0
1551436926 0
1551436927 0
1551436928 0
1551436929 0
1551436930 0
1551436931 0
1551436932 0
1551436933 0
1551436934 0
1551436935 0
1551436936 0
1551436937 0
1551436938 0
1551436939 0
1551436940 0
1551436941 0
1551436942 0
1551436943 0
1551436944 0
1551436945 0
1551436946 0
1551436947 0
1551436948 0
1551436949 0
1551436950 0
1551436951 0
1551436952 0
1551436953 0
1551436954 0
1551436955 0
1551436956 0
1551436957 0
1551436958 0
1551436959 0
1551436960 0
1551436961 0
1551436962 0
1551436963 0
1551436964 0
1551436965 0
1551436966 0
1551436967 0
1551436968 0
1551436969 0
1551436970 0
1551436971 0
1551436972 0
1551436973 0
1551436974 0
1551436975 0
1551436976 0
1551436977 0
1551436978 0
1551436979 0
1551436980 0
1551436981 0
1551436982 0
1551436983 0
1551436984 0
1551436985 0
1551436986 0
1551436987 0
1551436988 0
1551436989 0
1551436990 0
1551436991 0
1551436992 0
1551436993 0
1551436994 0
1551436995 0
1551436996 0
1551436997 0
1551436998 0
1551436999 0
1551437000 0
1551437001 0
1551437002 0
1551437003 0
1551437004 0
1551437005 0
1551437006 0
1551437007 0
1551437008 0
1551437009 0
1551437010 0
1551437011 0
1551437012 0
1551437013 0
1551437014 0
1551437015 0
1551437016 0
1551437017 0
1551437018 0
1551437019 0
1551437020 0
1551437021 0
1551437022 0
1551437023 0
1551437024 0
1551437025 0
1551437026 0
1551437027 0
1551437028 0
1551437029 0
1551437030 0
1551437031 0
1551437032 0
1551437033 0
1551437034 0
1551437035 0
1551437036 0
1551437037 0
1551437038 0
1551437039 0
1551437040 0
1551437041 0
1551437042 0
1551437043 0
1551437044 0
1551437045 0
1551437046 0
1551437047 0
1551437048 0
1551437049 0
1551437050 0
1551437051 0
1551437052 0
1551437053 0
1551437054 0
1551437055 0
1551437056 0
1551437057 0
1551437058 0
1551437059 0
1551437060 0
1551437061 0
1551437062 0
1551437063 0
1551437064 0
1551437065 0
1551437066 0
1551437067 0
1551437068 0
1551437069 0
1551437070 0
1551437071 0
1551437072 0
1551437073 0
1551437074 0
1551437075 0
1551437076 0
1551437077 0
1551437078 0
1551437079 0
1551437080 0
1551437081 0
1551437082 0
1551437083 0
1551437084 0
1551437085 0
1551437086 0
1551437087 0
1551437088 0
1551437089 0
1551437090 0
1551437091 0
1551437092 0
1551437093 0
1551437094 0
1551437095 0
1551437096 0
1551437097 0
1551437098 0
1551437099 0
1551437100 0
1551437101 0
1551437102 0
1551437103 0
1551437104 0
1551437105 0
1551437106 0
1551437107 0
1551437108 0
1551437109 0
1551437110 0
1551437111 0
1551437112 0
1551437113 0
1551437114 0
1551437115 0
1551437116 0
1551437117 0
1551437118 0
1551437119 0
1551437120 0
1551437121 0
1551437122 0
1551437123 0
1551437124 0
1551437125 0
1551437126 0
1551437127 0
1551437128 0
1551437129 0
1551437130 0
1551437131 0
1551437132 0
1551437133 0
1551437134 0
1551437135 0
1551437136 0
1551437137 0
1551437138 0
1551437139 0
1551437140 0
1551437141 0
1551437142 0
1551437143 0
1551437144 0
1551437145 0
1551437146 0
1551437147 0
1551437148 0
1551437149 0
1551437150 0
1551437151 0
1551437152 0
1551437153 0
1551437154 0
1551437155 0
1551437156 0
1551437157 0
1551437158 0
1551437159 0
1551437160 0
1551437161 0
1551437162 0
1551437163 0
1551437164 0
1551437165 0
1551437166 0
1551437167 0
1551437168 0
1551437169 0
1551437170 0
1551437171 0
1551437172 0
1551437173 0
1551437174 0
1551437175 0
1551437176 0
1551437177 0
1551437178 0
1551437179 0
1551437180 0
1551437181 0
1551437182 0
1551437183 0
1551437184 0
1551437185 0
1551437186 0
1551437187 0
1551437188 0
1551437189 0
1551437190 0
1551437191 0
1551437192 0
1551437193 0
1551437194 0
1551437195 0
1551437196 0
1551437197 0
1551437198 0
1551437199 0
1551437200 0
1551437201 0
1551437202 0
1551437203 0
1551437204 0
1551437205 0
1551437206 0
1551437207 0
1551437208 0
1551437209 0
1551437210 0
1551437211 0
1551437212 0
1551437213 0
1551437214 0
1551437215 0
1551437216 0
1551437217 0
1551437218 0
1551437219 0
1551437220 0
1551437221 0
1551437222 0
1551437223 0
1551437224 0
1551437225 0
1551437226 0
1551437227 0
1551437228 0
1551437229 0
1551437230 0
1551437231 0
1551437232 0
1551437233 0
1551437234 0
1551437235 0
1551437236 0
1551437237 0
1551437238 0
1551437239 0
1551437240 0
1551437241 0
1551437242 0
1551437243 0
1551437244 0
1551437245 0
1551437246 0
1551437247 0
1551437248 0
1551437249 0
1551437250 0
1551437251 0
1551437252 0
1551437253 0
1551437254 0
1551437255 0
1551437256 0
1551437257 0
1551437258 0
1551437259 0
1551437260 0
1551437261 0
1551437262 0
1551437263 0
1551437264 0
1551437265 0
1551437266 0
1551437267 0
1551437268 0
1551437269 0
1551437270 0
1551437271 0
1551437272 0
1551437273 0
1551437274 0
1551437275 0
1551437276 0
1551437277 0
1551437278 0
1551437279 0
1551437280 0
1551437281 0
1551437282 0
1551437283 0
1551437284 0
1551437285 0
1551437286 0
1551437287 0
1551437288 0
1551437289 0
1551437290 0
1551437291 0
1551437292 0
1551437293 0
1551437294 0
1551437295 0
1551437296 0
1551437297 0
1551437298 0
1551437299 0
1551437300 0
1551437301 0
1551437302 0
1551437303 0
1551437304 0
1551437305 0
1551437306 0
1551437307 0
1551437308 0
1551437309 0
1551437310 0
1551437311 0
1551437312 0
1551437313 0
1551437314 0
1551437315 0
1551437316 0
1551437317 0
1551437318 0
1551437319 0
1551437320 0
1551437321 0
1551437322 0
1551437323 0
1551437324 0
1551437325 0
1551437326 0
1551437327 0
1551437328 0
1551437329 0
1551437330 0
1551437331 0
1551437332 0
1551437333 0
1551437334 0
1551437335 0
1551437336 0
1551437337 0
1551437338 0
1551437339 0
1551437340 0
1551437341 0
1551437342 0
1551437343 0
1551437344 0
1551437345 0
1551437346 0
1551437347 0
1551437348 0
1551437349 0
1551437350 0
1551437351 0
1551437352 0
1551437353 0
1551437354 0
1551437355 0
1551437356 0
1551437357 0
1551437358 0
1551437359 0
1551437360 0
1551437361 0
1551437362 0
1551437363 0
1551437364 0
1551437365 0
1551437366 0
1551437367 0
1551437368 0
1551437369 0
1551437370 0
1551437371 0
1551437372 0
1551437373 0
1551437374 0
1551437375 0
1551437376 0
1551437377 0
1551437378 0
1551437379 0
1551437380 0
1551437381 0
1551437382 0
1551437383 0
1551437384 0
1551437385 0
1551437386 0
1551437387 0
1551437388 0
1551437389 0
1551437390 0
1551437391 0
1551437392 0
1551437393 0
1551437394 0
1551437395 0
1551437396 0
1551437397 0
1551437398 0
1551437399 0
1551437400 0
1551437401 0
1551437402 0
1551437403 0
1551437404 0
1551437405 0
1551437406 0
1551437407 0
1551437408 0
1551437409 0
1551437410 0
1551437411 0
1551437412 0
1551437413 0
1551437414 0
1551437415 0
1551437416 0
1551437417 0
1551437418 0
1551437419 0
1551437420 0
1551437421 0
1551437422 0
1551437423 0
1551437424 0
1551437425 0
1551437426 0
1551437427 0
1551437428 0
1551437429 0
1551437430 0
1551437431 0
1551437432 0
1551437433 0
1551437434 0
1551437435 0
1551437436 0
1551437437 0
1551437438 0
1551437439 0
1551437440 0
1551437441 0
1551437442 0
1551437443 0
1551437444 0
1551437445 0
1551437446 0
1551437447 0
1551437448 0
1551437449 0
1551437450 0
1551437451 0
1551437452 0
1551437453 0
1551437454 0
1551437455 0
1551437456 0
1551437457 0
1551437458 0
1551437459 0
1551437460 0
1551437461 0
1551437462 0
1551437463 0
1551437464 0
1551437465 0
1551437466 0
1551437467 0
1551437468 0
1551437469 0
1551437470 0
1551437471 0
1551437472 0
1551437473 0
1551437474 0
1551437475 0
1551437476 0
1551437477 0
1551437478 0
1551437479 0
1551437480 0
1551437481 0
1551437482 0
1551437483 0
1551437484 0
1551437485 0
1551437486 0
1551437487 0
1551437488 0
1551437489 0
1551437490 0
1551437491 0
1551437492 0
1551437493 0
1551437494 0
1551437495 0
1551437496 0
1551437497 0
1551437498 0
1551437499 0
1551437500 0
1551437501 0
1551437502 0
1551437503 0
1551437504 0
1551437505 0
1551437506 0
1551437507 0
1551437508 0
1551437509 0
1551437510 0
1551437511 0
1551437512 0
1551437513 0
1551437514 0
1551437515 0
1551437516 0
1551437517 0
1551437518 0
1551437519 0
1551437520 0
1551437521 0
1551437522 0
1551437523 0
1551437524 0
1551437525 0
1551437526 0
1551437527 0
1551437528 0
1551437529 0
1551437530 0
1551437531 0
1551437532 0
1551437533 0
1551437534 0
1551437535 0
1551437536 0
1551437537 0
1551437538 0
1551437539 0
1551437540 0
1551437541 0
1551437542 0
1551437543 0
1551437544 0
1551437545 0
1551437546 0
1551437547 0
1551437548 0
1551437549 0
1551437550 0
1551437551 0
1551437552 0
1551437553 0
1551437554 0
1551437555 0
1551437556 0
1551437557 0
1551437558 0
1551437559 0
1551437560 0
1551437561 0
1551437562 0
1551437563 0
1551437564 0
1551437565 0
1551437566 0
1551437567 0
1551437568 0
1551437569 0
1551437570 0
1551437571 0
1551437572 0
1551437573 0
1551437574 0
1551437575 0
1551437576 0
1551437577 0
1551437578 0
1551437579 0
1551437580 0
1551437581 0
1551437582 0
1551437583 0
1551437584 0
1551437585 0
1551437586 0
1551437587 0
1551437588 0
1551437589 0
1551437590 0
1551437591 0
1551437592 0
1551437593 0
1551437594 0
1551437595 0
1551437596 0
1551437597 0
1551437598 0
1551437599 0
1551437600 0
1551437601 0
1551437602 0
1551437603 0
1551437604 0
1551437605 0
1551437606 0
1551437607 0
1551437608 0
1551437609 0
1551437610 0
1551437611 0
1551437612 0
1551437613 0
1551437614 0
1551437615 0
1551437616 0
1551437617 0
1551437618 0
1551437619 0
1551437620 0
1551437621 0
1551437622 0
1551437623 0
1551437624 0
1551437625 0
1551437626 0
1551437627 0
1551437628 0
1551437629 0
1551437630 0
1551437631 0
1551437632 0
1551437633 0
1551437634 0
1551437635 0
1551437636 0
1551437637 0
1551437638 0
1551437639 0
1551437640 0
1551437641 0
1551437642 0
1551437643 0
1551437644 0
1551437645 0
1551437646 0
1551437647 0
1551437648 0
1551437649 0
1551437650 0
1551437651 0
1551437652 0
1551437653 0
1551437654 0
1551437655 0
1551437656 0
1551437657 0
1551437658 0
1551437659 0
1551437660 0
1551437661 0
1551437662 0
1551437663 0
1551437664 0
1551437665 0
1551437666 0
1551437667 0
1551437668 0
1551437669 0
1551437670 0
1551437671 0
1551437672 0
1551437673 0
1551437674 0
1551437675 0
1551437676 0
1551437677 0
1551437678 0
1551437679 0
1551437680 0
1551437681 0
1551437682 0
1551437683 0
1551437684 0
1551437685 0
1551437686 0
1551437687 0
1551437688 0
1551437689 0
1551437690 0
1551437691 0
1551437692 0
1551437693 0
1551437694 0
1551437695 0
1551437696 0
1551437697 0
1551437698 0
1551437699 0
1551437700 0
1551437701 0
1551437702 0
1551437703 0
1551437704 0
1551437705 0
1551437706 0
1551437707 0
1551437708 0
1551437709 0
1551437710 0
1551437711 0
1551437712 0
1551437713 0
1551437714 0
1551437715 0
1551437716 0
1551437717 0
1551437718 0
1551437719 0
1551437720 0
1551437721 0
1551437722 0
1551437723 0
1551437724 0
1551437725 0
1551437726 0
1551437727 0
1551437728 0
1551437729 0
1551437730 0
1551437731 0
1551437732 0
1551437733 0
1551437734 0
1551437735 0
1551437736 0
1551437737 0
1551437738 0
1551437739 0
1551437740 0
1551437741 0
1551437742 0
1551437743 0
1551437744 0
1551437745 0
1551437746 0
1551437747 0
1551437748 0
1551437749 0
1551437750 0
1551437751 0
1551437752 0
1551437753 0
1551437754 0
1551437755 0
1551437756 0
1551437757 0
1551437758 0
1551437759 0
1551437760 0
1551437761 0
1551437762 0
1551437763 0
1551437764 0
1551437765 0
1551437766 0
1551437767 0
1551437768 0
1551437769 0
1551437770 0
1551437771 0
1551437772 0
1551437773 0
1551437774 0
1551437775 0
1551437776 0
1551437777 0
1551437778 0
1551437779 0
1551437780 0
1551437781 0
1551437782 0
1551437783 0
1551437784 0
1551437785 0
1551437786 0
1551437787 0
1551437788 0
1551437789 0
1551437790 0
1551437791 0
1551437792 0
1551437793 0
1551437794 0
1551437795 0
1551437796 0
1551437797 0
1551437798 0
1551437799 0
1551437800 0
1551437801 0
1551437802 0
1551437803 0
1551437804 0
1551437805 0
1551437806 0
1551437807 0
1551437808 0
1551437809 0
1551437810 0
1551437811 0
1551437812 0
1551437813 0
1551437814 0
1551437815 0
1551437816 0
1551437817 0
1551437818 0
1551437819 0
1551437820 0
1551437821 0
1551437822 0
1551437823 0
1551437824 0
1551437825 0
1551437826 0
1551437827 0
1551437828 0
1551437829 0
1551437830 0
1551437831 0
1551437832 0
1551437833 0
1551437834 0
1551437835 0
1551437836 0
1551437837 0
1551437838 0
1551437839 0
1551437840 0
1551437841 0
1551437842 0
1551437843 0
1551437844 0
1551437845 0
1551437846 0
1551437847 0
1551437848 0
1551437849 0
1551437850 0
1551437851 0
1551437852 0
1551437853 0
1551437854 0
1551437855 0
1551437856 0
1551437857 0
1551437858 0
1551437859 0
1551437860 0
1551437861 0
1551437862 0
1551437863 0
1551437864 0
1551437865 0
1551437866 0
1551437867 0
1551437868 0
1551437869 0
1551437870 0
1551437871 0
1551437872 0
1551437873 0
1551437874 0
1551437875 0
1551437876 0
1551437877 0
1551437878 0
1551437879 0
1551437880 0
1551437881 0
1551437882 0
1551437883 0
1551437884 0
1551437885 0
1551437886 0
1551437887 0
1551437888 0
1551437889 0
1551437890 0
1551437891 0
1551437892 0
1551437893 0
1551437894 0
1551437895 0
1551437896 0
1551437897 0
1551437898 0
1551437899 0
1551437900 0
1551437901 0
1551437902 0
1551437903 0
1551437904 0
1551437905 0
1551437906 0
1551437907 0
1551437908 0
1551437909 0
1551437910 0
1551437911 0
1551437912 0
1551437913 0
1551437914 0
1551437915 0
1551437916 0
1551437917 0
1551437918 0
1551437919 0
1551437920 0
1551437921 0
1551437922 0
1551437923 0
1551437924 0
1551437925 0
1551437926 0
1551437927 0
1551437928 0
1551437929 0
1551437930 0
1551437931 0
1551437932 0
1551437933 0
1551437934 0
1551437935 0
1551437936 0
1551437937 0
1551437938 0
1551437939 0
1551437940 0
1551437941 0
1551437942 0
1551437943 0
1551437944 0
1551437945 0
1551437946 0
1551437947 0
1551437948 0
1551437949 0
1551437950 0
1551437951 0
1551437952 0
1551437953 0
1551437954 0
1551437955 0
1551437956 0
1551437957 0
1551437958 0
1551437959 0
1551437960 0
1551437961 0
1551437962 0
1551437963 0
1551437964 0
1551437965 0
1551437966 0
1551437967 0
1551437968 0
1551437969 0
1551437970 0
1551437971 0
1551437972 0
1551437973 0
1551437974 0
1551437975 0
1551437976 0
1551437977 0
1551437978 0
1551437979 0
1551437980 0
1551437981 0
1551437982 0
1551437983 0
1551437984 0
1551437985 0
1551437986 0
1551437987 0
1551437988 0
1551437989 0
1551437990 0
1551437991 0
1551437992 0
1551437993 0
1551437994 0
1551437995 0
1551437996 0
1551437997 0
1551437998 0
1551437999 0
1551438000 0
1551438001 0
1551438002 0
1551438003 0
1551438004 0
1551438005 0
1551438006 0
1551438007 0
1551438008 0
1551438009 0
1551438010 0
1551438011 0
1551438012 0
1551438013 0
1551438014 0
1551438015 0
1551438016 0
1551438017 0
1551438018 0
1551438019 0
1551438020 0
1551438021 0
1551438022 0
1551438023 0
1551438024 0
1551438025 0
1551438026 0
1551438027 0
1551438028 0
1551438029 0
1551438030 0
1551438031 0
1551438032 0
1551438033 0
1551438034 0
1551438035 0
1551438036 0
1551438037 0
1551438038 0
1551438039 0
1551438040 0
1551438041 0
1551438042 0
1551438043 0
1551438044 0
1551438045 0
1551438046 0
1551438047 0
1551438048 0
1551438049 0
1551438050 0
1551438051 0
1551438052 0
1551438053 0
1551438054 0
1551438055 0
1551438056 0
1551438057 0
1551438058 0
1551438059 0
1551438060 0
1551438061 0
1551438062 0
1551438063 0
1551438064 0
1551438065 0
1551438066 0
1551438067 0
1551438068 0
1551438069 0
1551438070 0
1551438071 0
1551438072 0
1551438073 0
1551438074 0
1551438075 0
1551438076 0
1551438077 0
1551438078 0
1551438079 0
1551438080 0
1551438081 0
1551438082 0
1551438083 0
1551438084 0
1551438085 0
1551438086 0
1551438087 0
1551438088 0
1551438089 0
1551438090 0
1551438091 0
1551438092 0
1551438093 0
1551438094 0
1551438095 0
1551438096 0
1551438097 0
1551438098 0
1551438099 0
1551438100 0
1551438101 0
1551438102 0
1551438103 0
1551438104 0
1551438105 0
1551438106 0
1551438107 0
1551438108 0
1551438109 0
1551438110 0
1551438111 0
1551438112 0
1551438113 0
1551438114 0
1551438115 0
1551438116 0
1551438117 0
1551438118 0
1551438119 0
1551438120 0
1551438121 0
1551438122 0
1551438123 0
1551438124 0
1551438125 0
1551438126 0
1551438127 0
1551438128 0
1551438129 0
1551438130 0
1551438131 0
1551438132 0
1551438133 0
1551438134 0
1551438135 0
1551438136 0
1551438137 0
1551438138 0
1551438139 0
1551438140 0
1551438141 0
1551438142 0
1551438143 0
1551438144 0
1551438145 0
1551438146 0
1551438147 0
1551438148 0
1551438149 0
1551438150 0
1551438151 0
1551438152 0
1551438153 0
1551438154 0
1551438155 0
1551438156 0
1551438157 0
1551438158 0
1551438159 0
1551438160 0
1551438161 0
1551438162 0
1551438163 0
1551438164 0
1551438165 0
1551438166 0
1551438167 0
1551438168 0
1551438169 0
1551438170 0
1551438171 0
1551438172 0
1551438173 0
1551438174 0
1551438175 0
1551438176 0
1551438177 0
1551438178 0
1551438179 0
1551438180 0
1551438181 0
1551438182 0
1551438183 0
1551438184 0
1551438185 0
1551438186 0
1551438187 0
1551438188 0
1551438189 0
1551438190 0
1551438191 0
1551438192 0
1551438193 0
1551438194 0
1551438195 0
1551438196 0
1551438197 0
1551438198 0
1551438199 0
1551438200 0
1551438201 0
1551438202 0
1551438203 0
1551438204 0
1551438205 0
1551438206 0
1551438207 0
1551438208 0
1551438209 0
1551438210 0
1551438211 0
1551438212 0
1551438213 0
1551438214 0
1551438215 0
1551438216 0
1551438217 0
1551438218 0
1551438219 0
1551438220 0
1551438221 0
1551438222 0
1551438223 0
1551438224 0
1551438225 0
1551438226 0
1551438227 0
1551438228 0
1551438229 0
1551438230 0
1551438231 0
1551438232 0
1551438233 0
1551438234 0
1551438235 0
1551438236 0
1551438237 0
1551438238 0
1551438239 0
1551438240 0
1551438241 0
1551438242 0
1551438243 0
1551438244 0
1551438245 0
1551438246 0
1551438247 0
1551438248 0
1551438249 0
1551438250 0
1551438251 0
1551438252 0
1551438253 0
1551438254 0
1551438255 0
1551438256 0
1551438257 0
1551438258 0
1551438259 0
1551438260 0
1551438261 0
1551438262 0
1551438263 0
1551438264 0
1551438265 0
1551438266 0
1551438267 0
1551438268 0
1551438269 0
1551438270 0
1551438271 0
1551438272 0
1551438273 0
1551438274 0
1551438275 0
1551438276 0
1551438277 0
1551438278 0
1551438279 0
1551438280 0
1551438281 0
1551438282 0
1551438283 0
1551438284 0
1551438285 0
1551438286 0
1551438287 0
1551438288 0
1551438289 0
1551438290 0
1551438291 0
1551438292 0
1551438293 0
1551438294 0
1551438295 0
1551438296 0
1551438297 0
1551438298 0
1551438299 0
1551438300 0
1551438301 0
1551438302 0
1551438303 0
1551438304 0
1551438305 0
1551438306 0
1551438307 0
1551438308 0
1551438309 0
1551438310 0
1551438311 0
1551438312 0
1551438313 0
1551438314 0
1551438315 0
1551438316 0
1551438317 0
1551438318 0
1551438319 0
1551438320 0
1551438321 0
1551438322 0
1551438323 0
1551438324 0
1551438325 0
1551438326 0
1551438327 0
1551438328 0
1551438329 0
1551438330 0
1551438331 0
1551438332 0
1551438333 0
1551438334 0
1551438335 0
1551438336 0
1551438337 0
1551438338 0
1551438339 0
1551438340 0
1551438341 0
1551438342 0
1551438343 0
1551438344 0
1551438345 0
1551438346 0
1551438347 0
1551438348 0
1551438349 0
1551438350 0
1551438351 0
1551438352 0
1551438353 0
1551438354 0
1551438355 0
1551438356 0
1551438357 0
1551438358 0
1551438359 0
1551438360 0
1551438361 0
1551438362 0
1551438363 0
1551438364 0
1551438365 0
1551438366 0
1551438367 0
1551438368 0
1551438369 0
1551438370 0
1551438371 0
1551438372 0
1551438373 0
1551438374 0
1551438375 0
1551438376 0
1551438377 0
1551438378 0
1551438379 0
1551438380 0
1551438381 0
1551438382 0
1551438383 0
1551438384 0
1551438385 0
1551438386 0
1551438387 0
1551438388 0
1551438389 0
1551438390 0
1551438391 0
1551438392 0
1551438393 0
1551438394 0
1551438395 0
1551438396 0
1551438397 0
1551438398 0
1551438399 0
1551438400 0
1551438401 0
1551438402 0
1551438403 0
1551438404 0
1551438405 0
1551438406 0
1551438407 0
1551438408 0
1551438409 0
1551438410 0
1551438411 0
1551438412 0
1551438413 0
1551438414 0
1551438415 0
1551438416 0
1551438417 0
1551438418 0
1551438419 0
1551438420 0
1551438421 0
1551438422 0
1551438423 0
1551438424 0
1551438425 0
1551438426 0
1551438427 0
1551438428 0
1551438429 0
1551438430 0
1551438431 0
1551438432 0
1551438433 0
1551438434 0
1551438435 0
1551438436 0
1551438437 0
1551438438 0
1551438439 0
1551438440 0
1551438441 0
1551438442 0
1551438443 0
1551438444 0
1551438445 0
1551438446 0
1551438447 0
1551438448 0
1551438449 0
1551438450 0
1551438451 0
1551438452 0
1551438453 0
1551438454 0
1551438455 0
1551438456 0
1551438457 0
1551438458 0
1551438459 0
1551438460 0
1551438461 0
1551438462 0
1551438463 0
1551438464 0
1551438465 0
1551438466 0
1551438467 0
1551438468 0
1551438469 0
1551438470 0
1551438471 0
1551438472 0
1551438473 0
1551438474 0
1551438475 0
1551438476 0
1551438477 0
1551438478 0
1551438479 0
1551438480 0
1551438481 0
1551438482 0
1551438483 0
1551438484 0
1551438485 0
1551438486 0
1551438487 0
1551438488 0
1551438489 0
1551438490 0
1551438491 0
1551438492 0
1551438493 0
1551438494 0
1551438495 0
1551438496 0
1551438497 0
1551438498 0
1551438499 0
1551438500 0
1551438501 0
1551438502 0
1551438503 0
1551438504 0
1551438505 0
1551438506 0
1551438507 0
1551438508 0
1551438509 0
1551438510 0
1551438511 0
1551438512 0
1551438513 0
1551438514 0
1551438515 0
1551438516 0
1551438517 0
1551438518 0
1551438519 0
1551438520 0
1551438521 0
1551438522 0
1551438523 0
1551438524 0
1551438525 0
1551438526 0
1551438527 0
1551438528 0
1551438529 0
1551438530 0
1551438531 0
1551438532 0
1551438533 0
1551438534 0
1551438535 0
1551438536 0
1551438537 0
1551438538 0
1551438539 0
1551438540 0
1551438541 0
1551438542 0
1551438543 0
1551438544 0
1551438545 0
1551438546 0
1551438547 0
1551438548 0
1551438549 0
1551438550 0
1551438551 0
1551438552 0
1551438553 0
1551438554 0
1551438555 0
1551438556 0
1551438557 0
1551438558 0
1551438559 0
1551438560 0
1551438561 0
1551438562 0
1551438563 0
1551438564 0
1551438565 0
1551438566 0
1551438567 0
1551438568 0
1551438569 0
1551438570 0
1551438571 0
1551438572 0
1551438573 0
1551438574 0
1551438575 0
1551438576 0
1551438577 0
1551438578 0
1551438579 0
1551438580 0
1551438581 0
1551438582 0
1551438583 0
1551438584 0
1551438585 0
1551438586 0
1551438587 0
1551438588 0
1551438589 0
1551438590 0
1551438591 0
1551438592 0
1551438593 0
1551438594 0
1551438595 0
1551438596 0
1551438597 0
1551438598 0
1551438599 0
1551438600 0
1551438601 0
1551438602 0
1551438603 0
1551438604 0
1551438605 0
1551438606 0
1551438607 0
1551438608 0
1551438609 0
1551438610 0
1551438611 0
1551438612 0
1551438613 0
1551438614 0
1551438615 0
1551438616 0
1551438617 0
1551438618 0
1551438619 0
1551438620 0
1551438621 0
1551438622 0
1551438623 0
1551438624 0
1551438625 0
1551438626 0
1551438627 0
1551438628 0
1551438629 0
1551438630 0
1551438631 0
1551438632 0
1551438633 0
1551438634 0
1551438635 0
1551438636 0
1551438637 0
1551438638 0
1551438639 0
1551438640 0
1551438641 0
1551438642 0
1551438643 0
1551438644 0
1551438645 0
1551438646 0
1551438647 0
1551438648 0
1551438649 0
1551438650 0
1551438651 0
1551438652 0
1551438653 0
1551438654 0
1551438655 0
1551438656 0
1551438657 0
1551438658 0
1551438659 0
1551438660 0
1551438661 0
1551438662 0
1551438663 0
1551438664 0
1551438665 0
1551438666 0
1551438667 0
1551438668 0
1551438669 0
1551438670 0
1551438671 0
1551438672 0
1551438673 0
1551438674 0
1551438675 0
1551438676 0
1551438677 0
1551438678 0
1551438679 0
1551438680 0
1551438681 0
1551438682 0
1551438683 0
1551438684 0
1551438685 0
1551438686 0
1551438687 0
1551438688 0
1551438689 0
1551438690 0
1551438691 0
1551438692 0
1551438693 0
1551438694 0
1551438695 0
1551438696 0
1551438697 0
1551438698 0
1551438699 0
1551438700 0
1551438701 0
1551438702 0
1551438703 0
1551438704 0
1551438705 0
1551438706 0
1551438707 0
1551438708 0
1551438709 0
1551438710 0
1551438711 0
1551438712 0
1551438713 0
1551438714 0
1551438715 0
1551438716 0
1551438717 0
1551438718 0
1551438719 0
1551438720 0
1551438721 0
1551438722 0
1551438723 0
1551438724 0
1551438725 0
1551438726 0
1551438727 0
1551438728 0
1551438729 0
1551438730 0
1551438731 0
1551438732 0
1551438733 0
1551438734 0
1551438735 0
1551438736 0
1551438737 0
1551438738 0
1551438739 0
1551438740 0
1551438741 0
1551438742 0
1551438743 0
1551438744 0
1551438745 0
1551438746 0
1551438747 0
1551438748 0
1551438749 0
1551438750 0
1551438751 0
1551438752 0
1551438753 0
1551438754 0
1551438755 0
1551438756 0
1551438757 0
1551438758 0
1551438759 0
1551438760 0
1551438761 0
1551438762 0
1551438763 0
1551438764 0
1551438765 0
1551438766 0
1551438767 0
1551438768 0
1551438769 0
1551438770 0
1551438771 0
1551438772 0
1551438773 0
1551438774 0
1551438775 0
1551438776 0
1551438777 0
1551438778 0
1551438779 0
1551438780 0
1551438781 0
1551438782 0
1551438783 0
1551438784 0
1551438785 0
1551438786 0
1551438787 0
1551438788 0
1551438789 0
1551438790 0
1551438791 0
1551438792 0
1551438793 0
1551438794 0
1551438795 0
1551438796 0
1551438797 0
1551438798 0
1551438799 0
1551438800 0
1551438801 0
1551438802 0
1551438803 0
1551438804 0
1551438805 0
1551438806 0
1551438807 0
1551438808 0
1551438809 0
1551438810 0
1551438811 0
1551438812 0
1551438813 0
1551438814 0
1551438815 0
1551438816 0
1551438817 0
1551438818 0
1551438819 0
1551438820 0
1551438821 0
1551438822 0
1551438823 0
1551438824 0
1551438825 0
1551438826 0
1551438827 0
1551438828 0
1551438829 0
1551438830 0
1551438831 0
1551438832 0
1551438833 0
1551438834 0
1551438835 0
1551438836 0
1551438837 0
1551438838 0
1551438839 0
1551438840 0
1551438841 0
1551438842 0
1551438843 0
1551438844 0
1551438845 0
1551438846 0
1551438847 0
1551438848 0
1551438849 0
1551438850 0
1551438851 0
1551438852 0
1551438853 0
1551438854 0
1551438855 0
1551438856 0
1551438857 0
1551438858 0
1551438859 0
1551438860 0
1551438861 0
1551438862 0
1551438863 0
1551438864 0
1551438865 0
1551438866 0
1551438867 0
1551438868 0
1551438869 0
1551438870 0
1551438871 0
1551438872 0
1551438873 0
1551438874 0
1551438875 0
1551438876 0
1551438877 0
1551438878 0
1551438879 0
1551438880 0
1551438881 0
1551438882 0
1551438883 0
1551438884 0
1551438885 0
1551438886 0
1551438887 0
1551438888 0
1551438889 0
1551438890 0
1551438891 0
1551438892 0
1551438893 0
1551438894 0
1551438895 0
1551438896 0
1551438897 0
1551438898 0
1551438899 0
1551438900 0
1551438901 0
1551438902 0
1551438903 0
1551438904 0
1551438905 0
1551438906 0
1551438907 0
1551438908 0
1551438909 0
1551438910 0
1551438911 0
1551438912 0
1551438913 0
1551438914 0
1551438915 0
1551438916 0
1551438917 0
1551438918 0
1551438919 0
1551438920 0
1551438921 0
1551438922 0
1551438923 0
1551438924 0
1551438925 0
1551438926 0
1551438927 0
1551438928 0
1551438929 0
1551438930 0
1551438931 0
1551438932 0
1551438933 0
1551438934 0
1551438935 0
1551438936 0
1551438937 0
1551438938 0
1551438939 0
1551438940 0
1551438941 0
1551438942 0
1551438943 0
1551438944 0
1551438945 0
1551438946 0
1551438947 0
1551438948 0
1551438949 0
1551438950 0
1551438951 0
1551438952 0
1551438953 0
1551438954 0
1551438955 0
1551438956 0
1551438957 0
1551438958 0
1551438959 0
1551438960 0
1551438961 0
1551438962 0
1551438963 0
1551438964 0
1551438965 0
1551438966 0
1551438967 0
1551438968 0
1551438969 0
1551438970 0
1551438971 0
1551438972 0
1551438973 0
1551438974 0
1551438975 0
1551438976 0
1551438977 0
1551438978 0
1551438979 0
1551438980 0
1551438981 0
1551438982 0
1551438983 0
1551438984 0
1551438985 0
1551438986 0
1551438987 0
1551438988 0
1551438989 0
1551438990 0
1551438991 0
1551438992 0
1551438993 0
1551438994 0
1551438995 0
1551438996 0
1551438997 0
1551438998 0
1551438999 0
1551439000 0
1551439001 0
1551439002 0
1551439003 0
1551439004 0
1551439005 0
1551439006 0
1551439007 0
1551439008 0
1551439009 0
1551439010 0
1551439011 0
1551439012 0
1551439013 0
1551439014 0
1551439015 0
1551439016 0
1551439017 0
1551439018 0
1551439019 0
1551439020 0
1551439021 0
1551439022 0
1551439023 0
1551439024 0
1551439025 0
1551439026 0
1551439027 0
1551439028 0
1551439029 0
1551439030 0
1551439031 0
1551439032 0
1551439033 0
1551439034 0
1551439035 0
1551439036 0
1551439037 0
1551439038 0
1551439039 0
1551439040 0
1551439041 0
1551439042 0
1551439043 0
1551439044 0
1551439045 0
1551439046 0
1551439047 0
1551439048 0
1551439049 0
1551439050 0
1551439051 0
1551439052 0
1551439053 0
1551439054 0
1551439055 0
1551439056 0
1551439057 0
1551439058 0
1551439059 0
1551439060 0
1551439061 0
1551439062 0
1551439063 0
1551439064 0
1551439065 0
1551439066 0
1551439067 0
1551439068 0
1551439069 0
1551439070 0
1551439071 0
1551439072 0
1551439073 0
1551439074 0
1551439075 0
1551439076 0
1551439077 0
1551439078 0
1551439079 0
1551439080 0
1551439081 0
1551439082 0
1551439083 0
1551439084 0
1551439085 0
1551439086 0
1551439087 0
1551439088 0
1551439089 0
1551439090 0
1551439091 0
1551439092 0
1551439093 0
1551439094 0
1551439095 0
1551439096 0
1551439097 0
1551439098 0
1551439099 0
1551439100 0
1551439101 0
1551439102 0
1551439103 0
1551439104 0
1551439105 0
1551439106 0
1551439107 0
1551439108 0
1551439109 0
1551439110 0
1551439111 0
1551439112 0
1551439113 0
1551439114 0
1551439115 0
1551439116 0
1551439117 0
1551439118 0
1551439119 0
1551439120 0
1551439121 0
1551439122 0
1551439123 0
1551439124 0
1551439125 0
1551439126 0
1551439127 0
1551439128 0
1551439129 0
1551439130 0
1551439131 0
1551439132 0
1551439133 0
1551439134 0
1551439135 0
1551439136 0
1551439137 0
1551439138 0
1551439139 0
1551439140 0
1551439141 0
1551439142 0
1551439143 0
1551439144 0
1551439145 0
1551439146 0
1551439147 0
1551439148 0
1551439149 0
1551439150 0
1551439151 0
1551439152 0
1551439153 0
1551439154 0
1551439155 0
1551439156 0
1551439157 0
1551439158 0
1551439159 0
1551439160 0
1551439161 0
1551439162 0
1551439163 0
1551439164 0
1551439165 0
1551439166 0
1551439167 0
1551439168 0
1551439169 0
1551439170 0
1551439171 0
1551439172 0
1551439173 0
1551439174 0
1551439175 0
1551439176 0
1551439177 0
1551439178 0
1551439179 0
1551439180 0
1551439181 0
1551439182 0
1551439183 0
1551439184 0
1551439185 0
1551439186 0
1551439187 0
1551439188 0
1551439189 0
1551439190 0
1551439191 0
1551439192 0
1551439193 0
1551439194 0
1551439195 0
1551439196 0
1551439197 0
1551439198 0
1551439199 0
1551439200 0
1551439201 0
1551439202 0
1551439203 0
1551439204 0
1551439205 0
1551439206 0
1551439207 0
1551439208 0
1551439209 0
1551439210 0
1551439211 0
1551439212 0
1551439213 0
1551439214 0
1551439215 0
1551439216 0
1551439217 0
1551439218 0
1551439219 0
1551439220 0
1551439221 0
1551439222 0
1551439223 0
1551439224 0
1551439225 0
1551439226 0
1551439227 0
1551439228 0
1551439229 0
1551439230 0
1551439231 0
1551439232 0
1551439233 0
1551439234 0
1551439235 0
1551439236 0
1551439237 0
1551439238 0
1551439239 0
1551439240 0
1551439241 0
1551439242 0
1551439243 0
1551439244 0
1551439245 0
1551439246 0
1551439247 0
1551439248 0
1551439249 0
1551439250 0
1551439251 0
1551439252 0
1551439253 0
1551439254 0
1551439255 0
1551439256 0
1551439257 0
1551439258 0
1551439259 0
1551439260 0
1551439261 0
1551439262 0
1551439263 0
1551439264 0
1551439265 0
1551439266 0
1551439267 0
1551439268 0
1551439269 0
1551439270 0
1551439271 0
1551439272 0
1551439273 0
1551439274 0
1551439275 0
1551439276 0
1551439277 0
1551439278 0
1551439279 0
1551439280 0
1551439281 0
1551439282 0
1551439283 0
1551439284 0
1551439285 0
1551439286 0
1551439287 0
1551439288 0
1551439289 0
1551439290 0
1551439291 0
1551439292 0
1551439293 0
1551439294 0
1551439295 0
1551439296 0
1551439297 0
1551439298 0
1551439299 0
1551439300 0
1551439301 0
1551439302 0
1551439303 0
1551439304 0
1551439305 0
1551439306 0
1551439307 0
1551439308 0
1551439309 0
1551439310 0
1551439311 0
1551439312 0
1551439313 0
1551439314 0
1551439315 0
1551439316 0
1551439317 0
1551439318 0
1551439319 0
1551439320 0
1551439321 0
1551439322 0
1551439323 0
1551439324 0
1551439325 0
1551439326 0
1551439327 0
1551439328 0
1551439329 0
1551439330 0
1551439331 0
1551439332 0
1551439333 0
1551439334 0
1551439335 0
1551439336 0
1551439337 0
1551439338 0
1551439339 0
1551439340 0
1551439341 0
1551439342 0
1551439343 0
1551439344 0
1551439345 0
1551439346 0
1551439347 0
1551439348 0
1551439349 0
1551439350 0
1551439351 0
1551439352 0
1551439353 0
1551439354 0
1551439355 0
1551439356 0
1551439357 0
1551439358 0
1551439359 0
1551439360 0
1551439361 0
1551439362 0
1551439363 0
1551439364 0
1551439365 0
1551439366 0
1551439367 0
1551439368 0
1551439369 0
1551439370 0
1551439371 0
1551439372 0
1551439373 0
1551439374 0
1551439375 0
1551439376 0
1551439377 0
1551439378 0
1551439379 0
1551439380 0
1551439381 0
1551439382 0
1551439383 0
1551439384 0
1551439385 0
1551439386 0
1551439387 0
1551439388 0
1551439389 0
1551439390 0
1551439391 0
1551439392 0
1551439393 0
1551439394 0
1551439395 0
1551439396 0
1551439397 0
1551439398 0
1551439399 0
1551439400 0
1551439401 0
1551439402 0
1551439403 0
1551439404 0
1551439405 0
1551439406 0
1551439407 0
1551439408 0
1551439409 0
1551439410 0
1551439411 0
1551439412 0
1551439413 0
1551439414 0
1551439415 0
1551439416 0
1551439417 0
1551439418 0
1551439419 0
1551439420 0
1551439421 0
1551439422 0
1551439423 0
1551439424 0
1551439425 0
1551439426 0
1551439427 0
1551439428 0
1551439429 0
1551439430 0
1551439431 0
1551439432 0
1551439433 0
1551439434 0
1551439435 0
1551439436 0
1551439437 0
1551439438 0
1551439439 0
1551439440 0
1551439441 0
1551439442 0
1551439443 0
1551439444 0
1551439445 0
1551439446 0
1551439447 0
1551439448 0
1551439449 0
1551439450 0
1551439451 0
1551439452 0
1551439453 0
1551439454 0
1551439455 0
1551439456 0
1551439457 0
1551439458 0
1551439459 0
1551439460 0
1551439461 0
1551439462 0
1551439463 0
1551439464 0
1551439465 0
1551439466 0
1551439467 0
1551439468 0
1551439469 0
1551439470 0
1551439471 0
1551439472 0
1551439473 0
1551439474 0
1551439475 0
1551439476 0
1551439477 0
1551439478 0
1551439479 0
1551439480 0
1551439481 0
1551439482 0
1551439483 0
1551439484 0
1551439485 0
1551439486 0
1551439487 0
1551439488 0
1551439489 0
1551439490 0
1551439491 0
1551439492 0
1551439493 0
1551439494 0
1551439495 0
1551439496 0
1551439497 0
1551439498 0
1551439499 0
1551439500 0
1551439501 0
1551439502 0
1551439503 0
1551439504 0
1551439505 0
1551439506 0
1551439507 0
1551439508 0
1551439509 0
1551439510 0
1551439511 0
1551439512 0
1551439513 0
1551439514 0
1551439515 0
1551439516 0
1551439517 0
1551439518 0
1551439519 0
1551439520 0
1551439521 0
1551439522 0
1551439523 0
1551439524 0
1551439525 0
1551439526 0
1551439527 0
1551439528 0
1551439529 0
1551439530 0
1551439531 0
1551439532 0
1551439533 0
1551439534 0
1551439535 0
1551439536 0
1551439537 0
1551439538 0
1551439539 0
1551439540 0
1551439541 0
1551439542 0
1551439543 0
1551439544 0
1551439545 0
1551439546 0
1551439547 0
1551439548 0
1551439549 0
1551439550 0
1551439551 0
1551439552 0
1551439553 0
1551439554 0
1551439555 0
1551439556 0
1551439557 0
1551439558 0
1551439559 0
1551439560 0
1551439561 0
1551439562 0
1551439563 0
1551439564 0
1551439565 0
1551439566 0
1551439567 0
1551439568 0
1551439569 0
1551439570 0
1551439571 0
1551439572 0
1551439573 0
1551439574 0
1551439575 0
1551439576 0
1551439577 0
1551439578 0
1551439579 0
1551439580 0
1551439581 0
1551439582 0
1551439583 0
1551439584 0
1551439585 0
1551439586 0
1551439587 0
1551439588 0
1551439589 0
1551439590 0
1551439591 0
1551439592 0
1551439593 0
1551439594 0
1551439595 0
1551439596 0
1551439597 0
1551439598 0
1551439599 0
1551439600 0
1551439601 0
1551439602 0
1551439603 0
1551439604 0
1551439605 0
1551439606 0
1551439607 0
1551439608 0
1551439609 0
1551439610 0
1551439611 0
1551439612 0
1551439613 0
1551439614 0
1551439615 0
1551439616 0
1551439617 0
1551439618 0
1551439619 0
1551439620 0
1551439621 0
1551439622 0
1551439623 0
1551439624 0
1551439625 0
1551439626 0
1551439627 0
1551439628 0
1551439629 0
1551439630 0
1551439631 0
1551439632 0
1551439633 0
1551439634 0
1551439635 0
1551439636 0
1551439637 0
1551439638 0
1551439639 0
1551439640 0
1551439641 0
1551439642 0
1551439643 0
1551439644 0
1551439645 0
1551439646 0
1551439647 0
1551439648 0
1551439649 0
1551439650 0
1551439651 0
1551439652 0
1551439653 0
1551439654 0
1551439655 0
1551439656 0
1551439657 0
1551439658 0
1551439659 0
1551439660 0
1551439661 0
1551439662 0
1551439663 0
1551439664 0
1551439665 0
1551439666 0
1551439667 0
1551439668 0
1551439669 0
1551439670 0
1551439671 0
1551439672 0
1551439673 0
1551439674 0
1551439675 0
1551439676 0
1551439677 0
1551439678 0
1551439679 0
1551439680 0
1551439681 0
1551439682 0
1551439683 0
1551439684 0
1551439685 0
1551439686 0
1551439687 0
1551439688 0
1551439689 0
1551439690 0
1551439691 0
1551439692 0
1551439693 0
1551439694 0
1551439695 0
1551439696 0
1551439697 0
1551439698 0
1551439699 0
1551439700 0
1551439701 0
1551439702 0
1551439703 0
1551439704 0
1551439705 0
1551439706 0
1551439707 0
1551439708 0
1551439709 0
1551439710 0
1551439711 0
1551439712 0
1551439713 0
1551439714 0
1551439715 0
1551439716 0
1551439717 0
1551439718 0
1551439719 0
1551439720 0
1551439721 0
1551439722 0
1551439723 0
1551439724 0
1551439725 0
1551439726 0
1551439727 0
1551439728 0
1551439729 0
1551439730 0
1551439731 0
1551439732 0
1551439733 0
1551439734 0
1551439735 0
1551439736 0
1551439737 0
1551439738 0
1551439739 0
1551439740 0
1551439741 0
1551439742 0
1551439743 0
1551439744 0
1551439745 0
1551439746 0
1551439747 0
1551439748 0
1551439749 0
1551439750 0
1551439751 0
1551439752 0
1551439753 0
1551439754 0
1551439755 0
1551439756 0
1551439757 0
1551439758 0
1551439759 0
1551439760 0
1551439761 0
1551439762 0
1551439763 0
1551439764 0
1551439765 0
1551439766 0
1551439767 0
1551439768 0
1551439769 0
1551439770 0
1551439771 0
1551439772 0
1551439773 0
1551439774 0
1551439775 0
1551439776 0
1551439777 0
1551439778 0
1551439779 0
1551439780 0
1551439781 0
1551439782 0
1551439783 0
1551439784 0
1551439785 0
1551439786 0
1551439787 0
1551439788 0
1551439789 0
1551439790 0
1551439791 0
1551439792 0
1551439793 0
1551439794 0
1551439795 0
1551439796 0
1551439797 0
1551439798 0
1551439799 0
1551439800 0
1551439801 0
1551439802 0
1551439803 0
1551439804 0
1551439805 0
1551439806 0
1551439807 0
1551439808 0
1551439809 0
1551439810 0
1551439811 0
1551439812 0
1551439813 0
1551439814 0
1551439815 0
1551439816 0
1551439817 0
1551439818 0
1551439819 0
1551439820 0
1551439821 0
1551439822 0
1551439823 0
1551439824 0
1551439825 0
1551439826 0
1551439827 0
1551439828 0
1551439829 0
1551439830 0
1551439831 0
1551439832 0
1551439833 0
1551439834 0
1551439835 0
1551439836 0
1551439837 0
1551439838 0
1551439839 0
1551439840 0
1551439841 0
1551439842 0
1551439843 0
1551439844 0
1551439845 0
1551439846 0
1551439847 0
1551439848 0
1551439849 0
1551439850 0
1551439851 0
1551439852 0
1551439853 0
1551439854 0
1551439855 0
1551439856 0
1551439857 0
1551439858 0
1551439859 0
1551439860 0
1551439861 0
1551439862 0
1551439863 0
1551439864 0
1551439865 0
1551439866 0
1551439867 0
1551439868 0
1551439869 0
1551439870 0
1551439871 0
1551439872 0
1551439873 0
1551439874 0
1551439875 0
1551439876 0
1551439877 0
1551439878 0
1551439879 0
1551439880 0
1551439881 0
1551439882 0
1551439883 0
1551439884 0
1551439885 0
1551439886 0
1551439887 0
1551439888 0
1551439889 0
1551439890 0
1551439891 0
1551439892 0
1551439893 0
1551439894 0
1551439895 0
1551439896 0
1551439897 0
1551439898 0
1551439899 0
1551439900 0
1551439901 0
1551439902 0
1551439903 0
1551439904 0
1551439905 0
1551439906 0
1551439907 0
1551439908 0
1551439909 0
1551439910 0
1551439911 0
1551439912 0
1551439913 0
1551439914 0
1551439915 0
1551439916 0
1551439917 0
1551439918 0
1551439919 0
1551439920 0
1551439921 0
1551439922 0
1551439923 0
1551439924 0
1551439925 0
1551439926 0
1551439927 0
1551439928 0
1551439929 0
1551439930 0
1551439931 0
1551439932 0
1551439933 0
1551439934 0
1551439935 0
1551439936 0
1551439937 0
1551439938 0
1551439939 0
1551439940 0
1551439941 0
1551439942 0
1551439943 0
1551439944 0
1551439945 0
1551439946 0
1551439947 0
1551439948 0
1551439949 0
1551439950 0
1551439951 0
1551439952 0
1551439953 0
1551439954 0
1551439955 0
1551439956 0
1551439957 0
1551439958 0
1551439959 0
1551439960 0
1551439961 0
1551439962 0
1551439963 0
1551439964 0
1551439965 0
1551439966 0
1551439967 0
1551439968 0
1551439969 0
1551439970 0
1551439971 0
1551439972 0
1551439973 0
1551439974 0
1551439975 0
1551439976 0
1551439977 0
1551439978 0
1551439979 0
1551439980 0
1551439981 0
1551439982 0
1551439983 0
1551439984 0
1551439985 0
1551439986 0
1551439987 0
1551439988 0
1551439989 0
1551439990 0
1551439991 0
1551439992 0
1551439993 0
1551439994 0
1551439995 0
1551439996 0
1551439997 0
1551439998 0
1551439999 0
1551440000 0
1551440001 0
1551440002 0
1551440003 0
1551440004 0
1551440005 0
1551440006 0
1551440007 0
1551440008 0
1551440009 0
1551440010 0
1551440011 0
1551440012 0
1551440013 0
1551440014 0
1551440015 0
1551440016 0
1551440017 0
1551440018 0
1551440019 0
1551440020 0
1551440021 0
1551440022 0
1551440023 0
1551440024 0
1551440025 0
1551440026 0
1551440027 0
1551440028 0
1551440029 0
1551440030 0
1551440031 0
1551440032 0
1551440033 0
1551440034 0
1551440035 0
1551440036 0
1551440037 0
1551440038 0
1551440039 0
1551440040 0
1551440041 0
1551440042 0
1551440043 0
1551440044 0
1551440045 0
1551440046 0
1551440047 0
1551440048 0
1551440049 0
1551440050 0
1551440051 0
1551440052 0
1551440053 0
1551440054 0
1551440055 0
1551440056 0
1551440057 0
1551440058 0
1551440059 0
1551440060 0
1551440061 0
1551440062 0
1551440063 0
1551440064 0
1551440065 0
1551440066 0
1551440067 0
1551440068 0
1551440069 0
1551440070 0
1551440071 0
1551440072 0
1551440073 0
1551440074 0
1551440075 0
1551440076 0
1551440077 0
1551440078 0
1551440079 0
1551440080 0
1551440081 0
1551440082 0
1551440083 0
1551440084 0
1551440085 0
1551440086 0
1551440087 0
1551440088 0
1551440089 0
1551440090 0
1551440091 0
1551440092 0
1551440093 0
1551440094 0
1551440095 0
1551440096 0
1551440097 0
1551440098 0
1551440099 0
1551440100 0
1551440101 0
1551440102 0
1551440103 0
1551440104 0
1551440105 0
1551440106 0
1551440107 0
1551440108 0
1551440109 0
1551440110 0
1551440111 0
1551440112 0
1551440113 0
1551440114 0
1551440115 0
1551440116 0
1551440117 0
1551440118 0
1551440119 0
1551440120 0
1551440121 0
1551440122 0
1551440123 0
1551440124 0
1551440125 0
1551440126 0
1551440127 0
1551440128 0
1551440129 0
1551440130 0
1551440131 0
1551440132 0
1551440133 0
1551440134 0
1551440135 0
1551440136 0
1551440137 0
1551440138 0
1551440139 0
1551440140 0
1551440141 0
1551440142 0
1551440143 0
1551440144 0
1551440145 0
1551440146 0
1551440147 0
1551440148 0
1551440149 0
1551440150 0
1551440151 0
1551440152 0
1551440153 0
1551440154 0
1551440155 0
1551440156 0
1551440157 0
1551440158 0
1551440159 0
1551440160 0
1551440161 0
1551440162 0
1551440163 0
1551440164 0
1551440165 0
1551440166 0
1551440167 0
1551440168 0
1551440169 0
1551440170 0
1551440171 0
1551440172 0
1551440173 0
1551440174 0
1551440175 0
1551440176 0
1551440177 0
1551440178 0
1551440179 0
1551440180 0
1551440181 0
1551440182 0
1551440183 0
1551440184 0
1551440185 0
1551440186 0
1551440187 0
1551440188 0
1551440189 0
1551440190 0
1551440191 0
1551440192 0
1551440193 0
1551440194 0
1551440195 0
1551440196 0
1551440197 0
1551440198 0
1551440199 0
1551440200 0
1551440201 0
1551440202 0
1551440203 0
1551440204 0
1551440205 0
1551440206 0
1551440207 0
1551440208 0
1551440209 0
1551440210 0
1551440211 0
1551440212 0
1551440213 0
1551440214 0
1551440215 0
1551440216 0
1551440217 0
1551440218 0
1551440219 0
1551440220 0
1551440221 0
1551440222 0
1551440223 0
1551440224 0
1551440225 0
1551440226 0
1551440227 0
1551440228 0
1551440229 0
1551440230 0
1551440231 0
1551440232 0
1551440233 0
1551440234 0
1551440235 0
1551440236 0
1551440237 0
1551440238 0
1551440239 0
1551440240 0
1551440241 0
1551440242 0
1551440243 0
1551440244 0
1551440245 0
1551440246 0
1551440247 0
1551440248 0
1551440249 0
1551440250 0
1551440251 0
1551440252 0
1551440253 0
1551440254 0
1551440255 0
1551440256 0
1551440257 0
1551440258 0
1551440259 0
1551440260 0
1551440261 0
1551440262 0
1551440263 0
1551440264 0
1551440265 0
1551440266 0
1551440267 0
1551440268 0
1551440269 0
1551440270 0
1551440271 0
1551440272 0
1551440273 0
1551440274 0
1551440275 0
1551440276 0
1551440277 0
1551440278 0
1551440279 0
1551440280 0
1551440281 0
1551440282 0
1551440283 0
1551440284 0
1551440285 0
1551440286 0
1551440287 0
1551440288 0
1551440289 0
1551440290 0
1551440291 0
1551440292 0
1551440293 0
1551440294 0
1551440295 0
1551440296 0
1551440297 0
1551440298 0
1551440299 0
1551440300 0
1551440301 0
1551440302 0
1551440303 0
1551440304 0
1551440305 0
1551440306 0
1551440307 0
1551440308 0
1551440309 0
1551440310 0
1551440311 0
1551440312 0
1551440313 0
1551440314 0
1551440315 0
1551440316 0
1551440317 0
1551440318 0
1551440319 0
1551440320 0
1551440321 0
1551440322 0
1551440323 0
1551440324 0
1551440325 0
1551440326 0
1551440327 0
1551440328 0
1551440329 0
1551440330 0
1551440331 0
1551440332 0
1551440333 0
1551440334 0
1551440335 0
1551440336 0
1551440337 0
1551440338 0
1551440339 0
1551440340 0
1551440341 0
1551440342 0
1551440343 0
1551440344 0
1551440345 0
1551440346 0
1551440347 0
1551440348 0
1551440349 0
1551440350 0
1551440351 0
1551440352 0
1551440353 0
1551440354 0
1551440355 0
1551440356 0
1551440357 0
1551440358 0
1551440359 0
1551440360 0
1551440361 0
1551440362 0
1551440363 0
1551440364 0
1551440365 0
1551440366 0
1551440367 0
1551440368 0
1551440369 0
1551440370 0
1551440371 0
1551440372 0
1551440373 0
1551440374 0
1551440375 0
1551440376 0
1551440377 0
1551440378 0
1551440379 0
1551440380 0
1551440381 0
1551440382 0
1551440383 0
1551440384 0
1551440385 0
1551440386 0
1551440387 0
1551440388 0
1551440389 0
1551440390 0
1551440391 0
1551440392 0
1551440393 0
1551440394 0
1551440395 0
1551440396 0
1551440397 0
1551440398 0
1551440399 0
1551440400 0
1551440401 0
1551440402 0
1551440403 0
1551440404 0
1551440405 0
1551440406 0
1551440407 0
1551440408 0
1551440409 0
1551440410 0
1551440411 0
1551440412 0
1551440413 0
1551440414 0
1551440415 0
1551440416 0
1551440417 0
1551440418 0
1551440419 0
1551440420 0
1551440421 0
1551440422 0
1551440423 0
1551440424 0
1551440425 0
1551440426 0
1551440427 0
1551440428 0
1551440429 0
1551440430 0
1551440431 0
1551440432 0
1551440433 0
1551440434 0
1551440435 0
1551440436 0
1551440437 0
1551440438 0
1551440439 0
1551440440 0
1551440441 0
1551440442 0
1551440443 0
1551440444 0
1551440445 0
1551440446 0
1551440447 0
1551440448 0
1551440449 0
1551440450 0
1551440451 0
1551440452 0
1551440453 0
1551440454 0
1551440455 0
1551440456 0
1551440457 0
1551440458 0
1551440459 0
1551440460 0
1551440461 0
1551440462 0
1551440463 0
1551440464 0
1551440465 0
1551440466 0
1551440467 0
1551440468 0
1551440469 0
1551440470 0
1551440471 0
1551440472 0
1551440473 0
1551440474 0
1551440475 0
1551440476 0
1551440477 0
1551440478 0
1551440479 0
1551440480 0
1551440481 0
1551440482 0
1551440483 0
1551440484 0
1551440485 0
1551440486 0
1551440487 0
1551440488 0
1551440489 0
1551440490 0
1551440491 0
1551440492 0
1551440493 0
1551440494 0
1551440495 0
1551440496 0
1551440497 0
1551440498 0
1551440499 0
1551440500 0
1551440501 0
1551440502 0
1551440503 0
1551440504 0
1551440505 0
1551440506 0
1551440507 0
1551440508 0
1551440509 0
1551440510 0
1551440511 0
1551440512 0
1551440513 0
1551440514 0
1551440515 0
1551440516 0
1551440517 0
1551440518 0
1551440519 0
1551440520 0
1551440521 0
1551440522 0
1551440523 0
1551440524 0
1551440525 0
1551440526 0
1551440527 0
1551440528 0
1551440529 0
1551440530 0
1551440531 0
1551440532 0
1551440533 0
1551440534 0
1551440535 0
1551440536 0
1551440537 0
1551440538 0
1551440539 0
1551440540 0
1551440541 0
1551440542 0
1551440543 0
1551440544 0
1551440545 0
1551440546 0
1551440547 0
1551440548 0
1551440549 0
1551440550 0
1551440551 0
1551440552 0
1551440553 0
1551440554 0
1551440555 0
1551440556 0
1551440557 0
1551440558 0
1551440559 0
1551440560 0
1551440561 0
1551440562 0
1551440563 0
1551440564 0
1551440565 0
1551440566 0
1551440567 0
1551440568 0
1551440569 0
1551440570 0
1551440571 0
1551440572 0
1551440573 0
1551440574 0
1551440575 0
1551440576 0
1551440577 0
1551440578 0
1551440579 0
1551440580 0
1551440581 0
1551440582 0
1551440583 0
1551440584 0
1551440585 0
1551440586 0
1551440587 0
1551440588 0
1551440589 0
1551440590 0
1551440591 0
1551440592 0
1551440593 0
1551440594 0
1551440595 0
1551440596 0
1551440597 0
1551440598 0
1551440599 0
1551440600 0
1551440601 0
1551440602 0
1551440603 0
1551440604 0
1551440605 0
1551440606 0
1551440607 0
1551440608 0
1551440609 0
1551440610 0
1551440611 0
1551440612 0
1551440613 0
1551440614 0
1551440615 0
1551440616 0
1551440617 0
1551440618 0
1551440619 0
1551440620 0
1551440621 0
1551440622 0
1551440623 0
1551440624 0
1551440625 0
1551440626 0
1551440627 0
1551440628 0
1551440629 0
1551440630 0
1551440631 0
1551440632 0
1551440633 0
1551440634 0
1551440635 0
1551440636 0
1551440637 0
1551440638 0
1551440639 0
1551440640 0
1551440641 0
1551440642 0
1551440643 0
1551440644 0
1551440645 0
1551440646 0
1551440647 0
1551440648 0
1551440649 0
1551440650 0
1551440651 0
1551440652 0
1551440653 0
1551440654 0
1551440655 0
1551440656 0
1551440657 0
1551440658 0
1551440659 0
1551440660 0
1551440661 0
1551440662 0
1551440663 0
1551440664 0
1551440665 0
1551440666 0
1551440667 0
1551440668 0
1551440669 0
1551440670 0
1551440671 0
1551440672 0
1551440673 0
1551440674 0
1551440675 0
1551440676 0
1551440677 0
1551440678 0
1551440679 0
1551440680 0
1551440681 0
1551440682 0
1551440683 0
1551440684 0
1551440685 0
1551440686 0
1551440687 0
1551440688 0
1551440689 0
1551440690 0
1551440691 0
1551440692 0
1551440693 0
1551440694 0
1551440695 0
1551440696 0
1551440697 0
1551440698 0
1551440699 0
1551440700 0
1551440701 0
1551440702 0
1551440703 0
1551440704 0
1551440705 0
1551440706 0
1551440707 0
1551440708 0
1551440709 0
1551440710 0
1551440711 0
1551440712 0
1551440713 0
1551440714 0
1551440715 0
1551440716 0
1551440717 0
1551440718 0
1551440719 0
1551440720 0
1551440721 0
1551440722 0
1551440723 0
1551440724 0
1551440725 0
1551440726 0
1551440727 0
1551440728 0
1551440729 0
1551440730 0
1551440731 0
1551440732 0
1551440733 0
1551440734 0
1551440735 0
1551440736 0
1551440737 0
1551440738 0
1551440739 0
1551440740 0
1551440741 0
1551440742 0
1551440743 0
1551440744 0
1551440745 0
1551440746 0
1551440747 0
1551440748 0
1551440749 0
1551440750 0
1551440751 0
1551440752 0
1551440753 0
1551440754 0
1551440755 0
1551440756 0
1551440757 0
1551440758 0
1551440759 0
1551440760 0
1551440761 0
1551440762 0
1551440763 0
1551440764 0
1551440765 0
1551440766 0
1551440767 0
1551440768 0
1551440769 0
1551440770 0
1551440771 0
1551440772 0
1551440773 0
1551440774 0
1551440775 0
1551440776 0
1551440777 0
1551440778 0
1551440779 0
1551440780 0
1551440781 0
1551440782 0
1551440783 0
1551440784 0
1551440785 0
1551440786 0
1551440787 0
1551440788 0
1551440789 0
1551440790 0
1551440791 0
1551440792 0
1551440793 0
1551440794 0
1551440795 0
1551440796 0
1551440797 0
1551440798 0
1551440799 0
1551440800 0
1551440801 0
1551440802 0
1551440803 0
1551440804 0
1551440805 0
1551440806 0
1551440807 0
1551440808 0
1551440809 0
1551440810 0
1551440811 0
1551440812 0
1551440813 0
1551440814 0
1551440815 0
1551440816 0
1551440817 0
1551440818 0
1551440819 0
1551440820 0
1551440821 0
1551440822 0
1551440823 0
1551440824 0
1551440825 0
1551440826 0
1551440827 0
1551440828 0
1551440829 0
1551440830 0
1551440831 0
1551440832 0
1551440833 0
1551440834 0
1551440835 0
1551440836 0
1551440837 0
1551440838 0
1551440839 0
1551440840 0
1551440841 0
1551440842 0
1551440843 0
1551440844 0
1551440845 0
1551440846 0
1551440847 0
1551440848 0
1551440849 0
1551440850 0
1551440851 0
1551440852 0
1551440853 0
1551440854 0
1551440855 0
1551440856 0
1551440857 0
1551440858 0
1551440859 0
1551440860 0
1551440861 0
1551440862 0
1551440863 0
1551440864 0
1551440865 0
1551440866 0
1551440867 0
1551440868 0
1551440869 0
1551440870 0
1551440871 0
1551440872 0
1551440873 0
1551440874 0
1551440875 0
1551440876 0
1551440877 0
1551440878 0
1551440879 0
1551440880 0
1551440881 0
1551440882 0
1551440883 0
1551440884 0
1551440885 0
1551440886 0
1551440887 0
1551440888 0
1551440889 0
1551440890 0
1551440891 0
1551440892 0
1551440893 0
1551440894 0
1551440895 0
1551440896 0
1551440897 0
1551440898 0
1551440899 0
1551440900 0
1551440901 0
1551440902 0
1551440903 0
1551440904 0
1551440905 0
1551440906 0
1551440907 0
1551440908 0
1551440909 0
1551440910 0
1551440911 0
1551440912 0
1551440913 0
1551440914 0
1551440915 0
1551440916 0
1551440917 0
1551440918 0
1551440919 0
1551440920 0
1551440921 0
1551440922 0
1551440923 0
1551440924 0
1551440925 0
1551440926 0
1551440927 0
1551440928 0
1551440929 0
1551440930 0
1551440931 0
1551440932 0
1551440933 0
1551440934 0
1551440935 0
1551440936 0
1551440937 0
1551440938 0
1551440939 0
1551440940 0
1551440941 0
1551440942 0
1551440943 0
1551440944 0
1551440945 0
1551440946 0
1551440947 0
1551440948 0
1551440949 0
1551440950 0
1551440951 0
1551440952 0
1551440953 0
1551440954 0
1551440955 0
1551440956 0
1551440957 0
1551440958 0
1551440959 0
1551440960 0
1551440961 0
1551440962 0
1551440963 0
1551440964 0
1551440965 0
1551440966 0
1551440967 0
1551440968 0
1551440969 0
1551440970 0
1551440971 0
1551440972 0
1551440973 0
1551440974 0
1551440975 0
1551440976 0
1551440977 0
1551440978 0
1551440979 0
1551440980 0
1551440981 0
1551440982 0
1551440983 0
1551440984 0
1551440985 0
1551440986 0
1551440987 0
1551440988 0
1551440989 0
1551440990 0
1551440991 0
1551440992 0
1551440993 0
1551440994 0
1551440995 0
1551440996 0
1551440997 0
1551440998 0
1551440999 0
1551441000 0
1551441001 0
1551441002 0
1551441003 0
1551441004 0
1551441005 0
1551441006 0
1551441007 0
1551441008 0
1551441009 0
1551441010 0
1551441011 0
1551441012 0
1551441013 0
1551441014 0
1551441015 0
1551441016 0
1551441017 0
1551441018 0
1551441019 0
1551441020 0
1551441021 0
1551441022 0
1551441023 0
1551441024 0
1551441025 0
1551441026 0
1551441027 0
1551441028 0
1551441029 0
1551441030 0
1551441031 0
1551441032 0
1551441033 0
1551441034 0
1551441035 0
1551441036 0
1551441037 0
1551441038 0
1551441039 0
1551441040 0
1551441041 0
1551441042 0
1551441043 0
1551441044 0
1551441045 0
1551441046 0
1551441047 0
1551441048 0
1551441049 0
1551441050 0
1551441051 0
1551441052 0
1551441053 0
1551441054 0
1551441055 0
1551441056 0
1551441057 0
1551441058 0
1551441059 0
1551441060 0
1551441061 0
1551441062 0
1551441063 0
1551441064 0
1551441065 0
1551441066 0
1551441067 0
1551441068 0
1551441069 0
1551441070 0
1551441071 0
1551441072 0
1551441073 0
1551441074 0
1551441075 0
1551441076 0
1551441077 0
1551441078 0
1551441079 0
1551441080 0
1551441081 0
1551441082 0
1551441083 0
1551441084 0
1551441085 0
1551441086 0
1551441087 0
1551441088 0
1551441089 0
1551441090 0
1551441091 0
1551441092 0
1551441093 0
1551441094 0
1551441095 0
1551441096 0
1551441097 0
1551441098 0
1551441099 0
1551441100 0
1551441101 0
1551441102 0
1551441103 0
1551441104 0
1551441105 0
1551441106 0
1551441107 0
1551441108 0
1551441109 0
1551441110 0
1551441111 0
1551441112 0
1551441113 0
1551441114 0
1551441115 0
1551441116 0
1551441117 0
1551441118 0
1551441119 0
1551441120 0
1551441121 0
1551441122 0
1551441123 0
1551441124 0
1551441125 0
1551441126 0
1551441127 0
1551441128 0
1551441129 0
1551441130 0
1551441131 0
1551441132 0
1551441133 0
1551441134 0
1551441135 0
1551441136 0
1551441137 0
1551441138 0
1551441139 0
1551441140 0
1551441141 0
1551441142 0
1551441143 0
1551441144 0
1551441145 0
1551441146 0
1551441147 0
1551441148 0
1551441149 0
1551441150 0
1551441151 0
1551441152 0
1551441153 0
1551441154 0
1551441155 0
1551441156 0
1551441157 0
1551441158 0
1551441159 0
1551441160 0
1551441161 0
1551441162 0
1551441163 0
1551441164 0
1551441165 0
1551441166 0
1551441167 0
1551441168 0
1551441169 0
1551441170 0
1551441171 0
1551441172 0
1551441173 0
1551441174 0
1551441175 0
1551441176 0
1551441177 0
1551441178 0
1551441179 0
1551441180 0
1551441181 0
1551441182 0
1551441183 0
1551441184 0
1551441185 0
1551441186 0
1551441187 0
1551441188 0
1551441189 0
1551441190 0
1551441191 0
1551441192 0
1551441193 0
1551441194 0
1551441195 0
1551441196 0
1551441197 0
1551441198 0
1551441199 0
1551441200 0
1551441201 0
1551441202 0
1551441203 0
1551441204 0
1551441205 0
1551441206 0
1551441207 0
1551441208 0
1551441209 0
1551441210 0
1551441211 0
1551441212 0
1551441213 0
1551441214 0
1551441215 0
1551441216 0
1551441217 0
1551441218 0
1551441219 0
1551441220 0
1551441221 0
1551441222 0
1551441223 0
1551441224 0
1551441225 0
1551441226 0
1551441227 0
1551441228 0
1551441229 0
1551441230 0
1551441231 0
1551441232 0
1551441233 0
1551441234 0
1551441235 0
1551441236 0
1551441237 0
1551441238 0
1551441239 0
1551441240 0
1551441241 0
1551441242 0
1551441243 0
1551441244 0
1551441245 0
1551441246 0
1551441247 0
1551441248 0
1551441249 0
1551441250 0
1551441251 0
1551441252 0
1551441253 0
1551441254 0
1551441255 0
1551441256 0
1551441257 0
1551441258 0
1551441259 0
1551441260 0
1551441261 0
1551441262 0
1551441263 0
1551441264 0
1551441265 0
1551441266 0
1551441267 0
1551441268 0
1551441269 0
1551441270 0
1551441271 0
1551441272 0
1551441273 0
1551441274 0
1551441275 0
1551441276 0
1551441277 0
1551441278 0
1551441279 0
1551441280 0
1551441281 0
1551441282 0
1551441283 0
1551441284 0
1551441285 0
1551441286 0
1551441287 0
1551441288 0
1551441289 0
1551441290 0
1551441291 0
1551441292 0
1551441293 0
1551441294 0
1551441295 0
1551441296 0
1551441297 0
1551441298 0
1551441299 0
1551441300 0
1551441301 0
1551441302 0
1551441303 0
1551441304 0
1551441305 0
1551441306 0
1551441307 0
1551441308 0
1551441309 0
1551441310 0
1551441311 0
1551441312 0
1551441313 0
1551441314 0
1551441315 0
1551441316 0
1551441317 0
1551441318 0
1551441319 0
1551441320 0
1551441321 0
1551441322 0
1551441323 0
1551441324 0
1551441325 0
1551441326 0
1551441327 0
1551441328 0
1551441329 0
1551441330 0
1551441331 0
1551441332 0
1551441333 0
1551441334 0
1551441335 0
1551441336 0
1551441337 0
1551441338 0
1551441339 0
1551441340 0
1551441341 0
1551441342 0
1551441343 0
1551441344 0
1551441345 0
1551441346 0
1551441347 0
1551441348 0
1551441349 0
1551441350 0
1551441351 0
1551441352 0
1551441353 0
1551441354 0
1551441355 0
1551441356 0
1551441357 0
1551441358 0
1551441359 0
1551441360 0
1551441361 0
1551441362 0
1551441363 0
1551441364 0
1551441365 0
1551441366 0
1551441367 0
1551441368 0
1551441369 0
1551441370 0
1551441371 0
1551441372 0
1551441373 0
1551441374 0
1551441375 0
1551441376 0
1551441377 0
1551441378 0
1551441379 0
1551441380 0
1551441381 0
1551441382 0
1551441383 0
1551441384 0
1551441385 0
1551441386 0
1551441387 0
1551441388 0
1551441389 0
1551441390 0
1551441391 0
1551441392 0
1551441393 0
1551441394 0
1551441395 0
1551441396 0
1551441397 0
1551441398 0
1551441399 0
1551441400 0
1551441401 0
1551441402 0
1551441403 0
1551441404 0
1551441405 0
1551441406 0
1551441407 0
1551441408 0
1551441409 0
1551441410 0
1551441411 0
1551441412 0
1551441413 0
1551441414 0
1551441415 0
1551441416 0
1551441417 0
1551441418 0
1551441419 0
1551441420 0
1551441421 0
1551441422 0
1551441423 0
1551441424 0
1551441425 0
1551441426 0
1551441427 0
1551441428 0
1551441429 0
1551441430 0
1551441431 0
1551441432 0
1551441433 0
1551441434 0
1551441435 0
1551441436 0
1551441437 0
1551441438 0
1551441439 0
1551441440 0
1551441441 0
1551441442 0
1551441443 0
1551441444 0
1551441445 0
1551441446 0
1551441447 0
1551441448 0
1551441449 0
1551441450 0
1551441451 0
1551441452 0
1551441453 0
1551441454 0
1551441455 0
1551441456 0
1551441457 0
1551441458 0
1551441459 0
1551441460 0
1551441461 0
1551441462 0
1551441463 0
1551441464 0
1551441465 0
1551441466 0
1551441467 0
1551441468 0
1551441469 0
1551441470 0
1551441471 0
1551441472 0
1551441473 0
1551441474 0
1551441475 0
1551441476 0
1551441477 0
1551441478 0
1551441479 0
1551441480 0
1551441481 0
1551441482 0
1551441483 0
1551441484 0
1551441485 0
1551441486 0
1551441487 0
1551441488 0
1551441489 0
1551441490 0
1551441491 0
1551441492 0
1551441493 0
1551441494 0
1551441495 0
1551441496 0
1551441497 0
1551441498 0
1551441499 0
1551441500 0
1551441501 0
1551441502 0
1551441503 0
1551441504 0
1551441505 0
1551441506 0
1551441507 0
1551441508 0
1551441509 0
1551441510 0
1551441511 0
1551441512 0
1551441513 0
1551441514 0
1551441515 0
1551441516 0
1551441517 0
1551441518 0
1551441519 0
1551441520 0
1551441521 0
1551441522 0
1551441523 0
1551441524 0
1551441525 0
1551441526 0
1551441527 0
1551441528 0
1551441529 0
1551441530 0
1551441531 0
1551441532 0
1551441533 0
1551441534 0
1551441535 0
1551441536 0
1551441537 0
1551441538 0
1551441539 0
1551441540 0
1551441541 0
1551441542 0
1551441543 0
1551441544 0
1551441545 0
1551441546 0
1551441547 0
1551441548 0
1551441549 0
1551441550 0
1551441551 0
1551441552 0
1551441553 0
1551441554 0
1551441555 0
1551441556 0
1551441557 0
1551441558 0
1551441559 0
1551441560 0
1551441561 0
1551441562 0
1551441563 0
1551441564 0
1551441565 0
1551441566 0
1551441567 0
1551441568 0
1551441569 0
1551441570 0
1551441571 0
1551441572 0
1551441573 0
1551441574 0
1551441575 0
1551441576 0
1551441577 0
1551441578 0
1551441579 0
1551441580 0
1551441581 0
1551441582 0
1551441583 0
1551441584 0
1551441585 0
1551441586 0
1551441587 0
1551441588 0
1551441589 0
1551441590 0
1551441591 0
1551441592 0
1551441593 0
1551441594 0
1551441595 0
1551441596 0
1551441597 0
1551441598 0
1551441599 0
1551441600 0
1551441601 0
1551441602 0
1551441603 0
1551441604 0
1551441605 0
1551441606 0
1551441607 0
1551441608 0
1551441609 0
1551441610 0
1551441611 0
1551441612 0
1551441613 0
1551441614 0
1551441615 0
1551441616 0
1551441617 0
1551441618 0
1551441619 0
1551441620 0
1551441621 0
1551441622 0
1551441623 0
1551441624 0
1551441625 0
1551441626 0
1551441627 0
1551441628 0
1551441629 0
1551441630 0
1551441631 0
1551441632 0
1551441633 0
1551441634 0
1551441635 0
1551441636 0
1551441637 0
1551441638 0
1551441639 0
1551441640 0
1551441641 0
1551441642 0
1551441643 0
1551441644 0
1551441645 0
1551441646 0
1551441647 0
1551441648 0
1551441649 0
1551441650 0
1551441651 0
1551441652 0
1551441653 0
1551441654 0
1551441655 0
1551441656 0
1551441657 0
1551441658 0
1551441659 0
1551441660 0
1551441661 0
1551441662 0
1551441663 0
1551441664 0
1551441665 0
1551441666 0
1551441667 0
1551441668 0
1551441669 0
1551441670 0
1551441671 0
1551441672 0
1551441673 0
1551441674 0
1551441675 0
1551441676 0
1551441677 0
1551441678 0
1551441679 0
1551441680 0
1551441681 0
1551441682 0
1551441683 0
1551441684 0
1551441685 0
1551441686 0
1551441687 0
1551441688 0
1551441689 0
1551441690 0
1551441691 0
1551441692 0
1551441693 0
1551441694 0
1551441695 0
1551441696 0
1551441697 0
1551441698 0
1551441699 0
1551441700 0
1551441701 0
1551441702 0
1551441703 0
1551441704 0
1551441705 0
1551441706 0
1551441707 0
1551441708 0
1551441709 0
1551441710 0
1551441711 0
1551441712 0
1551441713 0
1551441714 0
1551441715 0
1551441716 0
1551441717 0
1551441718 0
1551441719 0
1551441720 0
1551441721 0
1551441722 0
1551441723 0
1551441724 0
1551441725 0
1551441726 0
1551441727 0
1551441728 0
1551441729 0
1551441730 0
1551441731 0
1551441732 0
1551441733 0
1551441734 0
1551441735 0
1551441736 0
1551441737 0
1551441738 0
1551441739 0
1551441740 0
1551441741 0
1551441742 0
1551441743 0
1551441744 0
1551441745 0
1551441746 0
1551441747 0
1551441748 0
1551441749 0
1551441750 0
1551441751 0
1551441752 0
1551441753 0
1551441754 0
1551441755 0
1551441756 0
1551441757 0
1551441758 0
1551441759 0
1551441760 0
1551441761 0
1551441762 0
1551441763 0
1551441764 0
1551441765 0
1551441766 0
1551441767 0
1551441768 0
1551441769 0
1551441770 0
1551441771 0
1551441772 0
1551441773 0
1551441774 0
1551441775 0
1551441776 0
1551441777 0
1551441778 0
1551441779 0
1551441780 0
1551441781 0
1551441782 0
1551441783 0
1551441784 0
1551441785 0
1551441786 0
1551441787 0
1551441788 0
1551441789 0
1551441790 0
1551441791 0
1551441792 0
1551441793 0
1551441794 0
1551441795 0
1551441796 0
1551441797 0
1551441798 0
1551441799 0
1551441800 0
1551441801 0
1551441802 0
1551441803 0
1551441804 0
1551441805 0
1551441806 0
1551441807 0
1551441808 0
1551441809 0
1551441810 0
1551441811 0
1551441812 0
1551441813 0
1551441814 0
1551441815 0
1551441816 0
1551441817 0
1551441818 0
1551441819 0
1551441820 0
1551441821 0
1551441822 0
1551441823 0
1551441824 0
1551441825 0
1551441826 0
1551441827 0
1551441828 0
1551441829 0
1551441830 0
1551441831 0
1551441832 0
1551441833 0
1551441834 0
1551441835 0
1551441836 0
1551441837 0
1551441838 0
1551441839 0
1551441840 0
1551441841 0
1551441842 0
1551441843 0
1551441844 0
1551441845 0
1551441846 0
1551441847 0
1551441848 0
1551441849 0
1551441850 0
1551441851 0
1551441852 0
1551441853 0
1551441854 0
1551441855 0
1551441856 0
1551441857 0
1551441858 0
1551441859 0
1551441860 0
1551441861 0
1551441862 0
1551441863 0
1551441864 0
1551441865 0
1551441866 0
1551441867 0
1551441868 0
1551441869 0
1551441870 0
1551441871 0
1551441872 0
1551441873 0
1551441874 0
1551441875 0
1551441876 0
1551441877 0
1551441878 0
1551441879 0
1551441880 0
1551441881 0
1551441882 0
1551441883 0
1551441884 0
1551441885 0
1551441886 0
1551441887 0
1551441888 0
1551441889 0
1551441890 0
1551441891 0
1551441892 0
1551441893 0
1551441894 0
1551441895 0
1551441896 0
1551441897 0
1551441898 0
1551441899 0
1551441900 0
1551441901 0
1551441902 0
1551441903 0
1551441904 0
1551441905 0
1551441906 0
1551441907 0
1551441908 0
1551441909 0
1551441910 0
1551441911 0
1551441912 0
1551441913 0
1551441914 0
1551441915 0
1551441916 0
1551441917 0
1551441918 0
1551441919 0
1551441920 0
1551441921 0
1551441922 0
1551441923 0
1551441924 0
1551441925 0
1551441926 0
1551441927 0
1551441928 0
1551441929 0
1551441930 0
1551441931 0
1551441932 0
1551441933 0
1551441934 0
1551441935 0
1551441936 0
1551441937 0
1551441938 0
1551441939 0
1551441940 0
1551441941 0
1551441942 0
1551441943 0
1551441944 0
1551441945 0
1551441946 0
1551441947 0
1551441948 0
1551441949 0
1551441950 0
1551441951 0
1551441952 0
1551441953 0
1551441954 0
1551441955 0
1551441956 0
1551441957 0
1551441958 0
1551441959 0
1551441960 0
1551441961 0
1551441962 0
1551441963 0
1551441964 0
1551441965 0
1551441966 0
1551441967 0
1551441968 0
1551441969 0
1551441970 0
1551441971 0
1551441972 0
1551441973 0
1551441974 0
1551441975 0
1551441976 0
1551441977 0
1551441978 0
1551441979 0
1551441980 0
1551441981 0
1551441982 0
1551441983 0
1551441984 0
1551441985 0
1551441986 0
1551441987 0
1551441988 0
1551441989 0
1551441990 0
1551441991 0
1551441992 0
1551441993 0
1551441994 0
1551441995 0
1551441996 0
1551441997 0
1551441998 0
1551441999 0
1551442000 0
1551442001 0
1551442002 0
1551442003 0
1551442004 0
1551442005 0
1551442006 0
1551442007 0
1551442008 0
1551442009 0
1551442010 0
1551442011 0
1551442012 0
1551442013 0
1551442014 0
1551442015 0
1551442016 0
1551442017 0
1551442018 0
1551442019 0
1551442020 0
1551442021 0
1551442022 0
1551442023 0
1551442024 0
1551442025 0
1551442026 0
1551442027 0
1551442028 0
1551442029 0
1551442030 0
1551442031 0
1551442032 0
1551442033 0
1551442034 0
1551442035 0
1551442036 0
1551442037 0
1551442038 0
1551442039 0
1551442040 0
1551442041 0
1551442042 0
1551442043 0
1551442044 0
1551442045 0
1551442046 0
1551442047 0
1551442048 0
1551442049 0
1551442050 0
1551442051 0
1551442052 0
1551442053 0
1551442054 0
1551442055 0
1551442056 0
1551442057 0
1551442058 0
1551442059 0
1551442060 0
1551442061 0
1551442062 0
1551442063 0
1551442064 0
1551442065 0
1551442066 0
1551442067 0
1551442068 0
1551442069 0
1551442070 0
1551442071 0
1551442072 0
1551442073 0
1551442074 0
1551442075 0
1551442076 0
1551442077 0
1551442078 0
1551442079 0
1551442080 0
1551442081 0
1551442082 0
1551442083 0
1551442084 0
1551442085 0
1551442086 0
1551442087 0
1551442088 0
1551442089 0
1551442090 0
1551442091 0
1551442092 0
1551442093 0
1551442094 0
1551442095 0
1551442096 0
1551442097 0
1551442098 0
1551442099 0
1551442100 0
1551442101 0
1551442102 0
1551442103 0
1551442104 0
1551442105 0
1551442106 0
1551442107 0
1551442108 0
1551442109 0
1551442110 0
1551442111 0
1551442112 0
1551442113 0
1551442114 0
1551442115 0
1551442116 0
1551442117 0
1551442118 0
1551442119 0
1551442120 0
1551442121 0
1551442122 0
1551442123 0
1551442124 0
1551442125 0
1551442126 0
1551442127 0
1551442128 0
1551442129 0
1551442130 0
1551442131 0
1551442132 0
1551442133 0
1551442134 0
1551442135 0
1551442136 0
1551442137 0
1551442138 0
1551442139 0
1551442140 0
1551442141 0
1551442142 0
1551442143 0
1551442144 0
1551442145 0
1551442146 0
1551442147 0
1551442148 0
1551442149 0
1551442150 0
1551442151 0
1551442152 0
1551442153 0
1551442154 0
1551442155 0
1551442156 0
1551442157 0
1551442158 0
1551442159 0
1551442160 0
1551442161 0
1551442162 0
1551442163 0
1551442164 0
1551442165 0
1551442166 0
1551442167 0
1551442168 0
1551442169 0
1551442170 0
1551442171 0
1551442172 0
1551442173 0
1551442174 0
1551442175 0
1551442176 0
1551442177 0
1551442178 0
1551442179 0
1551442180 0
1551442181 0
1551442182 0
1551442183 0
1551442184 0
1551442185 0
1551442186 0
1551442187 0
1551442188 0
1551442189 0
1551442190 0
1551442191 0
1551442192 0
1551442193 0
1551442194 0
1551442195 0
1551442196 0
1551442197 0
1551442198 0
1551442199 0
1551442200 0
1551442201 0
1551442202 0
1551442203 0
1551442204 0
1551442205 0
1551442206 0
1551442207 0
1551442208 0
1551442209 0
1551442210 0
1551442211 0
1551442212 0
1551442213 0
1551442214 0
1551442215 0
1551442216 0
1551442217 0
1551442218 0
1551442219 0
1551442220 0
1551442221 0
1551442222 0
1551442223 0
1551442224 0
1551442225 0
1551442226 0
1551442227 0
1551442228 0
1551442229 0
1551442230 0
1551442231 0
1551442232 0
1551442233 0
1551442234 0
1551442235 0
1551442236 0
1551442237 0
1551442238 0
1551442239 0
1551442240 0
1551442241 0
1551442242 0
1551442243 0
1551442244 0
1551442245 0
1551442246 0
1551442247 0
1551442248 0
1551442249 0
1551442250 0
1551442251 0
1551442252 0
1551442253 0
1551442254 0
1551442255 0
1551442256 0
1551442257 0
1551442258 0
1551442259 0
1551442260 0
1551442261 0
1551442262 0
1551442263 0
1551442264 0
1551442265 0
1551442266 0
1551442267 0
1551442268 0
1551442269 0
1551442270 0
1551442271 0
1551442272 0
1551442273 0
1551442274 0
1551442275 0
1551442276 0
1551442277 0
1551442278 0
1551442279 0
1551442280 0
1551442281 0
1551442282 0
1551442283 0
1551442284 0
1551442285 0
1551442286 0
1551442287 0
1551442288 0
1551442289 0
1551442290 0
1551442291 0
1551442292 0
1551442293 0
1551442294 0
1551442295 0
1551442296 0
1551442297 0
1551442298 0
1551442299 0
1551442300 0
1551442301 0
1551442302 0
1551442303 0
1551442304 0
1551442305 0
1551442306 0
1551442307 0
1551442308 0
1551442309 0
1551442310 0
1551442311 0
1551442312 0
1551442313 0
1551442314 0
1551442315 0
1551442316 0
1551442317 0
1551442318 0
1551442319 0
1551442320 0
1551442321 0
1551442322 0
1551442323 0
1551442324 0
1551442325 0
1551442326 0
1551442327 0
1551442328 0
1551442329 0
1551442330 0
1551442331 0
1551442332 0
1551442333 0
1551442334 0
1551442335 0
1551442336 0
1551442337 0
1551442338 0
1551442339 0
1551442340 0
1551442341 0
1551442342 0
1551442343 0
1551442344 0
1551442345 0
1551442346 0
1551442347 0
1551442348 0
1551442349 0
1551442350 0
1551442351 0
1551442352 0
1551442353 0
1551442354 0
1551442355 0
1551442356 0
1551442357 0
1551442358 0
1551442359 0
1551442360 0
1551442361 0
1551442362 0
1551442363 0
1551442364 0
1551442365 0
1551442366 0
1551442367 0
1551442368 0
1551442369 0
1551442370 0
1551442371 0
1551442372 0
1551442373 0
1551442374 0
1551442375 0
1551442376 0
1551442377 0
1551442378 0
1551442379 0
1551442380 0
1551442381 0
1551442382 0
1551442383 0
1551442384 0
1551442385 0
1551442386 0
1551442387 0
1551442388 0
1551442389 0
1551442390 0
1551442391 0
1551442392 0
1551442393 0
1551442394 0
1551442395 0
1551442396 0
1551442397 0
1551442398 0
1551442399 0
1551442400 0
1551442401 0
1551442402 0
1551442403 0
1551442404 0
1551442405 0
1551442406 0
1551442407 0
1551442408 0
1551442409 0
1551442410 0
1551442411 0
1551442412 0
1551442413 0
1551442414 0
1551442415 0
1551442416 0
1551442417 0
1551442418 0
1551442419 0
1551442420 0
1551442421 0
1551442422 0
1551442423 0
1551442424 0
1551442425 0
1551442426 0
1551442427 0
1551442428 0
1551442429 0
1551442430 0
1551442431 0
1551442432 0
1551442433 0
1551442434 0
1551442435 0
1551442436 0
1551442437 0
1551442438 0
1551442439 0
1551442440 0
1551442441 0
1551442442 0
1551442443 0
1551442444 0
1551442445 0
1551442446 0
1551442447 0
1551442448 0
1551442449 0
1551442450 0
1551442451 0
1551442452 0
1551442453 0
1551442454 0
1551442455 0
1551442456 0
1551442457 0
1551442458 0
1551442459 0
1551442460 0
1551442461 0
1551442462 0
1551442463 0
1551442464 0
1551442465 0
1551442466 0
1551442467 0
1551442468 0
1551442469 0
1551442470 0
1551442471 0
1551442472 0
1551442473 0
1551442474 0
1551442475 0
1551442476 0
1551442477 0
1551442478 0
1551442479 0
1551442480 0
1551442481 0
1551442482 0
1551442483 0
1551442484 0
1551442485 0
1551442486 0
1551442487 0
1551442488 0
1551442489 0
1551442490 0
1551442491 0
1551442492 0
1551442493 0
1551442494 0
1551442495 0
1551442496 0
1551442497 0
1551442498 0
1551442499 0
1551442500 0
1551442501 0
1551442502 0
1551442503 0
1551442504 0
1551442505 0
1551442506 0
1551442507 0
1551442508 0
1551442509 0
1551442510 0
1551442511 0
1551442512 0
1551442513 0
1551442514 0
1551442515 0
1551442516 0
1551442517 0
1551442518 0
1551442519 0
1551442520 0
1551442521 0
1551442522 0
1551442523 0
1551442524 0
1551442525 0
1551442526 0
1551442527 0
1551442528 0
1551442529 0
1551442530 0
1551442531 0
1551442532 0
1551442533 0
1551442534 0
1551442535 0
1551442536 0
1551442537 0
1551442538 0
1551442539 0
1551442540 0
1551442541 0
1551442542 0
1551442543 0
1551442544 0
1551442545 0
1551442546 0
1551442547 0
1551442548 0
1551442549 0
1551442550 0
1551442551 0
1551442552 0
1551442553 0
1551442554 0
1551442555 0
1551442556 0
1551442557 0
1551442558 0
1551442559 0
1551442560 0
1551442561 0
1551442562 0
1551442563 0
1551442564 0
1551442565 0
1551442566 0
1551442567 0
1551442568 0
1551442569 0
1551442570 0
1551442571 0
1551442572 0
1551442573 0
1551442574 0
1551442575 0
1551442576 0
1551442577 0
1551442578 0
1551442579 0
1551442580 0
1551442581 0
1551442582 0
1551442583 0
1551442584 0
1551442585 0
1551442586 0
1551442587 0
1551442588 0
1551442589 0
1551442590 0
1551442591 0
1551442592 0
1551442593 0
1551442594 0
1551442595 0
1551442596 0
1551442597 0
1551442598 0
1551442599 0
1551442600 0
1551442601 0
1551442602 0
1551442603 0
1551442604 0
1551442605 0
1551442606 0
1551442607 0
1551442608 0
1551442609 0
1551442610 0
1551442611 0
1551442612 0
1551442613 0
1551442614 0
1551442615 0
1551442616 0
1551442617 0
1551442618 0
1551442619 0
1551442620 0
1551442621 0
1551442622 0
1551442623 0
1551442624 0
1551442625 0
1551442626 0
1551442627 0
1551442628 0
1551442629 0
1551442630 0
1551442631 0
1551442632 0
1551442633 0
1551442634 0
1551442635 0
1551442636 0
1551442637 0
1551442638 0
1551442639 0
1551442640 0
1551442641 0
1551442642 0
1551442643 0
1551442644 0
1551442645 0
1551442646 0
1551442647 0
1551442648 0
1551442649 0
1551442650 0
1551442651 0
1551442652 0
1551442653 0
1551442654 0
1551442655 0
1551442656 0
1551442657 0
1551442658 0
1551442659 0
1551442660 0
1551442661 0
1551442662 0
1551442663 0
1551442664 0
1551442665 0
1551442666 0
1551442667 0
1551442668 0
1551442669 0
1551442670 0
1551442671 0
1551442672 0
1551442673 0
1551442674 0
1551442675 0
1551442676 0
1551442677 0
1551442678 0
1551442679 0
1551442680 0
1551442681 0
1551442682 0
1551442683 0
1551442684 0
1551442685 0
1551442686 0
1551442687 0
1551442688 0
1551442689 0
1551442690 0
1551442691 0
1551442692 0
1551442693 0
1551442694 0
1551442695 0
1551442696 0
1551442697 0
1551442698 0
1551442699 0
1551442700 0
1551442701 0
1551442702 0
1551442703 0
1551442704 0
1551442705 0
1551442706 0
1551442707 0
1551442708 0
1551442709 0
1551442710 0
1551442711 0
1551442712 0
1551442713 0
1551442714 0
1551442715 0
1551442716 0
1551442717 0
1551442718 0
1551442719 0
1551442720 0
1551442721 0
1551442722 0
1551442723 0
1551442724 0
1551442725 0
1551442726 0
1551442727 0
1551442728 0
1551442729 0
1551442730 0
1551442731 0
1551442732 0
1551442733 0
1551442734 0
1551442735 0
1551442736 0
1551442737 0
1551442738 0
1551442739 0
1551442740 0
1551442741 0
1551442742 0
1551442743 0
1551442744 0
1551442745 0
1551442746 0
1551442747 0
1551442748 0
1551442749 0
1551442750 0
1551442751 0
1551442752 0
1551442753 0
1551442754 0
1551442755 0
1551442756 0
1551442757 0
1551442758 0
1551442759 0
1551442760 0
1551442761 0
1551442762 0
1551442763 0
1551442764 0
1551442765 0
1551442766 0
1551442767 0
1551442768 0
1551442769 0
1551442770 0
1551442771 0
1551442772 0
1551442773 0
1551442774 0
1551442775 0
1551442776 0
1551442777 0
1551442778 0
1551442779 0
1551442780 0
1551442781 0
1551442782 0
1551442783 0
1551442784 0
1551442785 0
1551442786 0
1551442787 0
1551442788 0
1551442789 0
1551442790 0
1551442791 0
1551442792 0
1551442793 0
1551442794 0
1551442795 0
1551442796 0
1551442797 0
1551442798 0
1551442799 0
1551442800 0
1551442801 0
1551442802 0
1551442803 0
1551442804 0
1551442805 0
1551442806 0
1551442807 0
1551442808 0
1551442809 0
1551442810 0
1551442811 0
1551442812 0
1551442813 0
1551442814 0
1551442815 0
1551442816 0
1551442817 0
1551442818 0
1551442819 0
1551442820 0
1551442821 0
1551442822 0
1551442823 0
1551442824 0
1551442825 0
1551442826 0
1551442827 0
1551442828 0
1551442829 0
1551442830 0
1551442831 0
1551442832 0
1551442833 0
1551442834 0
1551442835 0
1551442836 0
1551442837 0
1551442838 0
1551442839 0
1551442840 0
1551442841 0
1551442842 0
1551442843 0
1551442844 0
1551442845 0
1551442846 0
1551442847 0
1551442848 0
1551442849 0
1551442850 0
1551442851 0
1551442852 0
1551442853 0
1551442854 0
1551442855 0
1551442856 0
1551442857 0
1551442858 0
1551442859 0
1551442860 0
1551442861 0
1551442862 0
1551442863 0
1551442864 0
1551442865 0
1551442866 0
1551442867 0
1551442868 0
1551442869 0
1551442870 0
1551442871 0
1551442872 0
1551442873 0
1551442874 0
1551442875 0
1551442876 0
1551442877 0
1551442878 0
1551442879 0
1551442880 0
1551442881 0
1551442882 0
1551442883 0
1551442884 0
1551442885 0
1551442886 0
1551442887 0
1551442888 0
1551442889 0
1551442890 0
1551442891 0
1551442892 0
1551442893 0
1551442894 0
1551442895 0
1551442896 0
1551442897 0
1551442898 0
1551442899 0
1551442900 0
1551442901 0
1551442902 0
1551442903 0
1551442904 0
1551442905 0
1551442906 0
1551442907 0
1551442908 0
1551442909 0
1551442910 0
1551442911 0
1551442912 0
1551442913 0
1551442914 0
1551442915 0
1551442916 0
1551442917 0
1551442918 0
1551442919 0
1551442920 0
1551442921 0
1551442922 0
1551442923 0
1551442924 0
1551442925 0
1551442926 0
1551442927 0
1551442928 0
1551442929 0
1551442930 0
1551442931 0
1551442932 0
1551442933 0
1551442934 0
1551442935 0
1551442936 0
1551442937 0
1551442938 0
1551442939 0
1551442940 0
1551442941 0
1551442942 0
1551442943 0
1551442944 0
1551442945 0
1551442946 0
1551442947 0
1551442948 0
1551442949 0
1551442950 0
1551442951 0
1551442952 0
1551442953 0
1551442954 0
1551442955 0
1551442956 0
1551442957 0
1551442958 0
1551442959 0
1551442960 0
1551442961 0
1551442962 0
1551442963 0
1551442964 0
1551442965 0
1551442966 0
1551442967 0
1551442968 0
1551442969 0
1551442970 0
1551442971 0
1551442972 0
1551442973 0
1551442974 0
1551442975 0
1551442976 0
1551442977 0
1551442978 0
1551442979 0
1551442980 0
1551442981 0
1551442982 0
1551442983 0
1551442984 0
1551442985 0
1551442986 0
1551442987 0
1551442988 0
1551442989 0
1551442990 0
1551442991 0
1551442992 0
1551442993 0
1551442994 0
1551442995 0
1551442996 0
1551442997 0
1551442998 0
1551442999 0
1551443000 0
1551443001 0
1551443002 0
1551443003 0
1551443004 0
1551443005 0
1551443006 0
1551443007 0
1551443008 0
1551443009 0
1551443010 0
1551443011 0
1551443012 0
1551443013 0
1551443014 0
1551443015 0
1551443016 0
1551443017 0
1551443018 0
1551443019 0
1551443020 0
1551443021 0
1551443022 0
1551443023 0
1551443024 0
1551443025 0
1551443026 0
1551443027 0
1551443028 0
1551443029 0
1551443030 0
1551443031 0
1551443032 0
1551443033 0
1551443034 0
1551443035 0
1551443036 0
1551443037 0
1551443038 0
1551443039 0
1551443040 0
1551443041 0
1551443042 0
1551443043 0
1551443044 0
1551443045 0
1551443046 0
1551443047 0
1551443048 0
1551443049 0
1551443050 0
1551443051 0
1551443052 0
1551443053 0
1551443054 0
1551443055 0
1551443056 0
1551443057 0
1551443058 0
1551443059 0
1551443060 0
1551443061 0
1551443062 0
1551443063 0
1551443064 0
1551443065 0
1551443066 0
1551443067 0
1551443068 0
1551443069 0
1551443070 0
1551443071 0
1551443072 0
1551443073 0
1551443074 0
1551443075 0
1551443076 0
1551443077 0
1551443078 0
1551443079 0
1551443080 0
1551443081 0
1551443082 0
1551443083 0
1551443084 0
1551443085 0
1551443086 0
1551443087 0
1551443088 0
1551443089 0
1551443090 0
1551443091 0
1551443092 0
1551443093 0
1551443094 0
1551443095 0
1551443096 0
1551443097 0
1551443098 0
1551443099 0
1551443100 0
1551443101 0
1551443102 0
1551443103 0
1551443104 0
1551443105 0
1551443106 0
1551443107 0
1551443108 0
1551443109 0
1551443110 0
1551443111 0
1551443112 0
1551443113 0
1551443114 0
1551443115 0
1551443116 0
1551443117 0
1551443118 0
1551443119 0
1551443120 0
1551443121 0
1551443122 0
1551443123 0
1551443124 0
1551443125 0
1551443126 0
1551443127 0
1551443128 0
1551443129 0
1551443130 0
1551443131 0
1551443132 0
1551443133 0
1551443134 0
1551443135 0
1551443136 0
1551443137 0
1551443138 0
1551443139 0
1551443140 0
1551443141 0
1551443142 0
1551443143 0
1551443144 0
1551443145 0
1551443146 0
1551443147 0
1551443148 0
1551443149 0
1551443150 0
1551443151 0
1551443152 0
1551443153 0
1551443154 0
1551443155 0
1551443156 0
1551443157 0
1551443158 0
1551443159 0
1551443160 0
1551443161 0
1551443162 0
1551443163 0
1551443164 0
1551443165 0
1551443166 0
1551443167 0
1551443168 0
1551443169 0
1551443170 0
1551443171 0
1551443172 0
1551443173 0
1551443174 0
1551443175 0
1551443176 0
1551443177 0
1551443178 0
1551443179 0
1551443180 0
1551443181 0
1551443182 0
1551443183 0
1551443184 0
1551443185 0
1551443186 0
1551443187 0
1551443188 0
1551443189 0
1551443190 0
1551443191 0
1551443192 0
1551443193 0
1551443194 0
1551443195 0
1551443196 0
1551443197 0
1551443198 0
1551443199 0
1551443200 0
1551443201 0
1551443202 0
1551443203 0
1551443204 0
1551443205 0
1551443206 0
1551443207 0
1551443208 0
1551443209 0
1551443210 0
1551443211 0
1551443212 0
1551443213 0
1551443214 0
1551443215 0
1551443216 0
1551443217 0
1551443218 0
1551443219 0
1551443220 0
1551443221 0
1551443222 0
1551443223 0
1551443224 0
1551443225 0
1551443226 0
1551443227 0
1551443228 0
1551443229 0
1551443230 0
1551443231 0
1551443232 0
1551443233 0
1551443234 0
1551443235 0
1551443236 0
1551443237 0
1551443238 0
1551443239 0
1551443240 0
1551443241 0
1551443242 0
1551443243 0
1551443244 0
1551443245 0
1551443246 0
1551443247 0
1551443248 0
1551443249 0
1551443250 0
1551443251 0
1551443252 0
1551443253 0
1551443254 0
1551443255 0
1551443256 0
1551443257 0
1551443258 0
1551443259 0
1551443260 0
1551443261 0
1551443262 0
1551443263 0
1551443264 0
1551443265 0
1551443266 0
1551443267 0
1551443268 0
1551443269 0
1551443270 0
1551443271 0
1551443272 0
1551443273 0
1551443274 0
1551443275 0
1551443276 0
1551443277 0
1551443278 0
1551443279 0
1551443280 0
1551443281 0
1551443282 0
1551443283 0
1551443284 0
1551443285 0
1551443286 0
1551443287 0
1551443288 0
1551443289 0
1551443290 0
1551443291 0
1551443292 0
1551443293 0
1551443294 0
1551443295 0
1551443296 0
1551443297 0
1551443298 0
1551443299 0
1551443300 0
1551443301 0
1551443302 0
1551443303 0
1551443304 0
1551443305 0
1551443306 0
1551443307 0
1551443308 0
1551443309 0
1551443310 0
1551443311 0
1551443312 0
1551443313 0
1551443314 0
1551443315 0
1551443316 0
1551443317 0
1551443318 0
1551443319 0
1551443320 0
1551443321 0
1551443322 0
1551443323 0
1551443324 0
1551443325 0
1551443326 0
1551443327 0
1551443328 0
1551443329 0
1551443330 0
1551443331 0
1551443332 0
1551443333 0
1551443334 0
1551443335 0
1551443336 0
1551443337 0
1551443338 0
1551443339 0
1551443340 0
1551443341 0
1551443342 0
1551443343 0
1551443344 0
1551443345 0
1551443346 0
1551443347 0
1551443348 0
1551443349 0
1551443350 0
1551443351 0
1551443352 0
1551443353 0
1551443354 0
1551443355 0
1551443356 0
1551443357 0
1551443358 0
1551443359 0
1551443360 0
1551443361 0
1551443362 0
1551443363 0
1551443364 0
1551443365 0
1551443366 0
1551443367 0
1551443368 0
1551443369 0
1551443370 0
1551443371 0
1551443372 0
1551443373 0
1551443374 0
1551443375 0
1551443376 0
1551443377 0
1551443378 0
1551443379 0
1551443380 0
1551443381 0
1551443382 0
1551443383 0
1551443384 0
1551443385 0
1551443386 0
1551443387 0
1551443388 0
1551443389 0
1551443390 0
1551443391 0
1551443392 0
1551443393 0
1551443394 0
1551443395 0
1551443396 0
1551443397 0
1551443398 0
1551443399 0
1551443400 0
1551443401 0
1551443402 0
1551443403 0
1551443404 0
1551443405 0
1551443406 0
1551443407 0
1551443408 0
1551443409 0
1551443410 0
1551443411 0
1551443412 0
1551443413 0
1551443414 0
1551443415 0
1551443416 0
1551443417 0
1551443418 0
1551443419 0
1551443420 0
1551443421 0
1551443422 0
1551443423 0
1551443424 0
1551443425 0
1551443426 0
1551443427 0
1551443428 0
1551443429 0
1551443430 0
1551443431 0
1551443432 0
1551443433 0
1551443434 0
1551443435 0
1551443436 0
1551443437 0
1551443438 0
1551443439 0
1551443440 0
1551443441 0
1551443442 0
1551443443 0
1551443444 0
1551443445 0
1551443446 0
1551443447 0
1551443448 0
1551443449 0
1551443450 0
1551443451 0
1551443452 0
1551443453 0
1551443454 0
1551443455 0
1551443456 0
1551443457 0
1551443458 0
1551443459 0
1551443460 0
1551443461 0
1551443462 0
1551443463 0
1551443464 0
1551443465 0
1551443466 0
1551443467 0
1551443468 0
1551443469 0
1551443470 0
1551443471 0
1551443472 0
1551443473 0
1551443474 0
1551443475 0
1551443476 0
1551443477 0
1551443478 0
1551443479 0
1551443480 0
1551443481 0
1551443482 0
1551443483 0
1551443484 0
1551443485 0
1551443486 0
1551443487 0
1551443488 0
1551443489 0
1551443490 0
1551443491 0
1551443492 0
1551443493 0
1551443494 0
1551443495 0
1551443496 0
1551443497 0
1551443498 0
1551443499 0
1551443500 0
1551443501 0
1551443502 0
1551443503 0
1551443504 0
1551443505 0
1551443506 0
1551443507 0
1551443508 0
1551443509 0
1551443510 0
1551443511 0
1551443512 0
1551443513 0
1551443514 0
1551443515 0
1551443516 0
1551443517 0
1551443518 0
1551443519 0
1551443520 0
1551443521 0
1551443522 0
1551443523 0
1551443524 0
1551443525 0
1551443526 0
1551443527 0
1551443528 0
1551443529 0
1551443530 0
1551443531 0
1551443532 0
1551443533 0
1551443534 0
1551443535 0
1551443536 0
1551443537 0
1551443538 0
1551443539 0
1551443540 0
1551443541 0
1551443542 0
1551443543 0
1551443544 0
1551443545 0
1551443546 0
1551443547 0
1551443548 0
1551443549 0
1551443550 0
1551443551 0
1551443552 0
1551443553 0
1551443554 0
1551443555 0
1551443556 0
1551443557 0
1551443558 0
1551443559 0
1551443560 0
1551443561 0
1551443562 0
1551443563 0
1551443564 0
1551443565 0
1551443566 0
1551443567 0
1551443568 0
1551443569 0
1551443570 0
1551443571 0
1551443572 0
1551443573 0
1551443574 0
1551443575 0
1551443576 0
1551443577 0
1551443578 0
1551443579 0
1551443580 0
1551443581 0
1551443582 0
1551443583 0
1551443584 0
1551443585 0
1551443586 0
1551443587 0
1551443588 0
1551443589 0
1551443590 0
1551443591 0
1551443592 0
1551443593 0
1551443594 0
1551443595 0
1551443596 0
1551443597 0
1551443598 0
1551443599 0
1551443600 0
1551443601 0
1551443602 0
1551443603 0
1551443604 0
1551443605 0
1551443606 0
1551443607 0
1551443608 0
1551443609 0
1551443610 0
1551443611 0
1551443612 0
1551443613 0
1551443614 0
1551443615 0
1551443616 0
1551443617 0
1551443618 0
1551443619 0
1551443620 0
1551443621 0
1551443622 0
1551443623 0
1551443624 0
1551443625 0
1551443626 0
1551443627 0
1551443628 0
1551443629 0
1551443630 0
1551443631 0
1551443632 0
1551443633 0
1551443634 0
1551443635 0
1551443636 0
1551443637 0
1551443638 0
1551443639 0
1551443640 0
1551443641 0
1551443642 0
1551443643 0
1551443644 0
1551443645 0
1551443646 0
1551443647 0
1551443648 0
1551443649 0
1551443650 0
1551443651 0
1551443652 0
1551443653 0
1551443654 0
1551443655 0
1551443656 0
1551443657 0
1551443658 0
1551443659 0
1551443660 0
1551443661 0
1551443662 0
1551443663 0
1551443664 0
1551443665 0
1551443666 0
1551443667 0
1551443668 0
1551443669 0
1551443670 0
1551443671 0
1551443672 0
1551443673 0
1551443674 0
1551443675 0
1551443676 0
1551443677 0
1551443678 0
1551443679 0
1551443680 0
1551443681 0
1551443682 0
1551443683 0
1551443684 0
1551443685 0
1551443686 0
1551443687 0
1551443688 0
1551443689 0
1551443690 0
1551443691 0
1551443692 0
1551443693 0
1551443694 0
1551443695 0
1551443696 0
1551443697 0
1551443698 0
1551443699 0
1551443700 0
1551443701 0
1551443702 0
1551443703 0
1551443704 0
1551443705 0
1551443706 0
1551443707 0
1551443708 0
1551443709 0
1551443710 0
1551443711 0
1551443712 0
1551443713 0
1551443714 0
1551443715 0
1551443716 0
1551443717 0
1551443718 0
1551443719 0
1551443720 0
1551443721 0
1551443722 0
1551443723 0
1551443724 0
1551443725 0
1551443726 0
1551443727 0
1551443728 0
1551443729 0
1551443730 0
1551443731 0
1551443732 0
1551443733 0
1551443734 0
1551443735 0
1551443736 0
1551443737 0
1551443738 0
1551443739 0
1551443740 0
1551443741 0
1551443742 0
1551443743 0
1551443744 0
1551443745 0
1551443746 0
1551443747 0
1551443748 0
1551443749 0
1551443750 0
1551443751 0
1551443752 0
1551443753 0
1551443754 0
1551443755 0
1551443756 0
1551443757 0
1551443758 0
1551443759 0
1551443760 0
1551443761 0
1551443762 0
1551443763 0
1551443764 0
1551443765 0
1551443766 0
1551443767 0
1551443768 0
1551443769 0
1551443770 0
1551443771 0
1551443772 0
1551443773 0
1551443774 0
1551443775 0
1551443776 0
1551443777 0
1551443778 0
1551443779 0
1551443780 0
1551443781 0
1551443782 0
1551443783 0
1551443784 0
1551443785 0
1551443786 0
1551443787 0
1551443788 0
1551443789 0
1551443790 0
1551443791 0
1551443792 0
1551443793 0
1551443794 0
1551443795 0
1551443796 0
1551443797 0
1551443798 0
1551443799 0
1551443800 0
1551443801 0
1551443802 0
1551443803 0
1551443804 0
1551443805 0
1551443806 0
1551443807 0
1551443808 0
1551443809 0
1551443810 0
1551443811 0
1551443812 0
1551443813 0
1551443814 0
1551443815 0
1551443816 0
1551443817 0
1551443818 0
1551443819 0
1551443820 0
1551443821 0
1551443822 0
1551443823 0
1551443824 0
1551443825 0
1551443826 0
1551443827 0
1551443828 0
1551443829 0
1551443830 0
1551443831 0
1551443832 0
1551443833 0
1551443834 0
1551443835 0
1551443836 0
1551443837 0
1551443838 0
1551443839 0
1551443840 0
1551443841 0
1551443842 0
1551443843 0
1551443844 0
1551443845 0
1551443846 0
1551443847 0
1551443848 0
1551443849 0
1551443850 0
1551443851 0
1551443852 0
1551443853 0
1551443854 0
1551443855 0
1551443856 0
1551443857 0
1551443858 0
1551443859 0
1551443860 0
1551443861 0
1551443862 0
1551443863 0
1551443864 0
1551443865 0
1551443866 0
1551443867 0
1551443868 0
1551443869 0
1551443870 0
1551443871 0
1551443872 0
1551443873 0
1551443874 0
1551443875 0
1551443876 0
1551443877 0
1551443878 0
1551443879 0
1551443880 0
1551443881 0
1551443882 0
1551443883 0
1551443884 0
1551443885 0
1551443886 0
1551443887 0
1551443888 0
1551443889 0
1551443890 0
1551443891 0
1551443892 0
1551443893 0
1551443894 0
1551443895 0
1551443896 0
1551443897 0
1551443898 0
1551443899 0
1551443900 0
1551443901 0
1551443902 0
1551443903 0
1551443904 0
1551443905 0
1551443906 0
1551443907 0
1551443908 0
1551443909 0
1551443910 0
1551443911 0
1551443912 0
1551443913 0
1551443914 0
1551443915 0
1551443916 0
1551443917 0
1551443918 0
1551443919 0
1551443920 0
1551443921 0
1551443922 0
1551443923 0
1551443924 0
1551443925 0
1551443926 0
1551443927 0
1551443928 0
1551443929 0
1551443930 0
1551443931 0
1551443932 0
1551443933 0
1551443934 0
1551443935 0
1551443936 0
1551443937 0
1551443938 0
1551443939 0
1551443940 0
1551443941 0
1551443942 0
1551443943 0
1551443944 0
1551443945 0
1551443946 0
1551443947 0
1551443948 0
1551443949 0
1551443950 0
1551443951 0
1551443952 0
1551443953 0
1551443954 0
1551443955 0
1551443956 0
1551443957 0
1551443958 0
1551443959 0
1551443960 0
1551443961 0
1551443962 0
1551443963 0
1551443964 0
1551443965 0
1551443966 0
1551443967 0
1551443968 0
1551443969 0
1551443970 0
1551443971 0
1551443972 0
1551443973 0
1551443974 0
1551443975 0
1551443976 0
1551443977 0
1551443978 0
1551443979 0
1551443980 0
1551443981 0
1551443982 0
1551443983 0
1551443984 0
1551443985 0
1551443986 0
1551443987 0
1551443988 0
1551443989 0
1551443990 0
1551443991 0
1551443992 0
1551443993 0
1551443994 0
1551443995 0
1551443996 0
1551443997 0
1551443998 0
1551443999 0
1551444000 0
1551444001 0
1551444002 0
1551444003 0
1551444004 0
1551444005 0
1551444006 0
1551444007 0
1551444008 0
1551444009 0
1551444010 0
1551444011 0
1551444012 0
1551444013 0
1551444014 0
1551444015 0
1551444016 0
1551444017 0
1551444018 0
1551444019 0
1551444020 0
1551444021 0
1551444022 0
1551444023 0
1551444024 0
1551444025 0
1551444026 0
1551444027 0
1551444028 0
1551444029 0
1551444030 0
1551444031 0
1551444032 0
1551444033 0
1551444034 0
1551444035 0
1551444036 0
1551444037 0
1551444038 0
1551444039 0
1551444040 0
1551444041 0
1551444042 0
1551444043 0
1551444044 0
1551444045 0
1551444046 0
1551444047 0
1551444048 0
1551444049 0
1551444050 0
1551444051 0
1551444052 0
1551444053 0
1551444054 0
1551444055 0
1551444056 0
1551444057 0
1551444058 0
1551444059 0
1551444060 0
1551444061 0
1551444062 0
1551444063 0
1551444064 0
1551444065 0
1551444066 0
1551444067 0
1551444068 0
1551444069 0
1551444070 0
1551444071 0
1551444072 0
1551444073 0
1551444074 0
1551444075 0
1551444076 0
1551444077 0
1551444078 0
1551444079 0
1551444080 0
1551444081 0
1551444082 0
1551444083 0
1551444084 0
1551444085 0
1551444086 0
1551444087 0
1551444088 0
1551444089 0
1551444090 0
1551444091 0
1551444092 0
1551444093 0
1551444094 0
1551444095 0
1551444096 0
1551444097 0
1551444098 0
1551444099 0
1551444100 0
1551444101 0
1551444102 0
1551444103 0
1551444104 0
1551444105 0
1551444106 0
1551444107 0
1551444108 0
1551444109 0
1551444110 0
1551444111 0
1551444112 0
1551444113 0
1551444114 0
1551444115 0
1551444116 0
1551444117 0
1551444118 0
1551444119 0
1551444120 0
1551444121 0
1551444122 0
1551444123 0
1551444124 0
1551444125 0
1551444126 0
1551444127 0
1551444128 0
1551444129 0
1551444130 0
1551444131 0
1551444132 0
1551444133 0
1551444134 0
1551444135 0
1551444136 0
1551444137 0
1551444138 0
1551444139 0
1551444140 0
1551444141 0
1551444142 0
1551444143 0
1551444144 0
1551444145 0
1551444146 0
1551444147 0
1551444148 0
1551444149 0
1551444150 0
1551444151 0
1551444152 0
1551444153 0
1551444154 0
1551444155 0
1551444156 0
1551444157 0
1551444158 0
1551444159 0
1551444160 0
1551444161 0
1551444162 0
1551444163 0
1551444164 0
1551444165 0
1551444166 0
1551444167 0
1551444168 0
1551444169 0
1551444170 0
1551444171 0
1551444172 0
1551444173 0
1551444174 0
1551444175 0
1551444176 0
1551444177 0
1551444178 0
1551444179 0
1551444180 0
1551444181 0
1551444182 0
1551444183 0
1551444184 0
1551444185 0
1551444186 0
1551444187 0
1551444188 0
1551444189 0
1551444190 0
1551444191 0
1551444192 0
1551444193 0
1551444194 0
1551444195 0
1551444196 0
1551444197 0
1551444198 0
1551444199 0
1551444200 0
1551444201 0
1551444202 0
1551444203 0
1551444204 0
1551444205 0
1551444206 0
1551444207 0
1551444208 0
1551444209 0
1551444210 0
1551444211 0
1551444212 0
1551444213 0
1551444214 0
1551444215 0
1551444216 0
1551444217 0
1551444218 0
1551444219 0
1551444220 0
1551444221 0
1551444222 0
1551444223 0
1551444224 0
1551444225 0
1551444226 0
1551444227 0
1551444228 0
1551444229 0
1551444230 0
1551444231 0
1551444232 0
1551444233 0
1551444234 0
1551444235 0
1551444236 0
1551444237 0
1551444238 0
1551444239 0
1551444240 0
1551444241 0
1551444242 0
1551444243 0
1551444244 0
1551444245 0
1551444246 0
1551444247 0
1551444248 0
1551444249 0
1551444250 0
1551444251 0
1551444252 0
1551444253 0
1551444254 0
1551444255 0
1551444256 0
1551444257 0
1551444258 0
1551444259 0
1551444260 0
1551444261 0
1551444262 0
1551444263 0
1551444264 0
1551444265 0
1551444266 0
1551444267 0
1551444268 0
1551444269 0
1551444270 0
1551444271 0
1551444272 0
1551444273 0
1551444274 0
1551444275 0
1551444276 0
1551444277 0
1551444278 0
1551444279 0
1551444280 0
1551444281 0
1551444282 0
1551444283 0
1551444284 0
1551444285 0
1551444286 0
1551444287 0
1551444288 0
1551444289 0
1551444290 0
1551444291 0
1551444292 0
1551444293 0
1551444294 0
1551444295 0
1551444296 0
1551444297 0
1551444298 0
1551444299 0
1551444300 0
1551444301 0
1551444302 0
1551444303 0
1551444304 0
1551444305 0
1551444306 0
1551444307 0
1551444308 0
1551444309 0
1551444310 0
1551444311 0
1551444312 0
1551444313 0
1551444314 0
1551444315 0
1551444316 0
1551444317 0
1551444318 0
1551444319 0
1551444320 0
1551444321 0
1551444322 0
1551444323 0
1551444324 0
1551444325 0
1551444326 0
1551444327 0
1551444328 0
1551444329 0
1551444330 0
1551444331 0
1551444332 0
1551444333 0
1551444334 0
1551444335 0
1551444336 0
1551444337 0
1551444338 0
1551444339 0
1551444340 0
1551444341 0
1551444342 0
1551444343 0
1551444344 0
1551444345 0
1551444346 0
1551444347 0
1551444348 0
1551444349 0
1551444350 0
1551444351 0
1551444352 0
1551444353 0
1551444354 0
1551444355 0
1551444356 0
1551444357 0
1551444358 0
1551444359 0
1551444360 0
1551444361 0
1551444362 0
1551444363 0
1551444364 0
1551444365 0
1551444366 0
1551444367 0
1551444368 0
1551444369 0
1551444370 0
1551444371 0
1551444372 0
1551444373 0
1551444374 0
1551444375 0
1551444376 0
1551444377 0
1551444378 0
1551444379 0
1551444380 0
1551444381 0
1551444382 0
1551444383 0
1551444384 0
1551444385 0
1551444386 0
1551444387 0
1551444388 0
1551444389 0
1551444390 0
1551444391 0
1551444392 0
1551444393 0
1551444394 0
1551444395 0
1551444396 0
1551444397 0
1551444398 0
1551444399 0
1551444400 0
1551444401 0
1551444402 0
1551444403 0
1551444404 0
1551444405 0
1551444406 0
1551444407 0
1551444408 0
1551444409 0
1551444410 0
1551444411 0
1551444412 0
1551444413 0
1551444414 0
1551444415 0
1551444416 0
1551444417 0
1551444418 0
1551444419 0
1551444420 0
1551444421 0
1551444422 0
1551444423 0
1551444424 0
1551444425 0
1551444426 0
1551444427 0
1551444428 0
1551444429 0
1551444430 0
1551444431 0
1551444432 0
1551444433 0
1551444434 0
1551444435 0
1551444436 0
1551444437 0
1551444438 0
1551444439 0
1551444440 0
1551444441 0
1551444442 0
1551444443 0
1551444444 0
1551444445 0
1551444446 0
1551444447 0
1551444448 0
1551444449 0
1551444450 0
1551444451 0
1551444452 0
1551444453 0
1551444454 0
1551444455 0
1551444456 0
1551444457 0
1551444458 0
1551444459 0
1551444460 0
1551444461 0
1551444462 0
1551444463 0
1551444464 0
1551444465 0
1551444466 0
1551444467 0
1551444468 0
1551444469 0
1551444470 0
1551444471 0
1551444472 0
1551444473 0
1551444474 0
1551444475 0
1551444476 0
1551444477 0
1551444478 0
1551444479 0
1551444480 0
1551444481 0
1551444482 0
1551444483 0
1551444484 0
1551444485 0
1551444486 0
1551444487 0
1551444488 0
1551444489 0
1551444490 0
1551444491 0
1551444492 0
1551444493 0
1551444494 0
1551444495 0
1551444496 0
1551444497 0
1551444498 0
1551444499 0
1551444500 0
1551444501 0
1551444502 0
1551444503 0
1551444504 0
1551444505 0
1551444506 0
1551444507 0
1551444508 0
1551444509 0
1551444510 0
1551444511 0
1551444512 0
1551444513 0
1551444514 0
1551444515 0
1551444516 0
1551444517 0
1551444518 0
1551444519 0
1551444520 0
1551444521 0
1551444522 0
1551444523 0
1551444524 0
1551444525 0
1551444526 0
1551444527 0
1551444528 0
1551444529 0
1551444530 0
1551444531 0
1551444532 0
1551444533 0
1551444534 0
1551444535 0
1551444536 0
1551444537 0
1551444538 0
1551444539 0
1551444540 0
1551444541 0
1551444542 0
1551444543 0
1551444544 0
1551444545 0
1551444546 0
1551444547 0
1551444548 0
1551444549 0
1551444550 0
1551444551 0
1551444552 0
1551444553 0
1551444554 0
1551444555 0
1551444556 0
1551444557 0
1551444558 0
1551444559 0
1551444560 0
1551444561 0
1551444562 0
1551444563 0
1551444564 0
1551444565 0
1551444566 0
1551444567 0
1551444568 0
1551444569 0
1551444570 0
1551444571 0
1551444572 0
1551444573 0
1551444574 0
1551444575 0
1551444576 0
1551444577 0
1551444578 0
1551444579 0
1551444580 0
1551444581 0
1551444582 0
1551444583 0
1551444584 0
1551444585 0
1551444586 0
1551444587 0
1551444588 0
1551444589 0
1551444590 0
1551444591 0
1551444592 0
1551444593 0
1551444594 0
1551444595 0
1551444596 0
1551444597 0
1551444598 0
1551444599 0
1551444600 0
1551444601 0
1551444602 0
1551444603 0
1551444604 0
1551444605 0
1551444606 0
1551444607 0
1551444608 0
1551444609 0
1551444610 0
1551444611 0
1551444612 0
1551444613 0
1551444614 0
1551444615 0
1551444616 0
1551444617 0
1551444618 0
1551444619 0
1551444620 0
1551444621 0
1551444622 0
1551444623 0
1551444624 0
1551444625 0
1551444626 0
1551444627 0
1551444628 0
1551444629 0
1551444630 0
1551444631 0
1551444632 0
1551444633 0
1551444634 0
1551444635 0
1551444636 0
1551444637 0
1551444638 0
1551444639 0
1551444640 0
1551444641 0
1551444642 0
1551444643 0
1551444644 0
1551444645 0
1551444646 0
1551444647 0
1551444648 0
1551444649 0
1551444650 0
1551444651 0
1551444652 0
1551444653 0
1551444654 0
1551444655 0
1551444656 0
1551444657 0
1551444658 0
1551444659 0
1551444660 0
1551444661 0
1551444662 0
1551444663 0
1551444664 0
1551444665 0
1551444666 0
1551444667 0
1551444668 0
1551444669 0
1551444670 0
1551444671 0
1551444672 0
1551444673 0
1551444674 0
1551444675 0
1551444676 0
1551444677 0
1551444678 0
1551444679 0
1551444680 0
1551444681 0
1551444682 0
1551444683 0
1551444684 0
1551444685 0
1551444686 0
1551444687 0
1551444688 0
1551444689 0
1551444690 0
1551444691 0
1551444692 0
1551444693 0
1551444694 0
1551444695 0
1551444696 0
1551444697 0
1551444698 0
1551444699 0
1551444700 0
1551444701 0
1551444702 0
1551444703 0
1551444704 0
1551444705 0
1551444706 0
1551444707 0
1551444708 0
1551444709 0
1551444710 0
1551444711 0
1551444712 0
1551444713 0
1551444714 0
1551444715 0
1551444716 0
1551444717 0
1551444718 0
1551444719 0
1551444720 0
1551444721 0
1551444722 0
1551444723 0
1551444724 0
1551444725 0
1551444726 0
1551444727 0
1551444728 0
1551444729 0
1551444730 0
1551444731 0
1551444732 0
1551444733 0
1551444734 0
1551444735 0
1551444736 0
1551444737 0
1551444738 0
1551444739 0
1551444740 0
1551444741 0
1551444742 0
1551444743 0
1551444744 0
1551444745 0
1551444746 0
1551444747 0
1551444748 0
1551444749 0
1551444750 0
1551444751 0
1551444752 0
1551444753 0
1551444754 0
1551444755 0
1551444756 0
1551444757 0
1551444758 0
1551444759 0
1551444760 0
1551444761 0
1551444762 0
1551444763 0
1551444764 0
1551444765 0
1551444766 0
1551444767 0
1551444768 0
1551444769 0
1551444770 0
1551444771 0
1551444772 0
1551444773 0
1551444774 0
1551444775 0
1551444776 0
1551444777 0
1551444778 0
1551444779 0
1551444780 0
1551444781 0
1551444782 0
1551444783 0
1551444784 0
1551444785 0
1551444786 0
1551444787 0
1551444788 0
1551444789 0
1551444790 0
1551444791 0
1551444792 0
1551444793 0
1551444794 0
1551444795 0
1551444796 0
1551444797 0
1551444798 0
1551444799 0
1551444800 0
1551444801 0
1551444802 0
1551444803 0
1551444804 0
1551444805 0
1551444806 0
1551444807 0
1551444808 0
1551444809 0
1551444810 0
1551444811 0
1551444812 0
1551444813 0
1551444814 0
1551444815 0
1551444816 0
1551444817 0
1551444818 0
1551444819 0
1551444820 0
1551444821 0
1551444822 0
1551444823 0
1551444824 0
1551444825 0
1551444826 0
1551444827 0
1551444828 0
1551444829 0
1551444830 0
1551444831 0
1551444832 0
1551444833 0
1551444834 0
1551444835 0
1551444836 0
1551444837 0
1551444838 0
1551444839 0
1551444840 0
1551444841 0
1551444842 0
1551444843 0
1551444844 0
1551444845 0
1551444846 0
1551444847 0
1551444848 0
1551444849 0
1551444850 0
1551444851 0
1551444852 0
1551444853 0
1551444854 0
1551444855 0
1551444856 0
1551444857 0
1551444858 0
1551444859 0
1551444860 0
1551444861 0
1551444862 0
1551444863 0
1551444864 0
1551444865 0
1551444866 0
1551444867 0
1551444868 0
1551444869 0
1551444870 0
1551444871 0
1551444872 0
1551444873 0
1551444874 0
1551444875 0
1551444876 0
1551444877 0
1551444878 0
1551444879 0
1551444880 0
1551444881 0
1551444882 0
1551444883 0
1551444884 0
1551444885 0
1551444886 0
1551444887 0
1551444888 0
1551444889 0
1551444890 0
1551444891 0
1551444892 0
1551444893 0
1551444894 0
1551444895 0
1551444896 0
1551444897 0
1551444898 0
1551444899 0
1551444900 0
1551444901 0
1551444902 0
1551444903 0
1551444904 0
1551444905 0
1551444906 0
1551444907 0
1551444908 0
1551444909 0
1551444910 0
1551444911 0
1551444912 0
1551444913 0
1551444914 0
1551444915 0
1551444916 0
1551444917 0
1551444918 0
1551444919 0
1551444920 0
1551444921 0
1551444922 0
1551444923 0
1551444924 0
1551444925 0
1551444926 0
1551444927 0
1551444928 0
1551444929 0
1551444930 0
1551444931 0
1551444932 0
1551444933 0
1551444934 0
1551444935 0
1551444936 0
1551444937 0
1551444938 0
1551444939 0
1551444940 0
1551444941 0
1551444942 0
1551444943 0
1551444944 0
1551444945 0
1551444946 0
1551444947 0
1551444948 0
1551444949 0
1551444950 0
1551444951 0
1551444952 0
1551444953 0
1551444954 0
1551444955 0
1551444956 0
1551444957 0
1551444958 0
1551444959 0
1551444960 0
1551444961 0
1551444962 0
1551444963 0
1551444964 0
1551444965 0
1551444966 0
1551444967 0
1551444968 0
1551444969 0
1551444970 0
1551444971 0
1551444972 0
1551444973 0
1551444974 0
1551444975 0
1551444976 0
1551444977 0
1551444978 0
1551444979 0
1551444980 0
1551444981 0
1551444982 0
1551444983 0
1551444984 0
1551444985 0
1551444986 0
1551444987 0
1551444988 0
1551444989 0
1551444990 0
1551444991 0
1551444992 0
1551444993 0
1551444994 0
1551444995 0
1551444996 0
1551444997 0
1551444998 0
1551444999 0
1551445000 0
1551445001 0
1551445002 0
1551445003 0
1551445004 0
1551445005 0
1551445006 0
1551445007 0
1551445008 0
1551445009 0
1551445010 0
1551445011 0
1551445012 0
1551445013 0
1551445014 0
1551445015 0
1551445016 0
1551445017 0
1551445018 0
1551445019 0
1551445020 0
1551445021 0
1551445022 0
1551445023 0
1551445024 0
1551445025 0
1551445026 0
1551445027 0
1551445028 0
1551445029 0
1551445030 0
1551445031 0
1551445032 0
1551445033 0
1551445034 0
1551445035 0
1551445036 0
1551445037 0
1551445038 0
1551445039 0
1551445040 0
1551445041 0
1551445042 0
1551445043 0
1551445044 0
1551445045 0
1551445046 0
1551445047 0
1551445048 0
1551445049 0
1551445050 0
1551445051 0
1551445052 0
1551445053 0
1551445054 0
1551445055 0
1551445056 0
1551445057 0
1551445058 0
1551445059 0
1551445060 0
1551445061 0
1551445062 0
1551445063 0
1551445064 0
1551445065 0
1551445066 0
1551445067 0
1551445068 0
1551445069 0
1551445070 0
1551445071 0
1551445072 0
1551445073 0
1551445074 0
1551445075 0
1551445076 0
1551445077 0
1551445078 0
1551445079 0
1551445080 0
1551445081 0
1551445082 0
1551445083 0
1551445084 0
1551445085 0
1551445086 0
1551445087 0
1551445088 0
1551445089 0
1551445090 0
1551445091 0
1551445092 0
1551445093 0
1551445094 0
1551445095 0
1551445096 0
1551445097 0
1551445098 0
1551445099 0
1551445100 0
1551445101 0
1551445102 0
1551445103 0
1551445104 0
1551445105 0
1551445106 0
1551445107 0
1551445108 0
1551445109 0
1551445110 0
1551445111 0
1551445112 0
1551445113 0
1551445114 0
1551445115 0
1551445116 0
1551445117 0
1551445118 0
1551445119 0
1551445120 0
1551445121 0
1551445122 0
1551445123 0
1551445124 0
1551445125 0
1551445126 0
1551445127 0
1551445128 0
1551445129 0
1551445130 0
1551445131 0
1551445132 0
1551445133 0
1551445134 0
1551445135 0
1551445136 0
1551445137 0
1551445138 0
1551445139 0
1551445140 0
1551445141 0
1551445142 0
1551445143 0
1551445144 0
1551445145 0
1551445146 0
1551445147 0
1551445148 0
1551445149 0
1551445150 0
1551445151 0
1551445152 0
1551445153 0
1551445154 0
1551445155 0
1551445156 0
1551445157 0
1551445158 0
1551445159 0
1551445160 0
1551445161 0
1551445162 0
1551445163 0
1551445164 0
1551445165 0
1551445166 0
1551445167 0
1551445168 0
1551445169 0
1551445170 0
1551445171 0
1551445172 0
1551445173 0
1551445174 0
1551445175 0
1551445176 0
1551445177 0
1551445178 0
1551445179 0
1551445180 0
1551445181 0
1551445182 0
1551445183 0
1551445184 0
1551445185 0
1551445186 0
1551445187 0
1551445188 0
1551445189 0
1551445190 0
1551445191 0
1551445192 0
1551445193 0
1551445194 0
1551445195 0
1551445196 0
1551445197 0
1551445198 0
1551445199 0
1551445200 0
1551445201 0
1551445202 0
1551445203 0
1551445204 0
1551445205 0
1551445206 0
1551445207 0
1551445208 0
1551445209 0
1551445210 0
1551445211 0
1551445212 0
1551445213 0
1551445214 0
1551445215 0
1551445216 0
1551445217 0
1551445218 0
1551445219 0
1551445220 0
1551445221 0
1551445222 0
1551445223 0
1551445224 0
1551445225 0
1551445226 0
1551445227 0
1551445228 0
1551445229 0
1551445230 0
1551445231 0
1551445232 0
1551445233 0
1551445234 0
1551445235 0
1551445236 0
1551445237 0
1551445238 0
1551445239 0
1551445240 0
1551445241 0
1551445242 0
1551445243 0
1551445244 0
1551445245 0
1551445246 0
1551445247 0
1551445248 0
1551445249 0
1551445250 0
1551445251 0
1551445252 0
1551445253 0
1551445254 0
1551445255 0
1551445256 0
1551445257 0
1551445258 0
1551445259 0
1551445260 0
1551445261 0
1551445262 0
1551445263 0
1551445264 0
1551445265 0
1551445266 0
1551445267 0
1551445268 0
1551445269 0
1551445270 0
1551445271 0
1551445272 0
1551445273 0
1551445274 0
1551445275 0
1551445276 0
1551445277 0
1551445278 0
1551445279 0
1551445280 0
1551445281 0
1551445282 0
1551445283 0
1551445284 0
1551445285 0
1551445286 0
1551445287 0
1551445288 0
1551445289 0
1551445290 0
1551445291 0
1551445292 0
1551445293 0
1551445294 0
1551445295 0
1551445296 0
1551445297 0
1551445298 0
1551445299 0
1551445300 0
1551445301 0
1551445302 0
1551445303 0
1551445304 0
1551445305 0
1551445306 0
1551445307 0
1551445308 0
1551445309 0
1551445310 0
1551445311 0
1551445312 0
1551445313 0
1551445314 0
1551445315 0
1551445316 0
1551445317 0
1551445318 0
1551445319 0
1551445320 0
1551445321 0
1551445322 0
1551445323 0
1551445324 0
1551445325 0
1551445326 0
1551445327 0
1551445328 0
1551445329 0
1551445330 0
1551445331 0
1551445332 0
1551445333 0
1551445334 0
1551445335 0
1551445336 0
1551445337 0
1551445338 0
1551445339 0
1551445340 0
1551445341 0
1551445342 0
1551445343 0
1551445344 0
1551445345 0
1551445346 0
1551445347 0
1551445348 0
1551445349 0
1551445350 0
1551445351 0
1551445352 0
1551445353 0
1551445354 0
1551445355 0
1551445356 0
1551445357 0
1551445358 0
1551445359 0
1551445360 0
1551445361 0
1551445362 0
1551445363 0
1551445364 0
1551445365 0
1551445366 0
1551445367 0
1551445368 0
1551445369 0
1551445370 0
1551445371 0
1551445372 0
1551445373 0
1551445374 0
1551445375 0
1551445376 0
1551445377 0
1551445378 0
1551445379 0
1551445380 0
1551445381 0
1551445382 0
1551445383 0
1551445384 0
1551445385 0
1551445386 0
1551445387 0
1551445388 0
1551445389 0
1551445390 0
1551445391 0
1551445392 0
1551445393 0
1551445394 0
1551445395 0
1551445396 0
1551445397 0
1551445398 0
1551445399 0
1551445400 0
1551445401 0
1551445402 0
1551445403 0
1551445404 0
1551445405 0
1551445406 0
1551445407 0
1551445408 0
1551445409 0
1551445410 0
1551445411 0
1551445412 0
1551445413 0
1551445414 0
1551445415 0
1551445416 0
1551445417 0
1551445418 0
1551445419 0
1551445420 0
1551445421 0
1551445422 0
1551445423 0
1551445424 0
1551445425 0
1551445426 0
1551445427 0
1551445428 0
1551445429 0
1551445430 0
1551445431 0
1551445432 0
1551445433 0
1551445434 0
1551445435 0
1551445436 0
1551445437 0
1551445438 0
1551445439 0
1551445440 0
1551445441 0
1551445442 0
1551445443 0
1551445444 0
1551445445 0
1551445446 0
1551445447 0
1551445448 0
1551445449 0
1551445450 0
1551445451 0
1551445452 0
1551445453 0
1551445454 0
1551445455 0
1551445456 0
1551445457 0
1551445458 0
1551445459 0
1551445460 0
1551445461 0
1551445462 0
1551445463 0
1551445464 0
1551445465 0
1551445466 0
1551445467 0
1551445468 0
1551445469 0
1551445470 0
1551445471 0
1551445472 0
1551445473 0
1551445474 0
1551445475 0
1551445476 0
1551445477 0
1551445478 0
1551445479 0
1551445480 0
1551445481 0
1551445482 0
1551445483 0
1551445484 0
1551445485 0
1551445486 0
1551445487 0
1551445488 0
1551445489 0
1551445490 0
1551445491 0
1551445492 0
1551445493 0
1551445494 0
1551445495 0
1551445496 0
1551445497 0
1551445498 0
1551445499 0
1551445500 0
1551445501 0
1551445502 0
1551445503 0
1551445504 0
1551445505 0
1551445506 0
1551445507 0
1551445508 0
1551445509 0
1551445510 0
1551445511 0
1551445512 0
1551445513 0
1551445514 0
1551445515 0
1551445516 0
1551445517 0
1551445518 0
1551445519 0
1551445520 0
1551445521 0
1551445522 0
1551445523 0
1551445524 0
1551445525 0
1551445526 0
1551445527 0
1551445528 0
1551445529 0
1551445530 0
1551445531 0
1551445532 0
1551445533 0
1551445534 0
1551445535 0
1551445536 0
1551445537 0
1551445538 0
1551445539 0
1551445540 0
1551445541 0
1551445542 0
1551445543 0
1551445544 0
1551445545 0
1551445546 0
1551445547 0
1551445548 0
1551445549 0
1551445550 0
1551445551 0
1551445552 0
1551445553 0
1551445554 0
1551445555 0
1551445556 0
1551445557 0
1551445558 0
1551445559 0
1551445560 0
1551445561 0
1551445562 0
1551445563 0
1551445564 0
1551445565 0
1551445566 0
1551445567 0
1551445568 0
1551445569 0
1551445570 0
1551445571 0
1551445572 0
1551445573 0
1551445574 0
1551445575 0
1551445576 0
1551445577 0
1551445578 0
1551445579 0
1551445580 0
1551445581 0
1551445582 0
1551445583 0
1551445584 0
1551445585 0
1551445586 0
1551445587 0
1551445588 0
1551445589 0
1551445590 0
1551445591 0
1551445592 0
1551445593 0
1551445594 0
1551445595 0
1551445596 0
1551445597 0
1551445598 0
1551445599 0
1551445600 0
1551445601 0
1551445602 0
1551445603 0
1551445604 0
1551445605 0
1551445606 0
1551445607 0
1551445608 0
1551445609 0
1551445610 0
1551445611 0
1551445612 0
1551445613 0
1551445614 0
1551445615 0
1551445616 0
1551445617 0
1551445618 0
1551445619 0
1551445620 0
1551445621 0
1551445622 0
1551445623 0
1551445624 0
1551445625 0
1551445626 0
1551445627 0
1551445628 0
1551445629 0
1551445630 0
1551445631 0
1551445632 0
1551445633 0
1551445634 0
1551445635 0
1551445636 0
1551445637 0
1551445638 0
1551445639 0
1551445640 0
1551445641 0
1551445642 0
1551445643 0
1551445644 0
1551445645 0
1551445646 0
1551445647 0
1551445648 0
1551445649 0
1551445650 0
1551445651 0
1551445652 0
1551445653 0
1551445654 0
1551445655 0
1551445656 0
1551445657 0
1551445658 0
1551445659 0
1551445660 0
1551445661 0
1551445662 0
1551445663 0
1551445664 0
1551445665 0
1551445666 0
1551445667 0
1551445668 0
1551445669 0
1551445670 0
1551445671 0
1551445672 0
1551445673 0
1551445674 0
1551445675 0
1551445676 0
1551445677 0
1551445678 0
1551445679 0
1551445680 0
1551445681 0
1551445682 0
1551445683 0
1551445684 0
1551445685 0
1551445686 0
1551445687 0
1551445688 0
1551445689 0
1551445690 0
1551445691 0
1551445692 0
1551445693 0
1551445694 0
1551445695 0
1551445696 0
1551445697 0
1551445698 0
1551445699 0
1551445700 0
1551445701 0
1551445702 0
1551445703 0
1551445704 0
1551445705 0
1551445706 0
1551445707 0
1551445708 0
1551445709 0
1551445710 0
1551445711 0
1551445712 0
1551445713 0
1551445714 0
1551445715 0
1551445716 0
1551445717 0
1551445718 0
1551445719 0
1551445720 0
1551445721 0
1551445722 0
1551445723 0
1551445724 0
1551445725 0
1551445726 0
1551445727 0
1551445728 0
1551445729 0
1551445730 0
1551445731 0
1551445732 0
1551445733 0
1551445734 0
1551445735 0
1551445736 0
1551445737 0
1551445738 0
1551445739 0
1551445740 0
1551445741 0
1551445742 0
1551445743 0
1551445744 0
1551445745 0
1551445746 0
1551445747 0
1551445748 0
1551445749 0
1551445750 0
1551445751 0
1551445752 0
1551445753 0
1551445754 0
1551445755 0
1551445756 0
1551445757 0
1551445758 0
1551445759 0
1551445760 0
1551445761 0
1551445762 0
1551445763 0
1551445764 0
1551445765 0
1551445766 0
1551445767 0
1551445768 0
1551445769 0
1551445770 0
1551445771 0
1551445772 0
1551445773 0
1551445774 0
1551445775 0
1551445776 0
1551445777 0
1551445778 0
1551445779 0
1551445780 0
1551445781 0
1551445782 0
1551445783 0
1551445784 0
1551445785 0
1551445786 0
1551445787 0
1551445788 0
1551445789 0
1551445790 0
1551445791 0
1551445792 0
1551445793 0
1551445794 0
1551445795 0
1551445796 0
1551445797 0
1551445798 0
1551445799 0
1551445800 0
1551445801 0
1551445802 0
1551445803 0
1551445804 0
1551445805 0
1551445806 0
1551445807 0
1551445808 0
1551445809 0
1551445810 0
1551445811 0
1551445812 0
1551445813 0
1551445814 0
1551445815 0
1551445816 0
1551445817 0
1551445818 0
1551445819 0
1551445820 0
1551445821 0
1551445822 0
1551445823 0
1551445824 0
1551445825 0
1551445826 0
1551445827 0
1551445828 0
1551445829 0
1551445830 0
1551445831 0
1551445832 0
1551445833 0
1551445834 0
1551445835 0
1551445836 0
1551445837 0
1551445838 0
1551445839 0
1551445840 0
1551445841 0
1551445842 0
1551445843 0
1551445844 0
1551445845 0
1551445846 0
1551445847 0
1551445848 0
1551445849 0
1551445850 0
1551445851 0
1551445852 0
1551445853 0
1551445854 0
1551445855 0
1551445856 0
1551445857 0
1551445858 0
1551445859 0
1551445860 0
1551445861 0
1551445862 0
1551445863 0
1551445864 0
1551445865 0
1551445866 0
1551445867 0
1551445868 0
1551445869 0
1551445870 0
1551445871 0
1551445872 0
1551445873 0
1551445874 0
1551445875 0
1551445876 0
1551445877 0
1551445878 0
1551445879 0
1551445880 0
1551445881 0
1551445882 0
1551445883 0
1551445884 0
1551445885 0
1551445886 0
1551445887 0
1551445888 0
1551445889 0
1551445890 0
1551445891 0
1551445892 0
1551445893 0
1551445894 0
1551445895 0
1551445896 0
1551445897 0
1551445898 0
1551445899 0
1551445900 0
1551445901 0
1551445902 0
1551445903 0
1551445904 0
1551445905 0
1551445906 0
1551445907 0
1551445908 0
1551445909 0
1551445910 0
1551445911 0
1551445912 0
1551445913 0
1551445914 0
1551445915 0
1551445916 0
1551445917 0
1551445918 0
1551445919 0
1551445920 0
1551445921 0
1551445922 0
1551445923 0
1551445924 0
1551445925 0
1551445926 0
1551445927 0
1551445928 0
1551445929 0
1551445930 0
1551445931 0
1551445932 0
1551445933 0
1551445934 0
1551445935 0
1551445936 0
1551445937 0
1551445938 0
1551445939 0
1551445940 0
1551445941 0
1551445942 0
1551445943 0
1551445944 0
1551445945 0
1551445946 0
1551445947 0
1551445948 0
1551445949 0
1551445950 0
1551445951 0
1551445952 0
1551445953 0
1551445954 0
1551445955 0
1551445956 0
1551445957 0
1551445958 0
1551445959 0
1551445960 0
1551445961 0
1551445962 0
1551445963 0
1551445964 0
1551445965 0
1551445966 0
1551445967 0
1551445968 0
1551445969 0
1551445970 0
1551445971 0
1551445972 0
1551445973 0
1551445974 0
1551445975 0
1551445976 0
1551445977 0
1551445978 0
1551445979 0
1551445980 0
1551445981 0
1551445982 0
1551445983 0
1551445984 0
1551445985 0
1551445986 0
1551445987 0
1551445988 0
1551445989 0
1551445990 0
1551445991 0
1551445992 0
1551445993 0
1551445994 0
1551445995 0
1551445996 0
1551445997 0
1551445998 0
1551445999 0
1551446000 0
1551446001 0
1551446002 0
1551446003 0
1551446004 0
1551446005 0
1551446006 0
1551446007 0
1551446008 0
1551446009 0
1551446010 0
1551446011 0
1551446012 0
1551446013 0
1551446014 0
1551446015 0
1551446016 0
1551446017 0
1551446018 0
1551446019 0
1551446020 0
1551446021 0
1551446022 0
1551446023 0
1551446024 0
1551446025 0
1551446026 0
1551446027 0
1551446028 0
1551446029 0
1551446030 0
1551446031 0
1551446032 0
1551446033 0
1551446034 0
1551446035 0
1551446036 0
1551446037 0
1551446038 0
1551446039 0
1551446040 0
1551446041 0
1551446042 0
1551446043 0
1551446044 0
1551446045 0
1551446046 0
1551446047 0
1551446048 0
1551446049 0
1551446050 0
1551446051 0
1551446052 0
1551446053 0
1551446054 0
1551446055 0
1551446056 0
1551446057 0
1551446058 0
1551446059 0
1551446060 0
1551446061 0
1551446062 0
1551446063 0
1551446064 0
1551446065 0
1551446066 0
1551446067 0
1551446068 0
1551446069 0
1551446070 0
1551446071 0
1551446072 0
1551446073 0
1551446074 0
1551446075 0
1551446076 0
1551446077 0
1551446078 0
1551446079 0
1551446080 0
1551446081 0
1551446082 0
1551446083 0
1551446084 0
1551446085 0
1551446086 0
1551446087 0
1551446088 0
1551446089 0
1551446090 0
1551446091 0
1551446092 0
1551446093 0
1551446094 0
1551446095 0
1551446096 0
1551446097 0
1551446098 0
1551446099 0
1551446100 0
1551446101 0
1551446102 0
1551446103 0
1551446104 0
1551446105 0
1551446106 0
1551446107 0
1551446108 0
1551446109 0
1551446110 0
1551446111 0
1551446112 0
1551446113 0
1551446114 0
1551446115 0
1551446116 0
1551446117 0
1551446118 0
1551446119 0
1551446120 0
1551446121 0
1551446122 0
1551446123 0
1551446124 0
1551446125 0
1551446126 0
1551446127 0
1551446128 0
1551446129 0
1551446130 0
1551446131 0
1551446132 0
1551446133 0
1551446134 0
1551446135 0
1551446136 0
1551446137 0
1551446138 0
1551446139 0
1551446140 0
1551446141 0
1551446142 0
1551446143 0
1551446144 0
1551446145 0
1551446146 0
1551446147 0
1551446148 0
1551446149 0
1551446150 0
1551446151 0
1551446152 0
1551446153 0
1551446154 0
1551446155 0
1551446156 0
1551446157 0
1551446158 0
1551446159 0
1551446160 0
1551446161 0
1551446162 0
1551446163 0
1551446164 0
1551446165 0
1551446166 0
1551446167 0
1551446168 0
1551446169 0
1551446170 0
1551446171 0
1551446172 0
1551446173 0
1551446174 0
1551446175 0
1551446176 0
1551446177 0
1551446178 0
1551446179 0
1551446180 0
1551446181 0
1551446182 0
1551446183 0
1551446184 0
1551446185 0
1551446186 0
1551446187 0
1551446188 0
1551446189 0
1551446190 0
1551446191 0
1551446192 0
1551446193 0
1551446194 0
1551446195 0
1551446196 0
1551446197 0
1551446198 0
1551446199 0
1551446200 0
1551446201 0
1551446202 0
1551446203 0
1551446204 0
1551446205 0
1551446206 0
1551446207 0
1551446208 0
1551446209 0
1551446210 0
1551446211 0
1551446212 0
1551446213 0
1551446214 0
1551446215 0
1551446216 0
1551446217 0
1551446218 0
1551446219 0
1551446220 0
1551446221 0
1551446222 0
1551446223 0
1551446224 0
1551446225 0
1551446226 0
1551446227 0
1551446228 0
1551446229 0
1551446230 0
1551446231 0
1551446232 0
1551446233 0
1551446234 0
1551446235 0
1551446236 0
1551446237 0
1551446238 0
1551446239 0
1551446240 0
1551446241 0
1551446242 0
1551446243 0
1551446244 0
1551446245 0
1551446246 0
1551446247 0
1551446248 0
1551446249 0
1551446250 0
1551446251 0
1551446252 0
1551446253 0
1551446254 0
1551446255 0
1551446256 0
1551446257 0
1551446258 0
1551446259 0
1551446260 0
1551446261 0
1551446262 0
1551446263 0
1551446264 0
1551446265 0
1551446266 0
1551446267 0
1551446268 0
1551446269 0
1551446270 0
1551446271 0
1551446272 0
1551446273 0
1551446274 0
1551446275 0
1551446276 0
1551446277 0
1551446278 0
1551446279 0
1551446280 0
1551446281 0
1551446282 0
1551446283 0
1551446284 0
1551446285 0
1551446286 0
1551446287 0
1551446288 0
1551446289 0
1551446290 0
1551446291 0
1551446292 0
1551446293 0
1551446294 0
1551446295 0
1551446296 0
1551446297 0
1551446298 0
1551446299 0
1551446300 0
1551446301 0
1551446302 0
1551446303 0
1551446304 0
1551446305 0
1551446306 0
1551446307 0
1551446308 0
1551446309 0
1551446310 0
1551446311 0
1551446312 0
1551446313 0
1551446314 0
1551446315 0
1551446316 0
1551446317 0
1551446318 0
1551446319 0
1551446320 0
1551446321 0
1551446322 0
1551446323 0
1551446324 0
1551446325 0
1551446326 0
1551446327 0
1551446328 0
1551446329 0
1551446330 0
1551446331 0
1551446332 0
1551446333 0
1551446334 0
1551446335 0
1551446336 0
1551446337 0
1551446338 0
1551446339 0
1551446340 0
1551446341 0
1551446342 0
1551446343 0
1551446344 0
1551446345 0
1551446346 0
1551446347 0
1551446348 0
1551446349 0
1551446350 0
1551446351 0
1551446352 0
1551446353 0
1551446354 0
1551446355 0
1551446356 0
1551446357 0
1551446358 0
1551446359 0
1551446360 0
1551446361 0
1551446362 0
1551446363 0
1551446364 0
1551446365 0
1551446366 0
1551446367 0
1551446368 0
1551446369 0
1551446370 0
1551446371 0
1551446372 0
1551446373 0
1551446374 0
1551446375 0
1551446376 0
1551446377 0
1551446378 0
1551446379 0
1551446380 0
1551446381 0
1551446382 0
1551446383 0
1551446384 0
1551446385 0
1551446386 0
1551446387 0
1551446388 0
1551446389 0
1551446390 0
1551446391 0
1551446392 0
1551446393 0
1551446394 0
1551446395 0
1551446396 0
1551446397 0
1551446398 0
1551446399 0
1551446400 0
1551446401 0
1551446402 0
1551446403 0
1551446404 0
1551446405 0
1551446406 0
1551446407 0
1551446408 0
1551446409 0
1551446410 0
1551446411 0
1551446412 0
1551446413 0
1551446414 0
1551446415 0
1551446416 0
1551446417 0
1551446418 0
1551446419 0
1551446420 0
1551446421 0
1551446422 0
1551446423 0
1551446424 0
1551446425 0
1551446426 0
1551446427 0
1551446428 0
1551446429 0
1551446430 0
1551446431 0
1551446432 0
1551446433 0
1551446434 0
1551446435 0
1551446436 0
1551446437 0
1551446438 0
1551446439 0
1551446440 0
1551446441 0
1551446442 0
1551446443 0
1551446444 0
1551446445 0
1551446446 0
1551446447 0
1551446448 0
1551446449 0
1551446450 0
1551446451 0
1551446452 0
1551446453 0
1551446454 0
1551446455 0
1551446456 0
1551446457 0
1551446458 0
1551446459 0
1551446460 0
1551446461 0
1551446462 0
1551446463 0
1551446464 0
1551446465 0
1551446466 0
1551446467 0
1551446468 0
1551446469 0
1551446470 0
1551446471 0
1551446472 0
1551446473 0
1551446474 0
1551446475 0
1551446476 0
1551446477 0
1551446478 0
1551446479 0
1551446480 0
1551446481 0
1551446482 0
1551446483 0
1551446484 0
1551446485 0
1551446486 0
1551446487 0
1551446488 0
1551446489 0
1551446490 0
1551446491 0
1551446492 0
1551446493 0
1551446494 0
1551446495 0
1551446496 0
1551446497 0
1551446498 0
1551446499 0
1551446500 0
1551446501 0
1551446502 0
1551446503 0
1551446504 0
1551446505 0
1551446506 0
1551446507 0
1551446508 0
1551446509 0
1551446510 0
1551446511 0
1551446512 0
1551446513 0
1551446514 0
1551446515 0
1551446516 0
1551446517 0
1551446518 0
1551446519 0
1551446520 0
1551446521 0
1551446522 0
1551446523 0
1551446524 0
1551446525 0
1551446526 0
1551446527 0
1551446528 0
1551446529 0
1551446530 0
1551446531 0
1551446532 0
1551446533 0
1551446534 0
1551446535 0
1551446536 0
1551446537 0
1551446538 0
1551446539 0
1551446540 0
1551446541 0
1551446542 0
1551446543 0
1551446544 0
1551446545 0
1551446546 0
1551446547 0
1551446548 0
1551446549 0
1551446550 0
1551446551 0
1551446552 0
1551446553 0
1551446554 0
1551446555 0
1551446556 0
1551446557 0
1551446558 0
1551446559 0
1551446560 0
1551446561 0
1551446562 0
1551446563 0
1551446564 0
1551446565 0
1551446566 0
1551446567 0
1551446568 0
1551446569 0
1551446570 0
1551446571 0
1551446572 0
1551446573 0
1551446574 0
1551446575 0
1551446576 0
1551446577 0
1551446578 0
1551446579 0
1551446580 0
1551446581 0
1551446582 0
1551446583 0
1551446584 0
1551446585 0
1551446586 0
1551446587 0
1551446588 0
1551446589 0
1551446590 0
1551446591 0
1551446592 0
1551446593 0
1551446594 0
1551446595 0
1551446596 0
1551446597 0
1551446598 0
1551446599 0
1551446600 0
1551446601 0
1551446602 0
1551446603 0
1551446604 0
1551446605 0
1551446606 0
1551446607 0
1551446608 0
1551446609 0
1551446610 0
1551446611 0
1551446612 0
1551446613 0
1551446614 0
1551446615 0
1551446616 0
1551446617 0
1551446618 0
1551446619 0
1551446620 0
1551446621 0
1551446622 0
1551446623 0
1551446624 0
1551446625 0
1551446626 0
1551446627 0
1551446628 0
1551446629 0
1551446630 0
1551446631 0
1551446632 0
1551446633 0
1551446634 0
1551446635 0
1551446636 0
1551446637 0
1551446638 0
1551446639 0
1551446640 0
1551446641 0
1551446642 0
1551446643 0
1551446644 0
1551446645 0
1551446646 0
1551446647 0
1551446648 0
1551446649 0
1551446650 0
1551446651 0
1551446652 0
1551446653 0
1551446654 0
1551446655 0
1551446656 0
1551446657 0
1551446658 0
1551446659 0
1551446660 0
1551446661 0
1551446662 0
1551446663 0
1551446664 0
1551446665 0
1551446666 0
1551446667 0
1551446668 0
1551446669 0
1551446670 0
1551446671 0
1551446672 0
1551446673 0
1551446674 0
1551446675 0
1551446676 0
1551446677 0
1551446678 0
1551446679 0
1551446680 0
1551446681 0
1551446682 0
1551446683 0
1551446684 0
1551446685 0
1551446686 0
1551446687 0
1551446688 0
1551446689 0
1551446690 0
1551446691 0
1551446692 0
1551446693 0
1551446694 0
1551446695 0
1551446696 0
1551446697 0
1551446698 0
1551446699 0
1551446700 0
1551446701 0
1551446702 0
1551446703 0
1551446704 0
1551446705 0
1551446706 0
1551446707 0
1551446708 0
1551446709 0
1551446710 0
1551446711 0
1551446712 0
1551446713 0
1551446714 0
1551446715 0
1551446716 0
1551446717 0
1551446718 0
1551446719 0
1551446720 0
1551446721 0
1551446722 0
1551446723 0
1551446724 0
1551446725 0
1551446726 0
1551446727 0
1551446728 0
1551446729 0
1551446730 0
1551446731 0
1551446732 0
1551446733 0
1551446734 0
1551446735 0
1551446736 0
1551446737 0
1551446738 0
1551446739 0
1551446740 0
1551446741 0
1551446742 0
1551446743 0
1551446744 0
1551446745 0
1551446746 0
1551446747 0
1551446748 0
1551446749 0
1551446750 0
1551446751 0
1551446752 0
1551446753 0
1551446754 0
1551446755 0
1551446756 0
1551446757 0
1551446758 0
1551446759 0
1551446760 0
1551446761 0
1551446762 0
1551446763 0
1551446764 0
1551446765 0
1551446766 0
1551446767 0
1551446768 0
1551446769 0
1551446770 0
1551446771 0
1551446772 0
1551446773 0
1551446774 0
1551446775 0
1551446776 0
1551446777 0
1551446778 0
1551446779 0
1551446780 0
1551446781 0
1551446782 0
1551446783 0
1551446784 0
1551446785 0
1551446786 0
1551446787 0
1551446788 0
1551446789 0
1551446790 0
1551446791 0
1551446792 0
1551446793 0
1551446794 0
1551446795 0
1551446796 0
1551446797 0
1551446798 0
1551446799 0
1551446800 0
1551446801 0
1551446802 0
1551446803 0
1551446804 0
1551446805 0
1551446806 0
1551446807 0
1551446808 0
1551446809 0
1551446810 0
1551446811 0
1551446812 0
1551446813 0
1551446814 0
1551446815 0
1551446816 0
1551446817 0
1551446818 0
1551446819 0
1551446820 0
1551446821 0
1551446822 0
1551446823 0
1551446824 0
1551446825 0
1551446826 0
1551446827 0
1551446828 0
1551446829 0
1551446830 0
1551446831 0
1551446832 0
1551446833 0
1551446834 0
1551446835 0
1551446836 0
1551446837 0
1551446838 0
1551446839 0
1551446840 0
1551446841 0
1551446842 0
1551446843 0
1551446844 0
1551446845 0
1551446846 0
1551446847 0
1551446848 0
1551446849 0
1551446850 0
1551446851 0
1551446852 0
1551446853 0
1551446854 0
1551446855 0
1551446856 0
1551446857 0
1551446858 0
1551446859 0
1551446860 0
1551446861 0
1551446862 0
1551446863 0
1551446864 0
1551446865 0
1551446866 0
1551446867 0
1551446868 0
1551446869 0
1551446870 0
1551446871 0
1551446872 0
1551446873 0
1551446874 0
1551446875 0
1551446876 0
1551446877 0
1551446878 0
1551446879 0
1551446880 0
1551446881 0
1551446882 0
1551446883 0
1551446884 0
1551446885 0
1551446886 0
1551446887 0
1551446888 0
1551446889 0
1551446890 0
1551446891 0
1551446892 0
1551446893 0
1551446894 0
1551446895 0
1551446896 0
1551446897 0
1551446898 0
1551446899 0
1551446900 0
1551446901 0
1551446902 0
1551446903 0
1551446904 0
1551446905 0
1551446906 0
1551446907 0
1551446908 0
1551446909 0
1551446910 0
1551446911 0
1551446912 0
1551446913 0
1551446914 0
1551446915 0
1551446916 0
1551446917 0
1551446918 0
1551446919 0
1551446920 0
1551446921 0
1551446922 0
1551446923 0
1551446924 0
1551446925 0
1551446926 0
1551446927 0
1551446928 0
1551446929 0
1551446930 0
1551446931 0
1551446932 0
1551446933 0
1551446934 0
1551446935 0
1551446936 0
1551446937 0
1551446938 0
1551446939 0
1551446940 0
1551446941 0
1551446942 0
1551446943 0
1551446944 0
1551446945 0
1551446946 0
1551446947 0
1551446948 0
1551446949 0
1551446950 0
1551446951 0
1551446952 0
1551446953 0
1551446954 0
1551446955 0
1551446956 0
1551446957 0
1551446958 0
1551446959 0
1551446960 0
1551446961 0
1551446962 0
1551446963 0
1551446964 0
1551446965 0
1551446966 0
1551446967 0
1551446968 0
1551446969 0
1551446970 0
1551446971 0
1551446972 0
1551446973 0
1551446974 0
1551446975 0
1551446976 0
1551446977 0
1551446978 0
1551446979 0
1551446980 0
1551446981 0
1551446982 0
1551446983 0
1551446984 0
1551446985 0
1551446986 0
1551446987 0
1551446988 0
1551446989 0
1551446990 0
1551446991 0
1551446992 0
1551446993 0
1551446994 0
1551446995 0
1551446996 0
1551446997 0
1551446998 0
1551446999 0
1551447000 0
1551447001 0
1551447002 0
1551447003 0
1551447004 0
1551447005 0
1551447006 0
1551447007 0
1551447008 0
1551447009 0
1551447010 0
1551447011 0
1551447012 0
1551447013 0
1551447014 0
1551447015 0
1551447016 0
1551447017 0
1551447018 0
1551447019 0
1551447020 0
1551447021 0
1551447022 0
1551447023 0
1551447024 0
1551447025 0
1551447026 0
1551447027 0
1551447028 0
1551447029 0
1551447030 0
1551447031 0
1551447032 0
1551447033 0
1551447034 0
1551447035 0
1551447036 0
1551447037 0
1551447038 0
1551447039 0
1551447040 0
1551447041 0
1551447042 0
1551447043 0
1551447044 0
1551447045 0
1551447046 0
1551447047 0
1551447048 0
1551447049 0
1551447050 0
1551447051 0
1551447052 0
1551447053 0
1551447054 0
1551447055 0
1551447056 0
1551447057 0
1551447058 0
1551447059 0
1551447060 0
1551447061 0
1551447062 0
1551447063 0
1551447064 0
1551447065 0
1551447066 0
1551447067 0
1551447068 0
1551447069 0
1551447070 0
1551447071 0
1551447072 0
1551447073 0
1551447074 0
1551447075 0
1551447076 0
1551447077 0
1551447078 0
1551447079 0
1551447080 0
1551447081 0
1551447082 0
1551447083 0
1551447084 0
1551447085 0
1551447086 0
1551447087 0
1551447088 0
1551447089 0
1551447090 0
1551447091 0
1551447092 0
1551447093 0
1551447094 0
1551447095 0
1551447096 0
1551447097 0
1551447098 0
1551447099 0
1551447100 0
1551447101 0
1551447102 0
1551447103 0
1551447104 0
1551447105 0
1551447106 0
1551447107 0
1551447108 0
1551447109 0
1551447110 0
1551447111 0
1551447112 0
1551447113 0
1551447114 0
1551447115 0
1551447116 0
1551447117 0
1551447118 0
1551447119 0
1551447120 0
1551447121 0
1551447122 0
1551447123 0
1551447124 0
1551447125 0
1551447126 0
1551447127 0
1551447128 0
1551447129 0
1551447130 0
1551447131 0
1551447132 0
1551447133 0
1551447134 0
1551447135 0
1551447136 0
1551447137 0
1551447138 0
1551447139 0
1551447140 0
1551447141 0
1551447142 0
1551447143 0
1551447144 0
1551447145 0
1551447146 0
1551447147 0
1551447148 0
1551447149 0
1551447150 0
1551447151 0
1551447152 0
1551447153 0
1551447154 0
1551447155 0
1551447156 0
1551447157 0
1551447158 0
1551447159 0
1551447160 0
1551447161 0
1551447162 0
1551447163 0
1551447164 0
1551447165 0
1551447166 0
1551447167 0
1551447168 0
1551447169 0
1551447170 0
1551447171 0
1551447172 0
1551447173 0
1551447174 0
1551447175 0
1551447176 0
1551447177 0
1551447178 0
1551447179 0
1551447180 0
1551447181 0
1551447182 0
1551447183 0
1551447184 0
1551447185 0
1551447186 0
1551447187 0
1551447188 0
1551447189 0
1551447190 0
1551447191 0
1551447192 0
1551447193 0
1551447194 0
1551447195 0
1551447196 0
1551447197 0
1551447198 0
1551447199 0
1551447200 0
1551447201 0
1551447202 0
1551447203 0
1551447204 0
1551447205 0
1551447206 0
1551447207 0
1551447208 0
1551447209 0
1551447210 0
1551447211 0
1551447212 0
1551447213 0
1551447214 0
1551447215 0
1551447216 0
1551447217 0
1551447218 0
1551447219 0
1551447220 0
1551447221 0
1551447222 0
1551447223 0
1551447224 0
1551447225 0
1551447226 0
1551447227 0
1551447228 0
1551447229 0
1551447230 0
1551447231 0
1551447232 0
1551447233 0
1551447234 0
1551447235 0
1551447236 0
1551447237 0
1551447238 0
1551447239 0
1551447240 0
1551447241 0
1551447242 0
1551447243 0
1551447244 0
1551447245 0
1551447246 0
1551447247 0
1551447248 0
1551447249 0
1551447250 0
1551447251 0
1551447252 0
1551447253 0
1551447254 0
1551447255 0
1551447256 0
1551447257 0
1551447258 0
1551447259 0
1551447260 0
1551447261 0
1551447262 0
1551447263 0
1551447264 0
1551447265 0
1551447266 0
1551447267 0
1551447268 0
1551447269 0
1551447270 0
1551447271 0
1551447272 0
1551447273 0
1551447274 0
1551447275 0
1551447276 0
1551447277 0
1551447278 0
1551447279 0
1551447280 0
1551447281 0
1551447282 0
1551447283 0
1551447284 0
1551447285 0
1551447286 0
1551447287 0
1551447288 0
1551447289 0
1551447290 0
1551447291 0
1551447292 0
1551447293 0
1551447294 0
1551447295 0
1551447296 0
1551447297 0
1551447298 0
1551447299 0
1551447300 0
1551447301 0
1551447302 0
1551447303 0
1551447304 0
1551447305 0
1551447306 0
1551447307 0
1551447308 0
1551447309 0
1551447310 0
1551447311 0
1551447312 0
1551447313 0
1551447314 0
1551447315 0
1551447316 0
1551447317 0
1551447318 0
1551447319 0
1551447320 0
1551447321 0
1551447322 0
1551447323 0
1551447324 0
1551447325 0
1551447326 0
1551447327 0
1551447328 0
1551447329 0
1551447330 0
1551447331 0
1551447332 0
1551447333 0
1551447334 0
1551447335 0
1551447336 0
1551447337 0
1551447338 0
1551447339 0
1551447340 0
1551447341 0
1551447342 0
1551447343 0
1551447344 0
1551447345 0
1551447346 0
1551447347 0
1551447348 0
1551447349 0
1551447350 0
1551447351 0
1551447352 0
1551447353 0
1551447354 0
1551447355 0
1551447356 0
1551447357 0
1551447358 0
1551447359 0
1551447360 0
1551447361 0
1551447362 0
1551447363 0
1551447364 0
1551447365 0
1551447366 0
1551447367 0
1551447368 0
1551447369 0
1551447370 0
1551447371 0
1551447372 0
1551447373 0
1551447374 0
1551447375 0
1551447376 0
1551447377 0
1551447378 0
1551447379 0
1551447380 0
1551447381 0
1551447382 0
1551447383 0
1551447384 0
1551447385 0
1551447386 0
1551447387 0
1551447388 0
1551447389 0
1551447390 0
1551447391 0
1551447392 0
1551447393 0
1551447394 0
1551447395 0
1551447396 0
1551447397 0
1551447398 0
1551447399 0
1551447400 0
1551447401 0
1551447402 0
1551447403 0
1551447404 0
1551447405 0
1551447406 0
1551447407 0
1551447408 0
1551447409 0
1551447410 0
1551447411 0
1551447412 0
1551447413 0
1551447414 0
1551447415 0
1551447416 0
1551447417 0
1551447418 0
1551447419 0
1551447420 0
1551447421 0
1551447422 0
1551447423 0
1551447424 0
1551447425 0
1551447426 0
1551447427 0
1551447428 0
1551447429 0
1551447430 0
1551447431 0
1551447432 0
1551447433 0
1551447434 0
1551447435 0
1551447436 0
1551447437 0
1551447438 0
1551447439 0
1551447440 0
1551447441 0
1551447442 0
1551447443 0
1551447444 0
1551447445 0
1551447446 0
1551447447 0
1551447448 0
1551447449 0
1551447450 0
1551447451 0
1551447452 0
1551447453 0
1551447454 0
1551447455 0
1551447456 0
1551447457 0
1551447458 0
1551447459 0
1551447460 0
1551447461 0
1551447462 0
1551447463 0
1551447464 0
1551447465 0
1551447466 0
1551447467 0
1551447468 0
1551447469 0
1551447470 0
1551447471 0
1551447472 0
1551447473 0
1551447474 0
1551447475 0
1551447476 0
1551447477 0
1551447478 0
1551447479 0
1551447480 0
1551447481 0
1551447482 0
1551447483 0
1551447484 0
1551447485 0
1551447486 0
1551447487 0
1551447488 0
1551447489 0
1551447490 0
1551447491 0
1551447492 0
1551447493 0
1551447494 0
1551447495 0
1551447496 0
1551447497 0
1551447498 0
1551447499 0
1551447500 0
1551447501 0
1551447502 0
1551447503 0
1551447504 0
1551447505 0
1551447506 0
1551447507 0
1551447508 0
1551447509 0
1551447510 0
1551447511 0
1551447512 0
1551447513 0
1551447514 0
1551447515 0
1551447516 0
1551447517 0
1551447518 0
1551447519 0
1551447520 0
1551447521 0
1551447522 0
1551447523 0
1551447524 0
1551447525 0
1551447526 0
1551447527 0
1551447528 0
1551447529 0
1551447530 0
1551447531 0
1551447532 0
1551447533 0
1551447534 0
1551447535 0
1551447536 0
1551447537 0
1551447538 0
1551447539 0
1551447540 0
1551447541 0
1551447542 0
1551447543 0
1551447544 0
1551447545 0
1551447546 0
1551447547 0
1551447548 0
1551447549 0
1551447550 0
1551447551 0
1551447552 0
1551447553 0
1551447554 0
1551447555 0
1551447556 0
1551447557 0
1551447558 0
1551447559 0
1551447560 0
1551447561 0
1551447562 0
1551447563 0
1551447564 0
1551447565 0
1551447566 0
1551447567 0
1551447568 0
1551447569 0
1551447570 0
1551447571 0
1551447572 0
1551447573 0
1551447574 0
1551447575 0
1551447576 0
1551447577 0
1551447578 0
1551447579 0
1551447580 0
1551447581 0
1551447582 0
1551447583 0
1551447584 0
1551447585 0
1551447586 0
1551447587 0
1551447588 0
1551447589 0
1551447590 0
1551447591 0
1551447592 0
1551447593 0
1551447594 0
1551447595 0
1551447596 0
1551447597 0
1551447598 0
1551447599 0
1551447600 0
1551447601 0
1551447602 0
1551447603 0
1551447604 0
1551447605 0
1551447606 0
1551447607 0
1551447608 0
1551447609 0
1551447610 0
1551447611 0
1551447612 0
1551447613 0
1551447614 0
1551447615 0
1551447616 0
1551447617 0
1551447618 0
1551447619 0
1551447620 0
1551447621 0
1551447622 0
1551447623 0
1551447624 0
1551447625 0
1551447626 0
1551447627 0
1551447628 0
1551447629 0
1551447630 0
1551447631 0
1551447632 0
1551447633 0
1551447634 0
1551447635 0
1551447636 0
1551447637 0
1551447638 0
1551447639 0
1551447640 0
1551447641 0
1551447642 0
1551447643 0
1551447644 0
1551447645 0
1551447646 0
1551447647 0
1551447648 0
1551447649 0
1551447650 0
1551447651 0
1551447652 0
1551447653 0
1551447654 0
1551447655 0
1551447656 0
1551447657 0
1551447658 0
1551447659 0
1551447660 0
1551447661 0
1551447662 0
1551447663 0
1551447664 0
1551447665 0
1551447666 0
1551447667 0
1551447668 0
1551447669 0
1551447670 0
1551447671 0
1551447672 0
1551447673 0
1551447674 0
1551447675 0
1551447676 0
1551447677 0
1551447678 0
1551447679 0
1551447680 0
1551447681 0
1551447682 0
1551447683 0
1551447684 0
1551447685 0
1551447686 0
1551447687 0
1551447688 0
1551447689 0
1551447690 0
1551447691 0
1551447692 0
1551447693 0
1551447694 0
1551447695 0
1551447696 0
1551447697 0
1551447698 0
1551447699 0
1551447700 0
1551447701 0
1551447702 0
1551447703 0
1551447704 0
1551447705 0
1551447706 0
1551447707 0
1551447708 0
1551447709 0
1551447710 0
1551447711 0
1551447712 0
1551447713 0
1551447714 0
1551447715 0
1551447716 0
1551447717 0
1551447718 0
1551447719 0
1551447720 0
1551447721 0
1551447722 0
1551447723 0
1551447724 0
1551447725 0
1551447726 0
1551447727 0
1551447728 0
1551447729 0
1551447730 0
1551447731 0
1551447732 0
1551447733 0
1551447734 0
1551447735 0
1551447736 0
1551447737 0
1551447738 0
1551447739 0
1551447740 0
1551447741 0
1551447742 0
1551447743 0
1551447744 0
1551447745 0
1551447746 0
1551447747 0
1551447748 0
1551447749 0
1551447750 0
1551447751 0
1551447752 0
1551447753 0
1551447754 0
1551447755 0
1551447756 0
1551447757 0
1551447758 0
1551447759 0
1551447760 0
1551447761 0
1551447762 0
1551447763 0
1551447764 0
1551447765 0
1551447766 0
1551447767 0
1551447768 0
1551447769 0
1551447770 0
1551447771 0
1551447772 0
1551447773 0
1551447774 0
1551447775 0
1551447776 0
1551447777 0
1551447778 0
1551447779 0
1551447780 0
1551447781 0
1551447782 0
1551447783 0
1551447784 0
1551447785 0
1551447786 0
1551447787 0
1551447788 0
1551447789 0
1551447790 0
1551447791 0
1551447792 0
1551447793 0
1551447794 0
1551447795 0
1551447796 0
1551447797 0
1551447798 0
1551447799 0
1551447800 0
1551447801 0
1551447802 0
1551447803 0
1551447804 0
1551447805 0
1551447806 0
1551447807 0
1551447808 0
1551447809 0
1551447810 0
1551447811 0
1551447812 0
1551447813 0
1551447814 0
1551447815 0
1551447816 0
1551447817 0
1551447818 0
1551447819 0
1551447820 0
1551447821 0
1551447822 0
1551447823 0
1551447824 0
1551447825 0
1551447826 0
1551447827 0
1551447828 0
1551447829 0
1551447830 0
1551447831 0
1551447832 0
1551447833 0
1551447834 0
1551447835 0
1551447836 0
1551447837 0
1551447838 0
1551447839 0
1551447840 0
1551447841 0
1551447842 0
1551447843 0
1551447844 0
1551447845 0
1551447846 0
1551447847 0
1551447848 0
1551447849 0
1551447850 0
1551447851 0
1551447852 0
1551447853 0
1551447854 0
1551447855 0
1551447856 0
1551447857 0
1551447858 0
1551447859 0
1551447860 0
1551447861 0
1551447862 0
1551447863 0
1551447864 0
1551447865 0
1551447866 0
1551447867 0
1551447868 0
1551447869 0
1551447870 0
1551447871 0
1551447872 0
1551447873 0
1551447874 0
1551447875 0
1551447876 0
1551447877 0
1551447878 0
1551447879 0
1551447880 0
1551447881 0
1551447882 0
1551447883 0
1551447884 0
1551447885 0
1551447886 0
1551447887 0
1551447888 0
1551447889 0
1551447890 0
1551447891 0
1551447892 0
1551447893 0
1551447894 0
1551447895 0
1551447896 0
1551447897 0
1551447898 0
1551447899 0
1551447900 0
1551447901 0
1551447902 0
1551447903 0
1551447904 0
1551447905 0
1551447906 0
1551447907 0
1551447908 0
1551447909 0
1551447910 0
1551447911 0
1551447912 0
1551447913 0
1551447914 0
1551447915 0
1551447916 0
1551447917 0
1551447918 0
1551447919 0
1551447920 0
1551447921 0
1551447922 0
1551447923 0
1551447924 0
1551447925 0
1551447926 0
1551447927 0
1551447928 0
1551447929 0
1551447930 0
1551447931 0
1551447932 0
1551447933 0
1551447934 0
1551447935 0
1551447936 0
1551447937 0
1551447938 0
1551447939 0
1551447940 0
1551447941 0
1551447942 0
1551447943 0
1551447944 0
1551447945 0
1551447946 0
1551447947 0
1551447948 0
1551447949 0
1551447950 0
1551447951 0
1551447952 0
1551447953 0
1551447954 0
1551447955 0
1551447956 0
1551447957 0
1551447958 0
1551447959 0
1551447960 0
1551447961 0
1551447962 0
1551447963 0
1551447964 0
1551447965 0
1551447966 0
1551447967 0
1551447968 0
1551447969 0
1551447970 0
1551447971 0
1551447972 0
1551447973 0
1551447974 0
1551447975 0
1551447976 0
1551447977 0
1551447978 0
1551447979 0
1551447980 0
1551447981 0
1551447982 0
1551447983 0
1551447984 0
1551447985 0
1551447986 0
1551447987 0
1551447988 0
1551447989 0
1551447990 0
1551447991 0
1551447992 0
1551447993 0
1551447994 0
1551447995 0
1551447996 0
1551447997 0
1551447998 0
1551447999 0
1551448000 0
1551448001 0
1551448002 0
1551448003 0
1551448004 0
1551448005 0
1551448006 0
1551448007 0
1551448008 0
1551448009 0
1551448010 0
1551448011 0
1551448012 0
1551448013 0
1551448014 0
1551448015 0
1551448016 0
1551448017 0
1551448018 0
1551448019 0
1551448020 0
1551448021 0
1551448022 0
1551448023 0
1551448024 0
1551448025 0
1551448026 0
1551448027 0
1551448028 0
1551448029 0
1551448030 0
1551448031 0
1551448032 0
1551448033 0
1551448034 0
1551448035 0
1551448036 0
1551448037 0
1551448038 0
1551448039 0
1551448040 0
1551448041 0
1551448042 0
1551448043 0
1551448044 0
1551448045 0
1551448046 0
1551448047 0
1551448048 0
1551448049 0
1551448050 0
1551448051 0
1551448052 0
1551448053 0
1551448054 0
1551448055 0
1551448056 0
1551448057 0
1551448058 0
1551448059 0
1551448060 0
1551448061 0
1551448062 0
1551448063 0
1551448064 0
1551448065 0
1551448066 0
1551448067 0
1551448068 0
1551448069 0
1551448070 0
1551448071 0
1551448072 0
1551448073 0
1551448074 0
1551448075 0
1551448076 0
1551448077 0
1551448078 0
1551448079 0
1551448080 0
1551448081 0
1551448082 0
1551448083 0
1551448084 0
1551448085 0
1551448086 0
1551448087 0
1551448088 0
1551448089 0
1551448090 0
1551448091 0
1551448092 0
1551448093 0
1551448094 0
1551448095 0
1551448096 0
1551448097 0
1551448098 0
1551448099 0
1551448100 0
1551448101 0
1551448102 0
1551448103 0
1551448104 0
1551448105 0
1551448106 0
1551448107 0
1551448108 0
1551448109 0
1551448110 0
1551448111 0
1551448112 0
1551448113 0
1551448114 0
1551448115 0
1551448116 0
1551448117 0
1551448118 0
1551448119 0
1551448120 0
1551448121 0
1551448122 0
1551448123 0
1551448124 0
1551448125 0
1551448126 0
1551448127 0
1551448128 0
1551448129 0
1551448130 0
1551448131 0
1551448132 0
1551448133 0
1551448134 0
1551448135 0
1551448136 0
1551448137 0
1551448138 0
1551448139 0
1551448140 0
1551448141 0
1551448142 0
1551448143 0
1551448144 0
1551448145 0
1551448146 0
1551448147 0
1551448148 0
1551448149 0
1551448150 0
1551448151 0
1551448152 0
1551448153 0
1551448154 0
1551448155 0
1551448156 0
1551448157 0
1551448158 0
1551448159 0
1551448160 0
1551448161 0
1551448162 0
1551448163 0
1551448164 0
1551448165 0
1551448166 0
1551448167 0
1551448168 0
1551448169 0
1551448170 0
1551448171 0
1551448172 0
1551448173 0
1551448174 0
1551448175 0
1551448176 0
1551448177 0
1551448178 0
1551448179 0
1551448180 0
1551448181 0
1551448182 0
1551448183 0
1551448184 0
1551448185 0
1551448186 0
1551448187 0
1551448188 0
1551448189 0
1551448190 0
1551448191 0
1551448192 0
1551448193 0
1551448194 0
1551448195 0
1551448196 0
1551448197 0
1551448198 0
1551448199 0
1551448200 0
1551448201 0
1551448202 0
1551448203 0
1551448204 0
1551448205 0
1551448206 0
1551448207 0
1551448208 0
1551448209 0
1551448210 0
1551448211 0
1551448212 0
1551448213 0
1551448214 0
1551448215 0
1551448216 0
1551448217 0
1551448218 0
1551448219 0
1551448220 0
1551448221 0
1551448222 0
1551448223 0
1551448224 0
1551448225 0
1551448226 0
1551448227 0
1551448228 0
1551448229 0
1551448230 0
1551448231 0
1551448232 0
1551448233 0
1551448234 0
1551448235 0
1551448236 0
1551448237 0
1551448238 0
1551448239 0
1551448240 0
1551448241 0
1551448242 0
1551448243 0
1551448244 0
1551448245 0
1551448246 0
1551448247 0
1551448248 0
1551448249 0
1551448250 0
1551448251 0
1551448252 0
1551448253 0
1551448254 0
1551448255 0
1551448256 0
1551448257 0
1551448258 0
1551448259 0
1551448260 0
1551448261 0
1551448262 0
1551448263 0
1551448264 0
1551448265 0
1551448266 0
1551448267 0
1551448268 0
1551448269 0
1551448270 0
1551448271 0
1551448272 0
1551448273 0
1551448274 0
1551448275 0
1551448276 0
1551448277 0
1551448278 0
1551448279 0
1551448280 0
1551448281 0
1551448282 0
1551448283 0
1551448284 0
1551448285 0
1551448286 0
1551448287 0
1551448288 0
1551448289 0
1551448290 0
1551448291 0
1551448292 0
1551448293 0
1551448294 0
1551448295 0
1551448296 0
1551448297 0
1551448298 0
1551448299 0
1551448300 0
1551448301 0
1551448302 0
1551448303 0
1551448304 0
1551448305 0
1551448306 0
1551448307 0
1551448308 0
1551448309 0
1551448310 0
1551448311 0
1551448312 0
1551448313 0
1551448314 0
1551448315 0
1551448316 0
1551448317 0
1551448318 0
1551448319 0
1551448320 0
1551448321 0
1551448322 0
1551448323 0
1551448324 0
1551448325 0
1551448326 0
1551448327 0
1551448328 0
1551448329 0
1551448330 0
1551448331 0
1551448332 0
1551448333 0
1551448334 0
1551448335 0
1551448336 0
1551448337 0
1551448338 0
1551448339 0
1551448340 0
1551448341 0
1551448342 0
1551448343 0
1551448344 0
1551448345 0
1551448346 0
1551448347 0
1551448348 0
1551448349 0
1551448350 0
1551448351 0
1551448352 0
1551448353 0
1551448354 0
1551448355 0
1551448356 0
1551448357 0
1551448358 0
1551448359 0
1551448360 0
1551448361 0
1551448362 0
1551448363 0
1551448364 0
1551448365 0
1551448366 0
1551448367 0
1551448368 0
1551448369 0
1551448370 0
1551448371 0
1551448372 0
1551448373 0
1551448374 0
1551448375 0
1551448376 0
1551448377 0
1551448378 0
1551448379 0
1551448380 0
1551448381 0
1551448382 0
1551448383 0
1551448384 0
1551448385 0
1551448386 0
1551448387 0
1551448388 0
1551448389 0
1551448390 0
1551448391 0
1551448392 0
1551448393 0
1551448394 0
1551448395 0
1551448396 0
1551448397 0
1551448398 0
1551448399 0
1551448400 0
1551448401 0
1551448402 0
1551448403 0
1551448404 0
1551448405 0
1551448406 0
1551448407 0
1551448408 0
1551448409 0
1551448410 0
1551448411 0
1551448412 0
1551448413 0
1551448414 0
1551448415 0
1551448416 0
1551448417 0
1551448418 0
1551448419 0
1551448420 0
1551448421 0
1551448422 0
1551448423 0
1551448424 0
1551448425 0
1551448426 0
1551448427 0
1551448428 0
1551448429 0
1551448430 0
1551448431 0
1551448432 0
1551448433 0
1551448434 0
1551448435 0
1551448436 0
1551448437 0
1551448438 0
1551448439 0
1551448440 0
1551448441 0
1551448442 0
1551448443 0
1551448444 0
1551448445 0
1551448446 0
1551448447 0
1551448448 0
1551448449 0
1551448450 0
1551448451 0
1551448452 0
1551448453 0
1551448454 0
1551448455 0
1551448456 0
1551448457 0
1551448458 0
1551448459 0
1551448460 0
1551448461 0
1551448462 0
1551448463 0
1551448464 0
1551448465 0
1551448466 0
1551448467 0
1551448468 0
1551448469 0
1551448470 0
1551448471 0
1551448472 0
1551448473 0
1551448474 0
1551448475 0
1551448476 0
1551448477 0
1551448478 0
1551448479 0
1551448480 0
1551448481 0
1551448482 0
1551448483 0
1551448484 0
1551448485 0
1551448486 0
1551448487 0
1551448488 0
1551448489 0
1551448490 0
1551448491 0
1551448492 0
1551448493 0
1551448494 0
1551448495 0
1551448496 0
1551448497 0
1551448498 0
1551448499 0
1551448500 0
1551448501 0
1551448502 0
1551448503 0
1551448504 0
1551448505 0
1551448506 0
1551448507 0
1551448508 0
1551448509 0
1551448510 0
1551448511 0
1551448512 0
1551448513 0
1551448514 0
1551448515 0
1551448516 0
1551448517 0
1551448518 0
1551448519 0
1551448520 0
1551448521 0
1551448522 0
1551448523 0
1551448524 0
1551448525 0
1551448526 0
1551448527 0
1551448528 0
1551448529 0
1551448530 0
1551448531 0
1551448532 0
1551448533 0
1551448534 0
1551448535 0
1551448536 0
1551448537 0
1551448538 0
1551448539 0
1551448540 0
1551448541 0
1551448542 0
1551448543 0
1551448544 0
1551448545 0
1551448546 0
1551448547 0
1551448548 0
1551448549 0
1551448550 0
1551448551 0
1551448552 0
1551448553 0
1551448554 0
1551448555 0
1551448556 0
1551448557 0
1551448558 0
1551448559 0
1551448560 0
1551448561 0
1551448562 0
1551448563 0
1551448564 0
1551448565 0
1551448566 0
1551448567 0
1551448568 0
1551448569 0
1551448570 0
1551448571 0
1551448572 0
1551448573 0
1551448574 0
1551448575 0
1551448576 0
1551448577 0
1551448578 0
1551448579 0
1551448580 0
1551448581 0
1551448582 0
1551448583 0
1551448584 0
1551448585 0
1551448586 0
1551448587 0
1551448588 0
1551448589 0
1551448590 0
1551448591 0
1551448592 0
1551448593 0
1551448594 0
1551448595 0
1551448596 0
1551448597 0
1551448598 0
1551448599 0
1551448600 0
1551448601 0
1551448602 0
1551448603 0
1551448604 0
1551448605 0
1551448606 0
1551448607 0
1551448608 0
1551448609 0
1551448610 0
1551448611 0
1551448612 0
1551448613 0
1551448614 0
1551448615 0
1551448616 0
1551448617 0
1551448618 0
1551448619 0
1551448620 0
1551448621 0
1551448622 0
1551448623 0
1551448624 0
1551448625 0
1551448626 0
1551448627 0
1551448628 0
1551448629 0
1551448630 0
1551448631 0
1551448632 0
1551448633 0
1551448634 0
1551448635 0
1551448636 0
1551448637 0
1551448638 0
1551448639 0
1551448640 0
1551448641 0
1551448642 0
1551448643 0
1551448644 0
1551448645 0
1551448646 0
1551448647 0
1551448648 0
1551448649 0
1551448650 0
1551448651 0
1551448652 0
1551448653 0
1551448654 0
1551448655 0
1551448656 0
1551448657 0
1551448658 0
1551448659 0
1551448660 0
1551448661 0
1551448662 0
1551448663 0
1551448664 0
1551448665 0
1551448666 0
1551448667 0
1551448668 0
1551448669 0
1551448670 0
1551448671 0
1551448672 0
1551448673 0
1551448674 0
1551448675 0
1551448676 0
1551448677 0
1551448678 0
1551448679 0
1551448680 0
1551448681 0
1551448682 0
1551448683 0
1551448684 0
1551448685 0
1551448686 0
1551448687 0
1551448688 0
1551448689 0
1551448690 0
1551448691 0
1551448692 0
1551448693 0
1551448694 0
1551448695 0
1551448696 0
1551448697 0
1551448698 0
1551448699 0
1551448700 0
1551448701 0
1551448702 0
1551448703 0
1551448704 0
1551448705 0
1551448706 0
1551448707 0
1551448708 0
1551448709 0
1551448710 0
1551448711 0
1551448712 0
1551448713 0
1551448714 0
1551448715 0
1551448716 0
1551448717 0
1551448718 0
1551448719 0
1551448720 0
1551448721 0
1551448722 0
1551448723 0
1551448724 0
1551448725 0
1551448726 0
1551448727 0
1551448728 0
1551448729 0
1551448730 0
1551448731 0
1551448732 0
1551448733 0
1551448734 0
1551448735 0
1551448736 0
1551448737 0
1551448738 0
1551448739 0
1551448740 0
1551448741 0
1551448742 0
1551448743 0
1551448744 0
1551448745 0
1551448746 0
1551448747 0
1551448748 0
1551448749 0
1551448750 0
1551448751 0
1551448752 0
1551448753 0
1551448754 0
1551448755 0
1551448756 0
1551448757 0
1551448758 0
1551448759 0
1551448760 0
1551448761 0
1551448762 0
1551448763 0
1551448764 0
1551448765 0
1551448766 0
1551448767 0
1551448768 0
1551448769 0
1551448770 0
1551448771 0
1551448772 0
1551448773 0
1551448774 0
1551448775 0
1551448776 0
1551448777 0
1551448778 0
1551448779 0
1551448780 0
1551448781 0
1551448782 0
1551448783 0
1551448784 0
1551448785 0
1551448786 0
1551448787 0
1551448788 0
1551448789 0
1551448790 0
1551448791 0
1551448792 0
1551448793 0
1551448794 0
1551448795 0
1551448796 0
1551448797 0
1551448798 0
1551448799 0
1551448800 0
1551448801 0
1551448802 0
1551448803 0
1551448804 0
1551448805 0
1551448806 0
1551448807 0
1551448808 0
1551448809 0
1551448810 0
1551448811 0
1551448812 0
1551448813 0
1551448814 0
1551448815 0
1551448816 0
1551448817 0
1551448818 0
1551448819 0
1551448820 0
1551448821 0
1551448822 0
1551448823 0
1551448824 0
1551448825 0
1551448826 0
1551448827 0
1551448828 0
1551448829 0
1551448830 0
1551448831 0
1551448832 0
1551448833 0
1551448834 0
1551448835 0
1551448836 0
1551448837 0
1551448838 0
1551448839 0
1551448840 0
1551448841 0
1551448842 0
1551448843 0
1551448844 0
1551448845 0
1551448846 0
1551448847 0
1551448848 0
1551448849 0
1551448850 0
1551448851 0
1551448852 0
1551448853 0
1551448854 0
1551448855 0
1551448856 0
1551448857 0
1551448858 0
1551448859 0
1551448860 0
1551448861 0
1551448862 0
1551448863 0
1551448864 0
1551448865 0
1551448866 0
1551448867 0
1551448868 0
1551448869 0
1551448870 0
1551448871 0
1551448872 0
1551448873 0
1551448874 0
1551448875 0
1551448876 0
1551448877 0
1551448878 0
1551448879 0
1551448880 0
1551448881 0
1551448882 0
1551448883 0
1551448884 0
1551448885 0
1551448886 0
1551448887 0
1551448888 0
1551448889 0
1551448890 0
1551448891 0
1551448892 0
1551448893 0
1551448894 0
1551448895 0
1551448896 0
1551448897 0
1551448898 0
1551448899 0
1551448900 0
1551448901 0
1551448902 0
1551448903 0
1551448904 0
1551448905 0
1551448906 0
1551448907 0
1551448908 0
1551448909 0
1551448910 0
1551448911 0
1551448912 0
1551448913 0
1551448914 0
1551448915 0
1551448916 0
1551448917 0
1551448918 0
1551448919 0
1551448920 0
1551448921 0
1551448922 0
1551448923 0
1551448924 0
1551448925 0
1551448926 0
1551448927 0
1551448928 0
1551448929 0
1551448930 0
1551448931 0
1551448932 0
1551448933 0
1551448934 0
1551448935 0
1551448936 0
1551448937 0
1551448938 0
1551448939 0
1551448940 0
1551448941 0
1551448942 0
1551448943 0
1551448944 0
1551448945 0
1551448946 0
1551448947 0
1551448948 0
1551448949 0
1551448950 0
1551448951 0
1551448952 0
1551448953 0
1551448954 0
1551448955 0
1551448956 0
1551448957 0
1551448958 0
1551448959 0
1551448960 0
1551448961 0
1551448962 0
1551448963 0
1551448964 0
1551448965 0
1551448966 0
1551448967 0
1551448968 0
1551448969 0
1551448970 0
1551448971 0
1551448972 0
1551448973 0
1551448974 0
1551448975 0
1551448976 0
1551448977 0
1551448978 0
1551448979 0
1551448980 0
1551448981 0
1551448982 0
1551448983 0
1551448984 0
1551448985 0
1551448986 0
1551448987 0
1551448988 0
1551448989 0
1551448990 0
1551448991 0
1551448992 0
1551448993 0
1551448994 0
1551448995 0
1551448996 0
1551448997 0
1551448998 0
1551448999 0
1551449000 0
1551449001 0
1551449002 0
1551449003 0
1551449004 0
1551449005 0
1551449006 0
1551449007 0
1551449008 0
1551449009 0
1551449010 0
1551449011 0
1551449012 0
1551449013 0
1551449014 0
1551449015 0
1551449016 0
1551449017 0
1551449018 0
1551449019 0
1551449020 0
1551449021 0
1551449022 0
1551449023 0
1551449024 0
1551449025 0
1551449026 0
1551449027 0
1551449028 0
1551449029 0
1551449030 0
1551449031 0
1551449032 0
1551449033 0
1551449034 0
1551449035 0
1551449036 0
1551449037 0
1551449038 0
1551449039 0
1551449040 0
1551449041 0
1551449042 0
1551449043 0
1551449044 0
1551449045 0
1551449046 0
1551449047 0
1551449048 0
1551449049 0
1551449050 0
1551449051 0
1551449052 0
1551449053 0
1551449054 0
1551449055 0
1551449056 0
1551449057 0
1551449058 0
1551449059 0
1551449060 0
1551449061 0
1551449062 0
1551449063 0
1551449064 0
1551449065 0
1551449066 0
1551449067 0
1551449068 0
1551449069 0
1551449070 0
1551449071 0
1551449072 0
1551449073 0
1551449074 0
1551449075 0
1551449076 0
1551449077 0
1551449078 0
1551449079 0
1551449080 0
1551449081 0
1551449082 0
1551449083 0
1551449084 0
1551449085 0
1551449086 0
1551449087 0
1551449088 0
1551449089 0
1551449090 0
1551449091 0
1551449092 0
1551449093 0
1551449094 0
1551449095 0
1551449096 0
1551449097 0
1551449098 0
1551449099 0
1551449100 0
1551449101 0
1551449102 0
1551449103 0
1551449104 0
1551449105 0
1551449106 0
1551449107 0
1551449108 0
1551449109 0
1551449110 0
1551449111 0
1551449112 0
1551449113 0
1551449114 0
1551449115 0
1551449116 0
1551449117 0
1551449118 0
1551449119 0
1551449120 0
1551449121 0
1551449122 0
1551449123 0
1551449124 0
1551449125 0
1551449126 0
1551449127 0
1551449128 0
1551449129 0
1551449130 0
1551449131 0
1551449132 0
1551449133 0
1551449134 0
1551449135 0
1551449136 0
1551449137 0
1551449138 0
1551449139 0
1551449140 0
1551449141 0
1551449142 0
1551449143 0
1551449144 0
1551449145 0
1551449146 0
1551449147 0
1551449148 0
1551449149 0
1551449150 0
1551449151 0
1551449152 0
1551449153 0
1551449154 0
1551449155 0
1551449156 0
1551449157 0
1551449158 0
1551449159 0
1551449160 0
1551449161 0
1551449162 0
1551449163 0
1551449164 0
1551449165 0
1551449166 0
1551449167 0
1551449168 0
1551449169 0
1551449170 0
1551449171 0
1551449172 0
1551449173 0
1551449174 0
1551449175 0
1551449176 0
1551449177 0
1551449178 0
1551449179 0
1551449180 0
1551449181 0
1551449182 0
1551449183 0
1551449184 0
1551449185 0
1551449186 0
1551449187 0
1551449188 0
1551449189 0
1551449190 0
1551449191 0
1551449192 0
1551449193 0
1551449194 0
1551449195 0
1551449196 0
1551449197 0
1551449198 0
1551449199 0
1551449200 0
1551449201 0
1551449202 0
1551449203 0
1551449204 0
1551449205 0
1551449206 0
1551449207 0
1551449208 0
1551449209 0
1551449210 0
1551449211 0
1551449212 0
1551449213 0
1551449214 0
1551449215 0
1551449216 0
1551449217 0
1551449218 0
1551449219 0
1551449220 0
1551449221 0
1551449222 0
1551449223 0
1551449224 0
1551449225 0
1551449226 0
1551449227 0
1551449228 0
1551449229 0
1551449230 0
1551449231 0
1551449232 0
1551449233 0
1551449234 0
1551449235 0
1551449236 0
1551449237 0
1551449238 0
1551449239 0
1551449240 0
1551449241 0
1551449242 0
1551449243 0
1551449244 0
1551449245 0
1551449246 0
1551449247 0
1551449248 0
1551449249 0
1551449250 0
1551449251 0
1551449252 0
1551449253 0
1551449254 0
1551449255 0
1551449256 0
1551449257 0
1551449258 0
1551449259 0
1551449260 0
1551449261 0
1551449262 0
1551449263 0
1551449264 0
1551449265 0
1551449266 0
1551449267 0
1551449268 0
1551449269 0
1551449270 0
1551449271 0
1551449272 0
1551449273 0
1551449274 0
1551449275 0
1551449276 0
1551449277 0
1551449278 0
1551449279 0
1551449280 0
1551449281 0
1551449282 0
1551449283 0
1551449284 0
1551449285 0
1551449286 0
1551449287 0
1551449288 0
1551449289 0
1551449290 0
1551449291 0
1551449292 0
1551449293 0
1551449294 0
1551449295 0
1551449296 0
1551449297 0
1551449298 0
1551449299 0
1551449300 0
1551449301 0
1551449302 0
1551449303 0
1551449304 0
1551449305 0
1551449306 0
1551449307 0
1551449308 0
1551449309 0
1551449310 0
1551449311 0
1551449312 0
1551449313 0
1551449314 0
1551449315 0
1551449316 0
1551449317 0
1551449318 0
1551449319 0
1551449320 0
1551449321 0
1551449322 0
1551449323 0
1551449324 0
1551449325 0
1551449326 0
1551449327 0
1551449328 0
1551449329 0
1551449330 0
1551449331 0
1551449332 0
1551449333 0
1551449334 0
1551449335 0
1551449336 0
1551449337 0
1551449338 0
1551449339 0
1551449340 0
1551449341 0
1551449342 0
1551449343 0
1551449344 0
1551449345 0
1551449346 0
1551449347 0
1551449348 0
1551449349 0
1551449350 0
1551449351 0
1551449352 0
1551449353 0
1551449354 0
1551449355 0
1551449356 0
1551449357 0
1551449358 0
1551449359 0
1551449360 0
1551449361 0
1551449362 0
1551449363 0
1551449364 0
1551449365 0
1551449366 0
1551449367 0
1551449368 0
1551449369 0
1551449370 0
1551449371 0
1551449372 0
1551449373 0
1551449374 0
1551449375 0
1551449376 0
1551449377 0
1551449378 0
1551449379 0
1551449380 0
1551449381 0
1551449382 0
1551449383 0
1551449384 0
1551449385 0
1551449386 0
1551449387 0
1551449388 0
1551449389 0
1551449390 0
1551449391 0
1551449392 0
1551449393 0
1551449394 0
1551449395 0
1551449396 0
1551449397 0
1551449398 0
1551449399 0
1551449400 0
1551449401 0
1551449402 0
1551449403 0
1551449404 0
1551449405 0
1551449406 0
1551449407 0
1551449408 0
1551449409 0
1551449410 0
1551449411 0
1551449412 0
1551449413 0
1551449414 0
1551449415 0
1551449416 0
1551449417 0
1551449418 0
1551449419 0
1551449420 0
1551449421 0
1551449422 0
1551449423 0
1551449424 0
1551449425 0
1551449426 0
1551449427 0
1551449428 0
1551449429 0
1551449430 0
1551449431 0
1551449432 0
1551449433 0
1551449434 0
1551449435 0
1551449436 0
1551449437 0
1551449438 0
1551449439 0
1551449440 0
1551449441 0
1551449442 0
1551449443 0
1551449444 0
1551449445 0
1551449446 0
1551449447 0
1551449448 0
1551449449 0
1551449450 0
1551449451 0
1551449452 0
1551449453 0
1551449454 0
1551449455 0
1551449456 0
1551449457 0
1551449458 0
1551449459 0
1551449460 0
1551449461 0
1551449462 0
1551449463 0
1551449464 0
1551449465 0
1551449466 0
1551449467 0
1551449468 0
1551449469 0
1551449470 0
1551449471 0
1551449472 0
1551449473 0
1551449474 0
1551449475 0
1551449476 0
1551449477 0
1551449478 0
1551449479 0
1551449480 0
1551449481 0
1551449482 0
1551449483 0
1551449484 0
1551449485 0
1551449486 0
1551449487 0
1551449488 0
1551449489 0
1551449490 0
1551449491 0
1551449492 0
1551449493 0
1551449494 0
1551449495 0
1551449496 0
1551449497 0
1551449498 0
1551449499 0
1551449500 0
1551449501 0
1551449502 0
1551449503 0
1551449504 0
1551449505 0
1551449506 0
1551449507 0
1551449508 0
1551449509 0
1551449510 0
1551449511 0
1551449512 0
1551449513 0
1551449514 0
1551449515 0
1551449516 0
1551449517 0
1551449518 0
1551449519 0
1551449520 0
1551449521 0
1551449522 0
1551449523 0
1551449524 0
1551449525 0
1551449526 0
1551449527 0
1551449528 0
1551449529 0
1551449530 0
1551449531 0
1551449532 0
1551449533 0
1551449534 0
1551449535 0
1551449536 0
1551449537 0
1551449538 0
1551449539 0
1551449540 0
1551449541 0
1551449542 0
1551449543 0
1551449544 0
1551449545 0
1551449546 0
1551449547 0
1551449548 0
1551449549 0
1551449550 0
1551449551 0
1551449552 0
1551449553 0
1551449554 0
1551449555 0
1551449556 0
1551449557 0
1551449558 0
1551449559 0
1551449560 0
1551449561 0
1551449562 0
1551449563 0
1551449564 0
1551449565 0
1551449566 0
1551449567 0
1551449568 0
1551449569 0
1551449570 0
1551449571 0
1551449572 0
1551449573 0
1551449574 0
1551449575 0
1551449576 0
1551449577 0
1551449578 0
1551449579 0
1551449580 0
1551449581 0
1551449582 0
1551449583 0
1551449584 0
1551449585 0
1551449586 0
1551449587 0
1551449588 0
1551449589 0
1551449590 0
1551449591 0
1551449592 0
1551449593 0
1551449594 0
1551449595 0
1551449596 0
1551449597 0
1551449598 0
1551449599 0
1551449600 0
1551449601 0
1551449602 0
1551449603 0
1551449604 0
1551449605 0
1551449606 0
1551449607 0
1551449608 0
1551449609 0
1551449610 0
1551449611 0
1551449612 0
1551449613 0
1551449614 0
1551449615 0
1551449616 0
1551449617 0
1551449618 0
1551449619 0
1551449620 0
1551449621 0
1551449622 0
1551449623 0
1551449624 0
1551449625 0
1551449626 0
1551449627 0
1551449628 0
1551449629 0
1551449630 0
1551449631 0
1551449632 0
1551449633 0
1551449634 0
1551449635 0
1551449636 0
1551449637 0
1551449638 0
1551449639 0
1551449640 0
1551449641 0
1551449642 0
1551449643 0
1551449644 0
1551449645 0
1551449646 0
1551449647 0
1551449648 0
1551449649 0
1551449650 0
1551449651 0
1551449652 0
1551449653 0
1551449654 0
1551449655 0
1551449656 0
1551449657 0
1551449658 0
1551449659 0
1551449660 0
1551449661 0
1551449662 0
1551449663 0
1551449664 0
1551449665 0
1551449666 0
1551449667 0
1551449668 0
1551449669 0
1551449670 0
1551449671 0
1551449672 0
1551449673 0
1551449674 0
1551449675 0
1551449676 0
1551449677 0
1551449678 0
1551449679 0
1551449680 0
1551449681 0
1551449682 0
1551449683 0
1551449684 0
1551449685 0
1551449686 0
1551449687 0
1551449688 0
1551449689 0
1551449690 0
1551449691 0
1551449692 0
1551449693 0
1551449694 0
1551449695 0
1551449696 0
1551449697 0
1551449698 0
1551449699 0
1551449700 0
1551449701 0
1551449702 0
1551449703 0
1551449704 0
1551449705 0
1551449706 0
1551449707 0
1551449708 0
1551449709 0
1551449710 0
1551449711 0
1551449712 0
1551449713 0
1551449714 0
1551449715 0
1551449716 0
1551449717 0
1551449718 0
1551449719 0
1551449720 0
1551449721 0
1551449722 0
1551449723 0
1551449724 0
1551449725 0
1551449726 0
1551449727 0
1551449728 0
1551449729 0
1551449730 0
1551449731 0
1551449732 0
1551449733 0
1551449734 0
1551449735 0
1551449736 0
1551449737 0
1551449738 0
1551449739 0
1551449740 0
1551449741 0
1551449742 0
1551449743 0
1551449744 0
1551449745 0
1551449746 0
1551449747 0
1551449748 0
1551449749 0
1551449750 0
1551449751 0
1551449752 0
1551449753 0
1551449754 0
1551449755 0
1551449756 0
1551449757 0
1551449758 0
1551449759 0
1551449760 0
1551449761 0
1551449762 0
1551449763 0
1551449764 0
1551449765 0
1551449766 0
1551449767 0
1551449768 0
1551449769 0
1551449770 0
1551449771 0
1551449772 0
1551449773 0
1551449774 0
1551449775 0
1551449776 0
1551449777 0
1551449778 0
1551449779 0
1551449780 0
1551449781 0
1551449782 0
1551449783 0
1551449784 0
1551449785 0
1551449786 0
1551449787 0
1551449788 0
1551449789 0
1551449790 0
1551449791 0
1551449792 0
1551449793 0
1551449794 0
1551449795 0
1551449796 0
1551449797 0
1551449798 0
1551449799 0
1551449800 0
1551449801 0
1551449802 0
1551449803 0
1551449804 0
1551449805 0
1551449806 0
1551449807 0
1551449808 0
1551449809 0
1551449810 0
1551449811 0
1551449812 0
1551449813 0
1551449814 0
1551449815 0
1551449816 0
1551449817 0
1551449818 0
1551449819 0
1551449820 0
1551449821 0
1551449822 0
1551449823 0
1551449824 0
1551449825 0
1551449826 0
1551449827 0
1551449828 0
1551449829 0
1551449830 0
1551449831 0
1551449832 0
1551449833 0
1551449834 0
1551449835 0
1551449836 0
1551449837 0
1551449838 0
1551449839 0
1551449840 0
1551449841 0
1551449842 0
1551449843 0
1551449844 0
1551449845 0
1551449846 0
1551449847 0
1551449848 0
1551449849 0
1551449850 0
1551449851 0
1551449852 0
1551449853 0
1551449854 0
1551449855 0
1551449856 0
1551449857 0
1551449858 0
1551449859 0
1551449860 0
1551449861 0
1551449862 0
1551449863 0
1551449864 0
1551449865 0
1551449866 0
1551449867 0
1551449868 0
1551449869 0
1551449870 0
1551449871 0
1551449872 0
1551449873 0
1551449874 0
1551449875 0
1551449876 0
1551449877 0
1551449878 0
1551449879 0
1551449880 0
1551449881 0
1551449882 0
1551449883 0
1551449884 0
1551449885 0
1551449886 0
1551449887 0
1551449888 0
1551449889 0
1551449890 0
1551449891 0
1551449892 0
1551449893 0
1551449894 0
1551449895 0
1551449896 0
1551449897 0
1551449898 0
1551449899 0
1551449900 0
1551449901 0
1551449902 0
1551449903 0
1551449904 0
1551449905 0
1551449906 0
1551449907 0
1551449908 0
1551449909 0
1551449910 0
1551449911 0
1551449912 0
1551449913 0
1551449914 0
1551449915 0
1551449916 0
1551449917 0
1551449918 0
1551449919 0
1551449920 0
1551449921 0
1551449922 0
1551449923 0
1551449924 0
1551449925 0
1551449926 0
1551449927 0
1551449928 0
1551449929 0
1551449930 0
1551449931 0
1551449932 0
1551449933 0
1551449934 0
1551449935 0
1551449936 0
1551449937 0
1551449938 0
1551449939 0
1551449940 0
1551449941 0
1551449942 0
1551449943 0
1551449944 0
1551449945 0
1551449946 0
1551449947 0
1551449948 0
1551449949 0
1551449950 0
1551449951 0
1551449952 0
1551449953 0
1551449954 0
1551449955 0
1551449956 0
1551449957 0
1551449958 0
1551449959 0
1551449960 0
1551449961 0
1551449962 0
1551449963 0
1551449964 0
1551449965 0
1551449966 0
1551449967 0
1551449968 0
1551449969 0
1551449970 0
1551449971 0
1551449972 0
1551449973 0
1551449974 0
1551449975 0
1551449976 0
1551449977 0
1551449978 0
1551449979 0
1551449980 0
1551449981 0
1551449982 0
1551449983 0
1551449984 0
1551449985 0
1551449986 0
1551449987 0
1551449988 0
1551449989 0
1551449990 0
1551449991 0
1551449992 0
1551449993 0
1551449994 0
1551449995 0
1551449996 0
1551449997 0
1551449998 0
1551449999 0
1551450000 0
1551450001 0
1551450002 0
1551450003 0
1551450004 0
1551450005 0
1551450006 0
1551450007 0
1551450008 0
1551450009 0
1551450010 0
1551450011 0
1551450012 0
1551450013 0
1551450014 0
1551450015 0
1551450016 0
1551450017 0
1551450018 0
1551450019 0
1551450020 0
1551450021 0
1551450022 0
1551450023 0
1551450024 0
1551450025 0
1551450026 0
1551450027 0
1551450028 0
1551450029 0
1551450030 0
1551450031 0
1551450032 0
1551450033 0
1551450034 0
1551450035 0
1551450036 0
1551450037 0
1551450038 0
1551450039 0
1551450040 0
1551450041 0
1551450042 0
1551450043 0
1551450044 0
1551450045 0
1551450046 0
1551450047 0
1551450048 0
1551450049 0
1551450050 0
1551450051 0
1551450052 0
1551450053 0
1551450054 0
1551450055 0
1551450056 0
1551450057 0
1551450058 0
1551450059 0
1551450060 0
1551450061 0
1551450062 0
1551450063 0
1551450064 0
1551450065 0
1551450066 0
1551450067 0
1551450068 0
1551450069 0
1551450070 0
1551450071 0
1551450072 0
1551450073 0
1551450074 0
1551450075 0
1551450076 0
1551450077 0
1551450078 0
1551450079 0
1551450080 0
1551450081 0
1551450082 0
1551450083 0
1551450084 0
1551450085 0
1551450086 0
1551450087 0
1551450088 0
1551450089 0
1551450090 0
1551450091 0
1551450092 0
1551450093 0
1551450094 0
1551450095 0
1551450096 0
1551450097 0
1551450098 0
1551450099 0
1551450100 0
1551450101 0
1551450102 0
1551450103 0
1551450104 0
1551450105 0
1551450106 0
1551450107 0
1551450108 0
1551450109 0
1551450110 0
1551450111 0
1551450112 0
1551450113 0
1551450114 0
1551450115 0
1551450116 0
1551450117 0
1551450118 0
1551450119 0
1551450120 0
1551450121 0
1551450122 0
1551450123 0
1551450124 0
1551450125 0
1551450126 0
1551450127 0
1551450128 0
1551450129 0
1551450130 0
1551450131 0
1551450132 0
1551450133 0
1551450134 0
1551450135 0
1551450136 0
1551450137 0
1551450138 0
1551450139 0
1551450140 0
1551450141 0
1551450142 0
1551450143 0
1551450144 0
1551450145 0
1551450146 0
1551450147 0
1551450148 0
1551450149 0
1551450150 0
1551450151 0
1551450152 0
1551450153 0
1551450154 0
1551450155 0
1551450156 0
1551450157 0
1551450158 0
1551450159 0
1551450160 0
1551450161 0
1551450162 0
1551450163 0
1551450164 0
1551450165 0
1551450166 0
1551450167 0
1551450168 0
1551450169 0
1551450170 0
1551450171 0
1551450172 0
1551450173 0
1551450174 0
1551450175 0
1551450176 0
1551450177 0
1551450178 0
1551450179 0
1551450180 0
1551450181 0
1551450182 0
1551450183 0
1551450184 0
1551450185 0
1551450186 0
1551450187 0
1551450188 0
1551450189 0
1551450190 0
1551450191 0
1551450192 0
1551450193 0
1551450194 0
1551450195 0
1551450196 0
1551450197 0
1551450198 0
1551450199 0
1551450200 0
1551450201 0
1551450202 0
1551450203 0
1551450204 0
1551450205 0
1551450206 0
1551450207 0
1551450208 0
1551450209 0
1551450210 0
1551450211 0
1551450212 0
1551450213 0
1551450214 0
1551450215 0
1551450216 0
1551450217 0
1551450218 0
1551450219 0
1551450220 0
1551450221 0
1551450222 0
1551450223 0
1551450224 0
1551450225 0
1551450226 0
1551450227 0
1551450228 0
1551450229 0
1551450230 0
1551450231 0
1551450232 0
1551450233 0
1551450234 0
1551450235 0
1551450236 0
1551450237 0
1551450238 0
1551450239 0
1551450240 0
1551450241 0
1551450242 0
1551450243 0
1551450244 0
1551450245 0
1551450246 0
1551450247 0
1551450248 0
1551450249 0
1551450250 0
1551450251 0
1551450252 0
1551450253 0
1551450254 0
1551450255 0
1551450256 0
1551450257 0
1551450258 0
1551450259 0
1551450260 0
1551450261 0
1551450262 0
1551450263 0
1551450264 0
1551450265 0
1551450266 0
1551450267 0
1551450268 0
1551450269 0
1551450270 0
1551450271 0
1551450272 0
1551450273 0
1551450274 0
1551450275 0
1551450276 0
1551450277 0
1551450278 0
1551450279 0
1551450280 0
1551450281 0
1551450282 0
1551450283 0
1551450284 0
1551450285 0
1551450286 0
1551450287 0
1551450288 0
1551450289 0
1551450290 0
1551450291 0
1551450292 0
1551450293 0
1551450294 0
1551450295 0
1551450296 0
1551450297 0
1551450298 0
1551450299 0
1551450300 0
1551450301 0
1551450302 0
1551450303 0
1551450304 0
1551450305 0
1551450306 0
1551450307 0
1551450308 0
1551450309 0
1551450310 0
1551450311 0
1551450312 0
1551450313 0
1551450314 0
1551450315 0
1551450316 0
1551450317 0
1551450318 0
1551450319 0
1551450320 0
1551450321 0
1551450322 0
1551450323 0
1551450324 0
1551450325 0
1551450326 0
1551450327 0
1551450328 0
1551450329 0
1551450330 0
1551450331 0
1551450332 0
1551450333 0
1551450334 0
1551450335 0
1551450336 0
1551450337 0
1551450338 0
1551450339 0
1551450340 0
1551450341 0
1551450342 0
1551450343 0
1551450344 0
1551450345 0
1551450346 0
1551450347 0
1551450348 0
1551450349 0
1551450350 0
1551450351 0
1551450352 0
1551450353 0
1551450354 0
1551450355 0
1551450356 0
1551450357 0
1551450358 0
1551450359 0
1551450360 0
1551450361 0
1551450362 0
1551450363 0
1551450364 0
1551450365 0
1551450366 0
1551450367 0
1551450368 0
1551450369 0
1551450370 0
1551450371 0
1551450372 0
1551450373 0
1551450374 0
1551450375 0
1551450376 0
1551450377 0
1551450378 0
1551450379 0
1551450380 0
1551450381 0
1551450382 0
1551450383 0
1551450384 0
1551450385 0
1551450386 0
1551450387 0
1551450388 0
1551450389 0
1551450390 0
1551450391 0
1551450392 0
1551450393 0
1551450394 0
1551450395 0
1551450396 0
1551450397 0
1551450398 0
1551450399 0
1551450400 0
1551450401 0
1551450402 0
1551450403 0
1551450404 0
1551450405 0
1551450406 0
1551450407 0
1551450408 0
1551450409 0
1551450410 0
1551450411 0
1551450412 0
1551450413 0
1551450414 0
1551450415 0
1551450416 0
1551450417 0
1551450418 0
1551450419 0
1551450420 0
1551450421 0
1551450422 0
1551450423 0
1551450424 0
1551450425 0
1551450426 0
1551450427 0
1551450428 0
1551450429 0
1551450430 0
1551450431 0
1551450432 0
1551450433 0
1551450434 0
1551450435 0
1551450436 0
1551450437 0
1551450438 0
1551450439 0
1551450440 0
1551450441 0
1551450442 0
1551450443 0
1551450444 0
1551450445 0
1551450446 0
1551450447 0
1551450448 0
1551450449 0
1551450450 0
1551450451 0
1551450452 0
1551450453 0
1551450454 0
1551450455 0
1551450456 0
1551450457 0
1551450458 0
1551450459 0
1551450460 0
1551450461 0
1551450462 0
1551450463 0
1551450464 0
1551450465 0
1551450466 0
1551450467 0
1551450468 0
1551450469 0
1551450470 0
1551450471 0
1551450472 0
1551450473 0
1551450474 0
1551450475 0
1551450476 0
1551450477 0
1551450478 0
1551450479 0
1551450480 0
1551450481 0
1551450482 0
1551450483 0
1551450484 0
1551450485 0
1551450486 0
1551450487 0
1551450488 0
1551450489 0
1551450490 0
1551450491 0
1551450492 0
1551450493 0
1551450494 0
1551450495 0
1551450496 0
1551450497 0
1551450498 0
1551450499 0
1551450500 0
1551450501 0
1551450502 0
1551450503 0
1551450504 0
1551450505 0
1551450506 0
1551450507 0
1551450508 0
1551450509 0
1551450510 0
1551450511 0
1551450512 0
1551450513 0
1551450514 0
1551450515 0
1551450516 0
1551450517 0
1551450518 0
1551450519 0
1551450520 0
1551450521 0
1551450522 0
1551450523 0
1551450524 0
1551450525 0
1551450526 0
1551450527 0
1551450528 0
1551450529 0
1551450530 0
1551450531 0
1551450532 0
1551450533 0
1551450534 0
1551450535 0
1551450536 0
1551450537 0
1551450538 0
1551450539 0
1551450540 0
1551450541 0
1551450542 0
1551450543 0
1551450544 0
1551450545 0
1551450546 0
1551450547 0
1551450548 0
1551450549 0
1551450550 0
1551450551 0
1551450552 0
1551450553 0
1551450554 0
1551450555 0
1551450556 0
1551450557 0
1551450558 0
1551450559 0
1551450560 0
1551450561 0
1551450562 0
1551450563 0
1551450564 0
1551450565 0
1551450566 0
1551450567 0
1551450568 0
1551450569 0
1551450570 0
1551450571 0
1551450572 0
1551450573 0
1551450574 0
1551450575 0
1551450576 0
1551450577 0
1551450578 0
1551450579 0
1551450580 0
1551450581 0
1551450582 0
1551450583 0
1551450584 0
1551450585 0
1551450586 0
1551450587 0
1551450588 0
1551450589 0
1551450590 0
1551450591 0
1551450592 0
1551450593 0
1551450594 0
1551450595 0
1551450596 0
1551450597 0
1551450598 0
1551450599 0
1551450600 0
1551450601 0
1551450602 0
1551450603 0
1551450604 0
1551450605 0
1551450606 0
1551450607 0
1551450608 0
1551450609 0
1551450610 0
1551450611 0
1551450612 0
1551450613 0
1551450614 0
1551450615 0
1551450616 0
1551450617 0
1551450618 0
1551450619 0
1551450620 0
1551450621 0
1551450622 0
1551450623 0
1551450624 0
1551450625 0
1551450626 0
1551450627 0
1551450628 0
1551450629 0
1551450630 0
1551450631 0
1551450632 0
1551450633 0
1551450634 0
1551450635 0
1551450636 0
1551450637 0
1551450638 0
1551450639 0
1551450640 0
1551450641 0
1551450642 0
1551450643 0
1551450644 0
1551450645 0
1551450646 0
1551450647 0
1551450648 0
1551450649 0
1551450650 0
1551450651 0
1551450652 0
1551450653 0
1551450654 0
1551450655 0
1551450656 0
1551450657 0
1551450658 0
1551450659 0
1551450660 0
1551450661 0
1551450662 0
1551450663 0
1551450664 0
1551450665 0
1551450666 0
1551450667 0
1551450668 0
1551450669 0
1551450670 0
1551450671 0
1551450672 0
1551450673 0
1551450674 0
1551450675 0
1551450676 0
1551450677 0
1551450678 0
1551450679 0
1551450680 0
1551450681 0
1551450682 0
1551450683 0
1551450684 0
1551450685 0
1551450686 0
1551450687 0
1551450688 0
1551450689 0
1551450690 0
1551450691 0
1551450692 0
1551450693 0
1551450694 0
1551450695 0
1551450696 0
1551450697 0
1551450698 0
1551450699 0
1551450700 0
1551450701 0
1551450702 0
1551450703 0
1551450704 0
1551450705 0
1551450706 0
1551450707 0
1551450708 0
1551450709 0
1551450710 0
1551450711 0
1551450712 0
1551450713 0
1551450714 0
1551450715 0
1551450716 0
1551450717 0
1551450718 0
1551450719 0
1551450720 0
1551450721 0
1551450722 0
1551450723 0
1551450724 0
1551450725 0
1551450726 0
1551450727 0
1551450728 0
1551450729 0
1551450730 0
1551450731 0
1551450732 0
1551450733 0
1551450734 0
1551450735 0
1551450736 0
1551450737 0
1551450738 0
1551450739 0
1551450740 0
1551450741 0
1551450742 0
1551450743 0
1551450744 0
1551450745 0
1551450746 0
1551450747 0
1551450748 0
1551450749 0
1551450750 0
1551450751 0
1551450752 0
1551450753 0
1551450754 0
1551450755 0
1551450756 0
1551450757 0
1551450758 0
1551450759 0
1551450760 0
1551450761 0
1551450762 0
1551450763 0
1551450764 0
1551450765 0
1551450766 0
1551450767 0
1551450768 0
1551450769 0
1551450770 0
1551450771 0
1551450772 0
1551450773 0
1551450774 0
1551450775 0
1551450776 0
1551450777 0
1551450778 0
1551450779 0
1551450780 0
1551450781 0
1551450782 0
1551450783 0
1551450784 0
1551450785 0
1551450786 0
1551450787 0
1551450788 0
1551450789 0
1551450790 0
1551450791 0
1551450792 0
1551450793 0
1551450794 0
1551450795 0
1551450796 0
1551450797 0
1551450798 0
1551450799 0
1551450800 0
1551450801 0
1551450802 0
1551450803 0
1551450804 0
1551450805 0
1551450806 0
1551450807 0
1551450808 0
1551450809 0
1551450810 0
1551450811 0
1551450812 0
1551450813 0
1551450814 0
1551450815 0
1551450816 0
1551450817 0
1551450818 0
1551450819 0
1551450820 0
1551450821 0
1551450822 0
1551450823 0
1551450824 0
1551450825 0
1551450826 0
1551450827 0
1551450828 0
1551450829 0
1551450830 0
1551450831 0
1551450832 0
1551450833 0
1551450834 0
1551450835 0
1551450836 0
1551450837 0
1551450838 0
1551450839 0
1551450840 0
1551450841 0
1551450842 0
1551450843 0
1551450844 0
1551450845 0
1551450846 0
1551450847 0
1551450848 0
1551450849 0
1551450850 0
1551450851 0
1551450852 0
1551450853 0
1551450854 0
1551450855 0
1551450856 0
1551450857 0
1551450858 0
1551450859 0
1551450860 0
1551450861 0
1551450862 0
1551450863 0
1551450864 0
1551450865 0
1551450866 0
1551450867 0
1551450868 0
1551450869 0
1551450870 0
1551450871 0
1551450872 0
1551450873 0
1551450874 0
1551450875 0
1551450876 0
1551450877 0
1551450878 0
1551450879 0
1551450880 0
1551450881 0
1551450882 0
1551450883 0
1551450884 0
1551450885 0
1551450886 0
1551450887 0
1551450888 0
1551450889 0
1551450890 0
1551450891 0
1551450892 0
1551450893 0
1551450894 0
1551450895 0
1551450896 0
1551450897 0
1551450898 0
1551450899 0
1551450900 0
1551450901 0
1551450902 0
1551450903 0
1551450904 0
1551450905 0
1551450906 0
1551450907 0
1551450908 0
1551450909 0
1551450910 0
1551450911 0
1551450912 0
1551450913 0
1551450914 0
1551450915 0
1551450916 0
1551450917 0
1551450918 0
1551450919 0
1551450920 0
1551450921 0
1551450922 0
1551450923 0
1551450924 0
1551450925 0
1551450926 0
1551450927 0
1551450928 0
1551450929 0
1551450930 0
1551450931 0
1551450932 0
1551450933 0
1551450934 0
1551450935 0
1551450936 0
1551450937 0
1551450938 0
1551450939 0
1551450940 0
1551450941 0
1551450942 0
1551450943 0
1551450944 0
1551450945 0
1551450946 0
1551450947 0
1551450948 0
1551450949 0
1551450950 0
1551450951 0
1551450952 0
1551450953 0
1551450954 0
1551450955 0
1551450956 0
1551450957 0
1551450958 0
1551450959 0
1551450960 0
1551450961 0
1551450962 0
1551450963 0
1551450964 0
1551450965 0
1551450966 0
1551450967 0
1551450968 0
1551450969 0
1551450970 0
1551450971 0
1551450972 0
1551450973 0
1551450974 0
1551450975 0
1551450976 0
1551450977 0
1551450978 0
1551450979 0
1551450980 0
1551450981 0
1551450982 0
1551450983 0
1551450984 0
1551450985 0
1551450986 0
1551450987 0
1551450988 0
1551450989 0
1551450990 0
1551450991 0
1551450992 0
1551450993 0
1551450994 0
1551450995 0
1551450996 0
1551450997 0
1551450998 0
1551450999 0
1551451000 0
1551451001 0
1551451002 0
1551451003 0
1551451004 0
1551451005 0
1551451006 0
1551451007 0
1551451008 0
1551451009 0
1551451010 0
1551451011 0
1551451012 0
1551451013 0
1551451014 0
1551451015 0
1551451016 0
1551451017 0
1551451018 0
1551451019 0
1551451020 0
1551451021 0
1551451022 0
1551451023 0
1551451024 0
1551451025 0
1551451026 0
1551451027 0
1551451028 0
1551451029 0
1551451030 0
1551451031 0
1551451032 0
1551451033 0
1551451034 0
1551451035 0
1551451036 0
1551451037 0
1551451038 0
1551451039 0
1551451040 0
1551451041 0
1551451042 0
1551451043 0
1551451044 0
1551451045 0
1551451046 0
1551451047 0
1551451048 0
1551451049 0
1551451050 0
1551451051 0
1551451052 0
1551451053 0
1551451054 0
1551451055 0
1551451056 0
1551451057 0
1551451058 0
1551451059 0
1551451060 0
1551451061 0
1551451062 0
1551451063 0
1551451064 0
1551451065 0
1551451066 0
1551451067 0
1551451068 0
1551451069 0
1551451070 0
1551451071 0
1551451072 0
1551451073 0
1551451074 0
1551451075 0
1551451076 0
1551451077 0
1551451078 0
1551451079 0
1551451080 0
1551451081 0
1551451082 0
1551451083 0
1551451084 0
1551451085 0
1551451086 0
1551451087 0
1551451088 0
1551451089 0
1551451090 0
1551451091 0
1551451092 0
1551451093 0
1551451094 0
1551451095 0
1551451096 0
1551451097 0
1551451098 0
1551451099 0
1551451100 0
1551451101 0
1551451102 0
1551451103 0
1551451104 0
1551451105 0
1551451106 0
1551451107 0
1551451108 0
1551451109 0
1551451110 0
1551451111 0
1551451112 0
1551451113 0
1551451114 0
1551451115 0
1551451116 0
1551451117 0
1551451118 0
1551451119 0
1551451120 0
1551451121 0
1551451122 0
1551451123 0
1551451124 0
1551451125 0
1551451126 0
1551451127 0
1551451128 0
1551451129 0
1551451130 0
1551451131 0
1551451132 0
1551451133 0
1551451134 0
1551451135 0
1551451136 0
1551451137 0
1551451138 0
1551451139 0
1551451140 0
1551451141 0
1551451142 0
1551451143 0
1551451144 0
1551451145 0
1551451146 0
1551451147 0
1551451148 0
1551451149 0
1551451150 0
1551451151 0
1551451152 0
1551451153 0
1551451154 0
1551451155 0
1551451156 0
1551451157 0
1551451158 0
1551451159 0
1551451160 0
1551451161 0
1551451162 0
1551451163 0
1551451164 0
1551451165 0
1551451166 0
1551451167 0
1551451168 0
1551451169 0
1551451170 0
1551451171 0
1551451172 0
1551451173 0
1551451174 0
1551451175 0
1551451176 0
1551451177 0
1551451178 0
1551451179 0
1551451180 0
1551451181 0
1551451182 0
1551451183 0
1551451184 0
1551451185 0
1551451186 0
1551451187 0
1551451188 0
1551451189 0
1551451190 0
1551451191 0
1551451192 0
1551451193 0
1551451194 0
1551451195 0
1551451196 0
1551451197 0
1551451198 0
1551451199 0
1551451200 0
1551451201 0
1551451202 0
1551451203 0
1551451204 0
1551451205 0
1551451206 0
1551451207 0
1551451208 0
1551451209 0
1551451210 0
1551451211 0
1551451212 0
1551451213 0
1551451214 0
1551451215 0
1551451216 0
1551451217 0
1551451218 0
1551451219 0
1551451220 0
1551451221 0
1551451222 0
1551451223 0
1551451224 0
1551451225 0
1551451226 0
1551451227 0
1551451228 0
1551451229 0
1551451230 0
1551451231 0
1551451232 0
1551451233 0
1551451234 0
1551451235 0
1551451236 0
1551451237 0
1551451238 0
1551451239 0
1551451240 0
1551451241 0
1551451242 0
1551451243 0
1551451244 0
1551451245 0
1551451246 0
1551451247 0
1551451248 0
1551451249 0
1551451250 0
1551451251 0
1551451252 0
1551451253 0
1551451254 0
1551451255 0
1551451256 0
1551451257 0
1551451258 0
1551451259 0
1551451260 0
1551451261 0
1551451262 0
1551451263 0
1551451264 0
1551451265 0
1551451266 0
1551451267 0
1551451268 0
1551451269 0
1551451270 0
1551451271 0
1551451272 0
1551451273 0
1551451274 0
1551451275 0
1551451276 0
1551451277 0
1551451278 0
1551451279 0
1551451280 0
1551451281 0
1551451282 0
1551451283 0
1551451284 0
1551451285 0
1551451286 0
1551451287 0
1551451288 0
1551451289 0
1551451290 0
1551451291 0
1551451292 0
1551451293 0
1551451294 0
1551451295 0
1551451296 0
1551451297 0
1551451298 0
1551451299 0
1551451300 0
1551451301 0
1551451302 0
1551451303 0
1551451304 0
1551451305 0
1551451306 0
1551451307 0
1551451308 0
1551451309 0
1551451310 0
1551451311 0
1551451312 0
1551451313 0
1551451314 0
1551451315 0
1551451316 0
1551451317 0
1551451318 0
1551451319 0
1551451320 0
1551451321 0
1551451322 0
1551451323 0
1551451324 0
1551451325 0
1551451326 0
1551451327 0
1551451328 0
1551451329 0
1551451330 0
1551451331 0
1551451332 0
1551451333 0
1551451334 0
1551451335 0
1551451336 0
1551451337 0
1551451338 0
1551451339 0
1551451340 0
1551451341 0
1551451342 0
1551451343 0
1551451344 0
1551451345 0
1551451346 0
1551451347 0
1551451348 0
1551451349 0
1551451350 0
1551451351 0
1551451352 0
1551451353 0
1551451354 0
1551451355 0
1551451356 0
1551451357 0
1551451358 0
1551451359 0
1551451360 0
1551451361 0
1551451362 0
1551451363 0
1551451364 0
1551451365 0
1551451366 0
1551451367 0
1551451368 0
1551451369 0
1551451370 0
1551451371 0
1551451372 0
1551451373 0
1551451374 0
1551451375 0
1551451376 0
1551451377 0
1551451378 0
1551451379 0
1551451380 0
1551451381 0
1551451382 0
1551451383 0
1551451384 0
1551451385 0
1551451386 0
1551451387 0
1551451388 0
1551451389 0
1551451390 0
1551451391 0
1551451392 0
1551451393 0
1551451394 0
1551451395 0
1551451396 0
1551451397 0
1551451398 0
1551451399 0
1551451400 0
1551451401 0
1551451402 0
1551451403 0
1551451404 0
1551451405 0
1551451406 0
1551451407 0
1551451408 0
1551451409 0
1551451410 0
1551451411 0
1551451412 0
1551451413 0
1551451414 0
1551451415 0
1551451416 0
1551451417 0
1551451418 0
1551451419 0
1551451420 0
1551451421 0
1551451422 0
1551451423 0
1551451424 0
1551451425 0
1551451426 0
1551451427 0
1551451428 0
1551451429 0
1551451430 0
1551451431 0
1551451432 0
1551451433 0
1551451434 0
1551451435 0
1551451436 0
1551451437 0
1551451438 0
1551451439 0
1551451440 0
1551451441 0
1551451442 0
1551451443 0
1551451444 0
1551451445 0
1551451446 0
1551451447 0
1551451448 0
1551451449 0
1551451450 0
1551451451 0
1551451452 0
1551451453 0
1551451454 0
1551451455 0
1551451456 0
1551451457 0
1551451458 0
1551451459 0
1551451460 0
1551451461 0
1551451462 0
1551451463 0
1551451464 0
1551451465 0
1551451466 0
1551451467 0
1551451468 0
1551451469 0
1551451470 0
1551451471 0
1551451472 0
1551451473 0
1551451474 0
1551451475 0
1551451476 0
1551451477 0
1551451478 0
1551451479 0
1551451480 0
1551451481 0
1551451482 0
1551451483 0
1551451484 0
1551451485 0
1551451486 0
1551451487 0
1551451488 0
1551451489 0
1551451490 0
1551451491 0
1551451492 0
1551451493 0
1551451494 0
1551451495 0
1551451496 0
1551451497 0
1551451498 0
1551451499 0
1551451500 0
1551451501 0
1551451502 0
1551451503 0
1551451504 0
1551451505 0
1551451506 0
1551451507 0
1551451508 0
1551451509 0
1551451510 0
1551451511 0
1551451512 0
1551451513 0
1551451514 0
1551451515 0
1551451516 0
1551451517 0
1551451518 0
1551451519 0
1551451520 0
1551451521 0
1551451522 0
1551451523 0
1551451524 0
1551451525 0
1551451526 0
1551451527 0
1551451528 0
1551451529 0
1551451530 0
1551451531 0
1551451532 0
1551451533 0
1551451534 0
1551451535 0
1551451536 0
1551451537 0
1551451538 0
1551451539 0
1551451540 0
1551451541 0
1551451542 0
1551451543 0
1551451544 0
1551451545 0
1551451546 0
1551451547 0
1551451548 0
1551451549 0
1551451550 0
1551451551 0
1551451552 0
1551451553 0
1551451554 0
1551451555 0
1551451556 0
1551451557 0
1551451558 0
1551451559 0
1551451560 0
1551451561 0
1551451562 0
1551451563 0
1551451564 0
1551451565 0
1551451566 0
1551451567 0
1551451568 0
1551451569 0
1551451570 0
1551451571 0
1551451572 0
1551451573 0
1551451574 0
1551451575 0
1551451576 0
1551451577 0
1551451578 0
1551451579 0
1551451580 0
1551451581 0
1551451582 0
1551451583 0
1551451584 0
1551451585 0
1551451586 0
1551451587 0
1551451588 0
1551451589 0
1551451590 0
1551451591 0
1551451592 0
1551451593 0
1551451594 0
1551451595 0
1551451596 0
1551451597 0
1551451598 0
1551451599 0
1551451600 0
1551451601 0
1551451602 0
1551451603 0
1551451604 0
1551451605 0
1551451606 0
1551451607 0
1551451608 0
1551451609 0
1551451610 0
1551451611 0
1551451612 0
1551451613 0
1551451614 0
1551451615 0
1551451616 0
1551451617 0
1551451618 0
1551451619 0
1551451620 0
1551451621 0
1551451622 0
1551451623 0
1551451624 0
1551451625 0
1551451626 0
1551451627 0
1551451628 0
1551451629 0
1551451630 0
1551451631 0
1551451632 0
1551451633 0
1551451634 0
1551451635 0
1551451636 0
1551451637 0
1551451638 0
1551451639 0
1551451640 0
1551451641 0
1551451642 0
1551451643 0
1551451644 0
1551451645 0
1551451646 0
1551451647 0
1551451648 0
1551451649 0
1551451650 0
1551451651 0
1551451652 0
1551451653 0
1551451654 0
1551451655 0
1551451656 0
1551451657 0
1551451658 0
1551451659 0
1551451660 0
1551451661 0
1551451662 0
1551451663 0
1551451664 0
1551451665 0
1551451666 0
1551451667 0
1551451668 0
1551451669 0
1551451670 0
1551451671 0
1551451672 0
1551451673 0
1551451674 0
1551451675 0
1551451676 0
1551451677 0
1551451678 0
1551451679 0
1551451680 0
1551451681 0
1551451682 0
1551451683 0
1551451684 0
1551451685 0
1551451686 0
1551451687 0
1551451688 0
1551451689 0
1551451690 0
1551451691 0
1551451692 0
1551451693 0
1551451694 0
1551451695 0
1551451696 0
1551451697 0
1551451698 0
1551451699 0
1551451700 0
1551451701 0
1551451702 0
1551451703 0
1551451704 0
1551451705 0
1551451706 0
1551451707 0
1551451708 0
1551451709 0
1551451710 0
1551451711 0
1551451712 0
1551451713 0
1551451714 0
1551451715 0
1551451716 0
1551451717 0
1551451718 0
1551451719 0
1551451720 0
1551451721 0
1551451722 0
1551451723 0
1551451724 0
1551451725 0
1551451726 0
1551451727 0
1551451728 0
1551451729 0
1551451730 0
1551451731 0
1551451732 0
1551451733 0
1551451734 0
1551451735 0
1551451736 0
1551451737 0
1551451738 0
1551451739 0
1551451740 0
1551451741 0
1551451742 0
1551451743 0
1551451744 0
1551451745 0
1551451746 0
1551451747 0
1551451748 0
1551451749 0
1551451750 0
1551451751 0
1551451752 0
1551451753 0
1551451754 0
1551451755 0
1551451756 0
1551451757 0
1551451758 0
1551451759 0
1551451760 0
1551451761 0
1551451762 0
1551451763 0
1551451764 0
1551451765 0
1551451766 0
1551451767 0
1551451768 0
1551451769 0
1551451770 0
1551451771 0
1551451772 0
1551451773 0
1551451774 0
1551451775 0
1551451776 0
1551451777 0
1551451778 0
1551451779 0
1551451780 0
1551451781 0
1551451782 0
1551451783 0
1551451784 0
1551451785 0
1551451786 0
1551451787 0
1551451788 0
1551451789 0
1551451790 0
1551451791 0
1551451792 0
1551451793 0
1551451794 0
1551451795 0
1551451796 0
1551451797 0
1551451798 0
1551451799 0
1551451800 0
1551451801 0
1551451802 0
1551451803 0
1551451804 0
1551451805 0
1551451806 0
1551451807 0
1551451808 0
1551451809 0
1551451810 0
1551451811 0
1551451812 0
1551451813 0
1551451814 0
1551451815 0
1551451816 0
1551451817 0
1551451818 0
1551451819 0
1551451820 0
1551451821 0
1551451822 0
1551451823 0
1551451824 0
1551451825 0
1551451826 0
1551451827 0
1551451828 0
1551451829 0
1551451830 0
1551451831 0
1551451832 0
1551451833 0
1551451834 0
1551451835 0
1551451836 0
1551451837 0
1551451838 0
1551451839 0
1551451840 0
1551451841 0
1551451842 0
1551451843 0
1551451844 0
1551451845 0
1551451846 0
1551451847 0
1551451848 0
1551451849 0
1551451850 0
1551451851 0
1551451852 0
1551451853 0
1551451854 0
1551451855 0
1551451856 0
1551451857 0
1551451858 0
1551451859 0
1551451860 0
1551451861 0
1551451862 0
1551451863 0
1551451864 0
1551451865 0
1551451866 0
1551451867 0
1551451868 0
1551451869 0
1551451870 0
1551451871 0
1551451872 0
1551451873 0
1551451874 0
1551451875 0
1551451876 0
1551451877 0
1551451878 0
1551451879 0
1551451880 0
1551451881 0
1551451882 0
1551451883 0
1551451884 0
1551451885 0
1551451886 0
1551451887 0
1551451888 0
1551451889 0
1551451890 0
1551451891 0
1551451892 0
1551451893 0
1551451894 0
1551451895 0
1551451896 0
1551451897 0
1551451898 0
1551451899 0
1551451900 0
1551451901 0
1551451902 0
1551451903 0
1551451904 0
1551451905 0
1551451906 0
1551451907 0
1551451908 0
1551451909 0
1551451910 0
1551451911 0
1551451912 0
1551451913 0
1551451914 0
1551451915 0
1551451916 0
1551451917 0
1551451918 0
1551451919 0
1551451920 0
1551451921 0
1551451922 0
1551451923 0
1551451924 0
1551451925 0
1551451926 0
1551451927 0
1551451928 0
1551451929 0
1551451930 0
1551451931 0
1551451932 0
1551451933 0
1551451934 0
1551451935 0
1551451936 0
1551451937 0
1551451938 0
1551451939 0
1551451940 0
1551451941 0
1551451942 0
1551451943 0
1551451944 0
1551451945 0
1551451946 0
1551451947 0
1551451948 0
1551451949 0
1551451950 0
1551451951 0
1551451952 0
1551451953 0
1551451954 0
1551451955 0
1551451956 0
1551451957 0
1551451958 0
1551451959 0
1551451960 0
1551451961 0
1551451962 0
1551451963 0
1551451964 0
1551451965 0
1551451966 0
1551451967 0
1551451968 0
1551451969 0
1551451970 0
1551451971 0
1551451972 0
1551451973 0
1551451974 0
1551451975 0
1551451976 0
1551451977 0
1551451978 0
1551451979 0
1551451980 0
1551451981 0
1551451982 0
1551451983 0
1551451984 0
1551451985 0
1551451986 0
1551451987 0
1551451988 0
1551451989 0
1551451990 0
1551451991 0
1551451992 0
1551451993 0
1551451994 0
1551451995 0
1551451996 0
1551451997 0
1551451998 0
1551451999 0
1551452000 0
1551452001 0
1551452002 0
1551452003 0
1551452004 0
1551452005 0
1551452006 0
1551452007 0
1551452008 0
1551452009 0
1551452010 0
1551452011 0
1551452012 0
1551452013 0
1551452014 0
1551452015 0
1551452016 0
1551452017 0
1551452018 0
1551452019 0
1551452020 0
1551452021 0
1551452022 0
1551452023 0
1551452024 0
1551452025 0
1551452026 0
1551452027 0
1551452028 0
1551452029 0
1551452030 0
1551452031 0
1551452032 0
1551452033 0
1551452034 0
1551452035 0
1551452036 0
1551452037 0
1551452038 0
1551452039 0
1551452040 0
1551452041 0
1551452042 0
1551452043 0
1551452044 0
1551452045 0
1551452046 0
1551452047 0
1551452048 0
1551452049 0
1551452050 0
1551452051 0
1551452052 0
1551452053 0
1551452054 0
1551452055 0
1551452056 0
1551452057 0
1551452058 0
1551452059 0
1551452060 0
1551452061 0
1551452062 0
1551452063 0
1551452064 0
1551452065 0
1551452066 0
1551452067 0
1551452068 0
1551452069 0
1551452070 0
1551452071 0
1551452072 0
1551452073 0
1551452074 0
1551452075 0
1551452076 0
1551452077 0
1551452078 0
1551452079 0
1551452080 0
1551452081 0
1551452082 0
1551452083 0
1551452084 0
1551452085 0
1551452086 0
1551452087 0
1551452088 0
1551452089 0
1551452090 0
1551452091 0
1551452092 0
1551452093 0
1551452094 0
1551452095 0
1551452096 0
1551452097 0
1551452098 0
1551452099 0
1551452100 0
1551452101 0
1551452102 0
1551452103 0
1551452104 0
1551452105 0
1551452106 0
1551452107 0
1551452108 0
1551452109 0
1551452110 0
1551452111 0
1551452112 0
1551452113 0
1551452114 0
1551452115 0
1551452116 0
1551452117 0
1551452118 0
1551452119 0
1551452120 0
1551452121 0
1551452122 0
1551452123 0
1551452124 0
1551452125 0
1551452126 0
1551452127 0
1551452128 0
1551452129 0
1551452130 0
1551452131 0
1551452132 0
1551452133 0
1551452134 0
1551452135 0
1551452136 0
1551452137 0
1551452138 0
1551452139 0
1551452140 0
1551452141 0
1551452142 0
1551452143 0
1551452144 0
1551452145 0
1551452146 0
1551452147 0
1551452148 0
1551452149 0
1551452150 0
1551452151 0
1551452152 0
1551452153 0
1551452154 0
1551452155 0
1551452156 0
1551452157 0
1551452158 0
1551452159 0
1551452160 0
1551452161 0
1551452162 0
1551452163 0
1551452164 0
1551452165 0
1551452166 0
1551452167 0
1551452168 0
1551452169 0
1551452170 0
1551452171 0
1551452172 0
1551452173 0
1551452174 0
1551452175 0
1551452176 0
1551452177 0
1551452178 0
1551452179 0
1551452180 0
1551452181 0
1551452182 0
1551452183 0
1551452184 0
1551452185 0
1551452186 0
1551452187 0
1551452188 0
1551452189 0
1551452190 0
1551452191 0
1551452192 0
1551452193 0
1551452194 0
1551452195 0
1551452196 0
1551452197 0
1551452198 0
1551452199 0
1551452200 0
1551452201 0
1551452202 0
1551452203 0
1551452204 0
1551452205 0
1551452206 0
1551452207 0
1551452208 0
1551452209 0
1551452210 0
1551452211 0
1551452212 0
1551452213 0
1551452214 0
1551452215 0
1551452216 0
1551452217 0
1551452218 0
1551452219 0
1551452220 0
1551452221 0
1551452222 0
1551452223 0
1551452224 0
1551452225 0
1551452226 0
1551452227 0
1551452228 0
1551452229 0
1551452230 0
1551452231 0
1551452232 0
1551452233 0
1551452234 0
1551452235 0
1551452236 0
1551452237 0
1551452238 0
1551452239 0
1551452240 0
1551452241 0
1551452242 0
1551452243 0
1551452244 0
1551452245 0
1551452246 0
1551452247 0
1551452248 0
1551452249 0
1551452250 0
1551452251 0
1551452252 0
1551452253 0
1551452254 0
1551452255 0
1551452256 0
1551452257 0
1551452258 0
1551452259 0
1551452260 0
1551452261 0
1551452262 0
1551452263 0
1551452264 0
1551452265 0
1551452266 0
1551452267 0
1551452268 0
1551452269 0
1551452270 0
1551452271 0
1551452272 0
1551452273 0
1551452274 0
1551452275 0
1551452276 0
1551452277 0
1551452278 0
1551452279 0
1551452280 0
1551452281 0
1551452282 0
1551452283 0
1551452284 0
1551452285 0
1551452286 0
1551452287 0
1551452288 0
1551452289 0
1551452290 0
1551452291 0
1551452292 0
1551452293 0
1551452294 0
1551452295 0
1551452296 0
1551452297 0
1551452298 0
1551452299 0
1551452300 0
1551452301 0
1551452302 0
1551452303 0
1551452304 0
1551452305 0
1551452306 0
1551452307 0
1551452308 0
1551452309 0
1551452310 0
1551452311 0
1551452312 0
1551452313 0
1551452314 0
1551452315 0
1551452316 0
1551452317 0
1551452318 0
1551452319 0
1551452320 0
1551452321 0
1551452322 0
1551452323 0
1551452324 0
1551452325 0
1551452326 0
1551452327 0
1551452328 0
1551452329 0
1551452330 0
1551452331 0
1551452332 0
1551452333 0
1551452334 0
1551452335 0
1551452336 0
1551452337 0
1551452338 0
1551452339 0
1551452340 0
1551452341 0
1551452342 0
1551452343 0
1551452344 0
1551452345 0
1551452346 0
1551452347 0
1551452348 0
1551452349 0
1551452350 0
1551452351 0
1551452352 0
1551452353 0
1551452354 0
1551452355 0
1551452356 0
1551452357 0
1551452358 0
1551452359 0
1551452360 0
1551452361 0
1551452362 0
1551452363 0
1551452364 0
1551452365 0
1551452366 0
1551452367 0
1551452368 0
1551452369 0
1551452370 0
1551452371 0
1551452372 0
1551452373 0
1551452374 0
1551452375 0
1551452376 0
1551452377 0
1551452378 0
1551452379 0
1551452380 0
1551452381 0
1551452382 0
1551452383 0
1551452384 0
1551452385 0
1551452386 0
1551452387 0
1551452388 0
1551452389 0
1551452390 0
1551452391 0
1551452392 0
1551452393 0
1551452394 0
1551452395 0
1551452396 0
1551452397 0
1551452398 0
1551452399 0
1551452400 0
1551452401 0
1551452402 0
1551452403 0
1551452404 0
1551452405 0
1551452406 0
1551452407 0
1551452408 0
1551452409 0
1551452410 0
1551452411 0
1551452412 0
1551452413 0
1551452414 0
1551452415 0
1551452416 0
1551452417 0
1551452418 0
1551452419 0
1551452420 0
1551452421 0
1551452422 0
1551452423 0
1551452424 0
1551452425 0
1551452426 0
1551452427 0
1551452428 0
1551452429 0
1551452430 0
1551452431 0
1551452432 0
1551452433 0
1551452434 0
1551452435 0
1551452436 0
1551452437 0
1551452438 0
1551452439 0
1551452440 0
1551452441 0
1551452442 0
1551452443 0
1551452444 0
1551452445 0
1551452446 0
1551452447 0
1551452448 0
1551452449 0
1551452450 0
1551452451 0
1551452452 0
1551452453 0
1551452454 0
1551452455 0
1551452456 0
1551452457 0
1551452458 0
1551452459 0
1551452460 0
1551452461 0
1551452462 0
1551452463 0
1551452464 0
1551452465 0
1551452466 0
1551452467 0
1551452468 0
1551452469 0
1551452470 0
1551452471 0
1551452472 0
1551452473 0
1551452474 0
1551452475 0
1551452476 0
1551452477 0
1551452478 0
1551452479 0
1551452480 0
1551452481 0
1551452482 0
1551452483 0
1551452484 0
1551452485 0
1551452486 0
1551452487 0
1551452488 0
1551452489 0
1551452490 0
1551452491 0
1551452492 0
1551452493 0
1551452494 0
1551452495 0
1551452496 0
1551452497 0
1551452498 0
1551452499 0
1551452500 0
1551452501 0
1551452502 0
1551452503 0
1551452504 0
1551452505 0
1551452506 0
1551452507 0
1551452508 0
1551452509 0
1551452510 0
1551452511 0
1551452512 0
1551452513 0
1551452514 0
1551452515 0
1551452516 0
1551452517 0
1551452518 0
1551452519 0
1551452520 0
1551452521 0
1551452522 0
1551452523 0
1551452524 0
1551452525 0
1551452526 0
1551452527 0
1551452528 0
1551452529 0
1551452530 0
1551452531 0
1551452532 0
1551452533 0
1551452534 0
1551452535 0
1551452536 0
1551452537 0
1551452538 0
1551452539 0
1551452540 0
1551452541 0
1551452542 0
1551452543 0
1551452544 0
1551452545 0
1551452546 0
1551452547 0
1551452548 0
1551452549 0
1551452550 0
1551452551 0
1551452552 0
1551452553 0
1551452554 0
1551452555 0
1551452556 0
1551452557 0
1551452558 0
1551452559 0
1551452560 0
1551452561 0
1551452562 0
1551452563 0
1551452564 0
1551452565 0
1551452566 0
1551452567 0
1551452568 0
1551452569 0
1551452570 0
1551452571 0
1551452572 0
1551452573 0
1551452574 0
1551452575 0
1551452576 0
1551452577 0
1551452578 0
1551452579 0
1551452580 0
1551452581 0
1551452582 0
1551452583 0
1551452584 0
1551452585 0
1551452586 0
1551452587 0
1551452588 0
1551452589 0
1551452590 0
1551452591 0
1551452592 0
1551452593 0
1551452594 0
1551452595 0
1551452596 0
1551452597 0
1551452598 0
1551452599 0
1551452600 0
1551452601 0
1551452602 0
1551452603 0
1551452604 0
1551452605 0
1551452606 0
1551452607 0
1551452608 0
1551452609 0
1551452610 0
1551452611 0
1551452612 0
1551452613 0
1551452614 0
1551452615 0
1551452616 0
1551452617 0
1551452618 0
1551452619 0
1551452620 0
1551452621 0
1551452622 0
1551452623 0
1551452624 0
1551452625 0
1551452626 0
1551452627 0
1551452628 0
1551452629 0
1551452630 0
1551452631 0
1551452632 0
1551452633 0
1551452634 0
1551452635 0
1551452636 0
1551452637 0
1551452638 0
1551452639 0
1551452640 0
1551452641 0
1551452642 0
1551452643 0
1551452644 0
1551452645 0
1551452646 0
1551452647 0
1551452648 0
1551452649 0
1551452650 0
1551452651 0
1551452652 0
1551452653 0
1551452654 0
1551452655 0
1551452656 0
1551452657 0
1551452658 0
1551452659 0
1551452660 0
1551452661 0
1551452662 0
1551452663 0
1551452664 0
1551452665 0
1551452666 0
1551452667 0
1551452668 0
1551452669 0
1551452670 0
1551452671 0
1551452672 0
1551452673 0
1551452674 0
1551452675 0
1551452676 0
1551452677 0
1551452678 0
1551452679 0
1551452680 0
1551452681 0
1551452682 0
1551452683 0
1551452684 0
1551452685 0
1551452686 0
1551452687 0
1551452688 0
1551452689 0
1551452690 0
1551452691 0
1551452692 0
1551452693 0
1551452694 0
1551452695 0
1551452696 0
1551452697 0
1551452698 0
1551452699 0
1551452700 0
1551452701 0
1551452702 0
1551452703 0
1551452704 0
1551452705 0
1551452706 0
1551452707 0
1551452708 0
1551452709 0
1551452710 0
1551452711 0
1551452712 0
1551452713 0
1551452714 0
1551452715 0
1551452716 0
1551452717 0
1551452718 0
1551452719 0
1551452720 0
1551452721 0
1551452722 0
1551452723 0
1551452724 0
1551452725 0
1551452726 0
1551452727 0
1551452728 0
1551452729 0
1551452730 0
1551452731 0
1551452732 0
1551452733 0
1551452734 0
1551452735 0
1551452736 0
1551452737 0
1551452738 0
1551452739 0
1551452740 0
1551452741 0
1551452742 0
1551452743 0
1551452744 0
1551452745 0
1551452746 0
1551452747 0
1551452748 0
1551452749 0
1551452750 0
1551452751 0
1551452752 0
1551452753 0
1551452754 0
1551452755 0
1551452756 0
1551452757 0
1551452758 0
1551452759 0
1551452760 0
1551452761 0
1551452762 0
1551452763 0
1551452764 0
1551452765 0
1551452766 0
1551452767 0
1551452768 0
1551452769 0
1551452770 0
1551452771 0
1551452772 0
1551452773 0
1551452774 0
1551452775 0
1551452776 0
1551452777 0
1551452778 0
1551452779 0
1551452780 0
1551452781 0
1551452782 0
1551452783 0
1551452784 0
1551452785 0
1551452786 0
1551452787 0
1551452788 0
1551452789 0
1551452790 0
1551452791 0
1551452792 0
1551452793 0
1551452794 0
1551452795 0
1551452796 0
1551452797 0
1551452798 0
1551452799 0
1551452800 0
1551452801 0
1551452802 0
1551452803 0
1551452804 0
1551452805 0
1551452806 0
1551452807 0
1551452808 0
1551452809 0
1551452810 0
1551452811 0
1551452812 0
1551452813 0
1551452814 0
1551452815 0
1551452816 0
1551452817 0
1551452818 0
1551452819 0
1551452820 0
1551452821 0
1551452822 0
1551452823 0
1551452824 0
1551452825 0
1551452826 0
1551452827 0
1551452828 0
1551452829 0
1551452830 0
1551452831 0
1551452832 0
1551452833 0
1551452834 0
1551452835 0
1551452836 0
1551452837 0
1551452838 0
1551452839 0
1551452840 0
1551452841 0
1551452842 0
1551452843 0
1551452844 0
1551452845 0
1551452846 0
1551452847 0
1551452848 0
1551452849 0
1551452850 0
1551452851 0
1551452852 0
1551452853 0
1551452854 0
1551452855 0
1551452856 0
1551452857 0
1551452858 0
1551452859 0
1551452860 0
1551452861 0
1551452862 0
1551452863 0
1551452864 0
1551452865 0
1551452866 0
1551452867 0
1551452868 0
1551452869 0
1551452870 0
1551452871 0
1551452872 0
1551452873 0
1551452874 0
1551452875 0
1551452876 0
1551452877 0
1551452878 0
1551452879 0
1551452880 0
1551452881 0
1551452882 0
1551452883 0
1551452884 0
1551452885 0
1551452886 0
1551452887 0
1551452888 0
1551452889 0
1551452890 0
1551452891 0
1551452892 0
1551452893 0
1551452894 0
1551452895 0
1551452896 0
1551452897 0
1551452898 0
1551452899 0
1551452900 0
1551452901 0
1551452902 0
1551452903 0
1551452904 0
1551452905 0
1551452906 0
1551452907 0
1551452908 0
1551452909 0
1551452910 0
1551452911 0
1551452912 0
1551452913 0
1551452914 0
1551452915 0
1551452916 0
1551452917 0
1551452918 0
1551452919 0
1551452920 0
1551452921 0
1551452922 0
1551452923 0
1551452924 0
1551452925 0
1551452926 0
1551452927 0
1551452928 0
1551452929 0
1551452930 0
1551452931 0
1551452932 0
1551452933 0
1551452934 0
1551452935 0
1551452936 0
1551452937 0
1551452938 0
1551452939 0
1551452940 0
1551452941 0
1551452942 0
1551452943 0
1551452944 0
1551452945 0
1551452946 0
1551452947 0
1551452948 0
1551452949 0
1551452950 0
1551452951 0
1551452952 0
1551452953 0
1551452954 0
1551452955 0
1551452956 0
1551452957 0
1551452958 0
1551452959 0
1551452960 0
1551452961 0
1551452962 0
1551452963 0
1551452964 0
1551452965 0
1551452966 0
1551452967 0
1551452968 0
1551452969 0
1551452970 0
1551452971 0
1551452972 0
1551452973 0
1551452974 0
1551452975 0
1551452976 0
1551452977 0
1551452978 0
1551452979 0
1551452980 0
1551452981 0
1551452982 0
1551452983 0
1551452984 0
1551452985 0
1551452986 0
1551452987 0
1551452988 0
1551452989 0
1551452990 0
1551452991 0
1551452992 0
1551452993 0
1551452994 0
1551452995 0
1551452996 0
1551452997 0
1551452998 0
1551452999 0
1551453000 0
1551453001 0
1551453002 0
1551453003 0
1551453004 0
1551453005 0
1551453006 0
1551453007 0
1551453008 0
1551453009 0
1551453010 0
1551453011 0
1551453012 0
1551453013 0
1551453014 0
1551453015 0
1551453016 0
1551453017 0
1551453018 0
1551453019 0
1551453020 0
1551453021 0
1551453022 0
1551453023 0
1551453024 0
1551453025 0
1551453026 0
1551453027 0
1551453028 0
1551453029 0
1551453030 0
1551453031 0
1551453032 0
1551453033 0
1551453034 0
1551453035 0
1551453036 0
1551453037 0
1551453038 0
1551453039 0
1551453040 0
1551453041 0
1551453042 0
1551453043 0
1551453044 0
1551453045 0
1551453046 0
1551453047 0
1551453048 0
1551453049 0
1551453050 0
1551453051 0
1551453052 0
1551453053 0
1551453054 0
1551453055 0
1551453056 0
1551453057 0
1551453058 0
1551453059 0
1551453060 0
1551453061 0
1551453062 0
1551453063 0
1551453064 0
1551453065 0
1551453066 0
1551453067 0
1551453068 0
1551453069 0
1551453070 0
1551453071 0
1551453072 0
1551453073 0
1551453074 0
1551453075 0
1551453076 0
1551453077 0
1551453078 0
1551453079 0
1551453080 0
1551453081 0
1551453082 0
1551453083 0
1551453084 0
1551453085 0
1551453086 0
1551453087 0
1551453088 0
1551453089 0
1551453090 0
1551453091 0
1551453092 0
1551453093 0
1551453094 0
1551453095 0
1551453096 0
1551453097 0
1551453098 0
1551453099 0
1551453100 0
1551453101 0
1551453102 0
1551453103 0
1551453104 0
1551453105 0
1551453106 0
1551453107 0
1551453108 0
1551453109 0
1551453110 0
1551453111 0
1551453112 0
1551453113 0
1551453114 0
1551453115 0
1551453116 0
1551453117 0
1551453118 0
1551453119 0
1551453120 0
1551453121 0
1551453122 0
1551453123 0
1551453124 0
1551453125 0
1551453126 0
1551453127 0
1551453128 0
1551453129 0
1551453130 0
1551453131 0
1551453132 0
1551453133 0
1551453134 0
1551453135 0
1551453136 0
1551453137 0
1551453138 0
1551453139 0
1551453140 0
1551453141 0
1551453142 0
1551453143 0
1551453144 0
1551453145 0
1551453146 0
1551453147 0
1551453148 0
1551453149 0
1551453150 0
1551453151 0
1551453152 0
1551453153 0
1551453154 0
1551453155 0
1551453156 0
1551453157 0
1551453158 0
1551453159 0
1551453160 0
1551453161 0
1551453162 0
1551453163 0
1551453164 0
1551453165 0
1551453166 0
1551453167 0
1551453168 0
1551453169 0
1551453170 0
1551453171 0
1551453172 0
1551453173 0
1551453174 0
1551453175 0
1551453176 0
1551453177 0
1551453178 0
1551453179 0
1551453180 0
1551453181 0
1551453182 0
1551453183 0
1551453184 0
1551453185 0
1551453186 0
1551453187 0
1551453188 0
1551453189 0
1551453190 0
1551453191 0
1551453192 0
1551453193 0
1551453194 0
1551453195 0
1551453196 0
1551453197 0
1551453198 0
1551453199 0
1551453200 0
1551453201 0
1551453202 0
1551453203 0
1551453204 0
1551453205 0
1551453206 0
1551453207 0
1551453208 0
1551453209 0
1551453210 0
1551453211 0
1551453212 0
1551453213 0
1551453214 0
1551453215 0
1551453216 0
1551453217 0
1551453218 0
1551453219 0
1551453220 0
1551453221 0
1551453222 0
1551453223 0
1551453224 0
1551453225 0
1551453226 0
1551453227 0
1551453228 0
1551453229 0
1551453230 0
1551453231 0
1551453232 0
1551453233 0
1551453234 0
1551453235 0
1551453236 0
1551453237 0
1551453238 0
1551453239 0
1551453240 0
1551453241 0
1551453242 0
1551453243 0
1551453244 0
1551453245 0
1551453246 0
1551453247 0
1551453248 0
1551453249 0
1551453250 0
1551453251 0
1551453252 0
1551453253 0
1551453254 0
1551453255 0
1551453256 0
1551453257 0
1551453258 0
1551453259 0
1551453260 0
1551453261 0
1551453262 0
1551453263 0
1551453264 0
1551453265 0
1551453266 0
1551453267 0
1551453268 0
1551453269 0
1551453270 0
1551453271 0
1551453272 0
1551453273 0
1551453274 0
1551453275 0
1551453276 0
1551453277 0
1551453278 0
1551453279 0
1551453280 0
1551453281 0
1551453282 0
1551453283 0
1551453284 0
1551453285 0
1551453286 0
1551453287 0
1551453288 0
1551453289 0
1551453290 0
1551453291 0
1551453292 0
1551453293 0
1551453294 0
1551453295 0
1551453296 0
1551453297 0
1551453298 0
1551453299 0
1551453300 0
1551453301 0
1551453302 0
1551453303 0
1551453304 0
1551453305 0
1551453306 0
1551453307 0
1551453308 0
1551453309 0
1551453310 0
1551453311 0
1551453312 0
1551453313 0
1551453314 0
1551453315 0
1551453316 0
1551453317 0
1551453318 0
1551453319 0
1551453320 0
1551453321 0
1551453322 0
1551453323 0
1551453324 0
1551453325 0
1551453326 0
1551453327 0
1551453328 0
1551453329 0
1551453330 0
1551453331 0
1551453332 0
1551453333 0
1551453334 0
1551453335 0
1551453336 0
1551453337 0
1551453338 0
1551453339 0
1551453340 0
1551453341 0
1551453342 0
1551453343 0
1551453344 0
1551453345 0
1551453346 0
1551453347 0
1551453348 0
1551453349 0
1551453350 0
1551453351 0
1551453352 0
1551453353 0
1551453354 0
1551453355 0
1551453356 0
1551453357 0
1551453358 0
1551453359 0
1551453360 0
1551453361 0
1551453362 0
1551453363 0
1551453364 0
1551453365 0
1551453366 0
1551453367 0
1551453368 0
1551453369 0
1551453370 0
1551453371 0
1551453372 0
1551453373 0
1551453374 0
1551453375 0
1551453376 0
1551453377 0
1551453378 0
1551453379 0
1551453380 0
1551453381 0
1551453382 0
1551453383 0
1551453384 0
1551453385 0
1551453386 0
1551453387 0
1551453388 0
1551453389 0
1551453390 0
1551453391 0
1551453392 0
1551453393 0
1551453394 0
1551453395 0
1551453396 0
1551453397 0
1551453398 0
1551453399 0
1551453400 0
1551453401 0
1551453402 0
1551453403 0
1551453404 0
1551453405 0
1551453406 0
1551453407 0
1551453408 0
1551453409 0
1551453410 0
1551453411 0
1551453412 0
1551453413 0
1551453414 0
1551453415 0
1551453416 0
1551453417 0
1551453418 0
1551453419 0
1551453420 0
1551453421 0
1551453422 0
1551453423 0
1551453424 0
1551453425 0
1551453426 0
1551453427 0
1551453428 0
1551453429 0
1551453430 0
1551453431 0
1551453432 0
1551453433 0
1551453434 0
1551453435 0
1551453436 0
1551453437 0
1551453438 0
1551453439 0
1551453440 0
1551453441 0
1551453442 0
1551453443 0
1551453444 0
1551453445 0
1551453446 0
1551453447 0
1551453448 0
1551453449 0
1551453450 0
1551453451 0
1551453452 0
1551453453 0
1551453454 0
1551453455 0
1551453456 0
1551453457 0
1551453458 0
1551453459 0
1551453460 0
1551453461 0
1551453462 0
1551453463 0
1551453464 0
1551453465 0
1551453466 0
1551453467 0
1551453468 0
1551453469 0
1551453470 0
1551453471 0
1551453472 0
1551453473 0
1551453474 0
1551453475 0
1551453476 0
1551453477 0
1551453478 0
1551453479 0
1551453480 0
1551453481 0
1551453482 0
1551453483 0
1551453484 0
1551453485 0
1551453486 0
1551453487 0
1551453488 0
1551453489 0
1551453490 0
1551453491 0
1551453492 0
1551453493 0
1551453494 0
1551453495 0
1551453496 0
1551453497 0
1551453498 0
1551453499 0
1551453500 0
1551453501 0
1551453502 0
1551453503 0
1551453504 0
1551453505 0
1551453506 0
1551453507 0
1551453508 0
1551453509 0
1551453510 0
1551453511 0
1551453512 0
1551453513 0
1551453514 0
1551453515 0
1551453516 0
1551453517 0
1551453518 0
1551453519 0
1551453520 0
1551453521 0
1551453522 0
1551453523 0
1551453524 0
1551453525 0
1551453526 0
1551453527 0
1551453528 0
1551453529 0
1551453530 0
1551453531 0
1551453532 0
1551453533 0
1551453534 0
1551453535 0
1551453536 0
1551453537 0
1551453538 0
1551453539 0
1551453540 0
1551453541 0
1551453542 0
1551453543 0
1551453544 0
1551453545 0
1551453546 0
1551453547 0
1551453548 0
1551453549 0
1551453550 0
1551453551 0
1551453552 0
1551453553 0
1551453554 0
1551453555 0
1551453556 0
1551453557 0
1551453558 0
1551453559 0
1551453560 0
1551453561 0
1551453562 0
1551453563 0
1551453564 0
1551453565 0
1551453566 0
1551453567 0
1551453568 0
1551453569 0
1551453570 0
1551453571 0
1551453572 0
1551453573 0
1551453574 0
1551453575 0
1551453576 0
1551453577 0
1551453578 0
1551453579 0
1551453580 0
1551453581 0
1551453582 0
1551453583 0
1551453584 0
1551453585 0
1551453586 0
1551453587 0
1551453588 0
1551453589 0
1551453590 0
1551453591 0
1551453592 0
1551453593 0
1551453594 0
1551453595 0
1551453596 0
1551453597 0
1551453598 0
1551453599 0
1551453600 0
1551453601 0
1551453602 0
1551453603 0
1551453604 0
1551453605 0
1551453606 0
1551453607 0
1551453608 0
1551453609 0
1551453610 0
1551453611 0
1551453612 0
1551453613 0
1551453614 0
1551453615 0
1551453616 0
1551453617 0
1551453618 0
1551453619 0
1551453620 0
1551453621 0
1551453622 0
1551453623 0
1551453624 0
1551453625 0
1551453626 0
1551453627 0
1551453628 0
1551453629 0
1551453630 0
1551453631 0
1551453632 0
1551453633 0
1551453634 0
1551453635 0
1551453636 0
1551453637 0
1551453638 0
1551453639 0
1551453640 0
1551453641 0
1551453642 0
1551453643 0
1551453644 0
1551453645 0
1551453646 0
1551453647 0
1551453648 0
1551453649 0
1551453650 0
1551453651 0
1551453652 0
1551453653 0
1551453654 0
1551453655 0
1551453656 0
1551453657 0
1551453658 0
1551453659 0
1551453660 0
1551453661 0
1551453662 0
1551453663 0
1551453664 0
1551453665 0
1551453666 0
1551453667 0
1551453668 0
1551453669 0
1551453670 0
1551453671 0
1551453672 0
1551453673 0
1551453674 0
1551453675 0
1551453676 0
1551453677 0
1551453678 0
1551453679 0
1551453680 0
1551453681 0
1551453682 0
1551453683 0
1551453684 0
1551453685 0
1551453686 0
1551453687 0
1551453688 0
1551453689 0
1551453690 0
1551453691 0
1551453692 0
1551453693 0
1551453694 0
1551453695 0
1551453696 0
1551453697 0
1551453698 0
1551453699 0
1551453700 0
1551453701 0
1551453702 0
1551453703 0
1551453704 0
1551453705 0
1551453706 0
1551453707 0
1551453708 0
1551453709 0
1551453710 0
1551453711 0
1551453712 0
1551453713 0
1551453714 0
1551453715 0
1551453716 0
1551453717 0
1551453718 0
1551453719 0
1551453720 0
1551453721 0
1551453722 0
1551453723 0
1551453724 0
1551453725 0
1551453726 0
1551453727 0
1551453728 0
1551453729 0
1551453730 0
1551453731 0
1551453732 0
1551453733 0
1551453734 0
1551453735 0
1551453736 0
1551453737 0
1551453738 0
1551453739 0
1551453740 0
1551453741 0
1551453742 0
1551453743 0
1551453744 0
1551453745 0
1551453746 0
1551453747 0
1551453748 0
1551453749 0
1551453750 0
1551453751 0
1551453752 0
1551453753 0
1551453754 0
1551453755 0
1551453756 0
1551453757 0
1551453758 0
1551453759 0
1551453760 0
1551453761 0
1551453762 0
1551453763 0
1551453764 0
1551453765 0
1551453766 0
1551453767 0
1551453768 0
1551453769 0
1551453770 0
1551453771 0
1551453772 0
1551453773 0
1551453774 0
1551453775 0
1551453776 0
1551453777 0
1551453778 0
1551453779 0
1551453780 0
1551453781 0
1551453782 0
1551453783 0
1551453784 0
1551453785 0
1551453786 0
1551453787 0
1551453788 0
1551453789 0
1551453790 0
1551453791 0
1551453792 0
1551453793 0
1551453794 0
1551453795 0
1551453796 0
1551453797 0
1551453798 0
1551453799 0
1551453800 0
1551453801 0
1551453802 0
1551453803 0
1551453804 0
1551453805 0
1551453806 0
1551453807 0
1551453808 0
1551453809 0
1551453810 0
1551453811 0
1551453812 0
1551453813 0
1551453814 0
1551453815 0
1551453816 0
1551453817 0
1551453818 0
1551453819 0
1551453820 0
1551453821 0
1551453822 0
1551453823 0
1551453824 0
1551453825 0
1551453826 0
1551453827 0
1551453828 0
1551453829 0
1551453830 0
1551453831 0
1551453832 0
1551453833 0
1551453834 0
1551453835 0
1551453836 0
1551453837 0
1551453838 0
1551453839 0
1551453840 0
1551453841 0
1551453842 0
1551453843 0
1551453844 0
1551453845 0
1551453846 0
1551453847 0
1551453848 0
1551453849 0
1551453850 0
1551453851 0
1551453852 0
1551453853 0
1551453854 0
1551453855 0
1551453856 0
1551453857 0
1551453858 0
1551453859 0
1551453860 0
1551453861 0
1551453862 0
1551453863 0
1551453864 0
1551453865 0
1551453866 0
1551453867 0
1551453868 0
1551453869 0
1551453870 0
1551453871 0
1551453872 0
1551453873 0
1551453874 0
1551453875 0
1551453876 0
1551453877 0
1551453878 0
1551453879 0
1551453880 0
1551453881 0
1551453882 0
1551453883 0
1551453884 0
1551453885 0
1551453886 0
1551453887 0
1551453888 0
1551453889 0
1551453890 0
1551453891 0
1551453892 0
1551453893 0
1551453894 0
1551453895 0
1551453896 0
1551453897 0
1551453898 0
1551453899 0
1551453900 0
1551453901 0
1551453902 0
1551453903 0
1551453904 0
1551453905 0
1551453906 0
1551453907 0
1551453908 0
1551453909 0
1551453910 0
1551453911 0
1551453912 0
1551453913 0
1551453914 0
1551453915 0
1551453916 0
1551453917 0
1551453918 0
1551453919 0
1551453920 0
1551453921 0
1551453922 0
1551453923 0
1551453924 0
1551453925 0
1551453926 0
1551453927 0
1551453928 0
1551453929 0
1551453930 0
1551453931 0
1551453932 0
1551453933 0
1551453934 0
1551453935 0
1551453936 0
1551453937 0
1551453938 0
1551453939 0
1551453940 0
1551453941 0
1551453942 0
1551453943 0
1551453944 0
1551453945 0
1551453946 0
1551453947 0
1551453948 0
1551453949 0
1551453950 0
1551453951 0
1551453952 0
1551453953 0
1551453954 0
1551453955 0
1551453956 0
1551453957 0
1551453958 0
1551453959 0
1551453960 0
1551453961 0
1551453962 0
1551453963 0
1551453964 0
1551453965 0
1551453966 0
1551453967 0
1551453968 0
1551453969 0
1551453970 0
1551453971 0
1551453972 0
1551453973 0
1551453974 0
1551453975 0
1551453976 0
1551453977 0
1551453978 0
1551453979 0
1551453980 0
1551453981 0
1551453982 0
1551453983 0
1551453984 0
1551453985 0
1551453986 0
1551453987 0
1551453988 0
1551453989 0
1551453990 0
1551453991 0
1551453992 0
1551453993 0
1551453994 0
1551453995 0
1551453996 0
1551453997 0
1551453998 0
1551453999 0
1551454000 0
1551454001 0
1551454002 0
1551454003 0
1551454004 0
1551454005 0
1551454006 0
1551454007 0
1551454008 0
1551454009 0
1551454010 0
1551454011 0
1551454012 0
1551454013 0
1551454014 0
1551454015 0
1551454016 0
1551454017 0
1551454018 0
1551454019 0
1551454020 0
1551454021 0
1551454022 0
1551454023 0
1551454024 0
1551454025 0
1551454026 0
1551454027 0
1551454028 0
1551454029 0
1551454030 0
1551454031 0
1551454032 0
1551454033 0
1551454034 0
1551454035 0
1551454036 0
1551454037 0
1551454038 0
1551454039 0
1551454040 0
1551454041 0
1551454042 0
1551454043 0
1551454044 0
1551454045 0
1551454046 0
1551454047 0
1551454048 0
1551454049 0
1551454050 0
1551454051 0
1551454052 0
1551454053 0
1551454054 0
1551454055 0
1551454056 0
1551454057 0
1551454058 0
1551454059 0
1551454060 0
1551454061 0
1551454062 0
1551454063 0
1551454064 0
1551454065 0
1551454066 0
1551454067 0
1551454068 0
1551454069 0
1551454070 0
1551454071 0
1551454072 0
1551454073 0
1551454074 0
1551454075 0
1551454076 0
1551454077 0
1551454078 0
1551454079 0
1551454080 0
1551454081 0
1551454082 0
1551454083 0
1551454084 0
1551454085 0
1551454086 0
1551454087 0
1551454088 0
1551454089 0
1551454090 0
1551454091 0
1551454092 0
1551454093 0
1551454094 0
1551454095 0
1551454096 0
1551454097 0
1551454098 0
1551454099 0
1551454100 0
1551454101 0
1551454102 0
1551454103 0
1551454104 0
1551454105 0
1551454106 0
1551454107 0
1551454108 0
1551454109 0
1551454110 0
1551454111 0
1551454112 0
1551454113 0
1551454114 0
1551454115 0
1551454116 0
1551454117 0
1551454118 0
1551454119 0
1551454120 0
1551454121 0
1551454122 0
1551454123 0
1551454124 0
1551454125 0
1551454126 0
1551454127 0
1551454128 0
1551454129 0
1551454130 0
1551454131 0
1551454132 0
1551454133 0
1551454134 0
1551454135 0
1551454136 0
1551454137 0
1551454138 0
1551454139 0
1551454140 0
1551454141 0
1551454142 0
1551454143 0
1551454144 0
1551454145 0
1551454146 0
1551454147 0
1551454148 0
1551454149 0
1551454150 0
1551454151 0
1551454152 0
1551454153 0
1551454154 0
1551454155 0
1551454156 0
1551454157 0
1551454158 0
1551454159 0
1551454160 0
1551454161 0
1551454162 0
1551454163 0
1551454164 0
1551454165 0
1551454166 0
1551454167 0
1551454168 0
1551454169 0
1551454170 0
1551454171 0
1551454172 0
1551454173 0
1551454174 0
1551454175 0
1551454176 0
1551454177 0
1551454178 0
1551454179 0
1551454180 0
1551454181 0
1551454182 0
1551454183 0
1551454184 0
1551454185 0
1551454186 0
1551454187 0
1551454188 0
1551454189 0
1551454190 0
1551454191 0
1551454192 0
1551454193 0
1551454194 0
1551454195 0
1551454196 0
1551454197 0
1551454198 0
1551454199 0
1551454200 0
1551454201 0
1551454202 0
1551454203 0
1551454204 0
1551454205 0
1551454206 0
1551454207 0
1551454208 0
1551454209 0
1551454210 0
1551454211 0
1551454212 0
1551454213 0
1551454214 0
1551454215 0
1551454216 0
1551454217 0
1551454218 0
1551454219 0
1551454220 0
1551454221 0
1551454222 0
1551454223 0
1551454224 0
1551454225 0
1551454226 0
1551454227 0
1551454228 0
1551454229 0
1551454230 0
1551454231 0
1551454232 0
1551454233 0
1551454234 0
1551454235 0
1551454236 0
1551454237 0
1551454238 0
1551454239 0
1551454240 0
1551454241 0
1551454242 0
1551454243 0
1551454244 0
1551454245 0
1551454246 0
1551454247 0
1551454248 0
1551454249 0
1551454250 0
1551454251 0
1551454252 0
1551454253 0
1551454254 0
1551454255 0
1551454256 0
1551454257 0
1551454258 0
1551454259 0
1551454260 0
1551454261 0
1551454262 0
1551454263 0
1551454264 0
1551454265 0
1551454266 0
1551454267 0
1551454268 0
1551454269 0
1551454270 0
1551454271 0
1551454272 0
1551454273 0
1551454274 0
1551454275 0
1551454276 0
1551454277 0
1551454278 0
1551454279 0
1551454280 0
1551454281 0
1551454282 0
1551454283 0
1551454284 0
1551454285 0
1551454286 0
1551454287 0
1551454288 0
1551454289 0
1551454290 0
1551454291 0
1551454292 0
1551454293 0
1551454294 0
1551454295 0
1551454296 0
1551454297 0
1551454298 0
1551454299 0
1551454300 0
1551454301 0
1551454302 0
1551454303 0
1551454304 0
1551454305 0
1551454306 0
1551454307 0
1551454308 0
1551454309 0
1551454310 0
1551454311 0
1551454312 0
1551454313 0
1551454314 0
1551454315 0
1551454316 0
1551454317 0
1551454318 0
1551454319 0
1551454320 0
1551454321 0
1551454322 0
1551454323 0
1551454324 0
1551454325 0
1551454326 0
1551454327 0
1551454328 0
1551454329 0
1551454330 0
1551454331 0
1551454332 0
1551454333 0
1551454334 0
1551454335 0
1551454336 0
1551454337 0
1551454338 0
1551454339 0
1551454340 0
1551454341 0
1551454342 0
1551454343 0
1551454344 0
1551454345 0
1551454346 0
1551454347 0
1551454348 0
1551454349 0
1551454350 0
1551454351 0
1551454352 0
1551454353 0
1551454354 0
1551454355 0
1551454356 0
1551454357 0
1551454358 0
1551454359 0
1551454360 0
1551454361 0
1551454362 0
1551454363 0
1551454364 0
1551454365 0
1551454366 0
1551454367 0
1551454368 0
1551454369 0
1551454370 0
1551454371 0
1551454372 0
1551454373 0
1551454374 0
1551454375 0
1551454376 0
1551454377 0
1551454378 0
1551454379 0
1551454380 0
1551454381 0
1551454382 0
1551454383 0
1551454384 0
1551454385 0
1551454386 0
1551454387 0
1551454388 0
1551454389 0
1551454390 0
1551454391 0
1551454392 0
1551454393 0
1551454394 0
1551454395 0
1551454396 0
1551454397 0
1551454398 0
1551454399 0
1551454400 0
1551454401 0
1551454402 0
1551454403 0
1551454404 0
1551454405 0
1551454406 0
1551454407 0
1551454408 0
1551454409 0
1551454410 0
1551454411 0
1551454412 0
1551454413 0
1551454414 0
1551454415 0
1551454416 0
1551454417 0
1551454418 0
1551454419 0
1551454420 0
1551454421 0
1551454422 0
1551454423 0
1551454424 0
1551454425 0
1551454426 0
1551454427 0
1551454428 0
1551454429 0
1551454430 0
1551454431 0
1551454432 0
1551454433 0
1551454434 0
1551454435 0
1551454436 0
1551454437 0
1551454438 0
1551454439 0
1551454440 0
1551454441 0
1551454442 0
1551454443 0
1551454444 0
1551454445 0
1551454446 0
1551454447 0
1551454448 0
1551454449 0
1551454450 0
1551454451 0
1551454452 0
1551454453 0
1551454454 0
1551454455 0
1551454456 0
1551454457 0
1551454458 0
1551454459 0
1551454460 0
1551454461 0
1551454462 0
1551454463 0
1551454464 0
1551454465 0
1551454466 0
1551454467 0
1551454468 0
1551454469 0
1551454470 0
1551454471 0
1551454472 0
1551454473 0
1551454474 0
1551454475 0
1551454476 0
1551454477 0
1551454478 0
1551454479 0
1551454480 0
1551454481 0
1551454482 0
1551454483 0
1551454484 0
1551454485 0
1551454486 0
1551454487 0
1551454488 0
1551454489 0
1551454490 0
1551454491 0
1551454492 0
1551454493 0
1551454494 0
1551454495 0
1551454496 0
1551454497 0
1551454498 0
1551454499 0
1551454500 0
1551454501 0
1551454502 0
1551454503 0
1551454504 0
1551454505 0
1551454506 0
1551454507 0
1551454508 0
1551454509 0
1551454510 0
1551454511 0
1551454512 0
1551454513 0
1551454514 0
1551454515 0
1551454516 0
1551454517 0
1551454518 0
1551454519 0
1551454520 0
1551454521 0
1551454522 0
1551454523 0
1551454524 0
1551454525 0
1551454526 0
1551454527 0
1551454528 0
1551454529 0
1551454530 0
1551454531 0
1551454532 0
1551454533 0
1551454534 0
1551454535 0
1551454536 0
1551454537 0
1551454538 0
1551454539 0
1551454540 0
1551454541 0
1551454542 0
1551454543 0
1551454544 0
1551454545 0
1551454546 0
1551454547 0
1551454548 0
1551454549 0
1551454550 0
1551454551 0
1551454552 0
1551454553 0
1551454554 0
1551454555 0
1551454556 0
1551454557 0
1551454558 0
1551454559 0
1551454560 0
1551454561 0
1551454562 0
1551454563 0
1551454564 0
1551454565 0
1551454566 0
1551454567 0
1551454568 0
1551454569 0
1551454570 0
1551454571 0
1551454572 0
1551454573 0
1551454574 0
1551454575 0
1551454576 0
1551454577 0
1551454578 0
1551454579 0
1551454580 0
1551454581 0
1551454582 0
1551454583 0
1551454584 0
1551454585 0
1551454586 0
1551454587 0
1551454588 0
1551454589 0
1551454590 0
1551454591 0
1551454592 0
1551454593 0
1551454594 0
1551454595 0
1551454596 0
1551454597 0
1551454598 0
1551454599 0
1551454600 0
1551454601 0
1551454602 0
1551454603 0
1551454604 0
1551454605 0
1551454606 0
1551454607 0
1551454608 0
1551454609 0
1551454610 0
1551454611 0
1551454612 0
1551454613 0
1551454614 0
1551454615 0
1551454616 0
1551454617 0
1551454618 0
1551454619 0
1551454620 0
1551454621 0
1551454622 0
1551454623 0
1551454624 0
1551454625 0
1551454626 0
1551454627 0
1551454628 0
1551454629 0
1551454630 0
1551454631 0
1551454632 0
1551454633 0
1551454634 0
1551454635 0
1551454636 0
1551454637 0
1551454638 0
1551454639 0
1551454640 0
1551454641 0
1551454642 0
1551454643 0
1551454644 0
1551454645 0
1551454646 0
1551454647 0
1551454648 0
1551454649 0
1551454650 0
1551454651 0
1551454652 0
1551454653 0
1551454654 0
1551454655 0
1551454656 0
1551454657 0
1551454658 0
1551454659 0
1551454660 0
1551454661 0
1551454662 0
1551454663 0
1551454664 0
1551454665 0
1551454666 0
1551454667 0
1551454668 0
1551454669 0
1551454670 0
1551454671 0
1551454672 0
1551454673 0
1551454674 0
1551454675 0
1551454676 0
1551454677 0
1551454678 0
1551454679 0
1551454680 0
1551454681 0
1551454682 0
1551454683 0
1551454684 0
1551454685 0
1551454686 0
1551454687 0
1551454688 0
1551454689 0
1551454690 0
1551454691 0
1551454692 0
1551454693 0
1551454694 0
1551454695 0
1551454696 0
1551454697 0
1551454698 0
1551454699 0
1551454700 0
1551454701 0
1551454702 0
1551454703 0
1551454704 0
1551454705 0
1551454706 0
1551454707 0
1551454708 0
1551454709 0
1551454710 0
1551454711 0
1551454712 0
1551454713 0
1551454714 0
1551454715 0
1551454716 0
1551454717 0
1551454718 0
1551454719 0
1551454720 0
1551454721 0
1551454722 0
1551454723 0
1551454724 0
1551454725 0
1551454726 0
1551454727 0
1551454728 0
1551454729 0
1551454730 0
1551454731 0
1551454732 0
1551454733 0
1551454734 0
1551454735 0
1551454736 0
1551454737 0
1551454738 0
1551454739 0
1551454740 0
1551454741 0
1551454742 0
1551454743 0
1551454744 0
1551454745 0
1551454746 0
1551454747 0
1551454748 0
1551454749 0
1551454750 0
1551454751 0
1551454752 0
1551454753 0
1551454754 0
1551454755 0
1551454756 0
1551454757 0
1551454758 0
1551454759 0
1551454760 0
1551454761 0
1551454762 0
1551454763 0
1551454764 0
1551454765 0
1551454766 0
1551454767 0
1551454768 0
1551454769 0
1551454770 0
1551454771 0
1551454772 0
1551454773 0
1551454774 0
1551454775 0
1551454776 0
1551454777 0
1551454778 0
1551454779 0
1551454780 0
1551454781 0
1551454782 0
1551454783 0
1551454784 0
1551454785 0
1551454786 0
1551454787 0
1551454788 0
1551454789 0
1551454790 0
1551454791 0
1551454792 0
1551454793 0
1551454794 0
1551454795 0
1551454796 0
1551454797 0
1551454798 0
1551454799 0
1551454800 0
1551454801 0
1551454802 0
1551454803 0
1551454804 0
1551454805 0
1551454806 0
1551454807 0
1551454808 0
1551454809 0
1551454810 0
1551454811 0
1551454812 0
1551454813 0
1551454814 0
1551454815 0
1551454816 0
1551454817 0
1551454818 0
1551454819 0
1551454820 0
1551454821 0
1551454822 0
1551454823 0
1551454824 0
1551454825 0
1551454826 0
1551454827 0
1551454828 0
1551454829 0
1551454830 0
1551454831 0
1551454832 0
1551454833 0
1551454834 0
1551454835 0
1551454836 0
1551454837 0
1551454838 0
1551454839 0
1551454840 0
1551454841 0
1551454842 0
1551454843 0
1551454844 0
1551454845 0
1551454846 0
1551454847 0
1551454848 0
1551454849 0
1551454850 0
1551454851 0
1551454852 0
1551454853 0
1551454854 0
1551454855 0
1551454856 0
1551454857 0
1551454858 0
1551454859 0
1551454860 0
1551454861 0
1551454862 0
1551454863 0
1551454864 0
1551454865 0
1551454866 0
1551454867 0
1551454868 0
1551454869 0
1551454870 0
1551454871 0
1551454872 0
1551454873 0
1551454874 0
1551454875 0
1551454876 0
1551454877 0
1551454878 0
1551454879 0
1551454880 0
1551454881 0
1551454882 0
1551454883 0
1551454884 0
1551454885 0
1551454886 0
1551454887 0
1551454888 0
1551454889 0
1551454890 0
1551454891 0
1551454892 0
1551454893 0
1551454894 0
1551454895 0
1551454896 0
1551454897 0
1551454898 0
1551454899 0
1551454900 0
1551454901 0
1551454902 0
1551454903 0
1551454904 0
1551454905 0
1551454906 0
1551454907 0
1551454908 0
1551454909 0
1551454910 0
1551454911 0
1551454912 0
1551454913 0
1551454914 0
1551454915 0
1551454916 0
1551454917 0
1551454918 0
1551454919 0
1551454920 0
1551454921 0
1551454922 0
1551454923 0
1551454924 0
1551454925 0
1551454926 0
1551454927 0
1551454928 0
1551454929 0
1551454930 0
1551454931 0
1551454932 0
1551454933 0
1551454934 0
1551454935 0
1551454936 0
1551454937 0
1551454938 0
1551454939 0
1551454940 0
1551454941 0
1551454942 0
1551454943 0
1551454944 0
1551454945 0
1551454946 0
1551454947 0
1551454948 0
1551454949 0
1551454950 0
1551454951 0
1551454952 0
1551454953 0
1551454954 0
1551454955 0
1551454956 0
1551454957 0
1551454958 0
1551454959 0
1551454960 0
1551454961 0
1551454962 0
1551454963 0
1551454964 0
1551454965 0
1551454966 0
1551454967 0
1551454968 0
1551454969 0
1551454970 0
1551454971 0
1551454972 0
1551454973 0
1551454974 0
1551454975 0
1551454976 0
1551454977 0
1551454978 0
1551454979 0
1551454980 0
1551454981 0
1551454982 0
1551454983 0
1551454984 0
1551454985 0
1551454986 0
1551454987 0
1551454988 0
1551454989 0
1551454990 0
1551454991 0
1551454992 0
1551454993 0
1551454994 0
1551454995 0
1551454996 0
1551454997 0
1551454998 0
1551454999 0
1551455000 0
1551455001 0
1551455002 0
1551455003 0
1551455004 0
1551455005 0
1551455006 0
1551455007 0
1551455008 0
1551455009 0
1551455010 0
1551455011 0
1551455012 0
1551455013 0
1551455014 0
1551455015 0
1551455016 0
1551455017 0
1551455018 0
1551455019 0
1551455020 0
1551455021 0
1551455022 0
1551455023 0
1551455024 0
1551455025 0
1551455026 0
1551455027 0
1551455028 0
1551455029 0
1551455030 0
1551455031 0
1551455032 0
1551455033 0
1551455034 0
1551455035 0
1551455036 0
1551455037 0
1551455038 0
1551455039 0
1551455040 0
1551455041 0
1551455042 0
1551455043 0
1551455044 0
1551455045 0
1551455046 0
1551455047 0
1551455048 0
1551455049 0
1551455050 0
1551455051 0
1551455052 0
1551455053 0
1551455054 0
1551455055 0
1551455056 0
1551455057 0
1551455058 0
1551455059 0
1551455060 0
1551455061 0
1551455062 0
1551455063 0
1551455064 0
1551455065 0
1551455066 0
1551455067 0
1551455068 0
1551455069 0
1551455070 0
1551455071 0
1551455072 0
1551455073 0
1551455074 0
1551455075 0
1551455076 0
1551455077 0
1551455078 0
1551455079 0
1551455080 0
1551455081 0
1551455082 0
1551455083 0
1551455084 0
1551455085 0
1551455086 0
1551455087 0
1551455088 0
1551455089 0
1551455090 0
1551455091 0
1551455092 0
1551455093 0
1551455094 0
1551455095 0
1551455096 0
1551455097 0
1551455098 0
1551455099 0
1551455100 0
1551455101 0
1551455102 0
1551455103 0
1551455104 0
1551455105 0
1551455106 0
1551455107 0
1551455108 0
1551455109 0
1551455110 0
1551455111 0
1551455112 0
1551455113 0
1551455114 0
1551455115 0
1551455116 0
1551455117 0
1551455118 0
1551455119 0
1551455120 0
1551455121 0
1551455122 0
1551455123 0
1551455124 0
1551455125 0
1551455126 0
1551455127 0
1551455128 0
1551455129 0
1551455130 0
1551455131 0
1551455132 0
1551455133 0
1551455134 0
1551455135 0
1551455136 0
1551455137 0
1551455138 0
1551455139 0
1551455140 0
1551455141 0
1551455142 0
1551455143 0
1551455144 0
1551455145 0
1551455146 0
1551455147 0
1551455148 0
1551455149 0
1551455150 0
1551455151 0
1551455152 0
1551455153 0
1551455154 0
1551455155 0
1551455156 0
1551455157 0
1551455158 0
1551455159 0
1551455160 0
1551455161 0
1551455162 0
1551455163 0
1551455164 0
1551455165 0
1551455166 0
1551455167 0
1551455168 0
1551455169 0
1551455170 0
1551455171 0
1551455172 0
1551455173 0
1551455174 0
1551455175 0
1551455176 0
1551455177 0
1551455178 0
1551455179 0
1551455180 0
1551455181 0
1551455182 0
1551455183 0
1551455184 0
1551455185 0
1551455186 0
1551455187 0
1551455188 0
1551455189 0
1551455190 0
1551455191 0
1551455192 0
1551455193 0
1551455194 0
1551455195 0
1551455196 0
1551455197 0
1551455198 0
1551455199 0
1551455200 0
1551455201 0
1551455202 0
1551455203 0
1551455204 0
1551455205 0
1551455206 0
1551455207 0
1551455208 0
1551455209 0
1551455210 0
1551455211 0
1551455212 0
1551455213 0
1551455214 0
1551455215 0
1551455216 0
1551455217 0
1551455218 0
1551455219 0
1551455220 0
1551455221 0
1551455222 0
1551455223 0
1551455224 0
1551455225 0
1551455226 0
1551455227 0
1551455228 0
1551455229 0
1551455230 0
1551455231 0
1551455232 0
1551455233 0
1551455234 0
1551455235 0
1551455236 0
1551455237 0
1551455238 0
1551455239 0
1551455240 0
1551455241 0
1551455242 0
1551455243 0
1551455244 0
1551455245 0
1551455246 0
1551455247 0
1551455248 0
1551455249 0
1551455250 0
1551455251 0
1551455252 0
1551455253 0
1551455254 0
1551455255 0
1551455256 0
1551455257 0
1551455258 0
1551455259 0
1551455260 0
1551455261 0
1551455262 0
1551455263 0
1551455264 0
1551455265 0
1551455266 0
1551455267 0
1551455268 0
1551455269 0
1551455270 0
1551455271 0
1551455272 0
1551455273 0
1551455274 0
1551455275 0
1551455276 0
1551455277 0
1551455278 0
1551455279 0
1551455280 0
1551455281 0
1551455282 0
1551455283 0
1551455284 0
1551455285 0
1551455286 0
1551455287 0
1551455288 0
1551455289 0
1551455290 0
1551455291 0
1551455292 0
1551455293 0
1551455294 0
1551455295 0
1551455296 0
1551455297 0
1551455298 0
1551455299 0
1551455300 0
1551455301 0
1551455302 0
1551455303 0
1551455304 0
1551455305 0
1551455306 0
1551455307 0
1551455308 0
1551455309 0
1551455310 0
1551455311 0
1551455312 0
1551455313 0
1551455314 0
1551455315 0
1551455316 0
1551455317 0
1551455318 0
1551455319 0
1551455320 0
1551455321 0
1551455322 0
1551455323 0
1551455324 0
1551455325 0
1551455326 0
1551455327 0
1551455328 0
1551455329 0
1551455330 0
1551455331 0
1551455332 0
1551455333 0
1551455334 0
1551455335 0
1551455336 0
1551455337 0
1551455338 0
1551455339 0
1551455340 0
1551455341 0
1551455342 0
1551455343 0
1551455344 0
1551455345 0
1551455346 0
1551455347 0
1551455348 0
1551455349 0
1551455350 0
1551455351 0
1551455352 0
1551455353 0
1551455354 0
1551455355 0
1551455356 0
1551455357 0
1551455358 0
1551455359 0
1551455360 0
1551455361 0
1551455362 0
1551455363 0
1551455364 0
1551455365 0
1551455366 0
1551455367 0
1551455368 0
1551455369 0
1551455370 0
1551455371 0
1551455372 0
1551455373 0
1551455374 0
1551455375 0
1551455376 0
1551455377 0
1551455378 0
1551455379 0
1551455380 0
1551455381 0
1551455382 0
1551455383 0
1551455384 0
1551455385 0
1551455386 0
1551455387 0
1551455388 0
1551455389 0
1551455390 0
1551455391 0
1551455392 0
1551455393 0
1551455394 0
1551455395 0
1551455396 0
1551455397 0
1551455398 0
1551455399 0
1551455400 0
1551455401 0
1551455402 0
1551455403 0
1551455404 0
1551455405 0
1551455406 0
1551455407 0
1551455408 0
1551455409 0
1551455410 0
1551455411 0
1551455412 0
1551455413 0
1551455414 0
1551455415 0
1551455416 0
1551455417 0
1551455418 0
1551455419 0
1551455420 0
1551455421 0
1551455422 0
1551455423 0
1551455424 0
1551455425 0
1551455426 0
1551455427 0
1551455428 0
1551455429 0
1551455430 0
1551455431 0
1551455432 0
1551455433 0
1551455434 0
1551455435 0
1551455436 0
1551455437 0
1551455438 0
1551455439 0
1551455440 0
1551455441 0
1551455442 0
1551455443 0
1551455444 0
1551455445 0
1551455446 0
1551455447 0
1551455448 0
1551455449 0
1551455450 0
1551455451 0
1551455452 0
1551455453 0
1551455454 0
1551455455 0
1551455456 0
1551455457 0
1551455458 0
1551455459 0
1551455460 0
1551455461 0
1551455462 0
1551455463 0
1551455464 0
1551455465 0
1551455466 0
1551455467 0
1551455468 0
1551455469 0
1551455470 0
1551455471 0
1551455472 0
1551455473 0
1551455474 0
1551455475 0
1551455476 0
1551455477 0
1551455478 0
1551455479 0
1551455480 0
1551455481 0
1551455482 0
1551455483 0
1551455484 0
1551455485 0
1551455486 0
1551455487 0
1551455488 0
1551455489 0
1551455490 0
1551455491 0
1551455492 0
1551455493 0
1551455494 0
1551455495 0
1551455496 0
1551455497 0
1551455498 0
1551455499 0
1551455500 0
1551455501 0
1551455502 0
1551455503 0
1551455504 0
1551455505 0
1551455506 0
1551455507 0
1551455508 0
1551455509 0
1551455510 0
1551455511 0
1551455512 0
1551455513 0
1551455514 0
1551455515 0
1551455516 0
1551455517 0
1551455518 0
1551455519 0
1551455520 0
1551455521 0
1551455522 0
1551455523 0
1551455524 0
1551455525 0
1551455526 0
1551455527 0
1551455528 0
1551455529 0
1551455530 0
1551455531 0
1551455532 0
1551455533 0
1551455534 0
1551455535 0
1551455536 0
1551455537 0
1551455538 0
1551455539 0
1551455540 0
1551455541 0
1551455542 0
1551455543 0
1551455544 0
1551455545 0
1551455546 0
1551455547 0
1551455548 0
1551455549 0
1551455550 0
1551455551 0
1551455552 0
1551455553 0
1551455554 0
1551455555 0
1551455556 0
1551455557 0
1551455558 0
1551455559 0
1551455560 0
1551455561 0
1551455562 0
1551455563 0
1551455564 0
1551455565 0
1551455566 0
1551455567 0
1551455568 0
1551455569 0
1551455570 0
1551455571 0
1551455572 0
1551455573 0
1551455574 0
1551455575 0
1551455576 0
1551455577 0
1551455578 0
1551455579 0
1551455580 0
1551455581 0
1551455582 0
1551455583 0
1551455584 0
1551455585 0
1551455586 0
1551455587 0
1551455588 0
1551455589 0
1551455590 0
1551455591 0
1551455592 0
1551455593 0
1551455594 0
1551455595 0
1551455596 0
1551455597 0
1551455598 0
1551455599 0
1551455600 0
1551455601 0
1551455602 0
1551455603 0
1551455604 0
1551455605 0
1551455606 0
1551455607 0
1551455608 0
1551455609 0
1551455610 0
1551455611 0
1551455612 0
1551455613 0
1551455614 0
1551455615 0
1551455616 0
1551455617 0
1551455618 0
1551455619 0
1551455620 0
1551455621 0
1551455622 0
1551455623 0
1551455624 0
1551455625 0
1551455626 0
1551455627 0
1551455628 0
1551455629 0
1551455630 0
1551455631 0
1551455632 0
1551455633 0
1551455634 0
1551455635 0
1551455636 0
1551455637 0
1551455638 0
1551455639 0
1551455640 0
1551455641 0
1551455642 0
1551455643 0
1551455644 0
1551455645 0
1551455646 0
1551455647 0
1551455648 0
1551455649 0
1551455650 0
1551455651 0
1551455652 0
1551455653 0
1551455654 0
1551455655 0
1551455656 0
1551455657 0
1551455658 0
1551455659 0
1551455660 0
1551455661 0
1551455662 0
1551455663 0
1551455664 0
1551455665 0
1551455666 0
1551455667 0
1551455668 0
1551455669 0
1551455670 0
1551455671 0
1551455672 0
1551455673 0
1551455674 0
1551455675 0
1551455676 0
1551455677 0
1551455678 0
1551455679 0
1551455680 0
1551455681 0
1551455682 0
1551455683 0
1551455684 0
1551455685 0
1551455686 0
1551455687 0
1551455688 0
1551455689 0
1551455690 0
1551455691 0
1551455692 0
1551455693 0
1551455694 0
1551455695 0
1551455696 0
1551455697 0
1551455698 0
1551455699 0
1551455700 0
1551455701 0
1551455702 0
1551455703 0
1551455704 0
1551455705 0
1551455706 0
1551455707 0
1551455708 0
1551455709 0
1551455710 0
1551455711 0
1551455712 0
1551455713 0
1551455714 0
1551455715 0
1551455716 0
1551455717 0
1551455718 0
1551455719 0
1551455720 0
1551455721 0
1551455722 0
1551455723 0
1551455724 0
1551455725 0
1551455726 0
1551455727 0
1551455728 0
1551455729 0
1551455730 0
1551455731 0
1551455732 0
1551455733 0
1551455734 0
1551455735 0
1551455736 0
1551455737 0
1551455738 0
1551455739 0
1551455740 0
1551455741 0
1551455742 0
1551455743 0
1551455744 0
1551455745 0
1551455746 0
1551455747 0
1551455748 0
1551455749 0
1551455750 0
1551455751 0
1551455752 0
1551455753 0
1551455754 0
1551455755 0
1551455756 0
1551455757 0
1551455758 0
1551455759 0
1551455760 0
1551455761 0
1551455762 0
1551455763 0
1551455764 0
1551455765 0
1551455766 0
1551455767 0
1551455768 0
1551455769 0
1551455770 0
1551455771 0
1551455772 0
1551455773 0
1551455774 0
1551455775 0
1551455776 0
1551455777 0
1551455778 0
1551455779 0
1551455780 0
1551455781 0
1551455782 0
1551455783 0
1551455784 0
1551455785 0
1551455786 0
1551455787 0
1551455788 0
1551455789 0
1551455790 0
1551455791 0
1551455792 0
1551455793 0
1551455794 0
1551455795 0
1551455796 0
1551455797 0
1551455798 0
1551455799 0
1551455800 0
1551455801 0
1551455802 0
1551455803 0
1551455804 0
1551455805 0
1551455806 0
1551455807 0
1551455808 0
1551455809 0
1551455810 0
1551455811 0
1551455812 0
1551455813 0
1551455814 0
1551455815 0
1551455816 0
1551455817 0
1551455818 0
1551455819 0
1551455820 0
1551455821 0
1551455822 0
1551455823 0
1551455824 0
1551455825 0
1551455826 0
1551455827 0
1551455828 0
1551455829 0
1551455830 0
1551455831 0
1551455832 0
1551455833 0
1551455834 0
1551455835 0
1551455836 0
1551455837 0
1551455838 0
1551455839 0
1551455840 0
1551455841 0
1551455842 0
1551455843 0
1551455844 0
1551455845 0
1551455846 0
1551455847 0
1551455848 0
1551455849 0
1551455850 0
1551455851 0
1551455852 0
1551455853 0
1551455854 0
1551455855 0
1551455856 0
1551455857 0
1551455858 0
1551455859 0
1551455860 0
1551455861 0
1551455862 0
1551455863 0
1551455864 0
1551455865 0
1551455866 0
1551455867 0
1551455868 0
1551455869 0
1551455870 0
1551455871 0
1551455872 0
1551455873 0
1551455874 0
1551455875 0
1551455876 0
1551455877 0
1551455878 0
1551455879 0
1551455880 0
1551455881 0
1551455882 0
1551455883 0
1551455884 0
1551455885 0
1551455886 0
1551455887 0
1551455888 0
1551455889 0
1551455890 0
1551455891 0
1551455892 0
1551455893 0
1551455894 0
1551455895 0
1551455896 0
1551455897 0
1551455898 0
1551455899 0
1551455900 0
1551455901 0
1551455902 0
1551455903 0
1551455904 0
1551455905 0
1551455906 0
1551455907 0
1551455908 0
1551455909 0
1551455910 0
1551455911 0
1551455912 0
1551455913 0
1551455914 0
1551455915 0
1551455916 0
1551455917 0
1551455918 0
1551455919 0
1551455920 0
1551455921 0
1551455922 0
1551455923 0
1551455924 0
1551455925 0
1551455926 0
1551455927 0
1551455928 0
1551455929 0
1551455930 0
1551455931 0
1551455932 0
1551455933 0
1551455934 0
1551455935 0
1551455936 0
1551455937 0
1551455938 0
1551455939 0
1551455940 0
1551455941 0
1551455942 0
1551455943 0
1551455944 0
1551455945 0
1551455946 0
1551455947 0
1551455948 0
1551455949 0
1551455950 0
1551455951 0
1551455952 0
1551455953 0
1551455954 0
1551455955 0
1551455956 0
1551455957 0
1551455958 0
1551455959 0
1551455960 0
1551455961 0
1551455962 0
1551455963 0
1551455964 0
1551455965 0
1551455966 0
1551455967 0
1551455968 0
1551455969 0
1551455970 0
1551455971 0
1551455972 0
1551455973 0
1551455974 0
1551455975 0
1551455976 0
1551455977 0
1551455978 0
1551455979 0
1551455980 0
1551455981 0
1551455982 0
1551455983 0
1551455984 0
1551455985 0
1551455986 0
1551455987 0
1551455988 0
1551455989 0
1551455990 0
1551455991 0
1551455992 0
1551455993 0
1551455994 0
1551455995 0
1551455996 0
1551455997 0
1551455998 0
1551455999 0
1551456000 0
1551456001 0
1551456002 0
1551456003 0
1551456004 0
1551456005 0
1551456006 0
1551456007 0
1551456008 0
1551456009 0
1551456010 0
1551456011 0
1551456012 0
1551456013 0
1551456014 0
1551456015 0
1551456016 0
1551456017 0
1551456018 0
1551456019 0
1551456020 0
1551456021 0
1551456022 0
1551456023 0
1551456024 0
1551456025 0
1551456026 0
1551456027 0
1551456028 0
1551456029 0
1551456030 0
1551456031 0
1551456032 0
1551456033 0
1551456034 0
1551456035 0
1551456036 0
1551456037 0
1551456038 0
1551456039 0
1551456040 0
1551456041 0
1551456042 0
1551456043 0
1551456044 0
1551456045 0
1551456046 0
1551456047 0
1551456048 0
1551456049 0
1551456050 0
1551456051 0
1551456052 0
1551456053 0
1551456054 0
1551456055 0
1551456056 0
1551456057 0
1551456058 0
1551456059 0
1551456060 0
1551456061 0
1551456062 0
1551456063 0
1551456064 0
1551456065 0
1551456066 0
1551456067 0
1551456068 0
1551456069 0
1551456070 0
1551456071 0
1551456072 0
1551456073 0
1551456074 0
1551456075 0
1551456076 0
1551456077 0
1551456078 0
1551456079 0
1551456080 0
1551456081 0
1551456082 0
1551456083 0
1551456084 0
1551456085 0
1551456086 0
1551456087 0
1551456088 0
1551456089 0
1551456090 0
1551456091 0
1551456092 0
1551456093 0
1551456094 0
1551456095 0
1551456096 0
1551456097 0
1551456098 0
1551456099 0
1551456100 0
1551456101 0
1551456102 0
1551456103 0
1551456104 0
1551456105 0
1551456106 0
1551456107 0
1551456108 0
1551456109 0
1551456110 0
1551456111 0
1551456112 0
1551456113 0
1551456114 0
1551456115 0
1551456116 0
1551456117 0
1551456118 0
1551456119 0
1551456120 0
1551456121 0
1551456122 0
1551456123 0
1551456124 0
1551456125 0
1551456126 0
1551456127 0
1551456128 0
1551456129 0
1551456130 0
1551456131 0
1551456132 0
1551456133 0
1551456134 0
1551456135 0
1551456136 0
1551456137 0
1551456138 0
1551456139 0
1551456140 0
1551456141 0
1551456142 0
1551456143 0
1551456144 0
1551456145 0
1551456146 0
1551456147 0
1551456148 0
1551456149 0
1551456150 0
1551456151 0
1551456152 0
1551456153 0
1551456154 0
1551456155 0
1551456156 0
1551456157 0
1551456158 0
1551456159 0
1551456160 0
1551456161 0
1551456162 0
1551456163 0
1551456164 0
1551456165 0
1551456166 0
1551456167 0
1551456168 0
1551456169 0
1551456170 0
1551456171 0
1551456172 0
1551456173 0
1551456174 0
1551456175 0
1551456176 0
1551456177 0
1551456178 0
1551456179 0
1551456180 0
1551456181 0
1551456182 0
1551456183 0
1551456184 0
1551456185 0
1551456186 0
1551456187 0
1551456188 0
1551456189 0
1551456190 0
1551456191 0
1551456192 0
1551456193 0
1551456194 0
1551456195 0
1551456196 0
1551456197 0
1551456198 0
1551456199 0
1551456200 0
1551456201 0
1551456202 0
1551456203 0
1551456204 0
1551456205 0
1551456206 0
1551456207 0
1551456208 0
1551456209 0
1551456210 0
1551456211 0
1551456212 0
1551456213 0
1551456214 0
1551456215 0
1551456216 0
1551456217 0
1551456218 0
1551456219 0
1551456220 0
1551456221 0
1551456222 0
1551456223 0
1551456224 0
1551456225 0
1551456226 0
1551456227 0
1551456228 0
1551456229 0
1551456230 0
1551456231 0
1551456232 0
1551456233 0
1551456234 0
1551456235 0
1551456236 0
1551456237 0
1551456238 0
1551456239 0
1551456240 0
1551456241 0
1551456242 0
1551456243 0
1551456244 0
1551456245 0
1551456246 0
1551456247 0
1551456248 0
1551456249 0
1551456250 0
1551456251 0
1551456252 0
1551456253 0
1551456254 0
1551456255 0
1551456256 0
1551456257 0
1551456258 0
1551456259 0
1551456260 0
1551456261 0
1551456262 0
1551456263 0
1551456264 0
1551456265 0
1551456266 0
1551456267 0
1551456268 0
1551456269 0
1551456270 0
1551456271 0
1551456272 0
1551456273 0
1551456274 0
1551456275 0
1551456276 0
1551456277 0
1551456278 0
1551456279 0
1551456280 0
1551456281 0
1551456282 0
1551456283 0
1551456284 0
1551456285 0
1551456286 0
1551456287 0
1551456288 0
1551456289 0
1551456290 0
1551456291 0
1551456292 0
1551456293 0
1551456294 0
1551456295 0
1551456296 0
1551456297 0
1551456298 0
1551456299 0
1551456300 0
1551456301 0
1551456302 0
1551456303 0
1551456304 0
1551456305 0
1551456306 0
1551456307 0
1551456308 0
1551456309 0
1551456310 0
1551456311 0
1551456312 0
1551456313 0
1551456314 0
1551456315 0
1551456316 0
1551456317 0
1551456318 0
1551456319 0
1551456320 0
1551456321 0
1551456322 0
1551456323 0
1551456324 0
1551456325 0
1551456326 0
1551456327 0
1551456328 0
1551456329 0
1551456330 0
1551456331 0
1551456332 0
1551456333 0
1551456334 0
1551456335 0
1551456336 0
1551456337 0
1551456338 0
1551456339 0
1551456340 0
1551456341 0
1551456342 0
1551456343 0
1551456344 0
1551456345 0
1551456346 0
1551456347 0
1551456348 0
1551456349 0
1551456350 0
1551456351 0
1551456352 0
1551456353 0
1551456354 0
1551456355 0
1551456356 0
1551456357 0
1551456358 0
1551456359 0
1551456360 0
1551456361 0
1551456362 0
1551456363 0
1551456364 0
1551456365 0
1551456366 0
1551456367 0
1551456368 0
1551456369 0
1551456370 0
1551456371 0
1551456372 0
1551456373 0
1551456374 0
1551456375 0
1551456376 0
1551456377 0
1551456378 0
1551456379 0
1551456380 0
1551456381 0
1551456382 0
1551456383 0
1551456384 0
1551456385 0
1551456386 0
1551456387 0
1551456388 0
1551456389 0
1551456390 0
1551456391 0
1551456392 0
1551456393 0
1551456394 0
1551456395 0
1551456396 0
1551456397 0
1551456398 0
1551456399 0
1551456400 0
1551456401 0
1551456402 0
1551456403 0
1551456404 0
1551456405 0
1551456406 0
1551456407 0
1551456408 0
1551456409 0
1551456410 0
1551456411 0
1551456412 0
1551456413 0
1551456414 0
1551456415 0
1551456416 0
1551456417 0
1551456418 0
1551456419 0
1551456420 0
1551456421 0
1551456422 0
1551456423 0
1551456424 0
1551456425 0
1551456426 0
1551456427 0
1551456428 0
1551456429 0
1551456430 0
1551456431 0
1551456432 0
1551456433 0
1551456434 0
1551456435 0
1551456436 0
1551456437 0
1551456438 0
1551456439 0
1551456440 0
1551456441 0
1551456442 0
1551456443 0
1551456444 0
1551456445 0
1551456446 0
1551456447 0
1551456448 0
1551456449 0
1551456450 0
1551456451 0
1551456452 0
1551456453 0
1551456454 0
1551456455 0
1551456456 0
1551456457 0
1551456458 0
1551456459 0
1551456460 0
1551456461 0
1551456462 0
1551456463 0
1551456464 0
1551456465 0
1551456466 0
1551456467 0
1551456468 0
1551456469 0
1551456470 0
1551456471 0
1551456472 0
1551456473 0
1551456474 0
1551456475 0
1551456476 0
1551456477 0
1551456478 0
1551456479 0
1551456480 0
1551456481 0
1551456482 0
1551456483 0
1551456484 0
1551456485 0
1551456486 0
1551456487 0
1551456488 0
1551456489 0
1551456490 0
1551456491 0
1551456492 0
1551456493 0
1551456494 0
1551456495 0
1551456496 0
1551456497 0
1551456498 0
1551456499 0
1551456500 0
1551456501 0
1551456502 0
1551456503 0
1551456504 0
1551456505 0
1551456506 0
1551456507 0
1551456508 0
1551456509 0
1551456510 0
1551456511 0
1551456512 0
1551456513 0
1551456514 0
1551456515 0
1551456516 0
1551456517 0
1551456518 0
1551456519 0
1551456520 0
1551456521 0
1551456522 0
1551456523 0
1551456524 0
1551456525 0
1551456526 0
1551456527 0
1551456528 0
1551456529 0
1551456530 0
1551456531 0
1551456532 0
1551456533 0
1551456534 0
1551456535 0
1551456536 0
1551456537 0
1551456538 0
1551456539 0
1551456540 0
1551456541 0
1551456542 0
1551456543 0
1551456544 0
1551456545 0
1551456546 0
1551456547 0
1551456548 0
1551456549 0
1551456550 0
1551456551 0
1551456552 0
1551456553 0
1551456554 0
1551456555 0
1551456556 0
1551456557 0
1551456558 0
1551456559 0
1551456560 0
1551456561 0
1551456562 0
1551456563 0
1551456564 0
1551456565 0
1551456566 0
1551456567 0
1551456568 0
1551456569 0
1551456570 0
1551456571 0
1551456572 0
1551456573 0
1551456574 0
1551456575 0
1551456576 0
1551456577 0
1551456578 0
1551456579 0
1551456580 0
1551456581 0
1551456582 0
1551456583 0
1551456584 0
1551456585 0
1551456586 0
1551456587 0
1551456588 0
1551456589 0
1551456590 0
1551456591 0
1551456592 0
1551456593 0
1551456594 0
1551456595 0
1551456596 0
1551456597 0
1551456598 0
1551456599 0
1551456600 0
1551456601 0
1551456602 0
1551456603 0
1551456604 0
1551456605 0
1551456606 0
1551456607 0
1551456608 0
1551456609 0
1551456610 0
1551456611 0
1551456612 0
1551456613 0
1551456614 0
1551456615 0
1551456616 0
1551456617 0
1551456618 0
1551456619 0
1551456620 0
1551456621 0
1551456622 0
1551456623 0
1551456624 0
1551456625 0
1551456626 0
1551456627 0
1551456628 0
1551456629 0
1551456630 0
1551456631 0
1551456632 0
1551456633 0
1551456634 0
1551456635 0
1551456636 0
1551456637 0
1551456638 0
1551456639 0
1551456640 0
1551456641 0
1551456642 0
1551456643 0
1551456644 0
1551456645 0
1551456646 0
1551456647 0
1551456648 0
1551456649 0
1551456650 0
1551456651 0
1551456652 0
1551456653 0
1551456654 0
1551456655 0
1551456656 0
1551456657 0
1551456658 0
1551456659 0
1551456660 0
1551456661 0
1551456662 0
1551456663 0
1551456664 0
1551456665 0
1551456666 0
1551456667 0
1551456668 0
1551456669 0
1551456670 0
1551456671 0
1551456672 0
1551456673 0
1551456674 0
1551456675 0
1551456676 0
1551456677 0
1551456678 0
1551456679 0
1551456680 0
1551456681 0
1551456682 0
1551456683 0
1551456684 0
1551456685 0
1551456686 0
1551456687 0
1551456688 0
1551456689 0
1551456690 0
1551456691 0
1551456692 0
1551456693 0
1551456694 0
1551456695 0
1551456696 0
1551456697 0
1551456698 0
1551456699 0
1551456700 0
1551456701 0
1551456702 0
1551456703 0
1551456704 0
1551456705 0
1551456706 0
1551456707 0
1551456708 0
1551456709 0
1551456710 0
1551456711 0
1551456712 0
1551456713 0
1551456714 0
1551456715 0
1551456716 0
1551456717 0
1551456718 0
1551456719 0
1551456720 0
1551456721 0
1551456722 0
1551456723 0
1551456724 0
1551456725 0
1551456726 0
1551456727 0
1551456728 0
1551456729 0
1551456730 0
1551456731 0
1551456732 0
1551456733 0
1551456734 0
1551456735 0
1551456736 0
1551456737 0
1551456738 0
1551456739 0
1551456740 0
1551456741 0
1551456742 0
1551456743 0
1551456744 0
1551456745 0
1551456746 0
1551456747 0
1551456748 0
1551456749 0
1551456750 0
1551456751 0
1551456752 0
1551456753 0
1551456754 0
1551456755 0
1551456756 0
1551456757 0
1551456758 0
1551456759 0
1551456760 0
1551456761 0
1551456762 0
1551456763 0
1551456764 0
1551456765 0
1551456766 0
1551456767 0
1551456768 0
1551456769 0
1551456770 0
1551456771 0
1551456772 0
1551456773 0
1551456774 0
1551456775 0
1551456776 0
1551456777 0
1551456778 0
1551456779 0
1551456780 0
1551456781 0
1551456782 0
1551456783 0
1551456784 0
1551456785 0
1551456786 0
1551456787 0
1551456788 0
1551456789 0
1551456790 0
1551456791 0
1551456792 0
1551456793 0
1551456794 0
1551456795 0
1551456796 0
1551456797 0
1551456798 0
1551456799 0
1551456800 0
1551456801 0
1551456802 0
1551456803 0
1551456804 0
1551456805 0
1551456806 0
1551456807 0
1551456808 0
1551456809 0
1551456810 0
1551456811 0
1551456812 0
1551456813 0
1551456814 0
1551456815 0
1551456816 0
1551456817 0
1551456818 0
1551456819 0
1551456820 0
1551456821 0
1551456822 0
1551456823 0
1551456824 0
1551456825 0
1551456826 0
1551456827 0
1551456828 0
1551456829 0
1551456830 0
1551456831 0
1551456832 0
1551456833 0
1551456834 0
1551456835 0
1551456836 0
1551456837 0
1551456838 0
1551456839 0
1551456840 0
1551456841 0
1551456842 0
1551456843 0
1551456844 0
1551456845 0
1551456846 0
1551456847 0
1551456848 0
1551456849 0
1551456850 0
1551456851 0
1551456852 0
1551456853 0
1551456854 0
1551456855 0
1551456856 0
1551456857 0
1551456858 0
1551456859 0
1551456860 0
1551456861 0
1551456862 0
1551456863 0
1551456864 0
1551456865 0
1551456866 0
1551456867 0
1551456868 0
1551456869 0
1551456870 0
1551456871 0
1551456872 0
1551456873 0
1551456874 0
1551456875 0
1551456876 0
1551456877 0
1551456878 0
1551456879 0
1551456880 0
1551456881 0
1551456882 0
1551456883 0
1551456884 0
1551456885 0
1551456886 0
1551456887 0
1551456888 0
1551456889 0
1551456890 0
1551456891 0
1551456892 0
1551456893 0
1551456894 0
1551456895 0
1551456896 0
1551456897 0
1551456898 0
1551456899 0
1551456900 0
1551456901 0
1551456902 0
1551456903 0
1551456904 0
1551456905 0
1551456906 0
1551456907 0
1551456908 0
1551456909 0
1551456910 0
1551456911 0
1551456912 0
1551456913 0
1551456914 0
1551456915 0
1551456916 0
1551456917 0
1551456918 0
1551456919 0
1551456920 0
1551456921 0
1551456922 0
1551456923 0
1551456924 0
1551456925 0
1551456926 0
1551456927 0
1551456928 0
1551456929 0
1551456930 0
1551456931 0
1551456932 0
1551456933 0
1551456934 0
1551456935 0
1551456936 0
1551456937 0
1551456938 0
1551456939 0
1551456940 0
1551456941 0
1551456942 0
1551456943 0
1551456944 0
1551456945 0
1551456946 0
1551456947 0
1551456948 0
1551456949 0
1551456950 0
1551456951 0
1551456952 0
1551456953 0
1551456954 0
1551456955 0
1551456956 0
1551456957 0
1551456958 0
1551456959 0
1551456960 0
1551456961 0
1551456962 0
1551456963 0
1551456964 0
1551456965 0
1551456966 0
1551456967 0
1551456968 0
1551456969 0
1551456970 0
1551456971 0
1551456972 0
1551456973 0
1551456974 0
1551456975 0
1551456976 0
1551456977 0
1551456978 0
1551456979 0
1551456980 0
1551456981 0
1551456982 0
1551456983 0
1551456984 0
1551456985 0
1551456986 0
1551456987 0
1551456988 0
1551456989 0
1551456990 0
1551456991 0
1551456992 0
1551456993 0
1551456994 0
1551456995 0
1551456996 0
1551456997 0
1551456998 0
1551456999 0
1551457000 0
1551457001 0
1551457002 0
1551457003 0
1551457004 0
1551457005 0
1551457006 0
1551457007 0
1551457008 0
1551457009 0
1551457010 0
1551457011 0
1551457012 0
1551457013 0
1551457014 0
1551457015 0
1551457016 0
1551457017 0
1551457018 0
1551457019 0
1551457020 0
1551457021 0
1551457022 0
1551457023 0
1551457024 0
1551457025 0
1551457026 0
1551457027 0
1551457028 0
1551457029 0
1551457030 0
1551457031 0
1551457032 0
1551457033 0
1551457034 0
1551457035 0
1551457036 0
1551457037 0
1551457038 0
1551457039 0
1551457040 0
1551457041 0
1551457042 0
1551457043 0
1551457044 0
1551457045 0
1551457046 0
1551457047 0
1551457048 0
1551457049 0
1551457050 0
1551457051 0
1551457052 0
1551457053 0
1551457054 0
1551457055 0
1551457056 0
1551457057 0
1551457058 0
1551457059 0
1551457060 0
1551457061 0
1551457062 0
1551457063 0
1551457064 0
1551457065 0
1551457066 0
1551457067 0
1551457068 0
1551457069 0
1551457070 0
1551457071 0
1551457072 0
1551457073 0
1551457074 0
1551457075 0
1551457076 0
1551457077 0
1551457078 0
1551457079 0
1551457080 0
1551457081 0
1551457082 0
1551457083 0
1551457084 0
1551457085 0
1551457086 0
1551457087 0
1551457088 0
1551457089 0
1551457090 0
1551457091 0
1551457092 0
1551457093 0
1551457094 0
1551457095 0
1551457096 0
1551457097 0
1551457098 0
1551457099 0
1551457100 0
1551457101 0
1551457102 0
1551457103 0
1551457104 0
1551457105 0
1551457106 0
1551457107 0
1551457108 0
1551457109 0
1551457110 0
1551457111 0
1551457112 0
1551457113 0
1551457114 0
1551457115 0
1551457116 0
1551457117 0
1551457118 0
1551457119 0
1551457120 0
1551457121 0
1551457122 0
1551457123 0
1551457124 0
1551457125 0
1551457126 0
1551457127 0
1551457128 0
1551457129 0
1551457130 0
1551457131 0
1551457132 0
1551457133 0
1551457134 0
1551457135 0
1551457136 0
1551457137 0
1551457138 0
1551457139 0
1551457140 0
1551457141 0
1551457142 0
1551457143 0
1551457144 0
1551457145 0
1551457146 0
1551457147 0
1551457148 0
1551457149 0
1551457150 0
1551457151 0
1551457152 0
1551457153 0
1551457154 0
1551457155 0
1551457156 0
1551457157 0
1551457158 0
1551457159 0
1551457160 0
1551457161 0
1551457162 0
1551457163 0
1551457164 0
1551457165 0
1551457166 0
1551457167 0
1551457168 0
1551457169 0
1551457170 0
1551457171 0
1551457172 0
1551457173 0
1551457174 0
1551457175 0
1551457176 0
1551457177 0
1551457178 0
1551457179 0
1551457180 0
1551457181 0
1551457182 0
1551457183 0
1551457184 0
1551457185 0
1551457186 0
1551457187 0
1551457188 0
1551457189 0
1551457190 0
1551457191 0
1551457192 0
1551457193 0
1551457194 0
1551457195 0
1551457196 0
1551457197 0
1551457198 0
1551457199 0
1551457200 0
1551457201 0
1551457202 0
1551457203 0
1551457204 0
1551457205 0
1551457206 0
1551457207 0
1551457208 0
1551457209 0
1551457210 0
1551457211 0
1551457212 0
1551457213 0
1551457214 0
1551457215 0
1551457216 0
1551457217 0
1551457218 0
1551457219 0
1551457220 0
1551457221 0
1551457222 0
1551457223 0
1551457224 0
1551457225 0
1551457226 0
1551457227 0
1551457228 0
1551457229 0
1551457230 0
1551457231 0
1551457232 0
1551457233 0
1551457234 0
1551457235 0
1551457236 0
1551457237 0
1551457238 0
1551457239 0
1551457240 0
1551457241 0
1551457242 0
1551457243 0
1551457244 0
1551457245 0
1551457246 0
1551457247 0
1551457248 0
1551457249 0
1551457250 0
1551457251 0
1551457252 0
1551457253 0
1551457254 0
1551457255 0
1551457256 0
1551457257 0
1551457258 0
1551457259 0
1551457260 0
1551457261 0
1551457262 0
1551457263 0
1551457264 0
1551457265 0
1551457266 0
1551457267 0
1551457268 0
1551457269 0
1551457270 0
1551457271 0
1551457272 0
1551457273 0
1551457274 0
1551457275 0
1551457276 0
1551457277 0
1551457278 0
1551457279 0
1551457280 0
1551457281 0
1551457282 0
1551457283 0
1551457284 0
1551457285 0
1551457286 0
1551457287 0
1551457288 0
1551457289 0
1551457290 0
1551457291 0
1551457292 0
1551457293 0
1551457294 0
1551457295 0
1551457296 0
1551457297 0
1551457298 0
1551457299 0
1551457300 0
1551457301 0
1551457302 0
1551457303 0
1551457304 0
1551457305 0
1551457306 0
1551457307 0
1551457308 0
1551457309 0
1551457310 0
1551457311 0
1551457312 0
1551457313 0
1551457314 0
1551457315 0
1551457316 0
1551457317 0
1551457318 0
1551457319 0
1551457320 0
1551457321 0
1551457322 0
1551457323 0
1551457324 0
1551457325 0
1551457326 0
1551457327 0
1551457328 0
1551457329 0
1551457330 0
1551457331 0
1551457332 0
1551457333 0
1551457334 0
1551457335 0
1551457336 0
1551457337 0
1551457338 0
1551457339 0
1551457340 0
1551457341 0
1551457342 0
1551457343 0
1551457344 0
1551457345 0
1551457346 0
1551457347 0
1551457348 0
1551457349 0
1551457350 0
1551457351 0
1551457352 0
1551457353 0
1551457354 0
1551457355 0
1551457356 0
1551457357 0
1551457358 0
1551457359 0
1551457360 0
1551457361 0
1551457362 0
1551457363 0
1551457364 0
1551457365 0
1551457366 0
1551457367 0
1551457368 0
1551457369 0
1551457370 0
1551457371 0
1551457372 0
1551457373 0
1551457374 0
1551457375 0
1551457376 0
1551457377 0
1551457378 0
1551457379 0
1551457380 0
1551457381 0
1551457382 0
1551457383 0
1551457384 0
1551457385 0
1551457386 0
1551457387 0
1551457388 0
1551457389 0
1551457390 0
1551457391 0
1551457392 0
1551457393 0
1551457394 0
1551457395 0
1551457396 0
1551457397 0
1551457398 0
1551457399 0
1551457400 0
1551457401 0
1551457402 0
1551457403 0
1551457404 0
1551457405 0
1551457406 0
1551457407 0
1551457408 0
1551457409 0
1551457410 0
1551457411 0
1551457412 0
1551457413 0
1551457414 0
1551457415 0
1551457416 0
1551457417 0
1551457418 0
1551457419 0
1551457420 0
1551457421 0
1551457422 0
1551457423 0
1551457424 0
1551457425 0
1551457426 0
1551457427 0
1551457428 0
1551457429 0
1551457430 0
1551457431 0
1551457432 0
1551457433 0
1551457434 0
1551457435 0
1551457436 0
1551457437 0
1551457438 0
1551457439 0
1551457440 0
1551457441 0
1551457442 0
1551457443 0
1551457444 0
1551457445 0
1551457446 0
1551457447 0
1551457448 0
1551457449 0
1551457450 0
1551457451 0
1551457452 0
1551457453 0
1551457454 0
1551457455 0
1551457456 0
1551457457 0
1551457458 0
1551457459 0
1551457460 0
1551457461 0
1551457462 0
1551457463 0
1551457464 0
1551457465 0
1551457466 0
1551457467 0
1551457468 0
1551457469 0
1551457470 0
1551457471 0
1551457472 0
1551457473 0
1551457474 0
1551457475 0
1551457476 0
1551457477 0
1551457478 0
1551457479 0
1551457480 0
1551457481 0
1551457482 0
1551457483 0
1551457484 0
1551457485 0
1551457486 0
1551457487 0
1551457488 0
1551457489 0
1551457490 0
1551457491 0
1551457492 0
1551457493 0
1551457494 0
1551457495 0
1551457496 0
1551457497 0
1551457498 0
1551457499 0
1551457500 0
1551457501 0
1551457502 0
1551457503 0
1551457504 0
1551457505 0
1551457506 0
1551457507 0
1551457508 0
1551457509 0
1551457510 0
1551457511 0
1551457512 0
1551457513 0
1551457514 0
1551457515 0
1551457516 0
1551457517 0
1551457518 0
1551457519 0
1551457520 0
1551457521 0
1551457522 0
1551457523 0
1551457524 0
1551457525 0
1551457526 0
1551457527 0
1551457528 0
1551457529 0
1551457530 0
1551457531 0
1551457532 0
1551457533 0
1551457534 0
1551457535 0
1551457536 0
1551457537 0
1551457538 0
1551457539 0
1551457540 0
1551457541 0
1551457542 0
1551457543 0
1551457544 0
1551457545 0
1551457546 0
1551457547 0
1551457548 0
1551457549 0
1551457550 0
1551457551 0
1551457552 0
1551457553 0
1551457554 0
1551457555 0
1551457556 0
1551457557 0
1551457558 0
1551457559 0
1551457560 0
1551457561 0
1551457562 0
1551457563 0
1551457564 0
1551457565 0
1551457566 0
1551457567 0
1551457568 0
1551457569 0
1551457570 0
1551457571 0
1551457572 0
1551457573 0
1551457574 0
1551457575 0
1551457576 0
1551457577 0
1551457578 0
1551457579 0
1551457580 0
1551457581 0
1551457582 0
1551457583 0
1551457584 0
1551457585 0
1551457586 0
1551457587 0
1551457588 0
1551457589 0
1551457590 0
1551457591 0
1551457592 0
1551457593 0
1551457594 0
1551457595 0
1551457596 0
1551457597 0
1551457598 0
1551457599 0
1551457600 0
1551457601 0
1551457602 0
1551457603 0
1551457604 0
1551457605 0
1551457606 0
1551457607 0
1551457608 0
1551457609 0
1551457610 0
1551457611 0
1551457612 0
1551457613 0
1551457614 0
1551457615 0
1551457616 0
1551457617 0
1551457618 0
1551457619 0
1551457620 0
1551457621 0
1551457622 0
1551457623 0
1551457624 0
1551457625 0
1551457626 0
1551457627 0
1551457628 0
1551457629 0
1551457630 0
1551457631 0
1551457632 0
1551457633 0
1551457634 0
1551457635 0
1551457636 0
1551457637 0
1551457638 0
1551457639 0
1551457640 0
1551457641 0
1551457642 0
1551457643 0
1551457644 0
1551457645 0
1551457646 0
1551457647 0
1551457648 0
1551457649 0
1551457650 0
1551457651 0
1551457652 0
1551457653 0
1551457654 0
1551457655 0
1551457656 0
1551457657 0
1551457658 0
1551457659 0
1551457660 0
1551457661 0
1551457662 0
1551457663 0
1551457664 0
1551457665 0
1551457666 0
1551457667 0
1551457668 0
1551457669 0
1551457670 0
1551457671 0
1551457672 0
1551457673 0
1551457674 0
1551457675 0
1551457676 0
1551457677 0
1551457678 0
1551457679 0
1551457680 0
1551457681 0
1551457682 0
1551457683 0
1551457684 0
1551457685 0
1551457686 0
1551457687 0
1551457688 0
1551457689 0
1551457690 0
1551457691 0
1551457692 0
1551457693 0
1551457694 0
1551457695 0
1551457696 0
1551457697 0
1551457698 0
1551457699 0
1551457700 0
1551457701 0
1551457702 0
1551457703 0
1551457704 0
1551457705 0
1551457706 0
1551457707 0
1551457708 0
1551457709 0
1551457710 0
1551457711 0
1551457712 0
1551457713 0
1551457714 0
1551457715 0
1551457716 0
1551457717 0
1551457718 0
1551457719 0
1551457720 0
1551457721 0
1551457722 0
1551457723 0
1551457724 0
1551457725 0
1551457726 0
1551457727 0
1551457728 0
1551457729 0
1551457730 0
1551457731 0
1551457732 0
1551457733 0
1551457734 0
1551457735 0
1551457736 0
1551457737 0
1551457738 0
1551457739 0
1551457740 0
1551457741 0
1551457742 0
1551457743 0
1551457744 0
1551457745 0
1551457746 0
1551457747 0
1551457748 0
1551457749 0
1551457750 0
1551457751 0
1551457752 0
1551457753 0
1551457754 0
1551457755 0
1551457756 0
1551457757 0
1551457758 0
1551457759 0
1551457760 0
1551457761 0
1551457762 0
1551457763 0
1551457764 0
1551457765 0
1551457766 0
1551457767 0
1551457768 0
1551457769 0
1551457770 0
1551457771 0
1551457772 0
1551457773 0
1551457774 0
1551457775 0
1551457776 0
1551457777 0
1551457778 0
1551457779 0
1551457780 0
1551457781 0
1551457782 0
1551457783 0
1551457784 0
1551457785 0
1551457786 0
1551457787 0
1551457788 0
1551457789 0
1551457790 0
1551457791 0
1551457792 0
1551457793 0
1551457794 0
1551457795 0
1551457796 0
1551457797 0
1551457798 0
1551457799 0
1551457800 0
1551457801 0
1551457802 0
1551457803 0
1551457804 0
1551457805 0
1551457806 0
1551457807 0
1551457808 0
1551457809 0
1551457810 0
1551457811 0
1551457812 0
1551457813 0
1551457814 0
1551457815 0
1551457816 0
1551457817 0
1551457818 0
1551457819 0
1551457820 0
1551457821 0
1551457822 0
1551457823 0
1551457824 0
1551457825 0
1551457826 0
1551457827 0
1551457828 0
1551457829 0
1551457830 0
1551457831 0
1551457832 0
1551457833 0
1551457834 0
1551457835 0
1551457836 0
1551457837 0
1551457838 0
1551457839 0
1551457840 0
1551457841 0
1551457842 0
1551457843 0
1551457844 0
1551457845 0
1551457846 0
1551457847 0
1551457848 0
1551457849 0
1551457850 0
1551457851 0
1551457852 0
1551457853 0
1551457854 0
1551457855 0
1551457856 0
1551457857 0
1551457858 0
1551457859 0
1551457860 0
1551457861 0
1551457862 0
1551457863 0
1551457864 0
1551457865 0
1551457866 0
1551457867 0
1551457868 0
1551457869 0
1551457870 0
1551457871 0
1551457872 0
1551457873 0
1551457874 0
1551457875 0
1551457876 0
1551457877 0
1551457878 0
1551457879 0
1551457880 0
1551457881 0
1551457882 0
1551457883 0
1551457884 0
1551457885 0
1551457886 0
1551457887 0
1551457888 0
1551457889 0
1551457890 0
1551457891 0
1551457892 0
1551457893 0
1551457894 0
1551457895 0
1551457896 0
1551457897 0
1551457898 0
1551457899 0
1551457900 0
1551457901 0
1551457902 0
1551457903 0
1551457904 0
1551457905 0
1551457906 0
1551457907 0
1551457908 0
1551457909 0
1551457910 0
1551457911 0
1551457912 0
1551457913 0
1551457914 0
1551457915 0
1551457916 0
1551457917 0
1551457918 0
1551457919 0
1551457920 0
1551457921 0
1551457922 0
1551457923 0
1551457924 0
1551457925 0
1551457926 0
1551457927 0
1551457928 0
1551457929 0
1551457930 0
1551457931 0
1551457932 0
1551457933 0
1551457934 0
1551457935 0
1551457936 0
1551457937 0
1551457938 0
1551457939 0
1551457940 0
1551457941 0
1551457942 0
1551457943 0
1551457944 0
1551457945 0
1551457946 0
1551457947 0
1551457948 0
1551457949 0
1551457950 0
1551457951 0
1551457952 0
1551457953 0
1551457954 0
1551457955 0
1551457956 0
1551457957 0
1551457958 0
1551457959 0
1551457960 0
1551457961 0
1551457962 0
1551457963 0
1551457964 0
1551457965 0
1551457966 0
1551457967 0
1551457968 0
1551457969 0
1551457970 0
1551457971 0
1551457972 0
1551457973 0
1551457974 0
1551457975 0
1551457976 0
1551457977 0
1551457978 0
1551457979 0
1551457980 0
1551457981 0
1551457982 0
1551457983 0
1551457984 0
1551457985 0
1551457986 0
1551457987 0
1551457988 0
1551457989 0
1551457990 0
1551457991 0
1551457992 0
1551457993 0
1551457994 0
1551457995 0
1551457996 0
1551457997 0
1551457998 0
1551457999 0
1551458000 0
1551458001 0
1551458002 0
1551458003 0
1551458004 0
1551458005 0
1551458006 0
1551458007 0
1551458008 0
1551458009 0
1551458010 0
1551458011 0
1551458012 0
1551458013 0
1551458014 0
1551458015 0
1551458016 0
1551458017 0
1551458018 0
1551458019 0
1551458020 0
1551458021 0
1551458022 0
1551458023 0
1551458024 0
1551458025 0
1551458026 0
1551458027 0
1551458028 0
1551458029 0
1551458030 0
1551458031 0
1551458032 0
1551458033 0
1551458034 0
1551458035 0
1551458036 0
1551458037 0
1551458038 0
1551458039 0
1551458040 0
1551458041 0
1551458042 0
1551458043 0
1551458044 0
1551458045 0
1551458046 0
1551458047 0
1551458048 0
1551458049 0
1551458050 0
1551458051 0
1551458052 0
1551458053 0
1551458054 0
1551458055 0
1551458056 0
1551458057 0
1551458058 0
1551458059 0
1551458060 0
1551458061 0
1551458062 0
1551458063 0
1551458064 0
1551458065 0
1551458066 0
1551458067 0
1551458068 0
1551458069 0
1551458070 0
1551458071 0
1551458072 0
1551458073 0
1551458074 0
1551458075 0
1551458076 0
1551458077 0
1551458078 0
1551458079 0
1551458080 0
1551458081 0
1551458082 0
1551458083 0
1551458084 0
1551458085 0
1551458086 0
1551458087 0
1551458088 0
1551458089 0
1551458090 0
1551458091 0
1551458092 0
1551458093 0
1551458094 0
1551458095 0
1551458096 0
1551458097 0
1551458098 0
1551458099 0
1551458100 0
1551458101 0
1551458102 0
1551458103 0
1551458104 0
1551458105 0
1551458106 0
1551458107 0
1551458108 0
1551458109 0
1551458110 0
1551458111 0
1551458112 0
1551458113 0
1551458114 0
1551458115 0
1551458116 0
1551458117 0
1551458118 0
1551458119 0
1551458120 0
1551458121 0
1551458122 0
1551458123 0
1551458124 0
1551458125 0
1551458126 0
1551458127 0
1551458128 0
1551458129 0
1551458130 0
1551458131 0
1551458132 0
1551458133 0
1551458134 0
1551458135 0
1551458136 0
1551458137 0
1551458138 0
1551458139 0
1551458140 0
1551458141 0
1551458142 0
1551458143 0
1551458144 0
1551458145 0
1551458146 0
1551458147 0
1551458148 0
1551458149 0
1551458150 0
1551458151 0
1551458152 0
1551458153 0
1551458154 0
1551458155 0
1551458156 0
1551458157 0
1551458158 0
1551458159 0
1551458160 0
1551458161 0
1551458162 0
1551458163 0
1551458164 0
1551458165 0
1551458166 0
1551458167 0
1551458168 0
1551458169 0
1551458170 0
1551458171 0
1551458172 0
1551458173 0
1551458174 0
1551458175 0
1551458176 0
1551458177 0
1551458178 0
1551458179 0
1551458180 0
1551458181 0
1551458182 0
1551458183 0
1551458184 0
1551458185 0
1551458186 0
1551458187 0
1551458188 0
1551458189 0
1551458190 0
1551458191 0
1551458192 0
1551458193 0
1551458194 0
1551458195 0
1551458196 0
1551458197 0
1551458198 0
1551458199 0
1551458200 0
1551458201 0
1551458202 0
1551458203 0
1551458204 0
1551458205 0
1551458206 0
1551458207 0
1551458208 0
1551458209 0
1551458210 0
1551458211 0
1551458212 0
1551458213 0
1551458214 0
1551458215 0
1551458216 0
1551458217 0
1551458218 0
1551458219 0
1551458220 0
1551458221 0
1551458222 0
1551458223 0
1551458224 0
1551458225 0
1551458226 0
1551458227 0
1551458228 0
1551458229 0
1551458230 0
1551458231 0
1551458232 0
1551458233 0
1551458234 0
1551458235 0
1551458236 0
1551458237 0
1551458238 0
1551458239 0
1551458240 0
1551458241 0
1551458242 0
1551458243 0
1551458244 0
1551458245 0
1551458246 0
1551458247 0
1551458248 0
1551458249 0
1551458250 0
1551458251 0
1551458252 0
1551458253 0
1551458254 0
1551458255 0
1551458256 0
1551458257 0
1551458258 0
1551458259 0
1551458260 0
1551458261 0
1551458262 0
1551458263 0
1551458264 0
1551458265 0
1551458266 0
1551458267 0
1551458268 0
1551458269 0
1551458270 0
1551458271 0
1551458272 0
1551458273 0
1551458274 0
1551458275 0
1551458276 0
1551458277 0
1551458278 0
1551458279 0
1551458280 0
1551458281 0
1551458282 0
1551458283 0
1551458284 0
1551458285 0
1551458286 0
1551458287 0
1551458288 0
1551458289 0
1551458290 0
1551458291 0
1551458292 0
1551458293 0
1551458294 0
1551458295 0
1551458296 0
1551458297 0
1551458298 0
1551458299 0
1551458300 0
1551458301 0
1551458302 0
1551458303 0
1551458304 0
1551458305 0
1551458306 0
1551458307 0
1551458308 0
1551458309 0
1551458310 0
1551458311 0
1551458312 0
1551458313 0
1551458314 0
1551458315 0
1551458316 0
1551458317 0
1551458318 0
1551458319 0
1551458320 0
1551458321 0
1551458322 0
1551458323 0
1551458324 0
1551458325 0
1551458326 0
1551458327 0
1551458328 0
1551458329 0
1551458330 0
1551458331 0
1551458332 0
1551458333 0
1551458334 0
1551458335 0
1551458336 0
1551458337 0
1551458338 0
1551458339 0
1551458340 0
1551458341 0
1551458342 0
1551458343 0
1551458344 0
1551458345 0
1551458346 0
1551458347 0
1551458348 0
1551458349 0
1551458350 0
1551458351 0
1551458352 0
1551458353 0
1551458354 0
1551458355 0
1551458356 0
1551458357 0
1551458358 0
1551458359 0
1551458360 0
1551458361 0
1551458362 0
1551458363 0
1551458364 0
1551458365 0
1551458366 0
1551458367 0
1551458368 0
1551458369 0
1551458370 0
1551458371 0
1551458372 0
1551458373 0
1551458374 0
1551458375 0
1551458376 0
1551458377 0
1551458378 0
1551458379 0
1551458380 0
1551458381 0
1551458382 0
1551458383 0
1551458384 0
1551458385 0
1551458386 0
1551458387 0
1551458388 0
1551458389 0
1551458390 0
1551458391 0
1551458392 0
1551458393 0
1551458394 0
1551458395 0
1551458396 0
1551458397 0
1551458398 0
1551458399 0
1551458400 0
1551458401 0
1551458402 0
1551458403 0
1551458404 0
1551458405 0
1551458406 0
1551458407 0
1551458408 0
1551458409 0
1551458410 0
1551458411 0
1551458412 0
1551458413 0
1551458414 0
1551458415 0
1551458416 0
1551458417 0
1551458418 0
1551458419 0
1551458420 0
1551458421 0
1551458422 0
1551458423 0
1551458424 0
1551458425 0
1551458426 0
1551458427 0
1551458428 0
1551458429 0
1551458430 0
1551458431 0
1551458432 0
1551458433 0
1551458434 0
1551458435 0
1551458436 0
1551458437 0
1551458438 0
1551458439 0
1551458440 0
1551458441 0
1551458442 0
1551458443 0
1551458444 0
1551458445 0
1551458446 0
1551458447 0
1551458448 0
1551458449 0
1551458450 0
1551458451 0
1551458452 0
1551458453 0
1551458454 0
1551458455 0
1551458456 0
1551458457 0
1551458458 0
1551458459 0
1551458460 0
1551458461 0
1551458462 0
1551458463 0
1551458464 0
1551458465 0
1551458466 0
1551458467 0
1551458468 0
1551458469 0
1551458470 0
1551458471 0
1551458472 0
1551458473 0
1551458474 0
1551458475 0
1551458476 0
1551458477 0
1551458478 0
1551458479 0
1551458480 0
1551458481 0
1551458482 0
1551458483 0
1551458484 0
1551458485 0
1551458486 0
1551458487 0
1551458488 0
1551458489 0
1551458490 0
1551458491 0
1551458492 0
1551458493 0
1551458494 0
1551458495 0
1551458496 0
1551458497 0
1551458498 0
1551458499 0
1551458500 0
1551458501 0
1551458502 0
1551458503 0
1551458504 0
1551458505 0
1551458506 0
1551458507 0
1551458508 0
1551458509 0
1551458510 0
1551458511 0
1551458512 0
1551458513 0
1551458514 0
1551458515 0
1551458516 0
1551458517 0
1551458518 0
1551458519 0
1551458520 0
1551458521 0
1551458522 0
1551458523 0
1551458524 0
1551458525 0
1551458526 0
1551458527 0
1551458528 0
1551458529 0
1551458530 0
1551458531 0
1551458532 0
1551458533 0
1551458534 0
1551458535 0
1551458536 0
1551458537 0
1551458538 0
1551458539 0
1551458540 0
1551458541 0
1551458542 0
1551458543 0
1551458544 0
1551458545 0
1551458546 0
1551458547 0
1551458548 0
1551458549 0
1551458550 0
1551458551 0
1551458552 0
1551458553 0
1551458554 0
1551458555 0
1551458556 0
1551458557 0
1551458558 0
1551458559 0
1551458560 0
1551458561 0
1551458562 0
1551458563 0
1551458564 0
1551458565 0
1551458566 0
1551458567 0
1551458568 0
1551458569 0
1551458570 0
1551458571 0
1551458572 0
1551458573 0
1551458574 0
1551458575 0
1551458576 0
1551458577 0
1551458578 0
1551458579 0
1551458580 0
1551458581 0
1551458582 0
1551458583 0
1551458584 0
1551458585 0
1551458586 0
1551458587 0
1551458588 0
1551458589 0
1551458590 0
1551458591 0
1551458592 0
1551458593 0
1551458594 0
1551458595 0
1551458596 0
1551458597 0
1551458598 0
1551458599 0
1551458600 0
1551458601 0
1551458602 0
1551458603 0
1551458604 0
1551458605 0
1551458606 0
1551458607 0
1551458608 0
1551458609 0
1551458610 0
1551458611 0
1551458612 0
1551458613 0
1551458614 0
1551458615 0
1551458616 0
1551458617 0
1551458618 0
1551458619 0
1551458620 0
1551458621 0
1551458622 0
1551458623 0
1551458624 0
1551458625 0
1551458626 0
1551458627 0
1551458628 0
1551458629 0
1551458630 0
1551458631 0
1551458632 0
1551458633 0
1551458634 0
1551458635 0
1551458636 0
1551458637 0
1551458638 0
1551458639 0
1551458640 0
1551458641 0
1551458642 0
1551458643 0
1551458644 0
1551458645 0
1551458646 0
1551458647 0
1551458648 0
1551458649 0
1551458650 0
1551458651 0
1551458652 0
1551458653 0
1551458654 0
1551458655 0
1551458656 0
1551458657 0
1551458658 0
1551458659 0
1551458660 0
1551458661 0
1551458662 0
1551458663 0
1551458664 0
1551458665 0
1551458666 0
1551458667 0
1551458668 0
1551458669 0
1551458670 0
1551458671 0
1551458672 0
1551458673 0
1551458674 0
1551458675 0
1551458676 0
1551458677 0
1551458678 0
1551458679 0
1551458680 0
1551458681 0
1551458682 0
1551458683 0
1551458684 0
1551458685 0
1551458686 0
1551458687 0
1551458688 0
1551458689 0
1551458690 0
1551458691 0
1551458692 0
1551458693 0
1551458694 0
1551458695 0
1551458696 0
1551458697 0
1551458698 0
1551458699 0
1551458700 0
1551458701 0
1551458702 0
1551458703 0
1551458704 0
1551458705 0
1551458706 0
1551458707 0
1551458708 0
1551458709 0
1551458710 0
1551458711 0
1551458712 0
1551458713 0
1551458714 0
1551458715 0
1551458716 0
1551458717 0
1551458718 0
1551458719 0
1551458720 0
1551458721 0
1551458722 0
1551458723 0
1551458724 0
1551458725 0
1551458726 0
1551458727 0
1551458728 0
1551458729 0
1551458730 0
1551458731 0
1551458732 0
1551458733 0
1551458734 0
1551458735 0
1551458736 0
1551458737 0
1551458738 0
1551458739 0
1551458740 0
1551458741 0
1551458742 0
1551458743 0
1551458744 0
1551458745 0
1551458746 0
1551458747 0
1551458748 0
1551458749 0
1551458750 0
1551458751 0
1551458752 0
1551458753 0
1551458754 0
1551458755 0
1551458756 0
1551458757 0
1551458758 0
1551458759 0
1551458760 0
1551458761 0
1551458762 0
1551458763 0
1551458764 0
1551458765 0
1551458766 0
1551458767 0
1551458768 0
1551458769 0
1551458770 0
1551458771 0
1551458772 0
1551458773 0
1551458774 0
1551458775 0
1551458776 0
1551458777 0
1551458778 0
1551458779 0
1551458780 0
1551458781 0
1551458782 0
1551458783 0
1551458784 0
1551458785 0
1551458786 0
1551458787 0
1551458788 0
1551458789 0
1551458790 0
1551458791 0
1551458792 0
1551458793 0
1551458794 0
1551458795 0
1551458796 0
1551458797 0
1551458798 0
1551458799 0
1551458800 0
1551458801 0
1551458802 0
1551458803 0
1551458804 0
1551458805 0
1551458806 0
1551458807 0
1551458808 0
1551458809 0
1551458810 0
1551458811 0
1551458812 0
1551458813 0
1551458814 0
1551458815 0
1551458816 0
1551458817 0
1551458818 0
1551458819 0
1551458820 0
1551458821 0
1551458822 0
1551458823 0
1551458824 0
1551458825 0
1551458826 0
1551458827 0
1551458828 0
1551458829 0
1551458830 0
1551458831 0
1551458832 0
1551458833 0
1551458834 0
1551458835 0
1551458836 0
1551458837 0
1551458838 0
1551458839 0
1551458840 0
1551458841 0
1551458842 0
1551458843 0
1551458844 0
1551458845 0
1551458846 0
1551458847 0
1551458848 0
1551458849 0
1551458850 0
1551458851 0
1551458852 0
1551458853 0
1551458854 0
1551458855 0
1551458856 0
1551458857 0
1551458858 0
1551458859 0
1551458860 0
1551458861 0
1551458862 0
1551458863 0
1551458864 0
1551458865 0
1551458866 0
1551458867 0
1551458868 0
1551458869 0
1551458870 0
1551458871 0
1551458872 0
1551458873 0
1551458874 0
1551458875 0
1551458876 0
1551458877 0
1551458878 0
1551458879 0
1551458880 0
1551458881 0
1551458882 0
1551458883 0
1551458884 0
1551458885 0
1551458886 0
1551458887 0
1551458888 0
1551458889 0
1551458890 0
1551458891 0
1551458892 0
1551458893 0
1551458894 0
1551458895 0
1551458896 0
1551458897 0
1551458898 0
1551458899 0
1551458900 0
1551458901 0
1551458902 0
1551458903 0
1551458904 0
1551458905 0
1551458906 0
1551458907 0
1551458908 0
1551458909 0
1551458910 0
1551458911 0
1551458912 0
1551458913 0
1551458914 0
1551458915 0
1551458916 0
1551458917 0
1551458918 0
1551458919 0
1551458920 0
1551458921 0
1551458922 0
1551458923 0
1551458924 0
1551458925 0
1551458926 0
1551458927 0
1551458928 0
1551458929 0
1551458930 0
1551458931 0
1551458932 0
1551458933 0
1551458934 0
1551458935 0
1551458936 0
1551458937 0
1551458938 0
1551458939 0
1551458940 0
1551458941 0
1551458942 0
1551458943 0
1551458944 0
1551458945 0
1551458946 0
1551458947 0
1551458948 0
1551458949 0
1551458950 0
1551458951 0
1551458952 0
1551458953 0
1551458954 0
1551458955 0
1551458956 0
1551458957 0
1551458958 0
1551458959 0
1551458960 0
1551458961 0
1551458962 0
1551458963 0
1551458964 0
1551458965 0
1551458966 0
1551458967 0
1551458968 0
1551458969 0
1551458970 0
1551458971 0
1551458972 0
1551458973 0
1551458974 0
1551458975 0
1551458976 0
1551458977 0
1551458978 0
1551458979 0
1551458980 0
1551458981 0
1551458982 0
1551458983 0
1551458984 0
1551458985 0
1551458986 0
1551458987 0
1551458988 0
1551458989 0
1551458990 0
1551458991 0
1551458992 0
1551458993 0
1551458994 0
1551458995 0
1551458996 0
1551458997 0
1551458998 0
1551458999 0
1551459000 0
1551459001 0
1551459002 0
1551459003 0
1551459004 0
1551459005 0
1551459006 0
1551459007 0
1551459008 0
1551459009 0
1551459010 0
1551459011 0
1551459012 0
1551459013 0
1551459014 0
1551459015 0
1551459016 0
1551459017 0
1551459018 0
1551459019 0
1551459020 0
1551459021 0
1551459022 0
1551459023 0
1551459024 0
1551459025 0
1551459026 0
1551459027 0
1551459028 0
1551459029 0
1551459030 0
1551459031 0
1551459032 0
1551459033 0
1551459034 0
1551459035 0
1551459036 0
1551459037 0
1551459038 0
1551459039 0
1551459040 0
1551459041 0
1551459042 0
1551459043 0
1551459044 0
1551459045 0
1551459046 0
1551459047 0
1551459048 0
1551459049 0
1551459050 0
1551459051 0
1551459052 0
1551459053 0
1551459054 0
1551459055 0
1551459056 0
1551459057 0
1551459058 0
1551459059 0
1551459060 0
1551459061 0
1551459062 0
1551459063 0
1551459064 0
1551459065 0
1551459066 0
1551459067 0
1551459068 0
1551459069 0
1551459070 0
1551459071 0
1551459072 0
1551459073 0
1551459074 0
1551459075 0
1551459076 0
1551459077 0
1551459078 0
1551459079 0
1551459080 0
1551459081 0
1551459082 0
1551459083 0
1551459084 0
1551459085 0
1551459086 0
1551459087 0
1551459088 0
1551459089 0
1551459090 0
1551459091 0
1551459092 0
1551459093 0
1551459094 0
1551459095 0
1551459096 0
1551459097 0
1551459098 0
1551459099 0
1551459100 0
1551459101 0
1551459102 0
1551459103 0
1551459104 0
1551459105 0
1551459106 0
1551459107 0
1551459108 0
1551459109 0
1551459110 0
1551459111 0
1551459112 0
1551459113 0
1551459114 0
1551459115 0
1551459116 0
1551459117 0
1551459118 0
1551459119 0
1551459120 0
1551459121 0
1551459122 0
1551459123 0
1551459124 0
1551459125 0
1551459126 0
1551459127 0
1551459128 0
1551459129 0
1551459130 0
1551459131 0
1551459132 0
1551459133 0
1551459134 0
1551459135 0
1551459136 0
1551459137 0
1551459138 0
1551459139 0
1551459140 0
1551459141 0
1551459142 0
1551459143 0
1551459144 0
1551459145 0
1551459146 0
1551459147 0
1551459148 0
1551459149 0
1551459150 0
1551459151 0
1551459152 0
1551459153 0
1551459154 0
1551459155 0
1551459156 0
1551459157 0
1551459158 0
1551459159 0
1551459160 0
1551459161 0
1551459162 0
1551459163 0
1551459164 0
1551459165 0
1551459166 0
1551459167 0
1551459168 0
1551459169 0
1551459170 0
1551459171 0
1551459172 0
1551459173 0
1551459174 0
1551459175 0
1551459176 0
1551459177 0
1551459178 0
1551459179 0
1551459180 0
1551459181 0
1551459182 0
1551459183 0
1551459184 0
1551459185 0
1551459186 0
1551459187 0
1551459188 0
1551459189 0
1551459190 0
1551459191 0
1551459192 0
1551459193 0
1551459194 0
1551459195 0
1551459196 0
1551459197 0
1551459198 0
1551459199 0
1551459200 0
1551459201 0
1551459202 0
1551459203 0
1551459204 0
1551459205 0
1551459206 0
1551459207 0
1551459208 0
1551459209 0
1551459210 0
1551459211 0
1551459212 0
1551459213 0
1551459214 0
1551459215 0
1551459216 0
1551459217 0
1551459218 0
1551459219 0
1551459220 0
1551459221 0
1551459222 0
1551459223 0
1551459224 0
1551459225 0
1551459226 0
1551459227 0
1551459228 0
1551459229 0
1551459230 0
1551459231 0
1551459232 0
1551459233 0
1551459234 0
1551459235 0
1551459236 0
1551459237 0
1551459238 0
1551459239 0
1551459240 0
1551459241 0
1551459242 0
1551459243 0
1551459244 0
1551459245 0
1551459246 0
1551459247 0
1551459248 0
1551459249 0
1551459250 0
1551459251 0
1551459252 0
1551459253 0
1551459254 0
1551459255 0
1551459256 0
1551459257 0
1551459258 0
1551459259 0
1551459260 0
1551459261 0
1551459262 0
1551459263 0
1551459264 0
1551459265 0
1551459266 0
1551459267 0
1551459268 0
1551459269 0
1551459270 0
1551459271 0
1551459272 0
1551459273 0
1551459274 0
1551459275 0
1551459276 0
1551459277 0
1551459278 0
1551459279 0
1551459280 0
1551459281 0
1551459282 0
1551459283 0
1551459284 0
1551459285 0
1551459286 0
1551459287 0
1551459288 0
1551459289 0
1551459290 0
1551459291 0
1551459292 0
1551459293 0
1551459294 0
1551459295 0
1551459296 0
1551459297 0
1551459298 0
1551459299 0
1551459300 0
1551459301 0
1551459302 0
1551459303 0
1551459304 0
1551459305 0
1551459306 0
1551459307 0
1551459308 0
1551459309 0
1551459310 0
1551459311 0
1551459312 0
1551459313 0
1551459314 0
1551459315 0
1551459316 0
1551459317 0
1551459318 0
1551459319 0
1551459320 0
1551459321 0
1551459322 0
1551459323 0
1551459324 0
1551459325 0
1551459326 0
1551459327 0
1551459328 0
1551459329 0
1551459330 0
1551459331 0
1551459332 0
1551459333 0
1551459334 0
1551459335 0
1551459336 0
1551459337 0
1551459338 0
1551459339 0
1551459340 0
1551459341 0
1551459342 0
1551459343 0
1551459344 0
1551459345 0
1551459346 0
1551459347 0
1551459348 0
1551459349 0
1551459350 0
1551459351 0
1551459352 0
1551459353 0
1551459354 0
1551459355 0
1551459356 0
1551459357 0
1551459358 0
1551459359 0
1551459360 0
1551459361 0
1551459362 0
1551459363 0
1551459364 0
1551459365 0
1551459366 0
1551459367 0
1551459368 0
1551459369 0
1551459370 0
1551459371 0
1551459372 0
1551459373 0
1551459374 0
1551459375 0
1551459376 0
1551459377 0
1551459378 0
1551459379 0
1551459380 0
1551459381 0
1551459382 0
1551459383 0
1551459384 0
1551459385 0
1551459386 0
1551459387 0
1551459388 0
1551459389 0
1551459390 0
1551459391 0
1551459392 0
1551459393 0
1551459394 0
1551459395 0
1551459396 0
1551459397 0
1551459398 0
1551459399 0
1551459400 0
1551459401 0
1551459402 0
1551459403 0
1551459404 0
1551459405 0
1551459406 0
1551459407 0
1551459408 0
1551459409 0
1551459410 0
1551459411 0
1551459412 0
1551459413 0
1551459414 0
1551459415 0
1551459416 0
1551459417 0
1551459418 0
1551459419 0
1551459420 0
1551459421 0
1551459422 0
1551459423 0
1551459424 0
1551459425 0
1551459426 0
1551459427 0
1551459428 0
1551459429 0
1551459430 0
1551459431 0
1551459432 0
1551459433 0
1551459434 0
1551459435 0
1551459436 0
1551459437 0
1551459438 0
1551459439 0
1551459440 0
1551459441 0
1551459442 0
1551459443 0
1551459444 0
1551459445 0
1551459446 0
1551459447 0
1551459448 0
1551459449 0
1551459450 0
1551459451 0
1551459452 0
1551459453 0
1551459454 0
1551459455 0
1551459456 0
1551459457 0
1551459458 0
1551459459 0
1551459460 0
1551459461 0
1551459462 0
1551459463 0
1551459464 0
1551459465 0
1551459466 0
1551459467 0
1551459468 0
1551459469 0
1551459470 0
1551459471 0
1551459472 0
1551459473 0
1551459474 0
1551459475 0
1551459476 0
1551459477 0
1551459478 0
1551459479 0
1551459480 0
1551459481 0
1551459482 0
1551459483 0
1551459484 0
1551459485 0
1551459486 0
1551459487 0
1551459488 0
1551459489 0
1551459490 0
1551459491 0
1551459492 0
1551459493 0
1551459494 0
1551459495 0
1551459496 0
1551459497 0
1551459498 0
1551459499 0
1551459500 0
1551459501 0
1551459502 0
1551459503 0
1551459504 0
1551459505 0
1551459506 0
1551459507 0
1551459508 0
1551459509 0
1551459510 0
1551459511 0
1551459512 0
1551459513 0
1551459514 0
1551459515 0
1551459516 0
1551459517 0
1551459518 0
1551459519 0
1551459520 0
1551459521 0
1551459522 0
1551459523 0
1551459524 0
1551459525 0
1551459526 0
1551459527 0
1551459528 0
1551459529 0
1551459530 0
1551459531 0
1551459532 0
1551459533 0
1551459534 0
1551459535 0
1551459536 0
1551459537 0
1551459538 0
1551459539 0
1551459540 0
1551459541 0
1551459542 0
1551459543 0
1551459544 0
1551459545 0
1551459546 0
1551459547 0
1551459548 0
1551459549 0
1551459550 0
1551459551 0
1551459552 0
1551459553 0
1551459554 0
1551459555 0
1551459556 0
1551459557 0
1551459558 0
1551459559 0
1551459560 0
1551459561 0
1551459562 0
1551459563 0
1551459564 0
1551459565 0
1551459566 0
1551459567 0
1551459568 0
1551459569 0
1551459570 0
1551459571 0
1551459572 0
1551459573 0
1551459574 0
1551459575 0
1551459576 0
1551459577 0
1551459578 0
1551459579 0
1551459580 0
1551459581 0
1551459582 0
1551459583 0
1551459584 0
1551459585 0
1551459586 0
1551459587 0
1551459588 0
1551459589 0
1551459590 0
1551459591 0
1551459592 0
1551459593 0
1551459594 0
1551459595 0
1551459596 0
1551459597 0
1551459598 0
1551459599 0
1551459600 0
1551459601 0
1551459602 0
1551459603 0
1551459604 0
1551459605 0
1551459606 0
1551459607 0
1551459608 0
1551459609 0
1551459610 0
1551459611 0
1551459612 0
1551459613 0
1551459614 0
1551459615 0
1551459616 0
1551459617 0
1551459618 0
1551459619 0
1551459620 0
1551459621 0
1551459622 0
1551459623 0
1551459624 0
1551459625 0
1551459626 0
1551459627 0
1551459628 0
1551459629 0
1551459630 0
1551459631 0
1551459632 0
1551459633 0
1551459634 0
1551459635 0
1551459636 0
1551459637 0
1551459638 0
1551459639 0
1551459640 0
1551459641 0
1551459642 0
1551459643 0
1551459644 0
1551459645 0
1551459646 0
1551459647 0
1551459648 0
1551459649 0
1551459650 0
1551459651 0
1551459652 0
1551459653 0
1551459654 0
1551459655 0
1551459656 0
1551459657 0
1551459658 0
1551459659 0
1551459660 0
1551459661 0
1551459662 0
1551459663 0
1551459664 0
1551459665 0
1551459666 0
1551459667 0
1551459668 0
1551459669 0
1551459670 0
1551459671 0
1551459672 0
1551459673 0
1551459674 0
1551459675 0
1551459676 0
1551459677 0
1551459678 0
1551459679 0
1551459680 0
1551459681 0
1551459682 0
1551459683 0
1551459684 0
1551459685 0
1551459686 0
1551459687 0
1551459688 0
1551459689 0
1551459690 0
1551459691 0
1551459692 0
1551459693 0
1551459694 0
1551459695 0
1551459696 0
1551459697 0
1551459698 0
1551459699 0
1551459700 0
1551459701 0
1551459702 0
1551459703 0
1551459704 0
1551459705 0
1551459706 0
1551459707 0
1551459708 0
1551459709 0
1551459710 0
1551459711 0
1551459712 0
1551459713 0
1551459714 0
1551459715 0
1551459716 0
1551459717 0
1551459718 0
1551459719 0
1551459720 0
1551459721 0
1551459722 0
1551459723 0
1551459724 0
1551459725 0
1551459726 0
1551459727 0
1551459728 0
1551459729 0
1551459730 0
1551459731 0
1551459732 0
1551459733 0
1551459734 0
1551459735 0
1551459736 0
1551459737 0
1551459738 0
1551459739 0
1551459740 0
1551459741 0
1551459742 0
1551459743 0
1551459744 0
1551459745 0
1551459746 0
1551459747 0
1551459748 0
1551459749 0
1551459750 0
1551459751 0
1551459752 0
1551459753 0
1551459754 0
1551459755 0
1551459756 0
1551459757 0
1551459758 0
1551459759 0
1551459760 0
1551459761 0
1551459762 0
1551459763 0
1551459764 0
1551459765 0
1551459766 0
1551459767 0
1551459768 0
1551459769 0
1551459770 0
1551459771 0
1551459772 0
1551459773 0
1551459774 0
1551459775 0
1551459776 0
1551459777 0
1551459778 0
1551459779 0
1551459780 0
1551459781 0
1551459782 0
1551459783 0
1551459784 0
1551459785 0
1551459786 0
1551459787 0
1551459788 0
1551459789 0
1551459790 0
1551459791 0
1551459792 0
1551459793 0
1551459794 0
1551459795 0
1551459796 0
1551459797 0
1551459798 0
1551459799 0
1551459800 0
1551459801 0
1551459802 0
1551459803 0
1551459804 0
1551459805 0
1551459806 0
1551459807 0
1551459808 0
1551459809 0
1551459810 0
1551459811 0
1551459812 0
1551459813 0
1551459814 0
1551459815 0
1551459816 0
1551459817 0
1551459818 0
1551459819 0
1551459820 0
1551459821 0
1551459822 0
1551459823 0
1551459824 0
1551459825 0
1551459826 0
1551459827 0
1551459828 0
1551459829 0
1551459830 0
1551459831 0
1551459832 0
1551459833 0
1551459834 0
1551459835 0
1551459836 0
1551459837 0
1551459838 0
1551459839 0
1551459840 0
1551459841 0
1551459842 0
1551459843 0
1551459844 0
1551459845 0
1551459846 0
1551459847 0
1551459848 0
1551459849 0
1551459850 0
1551459851 0
1551459852 0
1551459853 0
1551459854 0
1551459855 0
1551459856 0
1551459857 0
1551459858 0
1551459859 0
1551459860 0
1551459861 0
1551459862 0
1551459863 0
1551459864 0
1551459865 0
1551459866 0
1551459867 0
1551459868 0
1551459869 0
1551459870 0
1551459871 0
1551459872 0
1551459873 0
1551459874 0
1551459875 0
1551459876 0
1551459877 0
1551459878 0
1551459879 0
1551459880 0
1551459881 0
1551459882 0
1551459883 0
1551459884 0
1551459885 0
1551459886 0
1551459887 0
1551459888 0
1551459889 0
1551459890 0
1551459891 0
1551459892 0
1551459893 0
1551459894 0
1551459895 0
1551459896 0
1551459897 0
1551459898 0
1551459899 0
1551459900 0
1551459901 0
1551459902 0
1551459903 0
1551459904 0
1551459905 0
1551459906 0
1551459907 0
1551459908 0
1551459909 0
1551459910 0
1551459911 0
1551459912 0
1551459913 0
1551459914 0
1551459915 0
1551459916 0
1551459917 0
1551459918 0
1551459919 0
1551459920 0
1551459921 0
1551459922 0
1551459923 0
1551459924 0
1551459925 0
1551459926 0
1551459927 0
1551459928 0
1551459929 0
1551459930 0
1551459931 0
1551459932 0
1551459933 0
1551459934 0
1551459935 0
1551459936 0
1551459937 0
1551459938 0
1551459939 0
1551459940 0
1551459941 0
1551459942 0
1551459943 0
1551459944 0
1551459945 0
1551459946 0
1551459947 0
1551459948 0
1551459949 0
1551459950 0
1551459951 0
1551459952 0
1551459953 0
1551459954 0
1551459955 0
1551459956 0
1551459957 0
1551459958 0
1551459959 0
1551459960 0
1551459961 0
1551459962 0
1551459963 0
1551459964 0
1551459965 0
1551459966 0
1551459967 0
1551459968 0
1551459969 0
1551459970 0
1551459971 0
1551459972 0
1551459973 0
1551459974 0
1551459975 0
1551459976 0
1551459977 0
1551459978 0
1551459979 0
1551459980 0
1551459981 0
1551459982 0
1551459983 0
1551459984 0
1551459985 0
1551459986 0
1551459987 0
1551459988 0
1551459989 0
1551459990 0
1551459991 0
1551459992 0
1551459993 0
1551459994 0
1551459995 0
1551459996 0
1551459997 0
1551459998 0
1551459999 0
1551460000 0
1551460001 0
1551460002 0
1551460003 0
1551460004 0
1551460005 0
1551460006 0
1551460007 0
1551460008 0
1551460009 0
1551460010 0
1551460011 0
1551460012 0
1551460013 0
1551460014 0
1551460015 0
1551460016 0
1551460017 0
1551460018 0
1551460019 0
1551460020 0
1551460021 0
1551460022 0
1551460023 0
1551460024 0
1551460025 0
1551460026 0
1551460027 0
1551460028 0
1551460029 0
1551460030 0
1551460031 0
1551460032 0
1551460033 0
1551460034 0
1551460035 0
1551460036 0
1551460037 0
1551460038 0
1551460039 0
1551460040 0
1551460041 0
1551460042 0
1551460043 0
1551460044 0
1551460045 0
1551460046 0
1551460047 0
1551460048 0
1551460049 0
1551460050 0
1551460051 0
1551460052 0
1551460053 0
1551460054 0
1551460055 0
1551460056 0
1551460057 0
1551460058 0
1551460059 0
1551460060 0
1551460061 0
1551460062 0
1551460063 0
1551460064 0
1551460065 0
1551460066 0
1551460067 0
1551460068 0
1551460069 0
1551460070 0
1551460071 0
1551460072 0
1551460073 0
1551460074 0
1551460075 0
1551460076 0
1551460077 0
1551460078 0
1551460079 0
1551460080 0
1551460081 0
1551460082 0
1551460083 0
1551460084 0
1551460085 0
1551460086 0
1551460087 0
1551460088 0
1551460089 0
1551460090 0
1551460091 0
1551460092 0
1551460093 0
1551460094 0
1551460095 0
1551460096 0
1551460097 0
1551460098 0
1551460099 0
1551460100 0
1551460101 0
1551460102 0
1551460103 0
1551460104 0
1551460105 0
1551460106 0
1551460107 0
1551460108 0
1551460109 0
1551460110 0
1551460111 0
1551460112 0
1551460113 0
1551460114 0
1551460115 0
1551460116 0
1551460117 0
1551460118 0
1551460119 0
1551460120 0
1551460121 0
1551460122 0
1551460123 0
1551460124 0
1551460125 0
1551460126 0
1551460127 0
1551460128 0
1551460129 0
1551460130 0
1551460131 0
1551460132 0
1551460133 0
1551460134 0
1551460135 0
1551460136 0
1551460137 0
1551460138 0
1551460139 0
1551460140 0
1551460141 0
1551460142 0
1551460143 0
1551460144 0
1551460145 0
1551460146 0
1551460147 0
1551460148 0
1551460149 0
1551460150 0
1551460151 0
1551460152 0
1551460153 0
1551460154 0
1551460155 0
1551460156 0
1551460157 0
1551460158 0
1551460159 0
1551460160 0
1551460161 0
1551460162 0
1551460163 0
1551460164 0
1551460165 0
1551460166 0
1551460167 0
1551460168 0
1551460169 0
1551460170 0
1551460171 0
1551460172 0
1551460173 0
1551460174 0
1551460175 0
1551460176 0
1551460177 0
1551460178 0
1551460179 0
1551460180 0
1551460181 0
1551460182 0
1551460183 0
1551460184 0
1551460185 0
1551460186 0
1551460187 0
1551460188 0
1551460189 0
1551460190 0
1551460191 0
1551460192 0
1551460193 0
1551460194 0
1551460195 0
1551460196 0
1551460197 0
1551460198 0
1551460199 0
1551460200 0
1551460201 0
1551460202 0
1551460203 0
1551460204 0
1551460205 0
1551460206 0
1551460207 0
1551460208 0
1551460209 0
1551460210 0
1551460211 0
1551460212 0
1551460213 0
1551460214 0
1551460215 0
1551460216 0
1551460217 0
1551460218 0
1551460219 0
1551460220 0
1551460221 0
1551460222 0
1551460223 0
1551460224 0
1551460225 0
1551460226 0
1551460227 0
1551460228 0
1551460229 0
1551460230 0
1551460231 0
1551460232 0
1551460233 0
1551460234 0
1551460235 0
1551460236 0
1551460237 0
1551460238 0
1551460239 0
1551460240 0
1551460241 0
1551460242 0
1551460243 0
1551460244 0
1551460245 0
1551460246 0
1551460247 0
1551460248 0
1551460249 0
1551460250 0
1551460251 0
1551460252 0
1551460253 0
1551460254 0
1551460255 0
1551460256 0
1551460257 0
1551460258 0
1551460259 0
1551460260 0
1551460261 0
1551460262 0
1551460263 0
1551460264 0
1551460265 0
1551460266 0
1551460267 0
1551460268 0
1551460269 0
1551460270 0
1551460271 0
1551460272 0
1551460273 0
1551460274 0
1551460275 0
1551460276 0
1551460277 0
1551460278 0
1551460279 0
1551460280 0
1551460281 0
1551460282 0
1551460283 0
1551460284 0
1551460285 0
1551460286 0
1551460287 0
1551460288 0
1551460289 0
1551460290 0
1551460291 0
1551460292 0
1551460293 0
1551460294 0
1551460295 0
1551460296 0
1551460297 0
1551460298 0
1551460299 0
1551460300 0
1551460301 0
1551460302 0
1551460303 0
1551460304 0
1551460305 0
1551460306 0
1551460307 0
1551460308 0
1551460309 0
1551460310 0
1551460311 0
1551460312 0
1551460313 0
1551460314 0
1551460315 0
1551460316 0
1551460317 0
1551460318 0
1551460319 0
1551460320 0
1551460321 0
1551460322 0
1551460323 0
1551460324 0
1551460325 0
1551460326 0
1551460327 0
1551460328 0
1551460329 0
1551460330 0
1551460331 0
1551460332 0
1551460333 0
1551460334 0
1551460335 0
1551460336 0
1551460337 0
1551460338 0
1551460339 0
1551460340 0
1551460341 0
1551460342 0
1551460343 0
1551460344 0
1551460345 0
1551460346 0
1551460347 0
1551460348 0
1551460349 0
1551460350 0
1551460351 0
1551460352 0
1551460353 0
1551460354 0
1551460355 0
1551460356 0
1551460357 0
1551460358 0
1551460359 0
1551460360 0
1551460361 0
1551460362 0
1551460363 0
1551460364 0
1551460365 0
1551460366 0
1551460367 0
1551460368 0
1551460369 0
1551460370 0
1551460371 0
1551460372 0
1551460373 0
1551460374 0
1551460375 0
1551460376 0
1551460377 0
1551460378 0
1551460379 0
1551460380 0
1551460381 0
1551460382 0
1551460383 0
1551460384 0
1551460385 0
1551460386 0
1551460387 0
1551460388 0
1551460389 0
1551460390 0
1551460391 0
1551460392 0
1551460393 0
1551460394 0
1551460395 0
1551460396 0
1551460397 0
1551460398 0
1551460399 0
1551460400 0
1551460401 0
1551460402 0
1551460403 0
1551460404 0
1551460405 0
1551460406 0
1551460407 0
1551460408 0
1551460409 0
1551460410 0
1551460411 0
1551460412 0
1551460413 0
1551460414 0
1551460415 0
1551460416 0
1551460417 0
1551460418 0
1551460419 0
1551460420 0
1551460421 0
1551460422 0
1551460423 0
1551460424 0
1551460425 0
1551460426 0
1551460427 0
1551460428 0
1551460429 0
1551460430 0
1551460431 0
1551460432 0
1551460433 0
1551460434 0
1551460435 0
1551460436 0
1551460437 0
1551460438 0
1551460439 0
1551460440 0
1551460441 0
1551460442 0
1551460443 0
1551460444 0
1551460445 0
1551460446 0
1551460447 0
1551460448 0
1551460449 0
1551460450 0
1551460451 0
1551460452 0
1551460453 0
1551460454 0
1551460455 0
1551460456 0
1551460457 0
1551460458 0
1551460459 0
1551460460 0
1551460461 0
1551460462 0
1551460463 0
1551460464 0
1551460465 0
1551460466 0
1551460467 0
1551460468 0
1551460469 0
1551460470 0
1551460471 0
1551460472 0
1551460473 0
1551460474 0
1551460475 0
1551460476 0
1551460477 0
1551460478 0
1551460479 0
1551460480 0
1551460481 0
1551460482 0
1551460483 0
1551460484 0
1551460485 0
1551460486 0
1551460487 0
1551460488 0
1551460489 0
1551460490 0
1551460491 0
1551460492 0
1551460493 0
1551460494 0
1551460495 0
1551460496 0
1551460497 0
1551460498 0
1551460499 0
1551460500 0
1551460501 0
1551460502 0
1551460503 0
1551460504 0
1551460505 0
1551460506 0
1551460507 0
1551460508 0
1551460509 0
1551460510 0
1551460511 0
1551460512 0
1551460513 0
1551460514 0
1551460515 0
1551460516 0
1551460517 0
1551460518 0
1551460519 0
1551460520 0
1551460521 0
1551460522 0
1551460523 0
1551460524 0
1551460525 0
1551460526 0
1551460527 0
1551460528 0
1551460529 0
1551460530 0
1551460531 0
1551460532 0
1551460533 0
1551460534 0
1551460535 0
1551460536 0
1551460537 0
1551460538 0
1551460539 0
1551460540 0
1551460541 0
1551460542 0
1551460543 0
1551460544 0
1551460545 0
1551460546 0
1551460547 0
1551460548 0
1551460549 0
1551460550 0
1551460551 0
1551460552 0
1551460553 0
1551460554 0
1551460555 0
1551460556 0
1551460557 0
1551460558 0
1551460559 0
1551460560 0
1551460561 0
1551460562 0
1551460563 0
1551460564 0
1551460565 0
1551460566 0
1551460567 0
1551460568 0
1551460569 0
1551460570 0
1551460571 0
1551460572 0
1551460573 0
1551460574 0
1551460575 0
1551460576 0
1551460577 0
1551460578 0
1551460579 0
1551460580 0
1551460581 0
1551460582 0
1551460583 0
1551460584 0
1551460585 0
1551460586 0
1551460587 0
1551460588 0
1551460589 0
1551460590 0
1551460591 0
1551460592 0
1551460593 0
1551460594 0
1551460595 0
1551460596 0
1551460597 0
1551460598 0
1551460599 0
1551460600 0
1551460601 0
1551460602 0
1551460603 0
1551460604 0
1551460605 0
1551460606 0
1551460607 0
1551460608 0
1551460609 0
1551460610 0
1551460611 0
1551460612 0
1551460613 0
1551460614 0
1551460615 0
1551460616 0
1551460617 0
1551460618 0
1551460619 0
1551460620 0
1551460621 0
1551460622 0
1551460623 0
1551460624 0
1551460625 0
1551460626 0
1551460627 0
1551460628 0
1551460629 0
1551460630 0
1551460631 0
1551460632 0
1551460633 0
1551460634 0
1551460635 0
1551460636 0
1551460637 0
1551460638 0
1551460639 0
1551460640 0
1551460641 0
1551460642 0
1551460643 0
1551460644 0
1551460645 0
1551460646 0
1551460647 0
1551460648 0
1551460649 0
1551460650 0
1551460651 0
1551460652 0
1551460653 0
1551460654 0
1551460655 0
1551460656 0
1551460657 0
1551460658 0
1551460659 0
1551460660 0
1551460661 0
1551460662 0
1551460663 0
1551460664 0
1551460665 0
1551460666 0
1551460667 0
1551460668 0
1551460669 0
1551460670 0
1551460671 0
1551460672 0
1551460673 0
1551460674 0
1551460675 0
1551460676 0
1551460677 0
1551460678 0
1551460679 0
1551460680 0
1551460681 0
1551460682 0
1551460683 0
1551460684 0
1551460685 0
1551460686 0
1551460687 0
1551460688 0
1551460689 0
1551460690 0
1551460691 0
1551460692 0
1551460693 0
1551460694 0
1551460695 0
1551460696 0
1551460697 0
1551460698 0
1551460699 0
1551460700 0
1551460701 0
1551460702 0
1551460703 0
1551460704 0
1551460705 0
1551460706 0
1551460707 0
1551460708 0
1551460709 0
1551460710 0
1551460711 0
1551460712 0
1551460713 0
1551460714 0
1551460715 0
1551460716 0
1551460717 0
1551460718 0
1551460719 0
1551460720 0
1551460721 0
1551460722 0
1551460723 0
1551460724 0
1551460725 0
1551460726 0
1551460727 0
1551460728 0
1551460729 0
1551460730 0
1551460731 0
1551460732 0
1551460733 0
1551460734 0
1551460735 0
1551460736 0
1551460737 0
1551460738 0
1551460739 0
1551460740 0
1551460741 0
1551460742 0
1551460743 0
1551460744 0
1551460745 0
1551460746 0
1551460747 0
1551460748 0
1551460749 0
1551460750 0
1551460751 0
1551460752 0
1551460753 0
1551460754 0
1551460755 0
1551460756 0
1551460757 0
1551460758 0
1551460759 0
1551460760 0
1551460761 0
1551460762 0
1551460763 0
1551460764 0
1551460765 0
1551460766 0
1551460767 0
1551460768 0
1551460769 0
1551460770 0
1551460771 0
1551460772 0
1551460773 0
1551460774 0
1551460775 0
1551460776 0
1551460777 0
1551460778 0
1551460779 0
1551460780 0
1551460781 0
1551460782 0
1551460783 0
1551460784 0
1551460785 0
1551460786 0
1551460787 0
1551460788 0
1551460789 0
1551460790 0
1551460791 0
1551460792 0
1551460793 0
1551460794 0
1551460795 0
1551460796 0
1551460797 0
1551460798 0
1551460799 0
1551460800 0
1551460801 0
1551460802 0
1551460803 0
1551460804 0
1551460805 0
1551460806 0
1551460807 0
1551460808 0
1551460809 0
1551460810 0
1551460811 0
1551460812 0
1551460813 0
1551460814 0
1551460815 0
1551460816 0
1551460817 0
1551460818 0
1551460819 0
1551460820 0
1551460821 0
1551460822 0
1551460823 0
1551460824 0
1551460825 0
1551460826 0
1551460827 0
1551460828 0
1551460829 0
1551460830 0
1551460831 0
1551460832 0
1551460833 0
1551460834 0
1551460835 0
1551460836 0
1551460837 0
1551460838 0
1551460839 0
1551460840 0
1551460841 0
1551460842 0
1551460843 0
1551460844 0
1551460845 0
1551460846 0
1551460847 0
1551460848 0
1551460849 0
1551460850 0
1551460851 0
1551460852 0
1551460853 0
1551460854 0
1551460855 0
1551460856 0
1551460857 0
1551460858 0
1551460859 0
1551460860 0
1551460861 0
1551460862 0
1551460863 0
1551460864 0
1551460865 0
1551460866 0
1551460867 0
1551460868 0
1551460869 0
1551460870 0
1551460871 0
1551460872 0
1551460873 0
1551460874 0
1551460875 0
1551460876 0
1551460877 0
1551460878 0
1551460879 0
1551460880 0
1551460881 0
1551460882 0
1551460883 0
1551460884 0
1551460885 0
1551460886 0
1551460887 0
1551460888 0
1551460889 0
1551460890 0
1551460891 0
1551460892 0
1551460893 0
1551460894 0
1551460895 0
1551460896 0
1551460897 0
1551460898 0
1551460899 0
1551460900 0
1551460901 0
1551460902 0
1551460903 0
1551460904 0
1551460905 0
1551460906 0
1551460907 0
1551460908 0
1551460909 0
1551460910 0
1551460911 0
1551460912 0
1551460913 0
1551460914 0
1551460915 0
1551460916 0
1551460917 0
1551460918 0
1551460919 0
1551460920 0
1551460921 0
1551460922 0
1551460923 0
1551460924 0
1551460925 0
1551460926 0
1551460927 0
1551460928 0
1551460929 0
1551460930 0
1551460931 0
1551460932 0
1551460933 0
1551460934 0
1551460935 0
1551460936 0
1551460937 0
1551460938 0
1551460939 0
1551460940 0
1551460941 0
1551460942 0
1551460943 0
1551460944 0
1551460945 0
1551460946 0
1551460947 0
1551460948 0
1551460949 0
1551460950 0
1551460951 0
1551460952 0
1551460953 0
1551460954 0
1551460955 0
1551460956 0
1551460957 0
1551460958 0
1551460959 0
1551460960 0
1551460961 0
1551460962 0
1551460963 0
1551460964 0
1551460965 0
1551460966 0
1551460967 0
1551460968 0
1551460969 0
1551460970 0
1551460971 0
1551460972 0
1551460973 0
1551460974 0
1551460975 0
1551460976 0
1551460977 0
1551460978 0
1551460979 0
1551460980 0
1551460981 0
1551460982 0
1551460983 0
1551460984 0
1551460985 0
1551460986 0
1551460987 0
1551460988 0
1551460989 0
1551460990 0
1551460991 0
1551460992 0
1551460993 0
1551460994 0
1551460995 0
1551460996 0
1551460997 0
1551460998 0
1551460999 0
1551461000 0
1551461001 0
1551461002 0
1551461003 0
1551461004 0
1551461005 0
1551461006 0
1551461007 0
1551461008 0
1551461009 0
1551461010 0
1551461011 0
1551461012 0
1551461013 0
1551461014 0
1551461015 0
1551461016 0
1551461017 0
1551461018 0
1551461019 0
1551461020 0
1551461021 0
1551461022 0
1551461023 0
1551461024 0
1551461025 0
1551461026 0
1551461027 0
1551461028 0
1551461029 0
1551461030 0
1551461031 0
1551461032 0
1551461033 0
1551461034 0
1551461035 0
1551461036 0
1551461037 0
1551461038 0
1551461039 0
1551461040 0
1551461041 0
1551461042 0
1551461043 0
1551461044 0
1551461045 0
1551461046 0
1551461047 0
1551461048 0
1551461049 0
1551461050 0
1551461051 0
1551461052 0
1551461053 0
1551461054 0
1551461055 0
1551461056 0
1551461057 0
1551461058 0
1551461059 0
1551461060 0
1551461061 0
1551461062 0
1551461063 0
1551461064 0
1551461065 0
1551461066 0
1551461067 0
1551461068 0
1551461069 0
1551461070 0
1551461071 0
1551461072 0
1551461073 0
1551461074 0
1551461075 0
1551461076 0
1551461077 0
1551461078 0
1551461079 0
1551461080 0
1551461081 0
1551461082 0
1551461083 0
1551461084 0
1551461085 0
1551461086 0
1551461087 0
1551461088 0
1551461089 0
1551461090 0
1551461091 0
1551461092 0
1551461093 0
1551461094 0
1551461095 0
1551461096 0
1551461097 0
1551461098 0
1551461099 0
1551461100 0
1551461101 0
1551461102 0
1551461103 0
1551461104 0
1551461105 0
1551461106 0
1551461107 0
1551461108 0
1551461109 0
1551461110 0
1551461111 0
1551461112 0
1551461113 0
1551461114 0
1551461115 0
1551461116 0
1551461117 0
1551461118 0
1551461119 0
1551461120 0
1551461121 0
1551461122 0
1551461123 0
1551461124 0
1551461125 0
1551461126 0
1551461127 0
1551461128 0
1551461129 0
1551461130 0
1551461131 0
1551461132 0
1551461133 0
1551461134 0
1551461135 0
1551461136 0
1551461137 0
1551461138 0
1551461139 0
1551461140 0
1551461141 0
1551461142 0
1551461143 0
1551461144 0
1551461145 0
1551461146 0
1551461147 0
1551461148 0
1551461149 0
1551461150 0
1551461151 0
1551461152 0
1551461153 0
1551461154 0
1551461155 0
1551461156 0
1551461157 0
1551461158 0
1551461159 0
1551461160 0
1551461161 0
1551461162 0
1551461163 0
1551461164 0
1551461165 0
1551461166 0
1551461167 0
1551461168 0
1551461169 0
1551461170 0
1551461171 0
1551461172 0
1551461173 0
1551461174 0
1551461175 0
1551461176 0
1551461177 0
1551461178 0
1551461179 0
1551461180 0
1551461181 0
1551461182 0
1551461183 0
1551461184 0
1551461185 0
1551461186 0
1551461187 0
1551461188 0
1551461189 0
1551461190 0
1551461191 0
1551461192 0
1551461193 0
1551461194 0
1551461195 0
1551461196 0
1551461197 0
1551461198 0
1551461199 0
1551461200 0
1551461201 0
1551461202 0
1551461203 0
1551461204 0
1551461205 0
1551461206 0
1551461207 0
1551461208 0
1551461209 0
1551461210 0
1551461211 0
1551461212 0
1551461213 0
1551461214 0
1551461215 0
1551461216 0
1551461217 0
1551461218 0
1551461219 0
1551461220 0
1551461221 0
1551461222 0
1551461223 0
1551461224 0
1551461225 0
1551461226 0
1551461227 0
1551461228 0
1551461229 0
1551461230 0
1551461231 0
1551461232 0
1551461233 0
1551461234 0
1551461235 0
1551461236 0
1551461237 0
1551461238 0
1551461239 0
1551461240 0
1551461241 0
1551461242 0
1551461243 0
1551461244 0
1551461245 0
1551461246 0
1551461247 0
1551461248 0
1551461249 0
1551461250 0
1551461251 0
1551461252 0
1551461253 0
1551461254 0
1551461255 0
1551461256 0
1551461257 0
1551461258 0
1551461259 0
1551461260 0
1551461261 0
1551461262 0
1551461263 0
1551461264 0
1551461265 0
1551461266 0
1551461267 0
1551461268 0
1551461269 0
1551461270 0
1551461271 0
1551461272 0
1551461273 0
1551461274 0
1551461275 0
1551461276 0
1551461277 0
1551461278 0
1551461279 0
1551461280 0
1551461281 0
1551461282 0
1551461283 0
1551461284 0
1551461285 0
1551461286 0
1551461287 0
1551461288 0
1551461289 0
1551461290 0
1551461291 0
1551461292 0
1551461293 0
1551461294 0
1551461295 0
1551461296 0
1551461297 0
1551461298 0
1551461299 0
1551461300 0
1551461301 0
1551461302 0
1551461303 0
1551461304 0
1551461305 0
1551461306 0
1551461307 0
1551461308 0
1551461309 0
1551461310 0
1551461311 0
1551461312 0
1551461313 0
1551461314 0
1551461315 0
1551461316 0
1551461317 0
1551461318 0
1551461319 0
1551461320 0
1551461321 0
1551461322 0
1551461323 0
1551461324 0
1551461325 0
1551461326 0
1551461327 0
1551461328 0
1551461329 0
1551461330 0
1551461331 0
1551461332 0
1551461333 0
1551461334 0
1551461335 0
1551461336 0
1551461337 0
1551461338 0
1551461339 0
1551461340 0
1551461341 0
1551461342 0
1551461343 0
1551461344 0
1551461345 0
1551461346 0
1551461347 0
1551461348 0
1551461349 0
1551461350 0
1551461351 0
1551461352 0
1551461353 0
1551461354 0
1551461355 0
1551461356 0
1551461357 0
1551461358 0
1551461359 0
1551461360 0
1551461361 0
1551461362 0
1551461363 0
1551461364 0
1551461365 0
1551461366 0
1551461367 0
1551461368 0
1551461369 0
1551461370 0
1551461371 0
1551461372 0
1551461373 0
1551461374 0
1551461375 0
1551461376 0
1551461377 0
1551461378 0
1551461379 0
1551461380 0
1551461381 0
1551461382 0
1551461383 0
1551461384 0
1551461385 0
1551461386 0
1551461387 0
1551461388 0
1551461389 0
1551461390 0
1551461391 0
1551461392 0
1551461393 0
1551461394 0
1551461395 0
1551461396 0
1551461397 0
1551461398 0
1551461399 0
1551461400 0
1551461401 0
1551461402 0
1551461403 0
1551461404 0
1551461405 0
1551461406 0
1551461407 0
1551461408 0
1551461409 0
1551461410 0
1551461411 0
1551461412 0
1551461413 0
1551461414 0
1551461415 0
1551461416 0
1551461417 0
1551461418 0
1551461419 0
1551461420 0
1551461421 0
1551461422 0
1551461423 0
1551461424 0
1551461425 0
1551461426 0
1551461427 0
1551461428 0
1551461429 0
1551461430 0
1551461431 0
1551461432 0
1551461433 0
1551461434 0
1551461435 0
1551461436 0
1551461437 0
1551461438 0
1551461439 0
1551461440 0
1551461441 0
1551461442 0
1551461443 0
1551461444 0
1551461445 0
1551461446 0
1551461447 0
1551461448 0
1551461449 0
1551461450 0
1551461451 0
1551461452 0
1551461453 0
1551461454 0
1551461455 0
1551461456 0
1551461457 0
1551461458 0
1551461459 0
1551461460 0
1551461461 0
1551461462 0
1551461463 0
1551461464 0
1551461465 0
1551461466 0
1551461467 0
1551461468 0
1551461469 0
1551461470 0
1551461471 0
1551461472 0
1551461473 0
1551461474 0
1551461475 0
1551461476 0
1551461477 0
1551461478 0
1551461479 0
1551461480 0
1551461481 0
1551461482 0
1551461483 0
1551461484 0
1551461485 0
1551461486 0
1551461487 0
1551461488 0
1551461489 0
1551461490 0
1551461491 0
1551461492 0
1551461493 0
1551461494 0
1551461495 0
1551461496 0
1551461497 0
1551461498 0
1551461499 0
1551461500 0
1551461501 0
1551461502 0
1551461503 0
1551461504 0
1551461505 0
1551461506 0
1551461507 0
1551461508 0
1551461509 0
1551461510 0
1551461511 0
1551461512 0
1551461513 0
1551461514 0
1551461515 0
1551461516 0
1551461517 0
1551461518 0
1551461519 0
1551461520 0
1551461521 0
1551461522 0
1551461523 0
1551461524 0
1551461525 0
1551461526 0
1551461527 0
1551461528 0
1551461529 0
1551461530 0
1551461531 0
1551461532 0
1551461533 0
1551461534 0
1551461535 0
1551461536 0
1551461537 0
1551461538 0
1551461539 0
1551461540 0
1551461541 0
1551461542 0
1551461543 0
1551461544 0
1551461545 0
1551461546 0
1551461547 0
1551461548 0
1551461549 0
1551461550 0
1551461551 0
1551461552 0
1551461553 0
1551461554 0
1551461555 0
1551461556 0
1551461557 0
1551461558 0
1551461559 0
1551461560 0
1551461561 0
1551461562 0
1551461563 0
1551461564 0
1551461565 0
1551461566 0
1551461567 0
1551461568 0
1551461569 0
1551461570 0
1551461571 0
1551461572 0
1551461573 0
1551461574 0
1551461575 0
1551461576 0
1551461577 0
1551461578 0
1551461579 0
1551461580 0
1551461581 0
1551461582 0
1551461583 0
1551461584 0
1551461585 0
1551461586 0
1551461587 0
1551461588 0
1551461589 0
1551461590 0
1551461591 0
1551461592 0
1551461593 0
1551461594 0
1551461595 0
1551461596 0
1551461597 0
1551461598 0
1551461599 0
1551461600 0
1551461601 0
1551461602 0
1551461603 0
1551461604 0
1551461605 0
1551461606 0
1551461607 0
1551461608 0
1551461609 0
1551461610 0
1551461611 0
1551461612 0
1551461613 0
1551461614 0
1551461615 0
1551461616 0
1551461617 0
1551461618 0
1551461619 0
1551461620 0
1551461621 0
1551461622 0
1551461623 0
1551461624 0
1551461625 0
1551461626 0
1551461627 0
1551461628 0
1551461629 0
1551461630 0
1551461631 0
1551461632 0
1551461633 0
1551461634 0
1551461635 0
1551461636 0
1551461637 0
1551461638 0
1551461639 0
1551461640 0
1551461641 0
1551461642 0
1551461643 0
1551461644 0
1551461645 0
1551461646 0
1551461647 0
1551461648 0
1551461649 0
1551461650 0
1551461651 0
1551461652 0
1551461653 0
1551461654 0
1551461655 0
1551461656 0
1551461657 0
1551461658 0
1551461659 0
1551461660 0
1551461661 0
1551461662 0
1551461663 0
1551461664 0
1551461665 0
1551461666 0
1551461667 0
1551461668 0
1551461669 0
1551461670 0
1551461671 0
1551461672 0
1551461673 0
1551461674 0
1551461675 0
1551461676 0
1551461677 0
1551461678 0
1551461679 0
1551461680 0
1551461681 0
1551461682 0
1551461683 0
1551461684 0
1551461685 0
1551461686 0
1551461687 0
1551461688 0
1551461689 0
1551461690 0
1551461691 0
1551461692 0
1551461693 0
1551461694 0
1551461695 0
1551461696 0
1551461697 0
1551461698 0
1551461699 0
1551461700 0
1551461701 0
1551461702 0
1551461703 0
1551461704 0
1551461705 0
1551461706 0
1551461707 0
1551461708 0
1551461709 0
1551461710 0
1551461711 0
1551461712 0
1551461713 0
1551461714 0
1551461715 0
1551461716 0
1551461717 0
1551461718 0
1551461719 0
1551461720 0
1551461721 0
1551461722 0
1551461723 0
1551461724 0
1551461725 0
1551461726 0
1551461727 0
1551461728 0
1551461729 0
1551461730 0
1551461731 0
1551461732 0
1551461733 0
1551461734 0
1551461735 0
1551461736 0
1551461737 0
1551461738 0
1551461739 0
1551461740 0
1551461741 0
1551461742 0
1551461743 0
1551461744 0
1551461745 0
1551461746 0
1551461747 0
1551461748 0
1551461749 0
1551461750 0
1551461751 0
1551461752 0
1551461753 0
1551461754 0
1551461755 0
1551461756 0
1551461757 0
1551461758 0
1551461759 0
1551461760 0
1551461761 0
1551461762 0
1551461763 0
1551461764 0
1551461765 0
1551461766 0
1551461767 0
1551461768 0
1551461769 0
1551461770 0
1551461771 0
1551461772 0
1551461773 0
1551461774 0
1551461775 0
1551461776 0
1551461777 0
1551461778 0
1551461779 0
1551461780 0
1551461781 0
1551461782 0
1551461783 0
1551461784 0
1551461785 0
1551461786 0
1551461787 0
1551461788 0
1551461789 0
1551461790 0
1551461791 0
1551461792 0
1551461793 0
1551461794 0
1551461795 0
1551461796 0
1551461797 0
1551461798 0
1551461799 0
1551461800 0
1551461801 0
1551461802 0
1551461803 0
1551461804 0
1551461805 0
1551461806 0
1551461807 0
1551461808 0
1551461809 0
1551461810 0
1551461811 0
1551461812 0
1551461813 0
1551461814 0
1551461815 0
1551461816 0
1551461817 0
1551461818 0
1551461819 0
1551461820 0
1551461821 0
1551461822 0
1551461823 0
1551461824 0
1551461825 0
1551461826 0
1551461827 0
1551461828 0
1551461829 0
1551461830 0
1551461831 0
1551461832 0
1551461833 0
1551461834 0
1551461835 0
1551461836 0
1551461837 0
1551461838 0
1551461839 0
1551461840 0
1551461841 0
1551461842 0
1551461843 0
1551461844 0
1551461845 0
1551461846 0
1551461847 0
1551461848 0
1551461849 0
1551461850 0
1551461851 0
1551461852 0
1551461853 0
1551461854 0
1551461855 0
1551461856 0
1551461857 0
1551461858 0
1551461859 0
1551461860 0
1551461861 0
1551461862 0
1551461863 0
1551461864 0
1551461865 0
1551461866 0
1551461867 0
1551461868 0
1551461869 0
1551461870 0
1551461871 0
1551461872 0
1551461873 0
1551461874 0
1551461875 0
1551461876 0
1551461877 0
1551461878 0
1551461879 0
1551461880 0
1551461881 0
1551461882 0
1551461883 0
1551461884 0
1551461885 0
1551461886 0
1551461887 0
1551461888 0
1551461889 0
1551461890 0
1551461891 0
1551461892 0
1551461893 0
1551461894 0
1551461895 0
1551461896 0
1551461897 0
1551461898 0
1551461899 0
1551461900 0
1551461901 0
1551461902 0
1551461903 0
1551461904 0
1551461905 0
1551461906 0
1551461907 0
1551461908 0
1551461909 0
1551461910 0
1551461911 0
1551461912 0
1551461913 0
1551461914 0
1551461915 0
1551461916 0
1551461917 0
1551461918 0
1551461919 0
1551461920 0
1551461921 0
1551461922 0
1551461923 0
1551461924 0
1551461925 0
1551461926 0
1551461927 0
1551461928 0
1551461929 0
1551461930 0
1551461931 0
1551461932 0
1551461933 0
1551461934 0
1551461935 0
1551461936 0
1551461937 0
1551461938 0
1551461939 0
1551461940 0
1551461941 0
1551461942 0
1551461943 0
1551461944 0
1551461945 0
1551461946 0
1551461947 0
1551461948 0
1551461949 0
1551461950 0
1551461951 0
1551461952 0
1551461953 0
1551461954 0
1551461955 0
1551461956 0
1551461957 0
1551461958 0
1551461959 0
1551461960 0
1551461961 0
1551461962 0
1551461963 0
1551461964 0
1551461965 0
1551461966 0
1551461967 0
1551461968 0
1551461969 0
1551461970 0
1551461971 0
1551461972 0
1551461973 0
1551461974 0
1551461975 0
1551461976 0
1551461977 0
1551461978 0
1551461979 0
1551461980 0
1551461981 0
1551461982 0
1551461983 0
1551461984 0
1551461985 0
1551461986 0
1551461987 0
1551461988 0
1551461989 0
1551461990 0
1551461991 0
1551461992 0
1551461993 0
1551461994 0
1551461995 0
1551461996 0
1551461997 0
1551461998 0
1551461999 0
1551462000 0
1551462001 0
1551462002 0
1551462003 0
1551462004 0
1551462005 0
1551462006 0
1551462007 0
1551462008 0
1551462009 0
1551462010 0
1551462011 0
1551462012 0
1551462013 0
1551462014 0
1551462015 0
1551462016 0
1551462017 0
1551462018 0
1551462019 0
1551462020 0
1551462021 0
1551462022 0
1551462023 0
1551462024 0
1551462025 0
1551462026 0
1551462027 0
1551462028 0
1551462029 0
1551462030 0
1551462031 0
1551462032 0
1551462033 0
1551462034 0
1551462035 0
1551462036 0
1551462037 0
1551462038 0
1551462039 0
1551462040 0
1551462041 0
1551462042 0
1551462043 0
1551462044 0
1551462045 0
1551462046 0
1551462047 0
1551462048 0
1551462049 0
1551462050 0
1551462051 0
1551462052 0
1551462053 0
1551462054 0
1551462055 0
1551462056 0
1551462057 0
1551462058 0
1551462059 0
1551462060 0
1551462061 0
1551462062 0
1551462063 0
1551462064 0
1551462065 0
1551462066 0
1551462067 0
1551462068 0
1551462069 0
1551462070 0
1551462071 0
1551462072 0
1551462073 0
1551462074 0
1551462075 0
1551462076 0
1551462077 0
1551462078 0
1551462079 0
1551462080 0
1551462081 0
1551462082 0
1551462083 0
1551462084 0
1551462085 0
1551462086 0
1551462087 0
1551462088 0
1551462089 0
1551462090 0
1551462091 0
1551462092 0
1551462093 0
1551462094 0
1551462095 0
1551462096 0
1551462097 0
1551462098 0
1551462099 0
1551462100 0
1551462101 0
1551462102 0
1551462103 0
1551462104 0
1551462105 0
1551462106 0
1551462107 0
1551462108 0
1551462109 0
1551462110 0
1551462111 0
1551462112 0
1551462113 0
1551462114 0
1551462115 0
1551462116 0
1551462117 0
1551462118 0
1551462119 0
1551462120 0
1551462121 0
1551462122 0
1551462123 0
1551462124 0
1551462125 0
1551462126 0
1551462127 0
1551462128 0
1551462129 0
1551462130 0
1551462131 0
1551462132 0
1551462133 0
1551462134 0
1551462135 0
1551462136 0
1551462137 0
1551462138 0
1551462139 0
1551462140 0
1551462141 0
1551462142 0
1551462143 0
1551462144 0
1551462145 0
1551462146 0
1551462147 0
1551462148 0
1551462149 0
1551462150 0
1551462151 0
1551462152 0
1551462153 0
1551462154 0
1551462155 0
1551462156 0
1551462157 0
1551462158 0
1551462159 0
1551462160 0
1551462161 0
1551462162 0
1551462163 0
1551462164 0
1551462165 0
1551462166 0
1551462167 0
1551462168 0
1551462169 0
1551462170 0
1551462171 0
1551462172 0
1551462173 0
1551462174 0
1551462175 0
1551462176 0
1551462177 0
1551462178 0
1551462179 0
1551462180 0
1551462181 0
1551462182 0
1551462183 0
1551462184 0
1551462185 0
1551462186 0
1551462187 0
1551462188 0
1551462189 0
1551462190 0
1551462191 0
1551462192 0
1551462193 0
1551462194 0
1551462195 0
1551462196 0
1551462197 0
1551462198 0
1551462199 0
1551462200 0
1551462201 0
1551462202 0
1551462203 0
1551462204 0
1551462205 0
1551462206 0
1551462207 0
1551462208 0
1551462209 0
1551462210 0
1551462211 0
1551462212 0
1551462213 0
1551462214 0
1551462215 0
1551462216 0
1551462217 0
1551462218 0
1551462219 0
1551462220 0
1551462221 0
1551462222 0
1551462223 0
1551462224 0
1551462225 0
1551462226 0
1551462227 0
1551462228 0
1551462229 0
1551462230 0
1551462231 0
1551462232 0
1551462233 0
1551462234 0
1551462235 0
1551462236 0
1551462237 0
1551462238 0
1551462239 0
1551462240 0
1551462241 0
1551462242 0
1551462243 0
1551462244 0
1551462245 0
1551462246 0
1551462247 0
1551462248 0
1551462249 0
1551462250 0
1551462251 0
1551462252 0
1551462253 0
1551462254 0
1551462255 0
1551462256 0
1551462257 0
1551462258 0
1551462259 0
1551462260 0
1551462261 0
1551462262 0
1551462263 0
1551462264 0
1551462265 0
1551462266 0
1551462267 0
1551462268 0
1551462269 0
1551462270 0
1551462271 0
1551462272 0
1551462273 0
1551462274 0
1551462275 0
1551462276 0
1551462277 0
1551462278 0
1551462279 0
1551462280 0
1551462281 0
1551462282 0
1551462283 0
1551462284 0
1551462285 0
1551462286 0
1551462287 0
1551462288 0
1551462289 0
1551462290 0
1551462291 0
1551462292 0
1551462293 0
1551462294 0
1551462295 0
1551462296 0
1551462297 0
1551462298 0
1551462299 0
1551462300 0
1551462301 0
1551462302 0
1551462303 0
1551462304 0
1551462305 0
1551462306 0
1551462307 0
1551462308 0
1551462309 0
1551462310 0
1551462311 0
1551462312 0
1551462313 0
1551462314 0
1551462315 0
1551462316 0
1551462317 0
1551462318 0
1551462319 0
1551462320 0
1551462321 0
1551462322 0
1551462323 0
1551462324 0
1551462325 0
1551462326 0
1551462327 0
1551462328 0
1551462329 0
1551462330 0
1551462331 0
1551462332 0
1551462333 0
1551462334 0
1551462335 0
1551462336 0
1551462337 0
1551462338 0
1551462339 0
1551462340 0
1551462341 0
1551462342 0
1551462343 0
1551462344 0
1551462345 0
1551462346 0
1551462347 0
1551462348 0
1551462349 0
1551462350 0
1551462351 0
1551462352 0
1551462353 0
1551462354 0
1551462355 0
1551462356 0
1551462357 0
1551462358 0
1551462359 0
1551462360 0
1551462361 0
1551462362 0
1551462363 0
1551462364 0
1551462365 0
1551462366 0
1551462367 0
1551462368 0
1551462369 0
1551462370 0
1551462371 0
1551462372 0
1551462373 0
1551462374 0
1551462375 0
1551462376 0
1551462377 0
1551462378 0
1551462379 0
1551462380 0
1551462381 0
1551462382 0
1551462383 0
1551462384 0
1551462385 0
1551462386 0
1551462387 0
1551462388 0
1551462389 0
1551462390 0
1551462391 0
1551462392 0
1551462393 0
1551462394 0
1551462395 0
1551462396 0
1551462397 0
1551462398 0
1551462399 0
1551462400 0
1551462401 0
1551462402 0
1551462403 0
1551462404 0
1551462405 0
1551462406 0
1551462407 0
1551462408 0
1551462409 0
1551462410 0
1551462411 0
1551462412 0
1551462413 0
1551462414 0
1551462415 0
1551462416 0
1551462417 0
1551462418 0
1551462419 0
1551462420 0
1551462421 0
1551462422 0
1551462423 0
1551462424 0
1551462425 0
1551462426 0
1551462427 0
1551462428 0
1551462429 0
1551462430 0
1551462431 0
1551462432 0
1551462433 0
1551462434 0
1551462435 0
1551462436 0
1551462437 0
1551462438 0
1551462439 0
1551462440 0
1551462441 0
1551462442 0
1551462443 0
1551462444 0
1551462445 0
1551462446 0
1551462447 0
1551462448 0
1551462449 0
1551462450 0
1551462451 0
1551462452 0
1551462453 0
1551462454 0
1551462455 0
1551462456 0
1551462457 0
1551462458 0
1551462459 0
1551462460 0
1551462461 0
1551462462 0
1551462463 0
1551462464 0
1551462465 0
1551462466 0
1551462467 0
1551462468 0
1551462469 0
1551462470 0
1551462471 0
1551462472 0
1551462473 0
1551462474 0
1551462475 0
1551462476 0
1551462477 0
1551462478 0
1551462479 0
1551462480 0
1551462481 0
1551462482 0
1551462483 0
1551462484 0
1551462485 0
1551462486 0
1551462487 0
1551462488 0
1551462489 0
1551462490 0
1551462491 0
1551462492 0
1551462493 0
1551462494 0
1551462495 0
1551462496 0
1551462497 0
1551462498 0
1551462499 0
1551462500 0
1551462501 0
1551462502 0
1551462503 0
1551462504 0
1551462505 0
1551462506 0
1551462507 0
1551462508 0
1551462509 0
1551462510 0
1551462511 0
1551462512 0
1551462513 0
1551462514 0
1551462515 0
1551462516 0
1551462517 0
1551462518 0
1551462519 0
1551462520 0
1551462521 0
1551462522 0
1551462523 0
1551462524 0
1551462525 0
1551462526 0
1551462527 0
1551462528 0
1551462529 0
1551462530 0
1551462531 0
1551462532 0
1551462533 0
1551462534 0
1551462535 0
1551462536 0
1551462537 0
1551462538 0
1551462539 0
1551462540 0
1551462541 0
1551462542 0
1551462543 0
1551462544 0
1551462545 0
1551462546 0
1551462547 0
1551462548 0
1551462549 0
1551462550 0
1551462551 0
1551462552 0
1551462553 0
1551462554 0
1551462555 0
1551462556 0
1551462557 0
1551462558 0
1551462559 0
1551462560 0
1551462561 0
1551462562 0
1551462563 0
1551462564 0
1551462565 0
1551462566 0
1551462567 0
1551462568 0
1551462569 0
1551462570 0
1551462571 0
1551462572 0
1551462573 0
1551462574 0
1551462575 0
1551462576 0
1551462577 0
1551462578 0
1551462579 0
1551462580 0
1551462581 0
1551462582 0
1551462583 0
1551462584 0
1551462585 0
1551462586 0
1551462587 0
1551462588 0
1551462589 0
1551462590 0
1551462591 0
1551462592 0
1551462593 0
1551462594 0
1551462595 0
1551462596 0
1551462597 0
1551462598 0
1551462599 0
1551462600 0
1551462601 0
1551462602 0
1551462603 0
1551462604 0
1551462605 0
1551462606 0
1551462607 0
1551462608 0
1551462609 0
1551462610 0
1551462611 0
1551462612 0
1551462613 0
1551462614 0
1551462615 0
1551462616 0
1551462617 0
1551462618 0
1551462619 0
1551462620 0
1551462621 0
1551462622 0
1551462623 0
1551462624 0
1551462625 0
1551462626 0
1551462627 0
1551462628 0
1551462629 0
1551462630 0
1551462631 0
1551462632 0
1551462633 0
1551462634 0
1551462635 0
1551462636 0
1551462637 0
1551462638 0
1551462639 0
1551462640 0
1551462641 0
1551462642 0
1551462643 0
1551462644 0
1551462645 0
1551462646 0
1551462647 0
1551462648 0
1551462649 0
1551462650 0
1551462651 0
1551462652 0
1551462653 0
1551462654 0
1551462655 0
1551462656 0
1551462657 0
1551462658 0
1551462659 0
1551462660 0
1551462661 0
1551462662 0
1551462663 0
1551462664 0
1551462665 0
1551462666 0
1551462667 0
1551462668 0
1551462669 0
1551462670 0
1551462671 0
1551462672 0
1551462673 0
1551462674 0
1551462675 0
1551462676 0
1551462677 0
1551462678 0
1551462679 0
1551462680 0
1551462681 0
1551462682 0
1551462683 0
1551462684 0
1551462685 0
1551462686 0
1551462687 0
1551462688 0
1551462689 0
1551462690 0
1551462691 0
1551462692 0
1551462693 0
1551462694 0
1551462695 0
1551462696 0
1551462697 0
1551462698 0
1551462699 0
1551462700 0
1551462701 0
1551462702 0
1551462703 0
1551462704 0
1551462705 0
1551462706 0
1551462707 0
1551462708 0
1551462709 0
1551462710 0
1551462711 0
1551462712 0
1551462713 0
1551462714 0
1551462715 0
1551462716 0
1551462717 0
1551462718 0
1551462719 0
1551462720 0
1551462721 0
1551462722 0
1551462723 0
1551462724 0
1551462725 0
1551462726 0
1551462727 0
1551462728 0
1551462729 0
1551462730 0
1551462731 0
1551462732 0
1551462733 0
1551462734 0
1551462735 0
1551462736 0
1551462737 0
1551462738 0
1551462739 0
1551462740 0
1551462741 0
1551462742 0
1551462743 0
1551462744 0
1551462745 0
1551462746 0
1551462747 0
1551462748 0
1551462749 0
1551462750 0
1551462751 0
1551462752 0
1551462753 0
1551462754 0
1551462755 0
1551462756 0
1551462757 0
1551462758 0
1551462759 0
1551462760 0
1551462761 0
1551462762 0
1551462763 0
1551462764 0
1551462765 0
1551462766 0
1551462767 0
1551462768 0
1551462769 0
1551462770 0
1551462771 0
1551462772 0
1551462773 0
1551462774 0
1551462775 0
1551462776 0
1551462777 0
1551462778 0
1551462779 0
1551462780 0
1551462781 0
1551462782 0
1551462783 0
1551462784 0
1551462785 0
1551462786 0
1551462787 0
1551462788 0
1551462789 0
1551462790 0
1551462791 0
1551462792 0
1551462793 0
1551462794 0
1551462795 0
1551462796 0
1551462797 0
1551462798 0
1551462799 0
1551462800 0
1551462801 0
1551462802 0
1551462803 0
1551462804 0
1551462805 0
1551462806 0
1551462807 0
1551462808 0
1551462809 0
1551462810 0
1551462811 0
1551462812 0
1551462813 0
1551462814 0
1551462815 0
1551462816 0
1551462817 0
1551462818 0
1551462819 0
1551462820 0
1551462821 0
1551462822 0
1551462823 0
1551462824 0
1551462825 0
1551462826 0
1551462827 0
1551462828 0
1551462829 0
1551462830 0
1551462831 0
1551462832 0
1551462833 0
1551462834 0
1551462835 0
1551462836 0
1551462837 0
1551462838 0
1551462839 0
1551462840 0
1551462841 0
1551462842 0
1551462843 0
1551462844 0
1551462845 0
1551462846 0
1551462847 0
1551462848 0
1551462849 0
1551462850 0
1551462851 0
1551462852 0
1551462853 0
1551462854 0
1551462855 0
1551462856 0
1551462857 0
1551462858 0
1551462859 0
1551462860 0
1551462861 0
1551462862 0
1551462863 0
1551462864 0
1551462865 0
1551462866 0
1551462867 0
1551462868 0
1551462869 0
1551462870 0
1551462871 0
1551462872 0
1551462873 0
1551462874 0
1551462875 0
1551462876 0
1551462877 0
1551462878 0
1551462879 0
1551462880 0
1551462881 0
1551462882 0
1551462883 0
1551462884 0
1551462885 0
1551462886 0
1551462887 0
1551462888 0
1551462889 0
1551462890 0
1551462891 0
1551462892 0
1551462893 0
1551462894 0
1551462895 0
1551462896 0
1551462897 0
1551462898 0
1551462899 0
1551462900 0
1551462901 0
1551462902 0
1551462903 0
1551462904 0
1551462905 0
1551462906 0
1551462907 0
1551462908 0
1551462909 0
1551462910 0
1551462911 0
1551462912 0
1551462913 0
1551462914 0
1551462915 0
1551462916 0
1551462917 0
1551462918 0
1551462919 0
1551462920 0
1551462921 0
1551462922 0
1551462923 0
1551462924 0
1551462925 0
1551462926 0
1551462927 0
1551462928 0
1551462929 0
1551462930 0
1551462931 0
1551462932 0
1551462933 0
1551462934 0
1551462935 0
1551462936 0
1551462937 0
1551462938 0
1551462939 0
1551462940 0
1551462941 0
1551462942 0
1551462943 0
1551462944 0
1551462945 0
1551462946 0
1551462947 0
1551462948 0
1551462949 0
1551462950 0
1551462951 0
1551462952 0
1551462953 0
1551462954 0
1551462955 0
1551462956 0
1551462957 0
1551462958 0
1551462959 0
1551462960 0
1551462961 0
1551462962 0
1551462963 0
1551462964 0
1551462965 0
1551462966 0
1551462967 0
1551462968 0
1551462969 0
1551462970 0
1551462971 0
1551462972 0
1551462973 0
1551462974 0
1551462975 0
1551462976 0
1551462977 0
1551462978 0
1551462979 0
1551462980 0
1551462981 0
1551462982 0
1551462983 0
1551462984 0
1551462985 0
1551462986 0
1551462987 0
1551462988 0
1551462989 0
1551462990 0
1551462991 0
1551462992 0
1551462993 0
1551462994 0
1551462995 0
1551462996 0
1551462997 0
1551462998 0
1551462999 0
1551463000 0
1551463001 0
1551463002 0
1551463003 0
1551463004 0
1551463005 0
1551463006 0
1551463007 0
1551463008 0
1551463009 0
1551463010 0
1551463011 0
1551463012 0
1551463013 0
1551463014 0
1551463015 0
1551463016 0
1551463017 0
1551463018 0
1551463019 0
1551463020 0
1551463021 0
1551463022 0
1551463023 0
1551463024 0
1551463025 0
1551463026 0
1551463027 0
1551463028 0
1551463029 0
1551463030 0
1551463031 0
1551463032 0
1551463033 0
1551463034 0
1551463035 0
1551463036 0
1551463037 0
1551463038 0
1551463039 0
1551463040 0
1551463041 0
1551463042 0
1551463043 0
1551463044 0
1551463045 0
1551463046 0
1551463047 0
1551463048 0
1551463049 0
1551463050 0
1551463051 0
1551463052 0
1551463053 0
1551463054 0
1551463055 0
1551463056 0
1551463057 0
1551463058 0
1551463059 0
1551463060 0
1551463061 0
1551463062 0
1551463063 0
1551463064 0
1551463065 0
1551463066 0
1551463067 0
1551463068 0
1551463069 0
1551463070 0
1551463071 0
1551463072 0
1551463073 0
1551463074 0
1551463075 0
1551463076 0
1551463077 0
1551463078 0
1551463079 0
1551463080 0
1551463081 0
1551463082 0
1551463083 0
1551463084 0
1551463085 0
1551463086 0
1551463087 0
1551463088 0
1551463089 0
1551463090 0
1551463091 0
1551463092 0
1551463093 0
1551463094 0
1551463095 0
1551463096 0
1551463097 0
1551463098 0
1551463099 0
1551463100 0
1551463101 0
1551463102 0
1551463103 0
1551463104 0
1551463105 0
1551463106 0
1551463107 0
1551463108 0
1551463109 0
1551463110 0
1551463111 0
1551463112 0
1551463113 0
1551463114 0
1551463115 0
1551463116 0
1551463117 0
1551463118 0
1551463119 0
1551463120 0
1551463121 0
1551463122 0
1551463123 0
1551463124 0
1551463125 0
1551463126 0
1551463127 0
1551463128 0
1551463129 0
1551463130 0
1551463131 0
1551463132 0
1551463133 0
1551463134 0
1551463135 0
1551463136 0
1551463137 0
1551463138 0
1551463139 0
1551463140 0
1551463141 0
1551463142 0
1551463143 0
1551463144 0
1551463145 0
1551463146 0
1551463147 0
1551463148 0
1551463149 0
1551463150 0
1551463151 0
1551463152 0
1551463153 0
1551463154 0
1551463155 0
1551463156 0
1551463157 0
1551463158 0
1551463159 0
1551463160 0
1551463161 0
1551463162 0
1551463163 0
1551463164 0
1551463165 0
1551463166 0
1551463167 0
1551463168 0
1551463169 0
1551463170 0
1551463171 0
1551463172 0
1551463173 0
1551463174 0
1551463175 0
1551463176 0
1551463177 0
1551463178 0
1551463179 0
1551463180 0
1551463181 0
1551463182 0
1551463183 0
1551463184 0
1551463185 0
1551463186 0
1551463187 0
1551463188 0
1551463189 0
1551463190 0
1551463191 0
1551463192 0
1551463193 0
1551463194 0
1551463195 0
1551463196 0
1551463197 0
1551463198 0
1551463199 0
1551463200 0
1551463201 0
1551463202 0
1551463203 0
1551463204 0
1551463205 0
1551463206 0
1551463207 0
1551463208 0
1551463209 0
1551463210 0
1551463211 0
1551463212 0
1551463213 0
1551463214 0
1551463215 0
1551463216 0
1551463217 0
1551463218 0
1551463219 0
1551463220 0
1551463221 0
1551463222 0
1551463223 0
1551463224 0
1551463225 0
1551463226 0
1551463227 0
1551463228 0
1551463229 0
1551463230 0
1551463231 0
1551463232 0
1551463233 0
1551463234 0
1551463235 0
1551463236 0
1551463237 0
1551463238 0
1551463239 0
1551463240 0
1551463241 0
1551463242 0
1551463243 0
1551463244 0
1551463245 0
1551463246 0
1551463247 0
1551463248 0
1551463249 0
1551463250 0
1551463251 0
1551463252 0
1551463253 0
1551463254 0
1551463255 0
1551463256 0
1551463257 0
1551463258 0
1551463259 0
1551463260 0
1551463261 0
1551463262 0
1551463263 0
1551463264 0
1551463265 0
1551463266 0
1551463267 0
1551463268 0
1551463269 0
1551463270 0
1551463271 0
1551463272 0
1551463273 0
1551463274 0
1551463275 0
1551463276 0
1551463277 0
1551463278 0
1551463279 0
1551463280 0
1551463281 0
1551463282 0
1551463283 0
1551463284 0
1551463285 0
1551463286 0
1551463287 0
1551463288 0
1551463289 0
1551463290 0
1551463291 0
1551463292 0
1551463293 0
1551463294 0
1551463295 0
1551463296 0
1551463297 0
1551463298 0
1551463299 0
1551463300 0
1551463301 0
1551463302 0
1551463303 0
1551463304 0
1551463305 0
1551463306 0
1551463307 0
1551463308 0
1551463309 0
1551463310 0
1551463311 0
1551463312 0
1551463313 0
1551463314 0
1551463315 0
1551463316 0
1551463317 0
1551463318 0
1551463319 0
1551463320 0
1551463321 0
1551463322 0
1551463323 0
1551463324 0
1551463325 0
1551463326 0
1551463327 0
1551463328 0
1551463329 0
1551463330 0
1551463331 0
1551463332 0
1551463333 0
1551463334 0
1551463335 0
1551463336 0
1551463337 0
1551463338 0
1551463339 0
1551463340 0
1551463341 0
1551463342 0
1551463343 0
1551463344 0
1551463345 0
1551463346 0
1551463347 0
1551463348 0
1551463349 0
1551463350 0
1551463351 0
1551463352 0
1551463353 0
1551463354 0
1551463355 0
1551463356 0
1551463357 0
1551463358 0
1551463359 0
1551463360 0
1551463361 0
1551463362 0
1551463363 0
1551463364 0
1551463365 0
1551463366 0
1551463367 0
1551463368 0
1551463369 0
1551463370 0
1551463371 0
1551463372 0
1551463373 0
1551463374 0
1551463375 0
1551463376 0
1551463377 0
1551463378 0
1551463379 0
1551463380 0
1551463381 0
1551463382 0
1551463383 0
1551463384 0
1551463385 0
1551463386 0
1551463387 0
1551463388 0
1551463389 0
1551463390 0
1551463391 0
1551463392 0
1551463393 0
1551463394 0
1551463395 0
1551463396 0
1551463397 0
1551463398 0
1551463399 0
1551463400 0
1551463401 0
1551463402 0
1551463403 0
1551463404 0
1551463405 0
1551463406 0
1551463407 0
1551463408 0
1551463409 0
1551463410 0
1551463411 0
1551463412 0
1551463413 0
1551463414 0
1551463415 0
1551463416 0
1551463417 0
1551463418 0
1551463419 0
1551463420 0
1551463421 0
1551463422 0
1551463423 0
1551463424 0
1551463425 0
1551463426 0
1551463427 0
1551463428 0
1551463429 0
1551463430 0
1551463431 0
1551463432 0
1551463433 0
1551463434 0
1551463435 0
1551463436 0
1551463437 0
1551463438 0
1551463439 0
1551463440 0
1551463441 0
1551463442 0
1551463443 0
1551463444 0
1551463445 0
1551463446 0
1551463447 0
1551463448 0
1551463449 0
1551463450 0
1551463451 0
1551463452 0
1551463453 0
1551463454 0
1551463455 0
1551463456 0
1551463457 0
1551463458 0
1551463459 0
1551463460 0
1551463461 0
1551463462 0
1551463463 0
1551463464 0
1551463465 0
1551463466 0
1551463467 0
1551463468 0
1551463469 0
1551463470 0
1551463471 0
1551463472 0
1551463473 0
1551463474 0
1551463475 0
1551463476 0
1551463477 0
1551463478 0
1551463479 0
1551463480 0
1551463481 0
1551463482 0
1551463483 0
1551463484 0
1551463485 0
1551463486 0
1551463487 0
1551463488 0
1551463489 0
1551463490 0
1551463491 0
1551463492 0
1551463493 0
1551463494 0
1551463495 0
1551463496 0
1551463497 0
1551463498 0
1551463499 0
1551463500 0
1551463501 0
1551463502 0
1551463503 0
1551463504 0
1551463505 0
1551463506 0
1551463507 0
1551463508 0
1551463509 0
1551463510 0
1551463511 0
1551463512 0
1551463513 0
1551463514 0
1551463515 0
1551463516 0
1551463517 0
1551463518 0
1551463519 0
1551463520 0
1551463521 0
1551463522 0
1551463523 0
1551463524 0
1551463525 0
1551463526 0
1551463527 0
1551463528 0
1551463529 0
1551463530 0
1551463531 0
1551463532 0
1551463533 0
1551463534 0
1551463535 0
1551463536 0
1551463537 0
1551463538 0
1551463539 0
1551463540 0
1551463541 0
1551463542 0
1551463543 0
1551463544 0
1551463545 0
1551463546 0
1551463547 0
1551463548 0
1551463549 0
1551463550 0
1551463551 0
1551463552 0
1551463553 0
1551463554 0
1551463555 0
1551463556 0
1551463557 0
1551463558 0
1551463559 0
1551463560 0
1551463561 0
1551463562 0
1551463563 0
1551463564 0
1551463565 0
1551463566 0
1551463567 0
1551463568 0
1551463569 0
1551463570 0
1551463571 0
1551463572 0
1551463573 0
1551463574 0
1551463575 0
1551463576 0
1551463577 0
1551463578 0
1551463579 0
1551463580 0
1551463581 0
1551463582 0
1551463583 0
1551463584 0
1551463585 0
1551463586 0
1551463587 0
1551463588 0
1551463589 0
1551463590 0
1551463591 0
1551463592 0
1551463593 0
1551463594 0
1551463595 0
1551463596 0
1551463597 0
1551463598 0
1551463599 0
1551463600 0
1551463601 0
1551463602 0
1551463603 0
1551463604 0
1551463605 0
1551463606 0
1551463607 0
1551463608 0
1551463609 0
1551463610 0
1551463611 0
1551463612 0
1551463613 0
1551463614 0
1551463615 0
1551463616 0
1551463617 0
1551463618 0
1551463619 0
1551463620 0
1551463621 0
1551463622 0
1551463623 0
1551463624 0
1551463625 0
1551463626 0
1551463627 0
1551463628 0
1551463629 0
1551463630 0
1551463631 0
1551463632 0
1551463633 0
1551463634 0
1551463635 0
1551463636 0
1551463637 0
1551463638 0
1551463639 0
1551463640 0
1551463641 0
1551463642 0
1551463643 0
1551463644 0
1551463645 0
1551463646 0
1551463647 0
1551463648 0
1551463649 0
1551463650 0
1551463651 0
1551463652 0
1551463653 0
1551463654 0
1551463655 0
1551463656 0
1551463657 0
1551463658 0
1551463659 0
1551463660 0
1551463661 0
1551463662 0
1551463663 0
1551463664 0
1551463665 0
1551463666 0
1551463667 0
1551463668 0
1551463669 0
1551463670 0
1551463671 0
1551463672 0
1551463673 0
1551463674 0
1551463675 0
1551463676 0
1551463677 0
1551463678 0
1551463679 0
1551463680 0
1551463681 0
1551463682 0
1551463683 0
1551463684 0
1551463685 0
1551463686 0
1551463687 0
1551463688 0
1551463689 0
1551463690 0
1551463691 0
1551463692 0
1551463693 0
1551463694 0
1551463695 0
1551463696 0
1551463697 0
1551463698 0
1551463699 0
1551463700 0
1551463701 0
1551463702 0
1551463703 0
1551463704 0
1551463705 0
1551463706 0
1551463707 0
1551463708 0
1551463709 0
1551463710 0
1551463711 0
1551463712 0
1551463713 0
1551463714 0
1551463715 0
1551463716 0
1551463717 0
1551463718 0
1551463719 0
1551463720 0
1551463721 0
1551463722 0
1551463723 0
1551463724 0
1551463725 0
1551463726 0
1551463727 0
1551463728 0
1551463729 0
1551463730 0
1551463731 0
1551463732 0
1551463733 0
1551463734 0
1551463735 0
1551463736 0
1551463737 0
1551463738 0
1551463739 0
1551463740 0
1551463741 0
1551463742 0
1551463743 0
1551463744 0
1551463745 0
1551463746 0
1551463747 0
1551463748 0
1551463749 0
1551463750 0
1551463751 0
1551463752 0
1551463753 0
1551463754 0
1551463755 0
1551463756 0
1551463757 0
1551463758 0
1551463759 0
1551463760 0
1551463761 0
1551463762 0
1551463763 0
1551463764 0
1551463765 0
1551463766 0
1551463767 0
1551463768 0
1551463769 0
1551463770 0
1551463771 0
1551463772 0
1551463773 0
1551463774 0
1551463775 0
1551463776 0
1551463777 0
1551463778 0
1551463779 0
1551463780 0
1551463781 0
1551463782 0
1551463783 0
1551463784 0
1551463785 0
1551463786 0
1551463787 0
1551463788 0
1551463789 0
1551463790 0
1551463791 0
1551463792 0
1551463793 0
1551463794 0
1551463795 0
1551463796 0
1551463797 0
1551463798 0
1551463799 0
1551463800 0
1551463801 0
1551463802 0
1551463803 0
1551463804 0
1551463805 0
1551463806 0
1551463807 0
1551463808 0
1551463809 0
1551463810 0
1551463811 0
1551463812 0
1551463813 0
1551463814 0
1551463815 0
1551463816 0
1551463817 0
1551463818 0
1551463819 0
1551463820 0
1551463821 0
1551463822 0
1551463823 0
1551463824 0
1551463825 0
1551463826 0
1551463827 0
1551463828 0
1551463829 0
1551463830 0
1551463831 0
1551463832 0
1551463833 0
1551463834 0
1551463835 0
1551463836 0
1551463837 0
1551463838 0
1551463839 0
1551463840 0
1551463841 0
1551463842 0
1551463843 0
1551463844 0
1551463845 0
1551463846 0
1551463847 0
1551463848 0
1551463849 0
1551463850 0
1551463851 0
1551463852 0
1551463853 0
1551463854 0
1551463855 0
1551463856 0
1551463857 0
1551463858 0
1551463859 0
1551463860 0
1551463861 0
1551463862 0
1551463863 0
1551463864 0
1551463865 0
1551463866 0
1551463867 0
1551463868 0
1551463869 0
1551463870 0
1551463871 0
1551463872 0
1551463873 0
1551463874 0
1551463875 0
1551463876 0
1551463877 0
1551463878 0
1551463879 0
1551463880 0
1551463881 0
1551463882 0
1551463883 0
1551463884 0
1551463885 0
1551463886 0
1551463887 0
1551463888 0
1551463889 0
1551463890 0
1551463891 0
1551463892 0
1551463893 0
1551463894 0
1551463895 0
1551463896 0
1551463897 0
1551463898 0
1551463899 0
1551463900 0
1551463901 0
1551463902 0
1551463903 0
1551463904 0
1551463905 0
1551463906 0
1551463907 0
1551463908 0
1551463909 0
1551463910 0
1551463911 0
1551463912 0
1551463913 0
1551463914 0
1551463915 0
1551463916 0
1551463917 0
1551463918 0
1551463919 0
1551463920 0
1551463921 0
1551463922 0
1551463923 0
1551463924 0
1551463925 0
1551463926 0
1551463927 0
1551463928 0
1551463929 0
1551463930 0
1551463931 0
1551463932 0
1551463933 0
1551463934 0
1551463935 0
1551463936 0
1551463937 0
1551463938 0
1551463939 0
1551463940 0
1551463941 0
1551463942 0
1551463943 0
1551463944 0
1551463945 0
1551463946 0
1551463947 0
1551463948 0
1551463949 0
1551463950 0
1551463951 0
1551463952 0
1551463953 0
1551463954 0
1551463955 0
1551463956 0
1551463957 0
1551463958 0
1551463959 0
1551463960 0
1551463961 0
1551463962 0
1551463963 0
1551463964 0
1551463965 0
1551463966 0
1551463967 0
1551463968 0
1551463969 0
1551463970 0
1551463971 0
1551463972 0
1551463973 0
1551463974 0
1551463975 0
1551463976 0
1551463977 0
1551463978 0
1551463979 0
1551463980 0
1551463981 0
1551463982 0
1551463983 0
1551463984 0
1551463985 0
1551463986 0
1551463987 0
1551463988 0
1551463989 0
1551463990 0
1551463991 0
1551463992 0
1551463993 0
1551463994 0
1551463995 0
1551463996 0
1551463997 0
1551463998 0
1551463999 0
1551464000 0
1551464001 0
1551464002 0
1551464003 0
1551464004 0
1551464005 0
1551464006 0
1551464007 0
1551464008 0
1551464009 0
1551464010 0
1551464011 0
1551464012 0
1551464013 0
1551464014 0
1551464015 0
1551464016 0
1551464017 0
1551464018 0
1551464019 0
1551464020 0
1551464021 0
1551464022 0
1551464023 0
1551464024 0
1551464025 0
1551464026 0
1551464027 0
1551464028 0
1551464029 0
1551464030 0
1551464031 0
1551464032 0
1551464033 0
1551464034 0
1551464035 0
1551464036 0
1551464037 0
1551464038 0
1551464039 0
1551464040 0
1551464041 0
1551464042 0
1551464043 0
1551464044 0
1551464045 0
1551464046 0
1551464047 0
1551464048 0
1551464049 0
1551464050 0
1551464051 0
1551464052 0
1551464053 0
1551464054 0
1551464055 0
1551464056 0
1551464057 0
1551464058 0
1551464059 0
1551464060 0
1551464061 0
1551464062 0
1551464063 0
1551464064 0
1551464065 0
1551464066 0
1551464067 0
1551464068 0
1551464069 0
1551464070 0
1551464071 0
1551464072 0
1551464073 0
1551464074 0
1551464075 0
1551464076 0
1551464077 0
1551464078 0
1551464079 0
1551464080 0
1551464081 0
1551464082 0
1551464083 0
1551464084 0
1551464085 0
1551464086 0
1551464087 0
1551464088 0
1551464089 0
1551464090 0
1551464091 0
1551464092 0
1551464093 0
1551464094 0
1551464095 0
1551464096 0
1551464097 0
1551464098 0
1551464099 0
1551464100 0
1551464101 0
1551464102 0
1551464103 0
1551464104 0
1551464105 0
1551464106 0
1551464107 0
1551464108 0
1551464109 0
1551464110 0
1551464111 0
1551464112 0
1551464113 0
1551464114 0
1551464115 0
1551464116 0
1551464117 0
1551464118 0
1551464119 0
1551464120 0
1551464121 0
1551464122 0
1551464123 0
1551464124 0
1551464125 0
1551464126 0
1551464127 0
1551464128 0
1551464129 0
1551464130 0
1551464131 0
1551464132 0
1551464133 0
1551464134 0
1551464135 0
1551464136 0
1551464137 0
1551464138 0
1551464139 0
1551464140 0
1551464141 0
1551464142 0
1551464143 0
1551464144 0
1551464145 0
1551464146 0
1551464147 0
1551464148 0
1551464149 0
1551464150 0
1551464151 0
1551464152 0
1551464153 0
1551464154 0
1551464155 0
1551464156 0
1551464157 0
1551464158 0
1551464159 0
1551464160 0
1551464161 0
1551464162 0
1551464163 0
1551464164 0
1551464165 0
1551464166 0
1551464167 0
1551464168 0
1551464169 0
1551464170 0
1551464171 0
1551464172 0
1551464173 0
1551464174 0
1551464175 0
1551464176 0
1551464177 0
1551464178 0
1551464179 0
1551464180 0
1551464181 0
1551464182 0
1551464183 0
1551464184 0
1551464185 0
1551464186 0
1551464187 0
1551464188 0
1551464189 0
1551464190 0
1551464191 0
1551464192 0
1551464193 0
1551464194 0
1551464195 0
1551464196 0
1551464197 0
1551464198 0
1551464199 0
1551464200 0
1551464201 0
1551464202 0
1551464203 0
1551464204 0
1551464205 0
1551464206 0
1551464207 0
1551464208 0
1551464209 0
1551464210 0
1551464211 0
1551464212 0
1551464213 0
1551464214 0
1551464215 0
1551464216 0
1551464217 0
1551464218 0
1551464219 0
1551464220 0
1551464221 0
1551464222 0
1551464223 0
1551464224 0
1551464225 0
1551464226 0
1551464227 0
1551464228 0
1551464229 0
1551464230 0
1551464231 0
1551464232 0
1551464233 0
1551464234 0
1551464235 0
1551464236 0
1551464237 0
1551464238 0
1551464239 0
1551464240 0
1551464241 0
1551464242 0
1551464243 0
1551464244 0
1551464245 0
1551464246 0
1551464247 0
1551464248 0
1551464249 0
1551464250 0
1551464251 0
1551464252 0
1551464253 0
1551464254 0
1551464255 0
1551464256 0
1551464257 0
1551464258 0
1551464259 0
1551464260 0
1551464261 0
1551464262 0
1551464263 0
1551464264 0
1551464265 0
1551464266 0
1551464267 0
1551464268 0
1551464269 0
1551464270 0
1551464271 0
1551464272 0
1551464273 0
1551464274 0
1551464275 0
1551464276 0
1551464277 0
1551464278 0
1551464279 0
1551464280 0
1551464281 0
1551464282 0
1551464283 0
1551464284 0
1551464285 0
1551464286 0
1551464287 0
1551464288 0
1551464289 0
1551464290 0
1551464291 0
1551464292 0
1551464293 0
1551464294 0
1551464295 0
1551464296 0
1551464297 0
1551464298 0
1551464299 0
1551464300 0
1551464301 0
1551464302 0
1551464303 0
1551464304 0
1551464305 0
1551464306 0
1551464307 0
1551464308 0
1551464309 0
1551464310 0
1551464311 0
1551464312 0
1551464313 0
1551464314 0
1551464315 0
1551464316 0
1551464317 0
1551464318 0
1551464319 0
1551464320 0
1551464321 0
1551464322 0
1551464323 0
1551464324 0
1551464325 0
1551464326 0
1551464327 0
1551464328 0
1551464329 0
1551464330 0
1551464331 0
1551464332 0
1551464333 0
1551464334 0
1551464335 0
1551464336 0
1551464337 0
1551464338 0
1551464339 0
1551464340 0
1551464341 0
1551464342 0
1551464343 0
1551464344 0
1551464345 0
1551464346 0
1551464347 0
1551464348 0
1551464349 0
1551464350 0
1551464351 0
1551464352 0
1551464353 0
1551464354 0
1551464355 0
1551464356 0
1551464357 0
1551464358 0
1551464359 0
1551464360 0
1551464361 0
1551464362 0
1551464363 0
1551464364 0
1551464365 0
1551464366 0
1551464367 0
1551464368 0
1551464369 0
1551464370 0
1551464371 0
1551464372 0
1551464373 0
1551464374 0
1551464375 0
1551464376 0
1551464377 0
1551464378 0
1551464379 0
1551464380 0
1551464381 0
1551464382 0
1551464383 0
1551464384 0
1551464385 0
1551464386 0
1551464387 0
1551464388 0
1551464389 0
1551464390 0
1551464391 0
1551464392 0
1551464393 0
1551464394 0
1551464395 0
1551464396 0
1551464397 0
1551464398 0
1551464399 0
1551464400 0
1551464401 0
1551464402 0
1551464403 0
1551464404 0
1551464405 0
1551464406 0
1551464407 0
1551464408 0
1551464409 0
1551464410 0
1551464411 0
1551464412 0
1551464413 0
1551464414 0
1551464415 0
1551464416 0
1551464417 0
1551464418 0
1551464419 0
1551464420 0
1551464421 0
1551464422 0
1551464423 0
1551464424 0
1551464425 0
1551464426 0
1551464427 0
1551464428 0
1551464429 0
1551464430 0
1551464431 0
1551464432 0
1551464433 0
1551464434 0
1551464435 0
1551464436 0
1551464437 0
1551464438 0
1551464439 0
1551464440 0
1551464441 0
1551464442 0
1551464443 0
1551464444 0
1551464445 0
1551464446 0
1551464447 0
1551464448 0
1551464449 0
1551464450 0
1551464451 0
1551464452 0
1551464453 0
1551464454 0
1551464455 0
1551464456 0
1551464457 0
1551464458 0
1551464459 0
1551464460 0
1551464461 0
1551464462 0
1551464463 0
1551464464 0
1551464465 0
1551464466 0
1551464467 0
1551464468 0
1551464469 0
1551464470 0
1551464471 0
1551464472 0
1551464473 0
1551464474 0
1551464475 0
1551464476 0
1551464477 0
1551464478 0
1551464479 0
1551464480 0
1551464481 0
1551464482 0
1551464483 0
1551464484 0
1551464485 0
1551464486 0
1551464487 0
1551464488 0
1551464489 0
1551464490 0
1551464491 0
1551464492 0
1551464493 0
1551464494 0
1551464495 0
1551464496 0
1551464497 0
1551464498 0
1551464499 0
1551464500 0
1551464501 0
1551464502 0
1551464503 0
1551464504 0
1551464505 0
1551464506 0
1551464507 0
1551464508 0
1551464509 0
1551464510 0
1551464511 0
1551464512 0
1551464513 0
1551464514 0
1551464515 0
1551464516 0
1551464517 0
1551464518 0
1551464519 0
1551464520 0
1551464521 0
1551464522 0
1551464523 0
1551464524 0
1551464525 0
1551464526 0
1551464527 0
1551464528 0
1551464529 0
1551464530 0
1551464531 0
1551464532 0
1551464533 0
1551464534 0
1551464535 0
1551464536 0
1551464537 0
1551464538 0
1551464539 0
1551464540 0
1551464541 0
1551464542 0
1551464543 0
1551464544 0
1551464545 0
1551464546 0
1551464547 0
1551464548 0
1551464549 0
1551464550 0
1551464551 0
1551464552 0
1551464553 0
1551464554 0
1551464555 0
1551464556 0
1551464557 0
1551464558 0
1551464559 0
1551464560 0
1551464561 0
1551464562 0
1551464563 0
1551464564 0
1551464565 0
1551464566 0
1551464567 0
1551464568 0
1551464569 0
1551464570 0
1551464571 0
1551464572 0
1551464573 0
1551464574 0
1551464575 0
1551464576 0
1551464577 0
1551464578 0
1551464579 0
1551464580 0
1551464581 0
1551464582 0
1551464583 0
1551464584 0
1551464585 0
1551464586 0
1551464587 0
1551464588 0
1551464589 0
1551464590 0
1551464591 0
1551464592 0
1551464593 0
1551464594 0
1551464595 0
1551464596 0
1551464597 0
1551464598 0
1551464599 0
1551464600 0
1551464601 0
1551464602 0
1551464603 0
1551464604 0
1551464605 0
1551464606 0
1551464607 0
1551464608 0
1551464609 0
1551464610 0
1551464611 0
1551464612 0
1551464613 0
1551464614 0
1551464615 0
1551464616 0
1551464617 0
1551464618 0
1551464619 0
1551464620 0
1551464621 0
1551464622 0
1551464623 0
1551464624 0
1551464625 0
1551464626 0
1551464627 0
1551464628 0
1551464629 0
1551464630 0
1551464631 0
1551464632 0
1551464633 0
1551464634 0
1551464635 0
1551464636 0
1551464637 0
1551464638 0
1551464639 0
1551464640 0
1551464641 0
1551464642 0
1551464643 0
1551464644 0
1551464645 0
1551464646 0
1551464647 0
1551464648 0
1551464649 0
1551464650 0
1551464651 0
1551464652 0
1551464653 0
1551464654 0
1551464655 0
1551464656 0
1551464657 0
1551464658 0
1551464659 0
1551464660 0
1551464661 0
1551464662 0
1551464663 0
1551464664 0
1551464665 0
1551464666 0
1551464667 0
1551464668 0
1551464669 0
1551464670 0
1551464671 0
1551464672 0
1551464673 0
1551464674 0
1551464675 0
1551464676 0
1551464677 0
1551464678 0
1551464679 0
1551464680 0
1551464681 0
1551464682 0
1551464683 0
1551464684 0
1551464685 0
1551464686 0
1551464687 0
1551464688 0
1551464689 0
1551464690 0
1551464691 0
1551464692 0
1551464693 0
1551464694 0
1551464695 0
1551464696 0
1551464697 0
1551464698 0
1551464699 0
1551464700 0
1551464701 0
1551464702 0
1551464703 0
1551464704 0
1551464705 0
1551464706 0
1551464707 0
1551464708 0
1551464709 0
1551464710 0
1551464711 0
1551464712 0
1551464713 0
1551464714 0
1551464715 0
1551464716 0
1551464717 0
1551464718 0
1551464719 0
1551464720 0
1551464721 0
1551464722 0
1551464723 0
1551464724 0
1551464725 0
1551464726 0
1551464727 0
1551464728 0
1551464729 0
1551464730 0
1551464731 0
1551464732 0
1551464733 0
1551464734 0
1551464735 0
1551464736 0
1551464737 0
1551464738 0
1551464739 0
1551464740 0
1551464741 0
1551464742 0
1551464743 0
1551464744 0
1551464745 0
1551464746 0
1551464747 0
1551464748 0
1551464749 0
1551464750 0
1551464751 0
1551464752 0
1551464753 0
1551464754 0
1551464755 0
1551464756 0
1551464757 0
1551464758 0
1551464759 0
1551464760 0
1551464761 0
1551464762 0
1551464763 0
1551464764 0
1551464765 0
1551464766 0
1551464767 0
1551464768 0
1551464769 0
1551464770 0
1551464771 0
1551464772 0
1551464773 0
1551464774 0
1551464775 0
1551464776 0
1551464777 0
1551464778 0
1551464779 0
1551464780 0
1551464781 0
1551464782 0
1551464783 0
1551464784 0
1551464785 0
1551464786 0
1551464787 0
1551464788 0
1551464789 0
1551464790 0
1551464791 0
1551464792 0
1551464793 0
1551464794 0
1551464795 0
1551464796 0
1551464797 0
1551464798 0
1551464799 0
1551464800 0
1551464801 0
1551464802 0
1551464803 0
1551464804 0
1551464805 0
1551464806 0
1551464807 0
1551464808 0
1551464809 0
1551464810 0
1551464811 0
1551464812 0
1551464813 0
1551464814 0
1551464815 0
1551464816 0
1551464817 0
1551464818 0
1551464819 0
1551464820 0
1551464821 0
1551464822 0
1551464823 0
1551464824 0
1551464825 0
1551464826 0
1551464827 0
1551464828 0
1551464829 0
1551464830 0
1551464831 0
1551464832 0
1551464833 0
1551464834 0
1551464835 0
1551464836 0
1551464837 0
1551464838 0
1551464839 0
1551464840 0
1551464841 0
1551464842 0
1551464843 0
1551464844 0
1551464845 0
1551464846 0
1551464847 0
1551464848 0
1551464849 0
1551464850 0
1551464851 0
1551464852 0
1551464853 0
1551464854 0
1551464855 0
1551464856 0
1551464857 0
1551464858 0
1551464859 0
1551464860 0
1551464861 0
1551464862 0
1551464863 0
1551464864 0
1551464865 0
1551464866 0
1551464867 0
1551464868 0
1551464869 0
1551464870 0
1551464871 0
1551464872 0
1551464873 0
1551464874 0
1551464875 0
1551464876 0
1551464877 0
1551464878 0
1551464879 0
1551464880 0
1551464881 0
1551464882 0
1551464883 0
1551464884 0
1551464885 0
1551464886 0
1551464887 0
1551464888 0
1551464889 0
1551464890 0
1551464891 0
1551464892 0
1551464893 0
1551464894 0
1551464895 0
1551464896 0
1551464897 0
1551464898 0
1551464899 0
1551464900 0
1551464901 0
1551464902 0
1551464903 0
1551464904 0
1551464905 0
1551464906 0
1551464907 0
1551464908 0
1551464909 0
1551464910 0
1551464911 0
1551464912 0
1551464913 0
1551464914 0
1551464915 0
1551464916 0
1551464917 0
1551464918 0
1551464919 0
1551464920 0
1551464921 0
1551464922 0
1551464923 0
1551464924 0
1551464925 0
1551464926 0
1551464927 0
1551464928 0
1551464929 0
1551464930 0
1551464931 0
1551464932 0
1551464933 0
1551464934 0
1551464935 0
1551464936 0
1551464937 0
1551464938 0
1551464939 0
1551464940 0
1551464941 0
1551464942 0
1551464943 0
1551464944 0
1551464945 0
1551464946 0
1551464947 0
1551464948 0
1551464949 0
1551464950 0
1551464951 0
1551464952 0
1551464953 0
1551464954 0
1551464955 0
1551464956 0
1551464957 0
1551464958 0
1551464959 0
1551464960 0
1551464961 0
1551464962 0
1551464963 0
1551464964 0
1551464965 0
1551464966 0
1551464967 0
1551464968 0
1551464969 0
1551464970 0
1551464971 0
1551464972 0
1551464973 0
1551464974 0
1551464975 0
1551464976 0
1551464977 0
1551464978 0
1551464979 0
1551464980 0
1551464981 0
1551464982 0
1551464983 0
1551464984 0
1551464985 0
1551464986 0
1551464987 0
1551464988 0
1551464989 0
1551464990 0
1551464991 0
1551464992 0
1551464993 0
1551464994 0
1551464995 0
1551464996 0
1551464997 0
1551464998 0
1551464999 0
1551465000 0
1551465001 0
1551465002 0
1551465003 0
1551465004 0
1551465005 0
1551465006 0
1551465007 0
1551465008 0
1551465009 0
1551465010 0
1551465011 0
1551465012 0
1551465013 0
1551465014 0
1551465015 0
1551465016 0
1551465017 0
1551465018 0
1551465019 0
1551465020 0
1551465021 0
1551465022 0
1551465023 0
1551465024 0
1551465025 0
1551465026 0
1551465027 0
1551465028 0
1551465029 0
1551465030 0
1551465031 0
1551465032 0
1551465033 0
1551465034 0
1551465035 0
1551465036 0
1551465037 0
1551465038 0
1551465039 0
1551465040 0
1551465041 0
1551465042 0
1551465043 0
1551465044 0
1551465045 0
1551465046 0
1551465047 0
1551465048 0
1551465049 0
1551465050 0
1551465051 0
1551465052 0
1551465053 0
1551465054 0
1551465055 0
1551465056 0
1551465057 0
1551465058 0
1551465059 0
1551465060 0
1551465061 0
1551465062 0
1551465063 0
1551465064 0
1551465065 0
1551465066 0
1551465067 0
1551465068 0
1551465069 0
1551465070 0
1551465071 0
1551465072 0
1551465073 0
1551465074 0
1551465075 0
1551465076 0
1551465077 0
1551465078 0
1551465079 0
1551465080 0
1551465081 0
1551465082 0
1551465083 0
1551465084 0
1551465085 0
1551465086 0
1551465087 0
1551465088 0
1551465089 0
1551465090 0
1551465091 0
1551465092 0
1551465093 0
1551465094 0
1551465095 0
1551465096 0
1551465097 0
1551465098 0
1551465099 0
1551465100 0
1551465101 0
1551465102 0
1551465103 0
1551465104 0
1551465105 0
1551465106 0
1551465107 0
1551465108 0
1551465109 0
1551465110 0
1551465111 0
1551465112 0
1551465113 0
1551465114 0
1551465115 0
1551465116 0
1551465117 0
1551465118 0
1551465119 0
1551465120 0
1551465121 0
1551465122 0
1551465123 0
1551465124 0
1551465125 0
1551465126 0
1551465127 0
1551465128 0
1551465129 0
1551465130 0
1551465131 0
1551465132 0
1551465133 0
1551465134 0
1551465135 0
1551465136 0
1551465137 0
1551465138 0
1551465139 0
1551465140 0
1551465141 0
1551465142 0
1551465143 0
1551465144 0
1551465145 0
1551465146 0
1551465147 0
1551465148 0
1551465149 0
1551465150 0
1551465151 0
1551465152 0
1551465153 0
1551465154 0
1551465155 0
1551465156 0
1551465157 0
1551465158 0
1551465159 0
1551465160 0
1551465161 0
1551465162 0
1551465163 0
1551465164 0
1551465165 0
1551465166 0
1551465167 0
1551465168 0
1551465169 0
1551465170 0
1551465171 0
1551465172 0
1551465173 0
1551465174 0
1551465175 0
1551465176 0
1551465177 0
1551465178 0
1551465179 0
1551465180 0
1551465181 0
1551465182 0
1551465183 0
1551465184 0
1551465185 0
1551465186 0
1551465187 0
1551465188 0
1551465189 0
1551465190 0
1551465191 0
1551465192 0
1551465193 0
1551465194 0
1551465195 0
1551465196 0
1551465197 0
1551465198 0
1551465199 0
1551465200 0
1551465201 0
1551465202 0
1551465203 0
1551465204 0
1551465205 0
1551465206 0
1551465207 0
1551465208 0
1551465209 0
1551465210 0
1551465211 0
1551465212 0
1551465213 0
1551465214 0
1551465215 0
1551465216 0
1551465217 0
1551465218 0
1551465219 0
1551465220 0
1551465221 0
1551465222 0
1551465223 0
1551465224 0
1551465225 0
1551465226 0
1551465227 0
1551465228 0
1551465229 0
1551465230 0
1551465231 0
1551465232 0
1551465233 0
1551465234 0
1551465235 0
1551465236 0
1551465237 0
1551465238 0
1551465239 0
1551465240 0
1551465241 0
1551465242 0
1551465243 0
1551465244 0
1551465245 0
1551465246 0
1551465247 0
1551465248 0
1551465249 0
1551465250 0
1551465251 0
1551465252 0
1551465253 0
1551465254 0
1551465255 0
1551465256 0
1551465257 0
1551465258 0
1551465259 0
1551465260 0
1551465261 0
1551465262 0
1551465263 0
1551465264 0
1551465265 0
1551465266 0
1551465267 0
1551465268 0
1551465269 0
1551465270 0
1551465271 0
1551465272 0
1551465273 0
1551465274 0
1551465275 0
1551465276 0
1551465277 0
1551465278 0
1551465279 0
1551465280 0
1551465281 0
1551465282 0
1551465283 0
1551465284 0
1551465285 0
1551465286 0
1551465287 0
1551465288 0
1551465289 0
1551465290 0
1551465291 0
1551465292 0
1551465293 0
1551465294 0
1551465295 0
1551465296 0
1551465297 0
1551465298 0
1551465299 0
1551465300 0
1551465301 0
1551465302 0
1551465303 0
1551465304 0
1551465305 0
1551465306 0
1551465307 0
1551465308 0
1551465309 0
1551465310 0
1551465311 0
1551465312 0
1551465313 0
1551465314 0
1551465315 0
1551465316 0
1551465317 0
1551465318 0
1551465319 0
1551465320 0
1551465321 0
1551465322 0
1551465323 0
1551465324 0
1551465325 0
1551465326 0
1551465327 0
1551465328 0
1551465329 0
1551465330 0
1551465331 0
1551465332 0
1551465333 0
1551465334 0
1551465335 0
1551465336 0
1551465337 0
1551465338 0
1551465339 0
1551465340 0
1551465341 0
1551465342 0
1551465343 0
1551465344 0
1551465345 0
1551465346 0
1551465347 0
1551465348 0
1551465349 0
1551465350 0
1551465351 0
1551465352 0
1551465353 0
1551465354 0
1551465355 0
1551465356 0
1551465357 0
1551465358 0
1551465359 0
1551465360 0
1551465361 0
1551465362 0
1551465363 0
1551465364 0
1551465365 0
1551465366 0
1551465367 0
1551465368 0
1551465369 0
1551465370 0
1551465371 0
1551465372 0
1551465373 0
1551465374 0
1551465375 0
1551465376 0
1551465377 0
1551465378 0
1551465379 0
1551465380 0
1551465381 0
1551465382 0
1551465383 0
1551465384 0
1551465385 0
1551465386 0
1551465387 0
1551465388 0
1551465389 0
1551465390 0
1551465391 0
1551465392 0
1551465393 0
1551465394 0
1551465395 0
1551465396 0
1551465397 0
1551465398 0
1551465399 0
1551465400 0
1551465401 0
1551465402 0
1551465403 0
1551465404 0
1551465405 0
1551465406 0
1551465407 0
1551465408 0
1551465409 0
1551465410 0
1551465411 0
1551465412 0
1551465413 0
1551465414 0
1551465415 0
1551465416 0
1551465417 0
1551465418 0
1551465419 0
1551465420 0
1551465421 0
1551465422 0
1551465423 0
1551465424 0
1551465425 0
1551465426 0
1551465427 0
1551465428 0
1551465429 0
1551465430 0
1551465431 0
1551465432 0
1551465433 0
1551465434 0
1551465435 0
1551465436 0
1551465437 0
1551465438 0
1551465439 0
1551465440 0
1551465441 0
1551465442 0
1551465443 0
1551465444 0
1551465445 0
1551465446 0
1551465447 0
1551465448 0
1551465449 0
1551465450 0
1551465451 0
1551465452 0
1551465453 0
1551465454 0
1551465455 0
1551465456 0
1551465457 0
1551465458 0
1551465459 0
1551465460 0
1551465461 0
1551465462 0
1551465463 0
1551465464 0
1551465465 0
1551465466 0
1551465467 0
1551465468 0
1551465469 0
1551465470 0
1551465471 0
1551465472 0
1551465473 0
1551465474 0
1551465475 0
1551465476 0
1551465477 0
1551465478 0
1551465479 0
1551465480 0
1551465481 0
1551465482 0
1551465483 0
1551465484 0
1551465485 0
1551465486 0
1551465487 0
1551465488 0
1551465489 0
1551465490 0
1551465491 0
1551465492 0
1551465493 0
1551465494 0
1551465495 0
1551465496 0
1551465497 0
1551465498 0
1551465499 0
1551465500 0
1551465501 0
1551465502 0
1551465503 0
1551465504 0
1551465505 0
1551465506 0
1551465507 0
1551465508 0
1551465509 0
1551465510 0
1551465511 0
1551465512 0
1551465513 0
1551465514 0
1551465515 0
1551465516 0
1551465517 0
1551465518 0
1551465519 0
1551465520 0
1551465521 0
1551465522 0
1551465523 0
1551465524 0
1551465525 0
1551465526 0
1551465527 0
1551465528 0
1551465529 0
1551465530 0
1551465531 0
1551465532 0
1551465533 0
1551465534 0
1551465535 0
1551465536 0
1551465537 0
1551465538 0
1551465539 0
1551465540 0
1551465541 0
1551465542 0
1551465543 0
1551465544 0
1551465545 0
1551465546 0
1551465547 0
1551465548 0
1551465549 0
1551465550 0
1551465551 0
1551465552 0
1551465553 0
1551465554 0
1551465555 0
1551465556 0
1551465557 0
1551465558 0
1551465559 0
1551465560 0
1551465561 0
1551465562 0
1551465563 0
1551465564 0
1551465565 0
1551465566 0
1551465567 0
1551465568 0
1551465569 0
1551465570 0
1551465571 0
1551465572 0
1551465573 0
1551465574 0
1551465575 0
1551465576 0
1551465577 0
1551465578 0
1551465579 0
1551465580 0
1551465581 0
1551465582 0
1551465583 0
1551465584 0
1551465585 0
1551465586 0
1551465587 0
1551465588 0
1551465589 0
1551465590 0
1551465591 0
1551465592 0
1551465593 0
1551465594 0
1551465595 0
1551465596 0
1551465597 0
1551465598 0
1551465599 0
1551465600 0
1551465601 0
1551465602 0
1551465603 0
1551465604 0
1551465605 0
1551465606 0
1551465607 0
1551465608 0
1551465609 0
1551465610 0
1551465611 0
1551465612 0
1551465613 0
1551465614 0
1551465615 0
1551465616 0
1551465617 0
1551465618 0
1551465619 0
1551465620 0
1551465621 0
1551465622 0
1551465623 0
1551465624 0
1551465625 0
1551465626 0
1551465627 0
1551465628 0
1551465629 0
1551465630 0
1551465631 0
1551465632 0
1551465633 0
1551465634 0
1551465635 0
1551465636 0
1551465637 0
1551465638 0
1551465639 0
1551465640 0
1551465641 0
1551465642 0
1551465643 0
1551465644 0
1551465645 0
1551465646 0
1551465647 0
1551465648 0
1551465649 0
1551465650 0
1551465651 0
1551465652 0
1551465653 0
1551465654 0
1551465655 0
1551465656 0
1551465657 0
1551465658 0
1551465659 0
1551465660 0
1551465661 0
1551465662 0
1551465663 0
1551465664 0
1551465665 0
1551465666 0
1551465667 0
1551465668 0
1551465669 0
1551465670 0
1551465671 0
1551465672 0
1551465673 0
1551465674 0
1551465675 0
1551465676 0
1551465677 0
1551465678 0
1551465679 0
1551465680 0
1551465681 0
1551465682 0
1551465683 0
1551465684 0
1551465685 0
1551465686 0
1551465687 0
1551465688 0
1551465689 0
1551465690 0
1551465691 0
1551465692 0
1551465693 0
1551465694 0
1551465695 0
1551465696 0
1551465697 0
1551465698 0
1551465699 0
1551465700 0
1551465701 0
1551465702 0
1551465703 0
1551465704 0
1551465705 0
1551465706 0
1551465707 0
1551465708 0
1551465709 0
1551465710 0
1551465711 0
1551465712 0
1551465713 0
1551465714 0
1551465715 0
1551465716 0
1551465717 0
1551465718 0
1551465719 0
1551465720 0
1551465721 0
1551465722 0
1551465723 0
1551465724 0
1551465725 0
1551465726 0
1551465727 0
1551465728 0
1551465729 0
1551465730 0
1551465731 0
1551465732 0
1551465733 0
1551465734 0
1551465735 0
1551465736 0
1551465737 0
1551465738 0
1551465739 0
1551465740 0
1551465741 0
1551465742 0
1551465743 0
1551465744 0
1551465745 0
1551465746 0
1551465747 0
1551465748 0
1551465749 0
1551465750 0
1551465751 0
1551465752 0
1551465753 0
1551465754 0
1551465755 0
1551465756 0
1551465757 0
1551465758 0
1551465759 0
1551465760 0
1551465761 0
1551465762 0
1551465763 0
1551465764 0
1551465765 0
1551465766 0
1551465767 0
1551465768 0
1551465769 0
1551465770 0
1551465771 0
1551465772 0
1551465773 0
1551465774 0
1551465775 0
1551465776 0
1551465777 0
1551465778 0
1551465779 0
1551465780 0
1551465781 0
1551465782 0
1551465783 0
1551465784 0
1551465785 0
1551465786 0
1551465787 0
1551465788 0
1551465789 0
1551465790 0
1551465791 0
1551465792 0
1551465793 0
1551465794 0
1551465795 0
1551465796 0
1551465797 0
1551465798 0
1551465799 0
1551465800 0
1551465801 0
1551465802 0
1551465803 0
1551465804 0
1551465805 0
1551465806 0
1551465807 0
1551465808 0
1551465809 0
1551465810 0
1551465811 0
1551465812 0
1551465813 0
1551465814 0
1551465815 0
1551465816 0
1551465817 0
1551465818 0
1551465819 0
1551465820 0
1551465821 0
1551465822 0
1551465823 0
1551465824 0
1551465825 0
1551465826 0
1551465827 0
1551465828 0
1551465829 0
1551465830 0
1551465831 0
1551465832 0
1551465833 0
1551465834 0
1551465835 0
1551465836 0
1551465837 0
1551465838 0
1551465839 0
1551465840 0
1551465841 0
1551465842 0
1551465843 0
1551465844 0
1551465845 0
1551465846 0
1551465847 0
1551465848 0
1551465849 0
1551465850 0
1551465851 0
1551465852 0
1551465853 0
1551465854 0
1551465855 0
1551465856 0
1551465857 0
1551465858 0
1551465859 0
1551465860 0
1551465861 0
1551465862 0
1551465863 0
1551465864 0
1551465865 0
1551465866 0
1551465867 0
1551465868 0
1551465869 0
1551465870 0
1551465871 0
1551465872 0
1551465873 0
1551465874 0
1551465875 0
1551465876 0
1551465877 0
1551465878 0
1551465879 0
1551465880 0
1551465881 0
1551465882 0
1551465883 0
1551465884 0
1551465885 0
1551465886 0
1551465887 0
1551465888 0
1551465889 0
1551465890 0
1551465891 0
1551465892 0
1551465893 0
1551465894 0
1551465895 0
1551465896 0
1551465897 0
1551465898 0
1551465899 0
1551465900 0
1551465901 0
1551465902 0
1551465903 0
1551465904 0
1551465905 0
1551465906 0
1551465907 0
1551465908 0
1551465909 0
1551465910 0
1551465911 0
1551465912 0
1551465913 0
1551465914 0
1551465915 0
1551465916 0
1551465917 0
1551465918 0
1551465919 0
1551465920 0
1551465921 0
1551465922 0
1551465923 0
1551465924 0
1551465925 0
1551465926 0
1551465927 0
1551465928 0
1551465929 0
1551465930 0
1551465931 0
1551465932 0
1551465933 0
1551465934 0
1551465935 0
1551465936 0
1551465937 0
1551465938 0
1551465939 0
1551465940 0
1551465941 0
1551465942 0
1551465943 0
1551465944 0
1551465945 0
1551465946 0
1551465947 0
1551465948 0
1551465949 0
1551465950 0
1551465951 0
1551465952 0
1551465953 0
1551465954 0
1551465955 0
1551465956 0
1551465957 0
1551465958 0
1551465959 0
1551465960 0
1551465961 0
1551465962 0
1551465963 0
1551465964 0
1551465965 0
1551465966 0
1551465967 0
1551465968 0
1551465969 0
1551465970 0
1551465971 0
1551465972 0
1551465973 0
1551465974 0
1551465975 0
1551465976 0
1551465977 0
1551465978 0
1551465979 0
1551465980 0
1551465981 0
1551465982 0
1551465983 0
1551465984 0
1551465985 0
1551465986 0
1551465987 0
1551465988 0
1551465989 0
1551465990 0
1551465991 0
1551465992 0
1551465993 0
1551465994 0
1551465995 0
1551465996 0
1551465997 0
1551465998 0
1551465999 0
1551466000 0
1551466001 0
1551466002 0
1551466003 0
1551466004 0
1551466005 0
1551466006 0
1551466007 0
1551466008 0
1551466009 0
1551466010 0
1551466011 0
1551466012 0
1551466013 0
1551466014 0
1551466015 0
1551466016 0
1551466017 0
1551466018 0
1551466019 0
1551466020 0
1551466021 0
1551466022 0
1551466023 0
1551466024 0
1551466025 0
1551466026 0
1551466027 0
1551466028 0
1551466029 0
1551466030 0
1551466031 0
1551466032 0
1551466033 0
1551466034 0
1551466035 0
1551466036 0
1551466037 0
1551466038 0
1551466039 0
1551466040 0
1551466041 0
1551466042 0
1551466043 0
1551466044 0
1551466045 0
1551466046 0
1551466047 0
1551466048 0
1551466049 0
1551466050 0
1551466051 0
1551466052 0
1551466053 0
1551466054 0
1551466055 0
1551466056 0
1551466057 0
1551466058 0
1551466059 0
1551466060 0
1551466061 0
1551466062 0
1551466063 0
1551466064 0
1551466065 0
1551466066 0
1551466067 0
1551466068 0
1551466069 0
1551466070 0
1551466071 0
1551466072 0
1551466073 0
1551466074 0
1551466075 0
1551466076 0
1551466077 0
1551466078 0
1551466079 0
1551466080 0
1551466081 0
1551466082 0
1551466083 0
1551466084 0
1551466085 0
1551466086 0
1551466087 0
1551466088 0
1551466089 0
1551466090 0
1551466091 0
1551466092 0
1551466093 0
1551466094 0
1551466095 0
1551466096 0
1551466097 0
1551466098 0
1551466099 0
1551466100 0
1551466101 0
1551466102 0
1551466103 0
1551466104 0
1551466105 0
1551466106 0
1551466107 0
1551466108 0
1551466109 0
1551466110 0
1551466111 0
1551466112 0
1551466113 0
1551466114 0
1551466115 0
1551466116 0
1551466117 0
1551466118 0
1551466119 0
1551466120 0
1551466121 0
1551466122 0
1551466123 0
1551466124 0
1551466125 0
1551466126 0
1551466127 0
1551466128 0
1551466129 0
1551466130 0
1551466131 0
1551466132 0
1551466133 0
1551466134 0
1551466135 0
1551466136 0
1551466137 0
1551466138 0
1551466139 0
1551466140 0
1551466141 0
1551466142 0
1551466143 0
1551466144 0
1551466145 0
1551466146 0
1551466147 0
1551466148 0
1551466149 0
1551466150 0
1551466151 0
1551466152 0
1551466153 0
1551466154 0
1551466155 0
1551466156 0
1551466157 0
1551466158 0
1551466159 0
1551466160 0
1551466161 0
1551466162 0
1551466163 0
1551466164 0
1551466165 0
1551466166 0
1551466167 0
1551466168 0
1551466169 0
1551466170 0
1551466171 0
1551466172 0
1551466173 0
1551466174 0
1551466175 0
1551466176 0
1551466177 0
1551466178 0
1551466179 0
1551466180 0
1551466181 0
1551466182 0
1551466183 0
1551466184 0
1551466185 0
1551466186 0
1551466187 0
1551466188 0
1551466189 0
1551466190 0
1551466191 0
1551466192 0
1551466193 0
1551466194 0
1551466195 0
1551466196 0
1551466197 0
1551466198 0
1551466199 0
1551466200 0
1551466201 0
1551466202 0
1551466203 0
1551466204 0
1551466205 0
1551466206 0
1551466207 0
1551466208 0
1551466209 0
1551466210 0
1551466211 0
1551466212 0
1551466213 0
1551466214 0
1551466215 0
1551466216 0
1551466217 0
1551466218 0
1551466219 0
1551466220 0
1551466221 0
1551466222 0
1551466223 0
1551466224 0
1551466225 0
1551466226 0
1551466227 0
1551466228 0
1551466229 0
1551466230 0
1551466231 0
1551466232 0
1551466233 0
1551466234 0
1551466235 0
1551466236 0
1551466237 0
1551466238 0
1551466239 0
1551466240 0
1551466241 0
1551466242 0
1551466243 0
1551466244 0
1551466245 0
1551466246 0
1551466247 0
1551466248 0
1551466249 0
1551466250 0
1551466251 0
1551466252 0
1551466253 0
1551466254 0
1551466255 0
1551466256 0
1551466257 0
1551466258 0
1551466259 0
1551466260 0
1551466261 0
1551466262 0
1551466263 0
1551466264 0
1551466265 0
1551466266 0
1551466267 0
1551466268 0
1551466269 0
1551466270 0
1551466271 0
1551466272 0
1551466273 0
1551466274 0
1551466275 0
1551466276 0
1551466277 0
1551466278 0
1551466279 0
1551466280 0
1551466281 0
1551466282 0
1551466283 0
1551466284 0
1551466285 0
1551466286 0
1551466287 0
1551466288 0
1551466289 0
1551466290 0
1551466291 0
1551466292 0
1551466293 0
1551466294 0
1551466295 0
1551466296 0
1551466297 0
1551466298 0
1551466299 0
1551466300 0
1551466301 0
1551466302 0
1551466303 0
1551466304 0
1551466305 0
1551466306 0
1551466307 0
1551466308 0
1551466309 0
1551466310 0
1551466311 0
1551466312 0
1551466313 0
1551466314 0
1551466315 0
1551466316 0
1551466317 0
1551466318 0
1551466319 0
1551466320 0
1551466321 0
1551466322 0
1551466323 0
1551466324 0
1551466325 0
1551466326 0
1551466327 0
1551466328 0
1551466329 0
1551466330 0
1551466331 0
1551466332 0
1551466333 0
1551466334 0
1551466335 0
1551466336 0
1551466337 0
1551466338 0
1551466339 0
1551466340 0
1551466341 0
1551466342 0
1551466343 0
1551466344 0
1551466345 0
1551466346 0
1551466347 0
1551466348 0
1551466349 0
1551466350 0
1551466351 0
1551466352 0
1551466353 0
1551466354 0
1551466355 0
1551466356 0
1551466357 0
1551466358 0
1551466359 0
1551466360 0
1551466361 0
1551466362 0
1551466363 0
1551466364 0
1551466365 0
1551466366 0
1551466367 0
1551466368 0
1551466369 0
1551466370 0
1551466371 0
1551466372 0
1551466373 0
1551466374 0
1551466375 0
1551466376 0
1551466377 0
1551466378 0
1551466379 0
1551466380 0
1551466381 0
1551466382 0
1551466383 0
1551466384 0
1551466385 0
1551466386 0
1551466387 0
1551466388 0
1551466389 0
1551466390 0
1551466391 0
1551466392 0
1551466393 0
1551466394 0
1551466395 0
1551466396 0
1551466397 0
1551466398 0
1551466399 0
1551466400 0
1551466401 0
1551466402 0
1551466403 0
1551466404 0
1551466405 0
1551466406 0
1551466407 0
1551466408 0
1551466409 0
1551466410 0
1551466411 0
1551466412 0
1551466413 0
1551466414 0
1551466415 0
1551466416 0
1551466417 0
1551466418 0
1551466419 0
1551466420 0
1551466421 0
1551466422 0
1551466423 0
1551466424 0
1551466425 0
1551466426 0
1551466427 0
1551466428 0
1551466429 0
1551466430 0
1551466431 0
1551466432 0
1551466433 0
1551466434 0
1551466435 0
1551466436 0
1551466437 0
1551466438 0
1551466439 0
1551466440 0
1551466441 0
1551466442 0
1551466443 0
1551466444 0
1551466445 0
1551466446 0
1551466447 0
1551466448 0
1551466449 0
1551466450 0
1551466451 0
1551466452 0
1551466453 0
1551466454 0
1551466455 0
1551466456 0
1551466457 0
1551466458 0
1551466459 0
1551466460 0
1551466461 0
1551466462 0
1551466463 0
1551466464 0
1551466465 0
1551466466 0
1551466467 0
1551466468 0
1551466469 0
1551466470 0
1551466471 0
1551466472 0
1551466473 0
1551466474 0
1551466475 0
1551466476 0
1551466477 0
1551466478 0
1551466479 0
1551466480 0
1551466481 0
1551466482 0
1551466483 0
1551466484 0
1551466485 0
1551466486 0
1551466487 0
1551466488 0
1551466489 0
1551466490 0
1551466491 0
1551466492 0
1551466493 0
1551466494 0
1551466495 0
1551466496 0
1551466497 0
1551466498 0
1551466499 0
1551466500 0
1551466501 0
1551466502 0
1551466503 0
1551466504 0
1551466505 0
1551466506 0
1551466507 0
1551466508 0
1551466509 0
1551466510 0
1551466511 0
1551466512 0
1551466513 0
1551466514 0
1551466515 0
1551466516 0
1551466517 0
1551466518 0
1551466519 0
1551466520 0
1551466521 0
1551466522 0
1551466523 0
1551466524 0
1551466525 0
1551466526 0
1551466527 0
1551466528 0
1551466529 0
1551466530 0
1551466531 0
1551466532 0
1551466533 0
1551466534 0
1551466535 0
1551466536 0
1551466537 0
1551466538 0
1551466539 0
1551466540 0
1551466541 0
1551466542 0
1551466543 0
1551466544 0
1551466545 0
1551466546 0
1551466547 0
1551466548 0
1551466549 0
1551466550 0
1551466551 0
1551466552 0
1551466553 0
1551466554 0
1551466555 0
1551466556 0
1551466557 0
1551466558 0
1551466559 0
1551466560 0
1551466561 0
1551466562 0
1551466563 0
1551466564 0
1551466565 0
1551466566 0
1551466567 0
1551466568 0
1551466569 0
1551466570 0
1551466571 0
1551466572 0
1551466573 0
1551466574 0
1551466575 0
1551466576 0
1551466577 0
1551466578 0
1551466579 0
1551466580 0
1551466581 0
1551466582 0
1551466583 0
1551466584 0
1551466585 0
1551466586 0
1551466587 0
1551466588 0
1551466589 0
1551466590 0
1551466591 0
1551466592 0
1551466593 0
1551466594 0
1551466595 0
1551466596 0
1551466597 0
1551466598 0
1551466599 0
1551466600 0
1551466601 0
1551466602 0
1551466603 0
1551466604 0
1551466605 0
1551466606 0
1551466607 0
1551466608 0
1551466609 0
1551466610 0
1551466611 0
1551466612 0
1551466613 0
1551466614 0
1551466615 0
1551466616 0
1551466617 0
1551466618 0
1551466619 0
1551466620 0
1551466621 0
1551466622 0
1551466623 0
1551466624 0
1551466625 0
1551466626 0
1551466627 0
1551466628 0
1551466629 0
1551466630 0
1551466631 0
1551466632 0
1551466633 0
1551466634 0
1551466635 0
1551466636 0
1551466637 0
1551466638 0
1551466639 0
1551466640 0
1551466641 0
1551466642 0
1551466643 0
1551466644 0
1551466645 0
1551466646 0
1551466647 0
1551466648 0
1551466649 0
1551466650 0
1551466651 0
1551466652 0
1551466653 0
1551466654 0
1551466655 0
1551466656 0
1551466657 0
1551466658 0
1551466659 0
1551466660 0
1551466661 0
1551466662 0
1551466663 0
1551466664 0
1551466665 0
1551466666 0
1551466667 0
1551466668 0
1551466669 0
1551466670 0
1551466671 0
1551466672 0
1551466673 0
1551466674 0
1551466675 0
1551466676 0
1551466677 0
1551466678 0
1551466679 0
1551466680 0
1551466681 0
1551466682 0
1551466683 0
1551466684 0
1551466685 0
1551466686 0
1551466687 0
1551466688 0
1551466689 0
1551466690 0
1551466691 0
1551466692 0
1551466693 0
1551466694 0
1551466695 0
1551466696 0
1551466697 0
1551466698 0
1551466699 0
1551466700 0
1551466701 0
1551466702 0
1551466703 0
1551466704 0
1551466705 0
1551466706 0
1551466707 0
1551466708 0
1551466709 0
1551466710 0
1551466711 0
1551466712 0
1551466713 0
1551466714 0
1551466715 0
1551466716 0
1551466717 0
1551466718 0
1551466719 0
1551466720 0
1551466721 0
1551466722 0
1551466723 0
1551466724 0
1551466725 0
1551466726 0
1551466727 0
1551466728 0
1551466729 0
1551466730 0
1551466731 0
1551466732 0
1551466733 0
1551466734 0
1551466735 0
1551466736 0
1551466737 0
1551466738 0
1551466739 0
1551466740 0
1551466741 0
1551466742 0
1551466743 0
1551466744 0
1551466745 0
1551466746 0
1551466747 0
1551466748 0
1551466749 0
1551466750 0
1551466751 0
1551466752 0
1551466753 0
1551466754 0
1551466755 0
1551466756 0
1551466757 0
1551466758 0
1551466759 0
1551466760 0
1551466761 0
1551466762 0
1551466763 0
1551466764 0
1551466765 0
1551466766 0
1551466767 0
1551466768 0
1551466769 0
1551466770 0
1551466771 0
1551466772 0
1551466773 0
1551466774 0
1551466775 0
1551466776 0
1551466777 0
1551466778 0
1551466779 0
1551466780 0
1551466781 0
1551466782 0
1551466783 0
1551466784 0
1551466785 0
1551466786 0
1551466787 0
1551466788 0
1551466789 0
1551466790 0
1551466791 0
1551466792 0
1551466793 0
1551466794 0
1551466795 0
1551466796 0
1551466797 0
1551466798 0
1551466799 0
1551466800 0
1551466801 0
1551466802 0
1551466803 0
1551466804 0
1551466805 0
1551466806 0
1551466807 0
1551466808 0
1551466809 0
1551466810 0
1551466811 0
1551466812 0
1551466813 0
1551466814 0
1551466815 0
1551466816 0
1551466817 0
1551466818 0
1551466819 0
1551466820 0
1551466821 0
1551466822 0
1551466823 0
1551466824 0
1551466825 0
1551466826 0
1551466827 0
1551466828 0
1551466829 0
1551466830 0
1551466831 0
1551466832 0
1551466833 0
1551466834 0
1551466835 0
1551466836 0
1551466837 0
1551466838 0
1551466839 0
1551466840 0
1551466841 0
1551466842 0
1551466843 0
1551466844 0
1551466845 0
1551466846 0
1551466847 0
1551466848 0
1551466849 0
1551466850 0
1551466851 0
1551466852 0
1551466853 0
1551466854 0
1551466855 0
1551466856 0
1551466857 0
1551466858 0
1551466859 0
1551466860 0
1551466861 0
1551466862 0
1551466863 0
1551466864 0
1551466865 0
1551466866 0
1551466867 0
1551466868 0
1551466869 0
1551466870 0
1551466871 0
1551466872 0
1551466873 0
1551466874 0
1551466875 0
1551466876 0
1551466877 0
1551466878 0
1551466879 0
1551466880 0
1551466881 0
1551466882 0
1551466883 0
1551466884 0
1551466885 0
1551466886 0
1551466887 0
1551466888 0
1551466889 0
1551466890 0
1551466891 0
1551466892 0
1551466893 0
1551466894 0
1551466895 0
1551466896 0
1551466897 0
1551466898 0
1551466899 0
1551466900 0
1551466901 0
1551466902 0
1551466903 0
1551466904 0
1551466905 0
1551466906 0
1551466907 0
1551466908 0
1551466909 0
1551466910 0
1551466911 0
1551466912 0
1551466913 0
1551466914 0
1551466915 0
1551466916 0
1551466917 0
1551466918 0
1551466919 0
1551466920 0
1551466921 0
1551466922 0
1551466923 0
1551466924 0
1551466925 0
1551466926 0
1551466927 0
1551466928 0
1551466929 0
1551466930 0
1551466931 0
1551466932 0
1551466933 0
1551466934 0
1551466935 0
1551466936 0
1551466937 0
1551466938 0
1551466939 0
1551466940 0
1551466941 0
1551466942 0
1551466943 0
1551466944 0
1551466945 0
1551466946 0
1551466947 0
1551466948 0
1551466949 0
1551466950 0
1551466951 0
1551466952 0
1551466953 0
1551466954 0
1551466955 0
1551466956 0
1551466957 0
1551466958 0
1551466959 0
1551466960 0
1551466961 0
1551466962 0
1551466963 0
1551466964 0
1551466965 0
1551466966 0
1551466967 0
1551466968 0
1551466969 0
1551466970 0
1551466971 0
1551466972 0
1551466973 0
1551466974 0
1551466975 0
1551466976 0
1551466977 0
1551466978 0
1551466979 0
1551466980 0
1551466981 0
1551466982 0
1551466983 0
1551466984 0
1551466985 0
1551466986 0
1551466987 0
1551466988 0
1551466989 0
1551466990 0
1551466991 0
1551466992 0
1551466993 0
1551466994 0
1551466995 0
1551466996 0
1551466997 0
1551466998 0
1551466999 0
1551467000 0
1551467001 0
1551467002 0
1551467003 0
1551467004 0
1551467005 0
1551467006 0
1551467007 0
1551467008 0
1551467009 0
1551467010 0
1551467011 0
1551467012 0
1551467013 0
1551467014 0
1551467015 0
1551467016 0
1551467017 0
1551467018 0
1551467019 0
1551467020 0
1551467021 0
1551467022 0
1551467023 0
1551467024 0
1551467025 0
1551467026 0
1551467027 0
1551467028 0
1551467029 0
1551467030 0
1551467031 0
1551467032 0
1551467033 0
1551467034 0
1551467035 0
1551467036 0
1551467037 0
1551467038 0
1551467039 0
1551467040 0
1551467041 0
1551467042 0
1551467043 0
1551467044 0
1551467045 0
1551467046 0
1551467047 0
1551467048 0
1551467049 0
1551467050 0
1551467051 0
1551467052 0
1551467053 0
1551467054 0
1551467055 0
1551467056 0
1551467057 0
1551467058 0
1551467059 0
1551467060 0
1551467061 0
1551467062 0
1551467063 0
1551467064 0
1551467065 0
1551467066 0
1551467067 0
1551467068 0
1551467069 0
1551467070 0
1551467071 0
1551467072 0
1551467073 0
1551467074 0
1551467075 0
1551467076 0
1551467077 0
1551467078 0
1551467079 0
1551467080 0
1551467081 0
1551467082 0
1551467083 0
1551467084 0
1551467085 0
1551467086 0
1551467087 0
1551467088 0
1551467089 0
1551467090 0
1551467091 0
1551467092 0
1551467093 0
1551467094 0
1551467095 0
1551467096 0
1551467097 0
1551467098 0
1551467099 0
1551467100 0
1551467101 0
1551467102 0
1551467103 0
1551467104 0
1551467105 0
1551467106 0
1551467107 0
1551467108 0
1551467109 0
1551467110 0
1551467111 0
1551467112 0
1551467113 0
1551467114 0
1551467115 0
1551467116 0
1551467117 0
1551467118 0
1551467119 0
1551467120 0
1551467121 0
1551467122 0
1551467123 0
1551467124 0
1551467125 0
1551467126 0
1551467127 0
1551467128 0
1551467129 0
1551467130 0
1551467131 0
1551467132 0
1551467133 0
1551467134 0
1551467135 0
1551467136 0
1551467137 0
1551467138 0
1551467139 0
1551467140 0
1551467141 0
1551467142 0
1551467143 0
1551467144 0
1551467145 0
1551467146 0
1551467147 0
1551467148 0
1551467149 0
1551467150 0
1551467151 0
1551467152 0
1551467153 0
1551467154 0
1551467155 0
1551467156 0
1551467157 0
1551467158 0
1551467159 0
1551467160 0
1551467161 0
1551467162 0
1551467163 0
1551467164 0
1551467165 0
1551467166 0
1551467167 0
1551467168 0
1551467169 0
1551467170 0
1551467171 0
1551467172 0
1551467173 0
1551467174 0
1551467175 0
1551467176 0
1551467177 0
1551467178 0
1551467179 0
1551467180 0
1551467181 0
1551467182 0
1551467183 0
1551467184 0
1551467185 0
1551467186 0
1551467187 0
1551467188 0
1551467189 0
1551467190 0
1551467191 0
1551467192 0
1551467193 0
1551467194 0
1551467195 0
1551467196 0
1551467197 0
1551467198 0
1551467199 0
1551467200 0
1551467201 0
1551467202 0
1551467203 0
1551467204 0
1551467205 0
1551467206 0
1551467207 0
1551467208 0
1551467209 0
1551467210 0
1551467211 0
1551467212 0
1551467213 0
1551467214 0
1551467215 0
1551467216 0
1551467217 0
1551467218 0
1551467219 0
1551467220 0
1551467221 0
1551467222 0
1551467223 0
1551467224 0
1551467225 0
1551467226 0
1551467227 0
1551467228 0
1551467229 0
1551467230 0
1551467231 0
1551467232 0
1551467233 0
1551467234 0
1551467235 0
1551467236 0
1551467237 0
1551467238 0
1551467239 0
1551467240 0
1551467241 0
1551467242 0
1551467243 0
1551467244 0
1551467245 0
1551467246 0
1551467247 0
1551467248 0
1551467249 0
1551467250 0
1551467251 0
1551467252 0
1551467253 0
1551467254 0
1551467255 0
1551467256 0
1551467257 0
1551467258 0
1551467259 0
1551467260 0
1551467261 0
1551467262 0
1551467263 0
1551467264 0
1551467265 0
1551467266 0
1551467267 0
1551467268 0
1551467269 0
1551467270 0
1551467271 0
1551467272 0
1551467273 0
1551467274 0
1551467275 0
1551467276 0
1551467277 0
1551467278 0
1551467279 0
1551467280 0
1551467281 0
1551467282 0
1551467283 0
1551467284 0
1551467285 0
1551467286 0
1551467287 0
1551467288 0
1551467289 0
1551467290 0
1551467291 0
1551467292 0
1551467293 0
1551467294 0
1551467295 0
1551467296 0
1551467297 0
1551467298 0
1551467299 0
1551467300 0
1551467301 0
1551467302 0
1551467303 0
1551467304 0
1551467305 0
1551467306 0
1551467307 0
1551467308 0
1551467309 0
1551467310 0
1551467311 0
1551467312 0
1551467313 0
1551467314 0
1551467315 0
1551467316 0
1551467317 0
1551467318 0
1551467319 0
1551467320 0
1551467321 0
1551467322 0
1551467323 0
1551467324 0
1551467325 0
1551467326 0
1551467327 0
1551467328 0
1551467329 0
1551467330 0
1551467331 0
1551467332 0
1551467333 0
1551467334 0
1551467335 0
1551467336 0
1551467337 0
1551467338 0
1551467339 0
1551467340 0
1551467341 0
1551467342 0
1551467343 0
1551467344 0
1551467345 0
1551467346 0
1551467347 0
1551467348 0
1551467349 0
1551467350 0
1551467351 0
1551467352 0
1551467353 0
1551467354 0
1551467355 0
1551467356 0
1551467357 0
1551467358 0
1551467359 0
1551467360 0
1551467361 0
1551467362 0
1551467363 0
1551467364 0
1551467365 0
1551467366 0
1551467367 0
1551467368 0
1551467369 0
1551467370 0
1551467371 0
1551467372 0
1551467373 0
1551467374 0
1551467375 0
1551467376 0
1551467377 0
1551467378 0
1551467379 0
1551467380 0
1551467381 0
1551467382 0
1551467383 0
1551467384 0
1551467385 0
1551467386 0
1551467387 0
1551467388 0
1551467389 0
1551467390 0
1551467391 0
1551467392 0
1551467393 0
1551467394 0
1551467395 0
1551467396 0
1551467397 0
1551467398 0
1551467399 0
1551467400 0
1551467401 0
1551467402 0
1551467403 0
1551467404 0
1551467405 0
1551467406 0
1551467407 0
1551467408 0
1551467409 0
1551467410 0
1551467411 0
1551467412 0
1551467413 0
1551467414 0
1551467415 0
1551467416 0
1551467417 0
1551467418 0
1551467419 0
1551467420 0
1551467421 0
1551467422 0
1551467423 0
1551467424 0
1551467425 0
1551467426 0
1551467427 0
1551467428 0
1551467429 0
1551467430 0
1551467431 0
1551467432 0
1551467433 0
1551467434 0
1551467435 0
1551467436 0
1551467437 0
1551467438 0
1551467439 0
1551467440 0
1551467441 0
1551467442 0
1551467443 0
1551467444 0
1551467445 0
1551467446 0
1551467447 0
1551467448 0
1551467449 0
1551467450 0
1551467451 0
1551467452 0
1551467453 0
1551467454 0
1551467455 0
1551467456 0
1551467457 0
1551467458 0
1551467459 0
1551467460 0
1551467461 0
1551467462 0
1551467463 0
1551467464 0
1551467465 0
1551467466 0
1551467467 0
1551467468 0
1551467469 0
1551467470 0
1551467471 0
1551467472 0
1551467473 0
1551467474 0
1551467475 0
1551467476 0
1551467477 0
1551467478 0
1551467479 0
1551467480 0
1551467481 0
1551467482 0
1551467483 0
1551467484 0
1551467485 0
1551467486 0
1551467487 0
1551467488 0
1551467489 0
1551467490 0
1551467491 0
1551467492 0
1551467493 0
1551467494 0
1551467495 0
1551467496 0
1551467497 0
1551467498 0
1551467499 0
1551467500 0
1551467501 0
1551467502 0
1551467503 0
1551467504 0
1551467505 0
1551467506 0
1551467507 0
1551467508 0
1551467509 0
1551467510 0
1551467511 0
1551467512 0
1551467513 0
1551467514 0
1551467515 0
1551467516 0
1551467517 0
1551467518 0
1551467519 0
1551467520 0
1551467521 0
1551467522 0
1551467523 0
1551467524 0
1551467525 0
1551467526 0
1551467527 0
1551467528 0
1551467529 0
1551467530 0
1551467531 0
1551467532 0
1551467533 0
1551467534 0
1551467535 0
1551467536 0
1551467537 0
1551467538 0
1551467539 0
1551467540 0
1551467541 0
1551467542 0
1551467543 0
1551467544 0
1551467545 0
1551467546 0
1551467547 0
1551467548 0
1551467549 0
1551467550 0
1551467551 0
1551467552 0
1551467553 0
1551467554 0
1551467555 0
1551467556 0
1551467557 0
1551467558 0
1551467559 0
1551467560 0
1551467561 0
1551467562 0
1551467563 0
1551467564 0
1551467565 0
1551467566 0
1551467567 0
1551467568 0
1551467569 0
1551467570 0
1551467571 0
1551467572 0
1551467573 0
1551467574 0
1551467575 0
1551467576 0
1551467577 0
1551467578 0
1551467579 0
1551467580 0
1551467581 0
1551467582 0
1551467583 0
1551467584 0
1551467585 0
1551467586 0
1551467587 0
1551467588 0
1551467589 0
1551467590 0
1551467591 0
1551467592 0
1551467593 0
1551467594 0
1551467595 0
1551467596 0
1551467597 0
1551467598 0
1551467599 0
1551467600 0
1551467601 0
1551467602 0
1551467603 0
1551467604 0
1551467605 0
1551467606 0
1551467607 0
1551467608 0
1551467609 0
1551467610 0
1551467611 0
1551467612 0
1551467613 0
1551467614 0
1551467615 0
1551467616 0
1551467617 0
1551467618 0
1551467619 0
1551467620 0
1551467621 0
1551467622 0
1551467623 0
1551467624 0
1551467625 0
1551467626 0
1551467627 0
1551467628 0
1551467629 0
1551467630 0
1551467631 0
1551467632 0
1551467633 0
1551467634 0
1551467635 0
1551467636 0
1551467637 0
1551467638 0
1551467639 0
1551467640 0
1551467641 0
1551467642 0
1551467643 0
1551467644 0
1551467645 0
1551467646 0
1551467647 0
1551467648 0
1551467649 0
1551467650 0
1551467651 0
1551467652 0
1551467653 0
1551467654 0
1551467655 0
1551467656 0
1551467657 0
1551467658 0
1551467659 0
1551467660 0
1551467661 0
1551467662 0
1551467663 0
1551467664 0
1551467665 0
1551467666 0
1551467667 0
1551467668 0
1551467669 0
1551467670 0
1551467671 0
1551467672 0
1551467673 0
1551467674 0
1551467675 0
1551467676 0
1551467677 0
1551467678 0
1551467679 0
1551467680 0
1551467681 0
1551467682 0
1551467683 0
1551467684 0
1551467685 0
1551467686 0
1551467687 0
1551467688 0
1551467689 0
1551467690 0
1551467691 0
1551467692 0
1551467693 0
1551467694 0
1551467695 0
1551467696 0
1551467697 0
1551467698 0
1551467699 0
1551467700 0
1551467701 0
1551467702 0
1551467703 0
1551467704 0
1551467705 0
1551467706 0
1551467707 0
1551467708 0
1551467709 0
1551467710 0
1551467711 0
1551467712 0
1551467713 0
1551467714 0
1551467715 0
1551467716 0
1551467717 0
1551467718 0
1551467719 0
1551467720 0
1551467721 0
1551467722 0
1551467723 0
1551467724 0
1551467725 0
1551467726 0
1551467727 0
1551467728 0
1551467729 0
1551467730 0
1551467731 0
1551467732 0
1551467733 0
1551467734 0
1551467735 0
1551467736 0
1551467737 0
1551467738 0
1551467739 0
1551467740 0
1551467741 0
1551467742 0
1551467743 0
1551467744 0
1551467745 0
1551467746 0
1551467747 0
1551467748 0
1551467749 0
1551467750 0
1551467751 0
1551467752 0
1551467753 0
1551467754 0
1551467755 0
1551467756 0
1551467757 0
1551467758 0
1551467759 0
1551467760 0
1551467761 0
1551467762 0
1551467763 0
1551467764 0
1551467765 0
1551467766 0
1551467767 0
1551467768 0
1551467769 0
1551467770 0
1551467771 0
1551467772 0
1551467773 0
1551467774 0
1551467775 0
1551467776 0
1551467777 0
1551467778 0
1551467779 0
1551467780 0
1551467781 0
1551467782 0
1551467783 0
1551467784 0
1551467785 0
1551467786 0
1551467787 0
1551467788 0
1551467789 0
1551467790 0
1551467791 0
1551467792 0
1551467793 0
1551467794 0
1551467795 0
1551467796 0
1551467797 0
1551467798 0
1551467799 0
1551467800 0
1551467801 0
1551467802 0
1551467803 0
1551467804 0
1551467805 0
1551467806 0
1551467807 0
1551467808 0
1551467809 0
1551467810 0
1551467811 0
1551467812 0
1551467813 0
1551467814 0
1551467815 0
1551467816 0
1551467817 0
1551467818 0
1551467819 0
1551467820 0
1551467821 0
1551467822 0
1551467823 0
1551467824 0
1551467825 0
1551467826 0
1551467827 0
1551467828 0
1551467829 0
1551467830 0
1551467831 0
1551467832 0
1551467833 0
1551467834 0
1551467835 0
1551467836 0
1551467837 0
1551467838 0
1551467839 0
1551467840 0
1551467841 0
1551467842 0
1551467843 0
1551467844 0
1551467845 0
1551467846 0
1551467847 0
1551467848 0
1551467849 0
1551467850 0
1551467851 0
1551467852 0
1551467853 0
1551467854 0
1551467855 0
1551467856 0
1551467857 0
1551467858 0
1551467859 0
1551467860 0
1551467861 0
1551467862 0
1551467863 0
1551467864 0
1551467865 0
1551467866 0
1551467867 0
1551467868 0
1551467869 0
1551467870 0
1551467871 0
1551467872 0
1551467873 0
1551467874 0
1551467875 0
1551467876 0
1551467877 0
1551467878 0
1551467879 0
1551467880 0
1551467881 0
1551467882 0
1551467883 0
1551467884 0
1551467885 0
1551467886 0
1551467887 0
1551467888 0
1551467889 0
1551467890 0
1551467891 0
1551467892 0
1551467893 0
1551467894 0
1551467895 0
1551467896 0
1551467897 0
1551467898 0
1551467899 0
1551467900 0
1551467901 0
1551467902 0
1551467903 0
1551467904 0
1551467905 0
1551467906 0
1551467907 0
1551467908 0
1551467909 0
1551467910 0
1551467911 0
1551467912 0
1551467913 0
1551467914 0
1551467915 0
1551467916 0
1551467917 0
1551467918 0
1551467919 0
1551467920 0
1551467921 0
1551467922 0
1551467923 0
1551467924 0
1551467925 0
1551467926 0
1551467927 0
1551467928 0
1551467929 0
1551467930 0
1551467931 0
1551467932 0
1551467933 0
1551467934 0
1551467935 0
1551467936 0
1551467937 0
1551467938 0
1551467939 0
1551467940 0
1551467941 0
1551467942 0
1551467943 0
1551467944 0
1551467945 0
1551467946 0
1551467947 0
1551467948 0
1551467949 0
1551467950 0
1551467951 0
1551467952 0
1551467953 0
1551467954 0
1551467955 0
1551467956 0
1551467957 0
1551467958 0
1551467959 0
1551467960 0
1551467961 0
1551467962 0
1551467963 0
1551467964 0
1551467965 0
1551467966 0
1551467967 0
1551467968 0
1551467969 0
1551467970 0
1551467971 0
1551467972 0
1551467973 0
1551467974 0
1551467975 0
1551467976 0
1551467977 0
1551467978 0
1551467979 0
1551467980 0
1551467981 0
1551467982 0
1551467983 0
1551467984 0
1551467985 0
1551467986 0
1551467987 0
1551467988 0
1551467989 0
1551467990 0
1551467991 0
1551467992 0
1551467993 0
1551467994 0
1551467995 0
1551467996 0
1551467997 0
1551467998 0
1551467999 0
1551468000 0
1551468001 0
1551468002 0
1551468003 0
1551468004 0
1551468005 0
1551468006 0
1551468007 0
1551468008 0
1551468009 0
1551468010 0
1551468011 0
1551468012 0
1551468013 0
1551468014 0
1551468015 0
1551468016 0
1551468017 0
1551468018 0
1551468019 0
1551468020 0
1551468021 0
1551468022 0
1551468023 0
1551468024 0
1551468025 0
1551468026 0
1551468027 0
1551468028 0
1551468029 0
1551468030 0
1551468031 0
1551468032 0
1551468033 0
1551468034 0
1551468035 0
1551468036 0
1551468037 0
1551468038 0
1551468039 0
1551468040 0
1551468041 0
1551468042 0
1551468043 0
1551468044 0
1551468045 0
1551468046 0
1551468047 0
1551468048 0
1551468049 0
1551468050 0
1551468051 0
1551468052 0
1551468053 0
1551468054 0
1551468055 0
1551468056 0
1551468057 0
1551468058 0
1551468059 0
1551468060 0
1551468061 0
1551468062 0
1551468063 0
1551468064 0
1551468065 0
1551468066 0
1551468067 0
1551468068 0
1551468069 0
1551468070 0
1551468071 0
1551468072 0
1551468073 0
1551468074 0
1551468075 0
1551468076 0
1551468077 0
1551468078 0
1551468079 0
1551468080 0
1551468081 0
1551468082 0
1551468083 0
1551468084 0
1551468085 0
1551468086 0
1551468087 0
1551468088 0
1551468089 0
1551468090 0
1551468091 0
1551468092 0
1551468093 0
1551468094 0
1551468095 0
1551468096 0
1551468097 0
1551468098 0
1551468099 0
1551468100 0
1551468101 0
1551468102 0
1551468103 0
1551468104 0
1551468105 0
1551468106 0
1551468107 0
1551468108 0
1551468109 0
1551468110 0
1551468111 0
1551468112 0
1551468113 0
1551468114 0
1551468115 0
1551468116 0
1551468117 0
1551468118 0
1551468119 0
1551468120 0
1551468121 0
1551468122 0
1551468123 0
1551468124 0
1551468125 0
1551468126 0
1551468127 0
1551468128 0
1551468129 0
1551468130 0
1551468131 0
1551468132 0
1551468133 0
1551468134 0
1551468135 0
1551468136 0
1551468137 0
1551468138 0
1551468139 0
1551468140 0
1551468141 0
1551468142 0
1551468143 0
1551468144 0
1551468145 0
1551468146 0
1551468147 0
1551468148 0
1551468149 0
1551468150 0
1551468151 0
1551468152 0
1551468153 0
1551468154 0
1551468155 0
1551468156 0
1551468157 0
1551468158 0
1551468159 0
1551468160 0
1551468161 0
1551468162 0
1551468163 0
1551468164 0
1551468165 0
1551468166 0
1551468167 0
1551468168 0
1551468169 0
1551468170 0
1551468171 0
1551468172 0
1551468173 0
1551468174 0
1551468175 0
1551468176 0
1551468177 0
1551468178 0
1551468179 0
1551468180 0
1551468181 0
1551468182 0
1551468183 0
1551468184 0
1551468185 0
1551468186 0
1551468187 0
1551468188 0
1551468189 0
1551468190 0
1551468191 0
1551468192 0
1551468193 0
1551468194 0
1551468195 0
1551468196 0
1551468197 0
1551468198 0
1551468199 0
1551468200 0
1551468201 0
1551468202 0
1551468203 0
1551468204 0
1551468205 0
1551468206 0
1551468207 0
1551468208 0
1551468209 0
1551468210 0
1551468211 0
1551468212 0
1551468213 0
1551468214 0
1551468215 0
1551468216 0
1551468217 0
1551468218 0
1551468219 0
1551468220 0
1551468221 0
1551468222 0
1551468223 0
1551468224 0
1551468225 0
1551468226 0
1551468227 0
1551468228 0
1551468229 0
1551468230 0
1551468231 0
1551468232 0
1551468233 0
1551468234 0
1551468235 0
1551468236 0
1551468237 0
1551468238 0
1551468239 0
1551468240 0
1551468241 0
1551468242 0
1551468243 0
1551468244 0
1551468245 0
1551468246 0
1551468247 0
1551468248 0
1551468249 0
1551468250 0
1551468251 0
1551468252 0
1551468253 0
1551468254 0
1551468255 0
1551468256 0
1551468257 0
1551468258 0
1551468259 0
1551468260 0
1551468261 0
1551468262 0
1551468263 0
1551468264 0
1551468265 0
1551468266 0
1551468267 0
1551468268 0
1551468269 0
1551468270 0
1551468271 0
1551468272 0
1551468273 0
1551468274 0
1551468275 0
1551468276 0
1551468277 0
1551468278 0
1551468279 0
1551468280 0
1551468281 0
1551468282 0
1551468283 0
1551468284 0
1551468285 0
1551468286 0
1551468287 0
1551468288 0
1551468289 0
1551468290 0
1551468291 0
1551468292 0
1551468293 0
1551468294 0
1551468295 0
1551468296 0
1551468297 0
1551468298 0
1551468299 0
1551468300 0
1551468301 0
1551468302 0
1551468303 0
1551468304 0
1551468305 0
1551468306 0
1551468307 0
1551468308 0
1551468309 0
1551468310 0
1551468311 0
1551468312 0
1551468313 0
1551468314 0
1551468315 0
1551468316 0
1551468317 0
1551468318 0
1551468319 0
1551468320 0
1551468321 0
1551468322 0
1551468323 0
1551468324 0
1551468325 0
1551468326 0
1551468327 0
1551468328 0
1551468329 0
1551468330 0
1551468331 0
1551468332 0
1551468333 0
1551468334 0
1551468335 0
1551468336 0
1551468337 0
1551468338 0
1551468339 0
1551468340 0
1551468341 0
1551468342 0
1551468343 0
1551468344 0
1551468345 0
1551468346 0
1551468347 0
1551468348 0
1551468349 0
1551468350 0
1551468351 0
1551468352 0
1551468353 0
1551468354 0
1551468355 0
1551468356 0
1551468357 0
1551468358 0
1551468359 0
1551468360 0
1551468361 0
1551468362 0
1551468363 0
1551468364 0
1551468365 0
1551468366 0
1551468367 0
1551468368 0
1551468369 0
1551468370 0
1551468371 0
1551468372 0
1551468373 0
1551468374 0
1551468375 0
1551468376 0
1551468377 0
1551468378 0
1551468379 0
1551468380 0
1551468381 0
1551468382 0
1551468383 0
1551468384 0
1551468385 0
1551468386 0
1551468387 0
1551468388 0
1551468389 0
1551468390 0
1551468391 0
1551468392 0
1551468393 0
1551468394 0
1551468395 0
1551468396 0
1551468397 0
1551468398 0
1551468399 0
1551468400 0
1551468401 0
1551468402 0
1551468403 0
1551468404 0
1551468405 0
1551468406 0
1551468407 0
1551468408 0
1551468409 0
1551468410 0
1551468411 0
1551468412 0
1551468413 0
1551468414 0
1551468415 0
1551468416 0
1551468417 0
1551468418 0
1551468419 0
1551468420 0
1551468421 0
1551468422 0
1551468423 0
1551468424 0
1551468425 0
1551468426 0
1551468427 0
1551468428 0
1551468429 0
1551468430 0
1551468431 0
1551468432 0
1551468433 0
1551468434 0
1551468435 0
1551468436 0
1551468437 0
1551468438 0
1551468439 0
1551468440 0
1551468441 0
1551468442 0
1551468443 0
1551468444 0
1551468445 0
1551468446 0
1551468447 0
1551468448 0
1551468449 0
1551468450 0
1551468451 0
1551468452 0
1551468453 0
1551468454 0
1551468455 0
1551468456 0
1551468457 0
1551468458 0
1551468459 0
1551468460 0
1551468461 0
1551468462 0
1551468463 0
1551468464 0
1551468465 0
1551468466 0
1551468467 0
1551468468 0
1551468469 0
1551468470 0
1551468471 0
1551468472 0
1551468473 0
1551468474 0
1551468475 0
1551468476 0
1551468477 0
1551468478 0
1551468479 0
1551468480 0
1551468481 0
1551468482 0
1551468483 0
1551468484 0
1551468485 0
1551468486 0
1551468487 0
1551468488 0
1551468489 0
1551468490 0
1551468491 0
1551468492 0
1551468493 0
1551468494 0
1551468495 0
1551468496 0
1551468497 0
1551468498 0
1551468499 0
1551468500 0
1551468501 0
1551468502 0
1551468503 0
1551468504 0
1551468505 0
1551468506 0
1551468507 0
1551468508 0
1551468509 0
1551468510 0
1551468511 0
1551468512 0
1551468513 0
1551468514 0
1551468515 0
1551468516 0
1551468517 0
1551468518 0
1551468519 0
1551468520 0
1551468521 0
1551468522 0
1551468523 0
1551468524 0
1551468525 0
1551468526 0
1551468527 0
1551468528 0
1551468529 0
1551468530 0
1551468531 0
1551468532 0
1551468533 0
1551468534 0
1551468535 0
1551468536 0
1551468537 0
1551468538 0
1551468539 0
1551468540 0
1551468541 0
1551468542 0
1551468543 0
1551468544 0
1551468545 0
1551468546 0
1551468547 0
1551468548 0
1551468549 0
1551468550 0
1551468551 0
1551468552 0
1551468553 0
1551468554 0
1551468555 0
1551468556 0
1551468557 0
1551468558 0
1551468559 0
1551468560 0
1551468561 0
1551468562 0
1551468563 0
1551468564 0
1551468565 0
1551468566 0
1551468567 0
1551468568 0
1551468569 0
1551468570 0
1551468571 0
1551468572 0
1551468573 0
1551468574 0
1551468575 0
1551468576 0
1551468577 0
1551468578 0
1551468579 0
1551468580 0
1551468581 0
1551468582 0
1551468583 0
1551468584 0
1551468585 0
1551468586 0
1551468587 0
1551468588 0
1551468589 0
1551468590 0
1551468591 0
1551468592 0
1551468593 0
1551468594 0
1551468595 0
1551468596 0
1551468597 0
1551468598 0
1551468599 0
1551468600 0
1551468601 0
1551468602 0
1551468603 0
1551468604 0
1551468605 0
1551468606 0
1551468607 0
1551468608 0
1551468609 0
1551468610 0
1551468611 0
1551468612 0
1551468613 0
1551468614 0
1551468615 0
1551468616 0
1551468617 0
1551468618 0
1551468619 0
1551468620 0
1551468621 0
1551468622 0
1551468623 0
1551468624 0
1551468625 0
1551468626 0
1551468627 0
1551468628 0
1551468629 0
1551468630 0
1551468631 0
1551468632 0
1551468633 0
1551468634 0
1551468635 0
1551468636 0
1551468637 0
1551468638 0
1551468639 0
1551468640 0
1551468641 0
1551468642 0
1551468643 0
1551468644 0
1551468645 0
1551468646 0
1551468647 0
1551468648 0
1551468649 0
1551468650 0
1551468651 0
1551468652 0
1551468653 0
1551468654 0
1551468655 0
1551468656 0
1551468657 0
1551468658 0
1551468659 0
1551468660 0
1551468661 0
1551468662 0
1551468663 0
1551468664 0
1551468665 0
1551468666 0
1551468667 0
1551468668 0
1551468669 0
1551468670 0
1551468671 0
1551468672 0
1551468673 0
1551468674 0
1551468675 0
1551468676 0
1551468677 0
1551468678 0
1551468679 0
1551468680 0
1551468681 0
1551468682 0
1551468683 0
1551468684 0
1551468685 0
1551468686 0
1551468687 0
1551468688 0
1551468689 0
1551468690 0
1551468691 0
1551468692 0
1551468693 0
1551468694 0
1551468695 0
1551468696 0
1551468697 0
1551468698 0
1551468699 0
1551468700 0
1551468701 0
1551468702 0
1551468703 0
1551468704 0
1551468705 0
1551468706 0
1551468707 0
1551468708 0
1551468709 0
1551468710 0
1551468711 0
1551468712 0
1551468713 0
1551468714 0
1551468715 0
1551468716 0
1551468717 0
1551468718 0
1551468719 0
1551468720 0
1551468721 0
1551468722 0
1551468723 0
1551468724 0
1551468725 0
1551468726 0
1551468727 0
1551468728 0
1551468729 0
1551468730 0
1551468731 0
1551468732 0
1551468733 0
1551468734 0
1551468735 0
1551468736 0
1551468737 0
1551468738 0
1551468739 0
1551468740 0
1551468741 0
1551468742 0
1551468743 0
1551468744 0
1551468745 0
1551468746 0
1551468747 0
1551468748 0
1551468749 0
1551468750 0
1551468751 0
1551468752 0
1551468753 0
1551468754 0
1551468755 0
1551468756 0
1551468757 0
1551468758 0
1551468759 0
1551468760 0
1551468761 0
1551468762 0
1551468763 0
1551468764 0
1551468765 0
1551468766 0
1551468767 0
1551468768 0
1551468769 0
1551468770 0
1551468771 0
1551468772 0
1551468773 0
1551468774 0
1551468775 0
1551468776 0
1551468777 0
1551468778 0
1551468779 0
1551468780 0
1551468781 0
1551468782 0
1551468783 0
1551468784 0
1551468785 0
1551468786 0
1551468787 0
1551468788 0
1551468789 0
1551468790 0
1551468791 0
1551468792 0
1551468793 0
1551468794 0
1551468795 0
1551468796 0
1551468797 0
1551468798 0
1551468799 0
1551468800 0
1551468801 0
1551468802 0
1551468803 0
1551468804 0
1551468805 0
1551468806 0
1551468807 0
1551468808 0
1551468809 0
1551468810 0
1551468811 0
1551468812 0
1551468813 0
1551468814 0
1551468815 0
1551468816 0
1551468817 0
1551468818 0
1551468819 0
1551468820 0
1551468821 0
1551468822 0
1551468823 0
1551468824 0
1551468825 0
1551468826 0
1551468827 0
1551468828 0
1551468829 0
1551468830 0
1551468831 0
1551468832 0
1551468833 0
1551468834 0
1551468835 0
1551468836 0
1551468837 0
1551468838 0
1551468839 0
1551468840 0
1551468841 0
1551468842 0
1551468843 0
1551468844 0
1551468845 0
1551468846 0
1551468847 0
1551468848 0
1551468849 0
1551468850 0
1551468851 0
1551468852 0
1551468853 0
1551468854 0
1551468855 0
1551468856 0
1551468857 0
1551468858 0
1551468859 0
1551468860 0
1551468861 0
1551468862 0
1551468863 0
1551468864 0
1551468865 0
1551468866 0
1551468867 0
1551468868 0
1551468869 0
1551468870 0
1551468871 0
1551468872 0
1551468873 0
1551468874 0
1551468875 0
1551468876 0
1551468877 0
1551468878 0
1551468879 0
1551468880 0
1551468881 0
1551468882 0
1551468883 0
1551468884 0
1551468885 0
1551468886 0
1551468887 0
1551468888 0
1551468889 0
1551468890 0
1551468891 0
1551468892 0
1551468893 0
1551468894 0
1551468895 0
1551468896 0
1551468897 0
1551468898 0
1551468899 0
1551468900 0
1551468901 0
1551468902 0
1551468903 0
1551468904 0
1551468905 0
1551468906 0
1551468907 0
1551468908 0
1551468909 0
1551468910 0
1551468911 0
1551468912 0
1551468913 0
1551468914 0
1551468915 0
1551468916 0
1551468917 0
1551468918 0
1551468919 0
1551468920 0
1551468921 0
1551468922 0
1551468923 0
1551468924 0
1551468925 0
1551468926 0
1551468927 0
1551468928 0
1551468929 0
1551468930 0
1551468931 0
1551468932 0
1551468933 0
1551468934 0
1551468935 0
1551468936 0
1551468937 0
1551468938 0
1551468939 0
1551468940 0
1551468941 0
1551468942 0
1551468943 0
1551468944 0
1551468945 0
1551468946 0
1551468947 0
1551468948 0
1551468949 0
1551468950 0
1551468951 0
1551468952 0
1551468953 0
1551468954 0
1551468955 0
1551468956 0
1551468957 0
1551468958 0
1551468959 0
1551468960 0
1551468961 0
1551468962 0
1551468963 0
1551468964 0
1551468965 0
1551468966 0
1551468967 0
1551468968 0
1551468969 0
1551468970 0
1551468971 0
1551468972 0
1551468973 0
1551468974 0
1551468975 0
1551468976 0
1551468977 0
1551468978 0
1551468979 0
1551468980 0
1551468981 0
1551468982 0
1551468983 0
1551468984 0
1551468985 0
1551468986 0
1551468987 0
1551468988 0
1551468989 0
1551468990 0
1551468991 0
1551468992 0
1551468993 0
1551468994 0
1551468995 0
1551468996 0
1551468997 0
1551468998 0
1551468999 0
1551469000 0
1551469001 0
1551469002 0
1551469003 0
1551469004 0
1551469005 0
1551469006 0
1551469007 0
1551469008 0
1551469009 0
1551469010 0
1551469011 0
1551469012 0
1551469013 0
1551469014 0
1551469015 0
1551469016 0
1551469017 0
1551469018 0
1551469019 0
1551469020 0
1551469021 0
1551469022 0
1551469023 0
1551469024 0
1551469025 0
1551469026 0
1551469027 0
1551469028 0
1551469029 0
1551469030 0
1551469031 0
1551469032 0
1551469033 0
1551469034 0
1551469035 0
1551469036 0
1551469037 0
1551469038 0
1551469039 0
1551469040 0
1551469041 0
1551469042 0
1551469043 0
1551469044 0
1551469045 0
1551469046 0
1551469047 0
1551469048 0
1551469049 0
1551469050 0
1551469051 0
1551469052 0
1551469053 0
1551469054 0
1551469055 0
1551469056 0
1551469057 0
1551469058 0
1551469059 0
1551469060 0
1551469061 0
1551469062 0
1551469063 0
1551469064 0
1551469065 0
1551469066 0
1551469067 0
1551469068 0
1551469069 0
1551469070 0
1551469071 0
1551469072 0
1551469073 0
1551469074 0
1551469075 0
1551469076 0
1551469077 0
1551469078 0
1551469079 0
1551469080 0
1551469081 0
1551469082 0
1551469083 0
1551469084 0
1551469085 0
1551469086 0
1551469087 0
1551469088 0
1551469089 0
1551469090 0
1551469091 0
1551469092 0
1551469093 0
1551469094 0
1551469095 0
1551469096 0
1551469097 0
1551469098 0
1551469099 0
1551469100 0
1551469101 0
1551469102 0
1551469103 0
1551469104 0
1551469105 0
1551469106 0
1551469107 0
1551469108 0
1551469109 0
1551469110 0
1551469111 0
1551469112 0
1551469113 0
1551469114 0
1551469115 0
1551469116 0
1551469117 0
1551469118 0
1551469119 0
1551469120 0
1551469121 0
1551469122 0
1551469123 0
1551469124 0
1551469125 0
1551469126 0
1551469127 0
1551469128 0
1551469129 0
1551469130 0
1551469131 0
1551469132 0
1551469133 0
1551469134 0
1551469135 0
1551469136 0
1551469137 0
1551469138 0
1551469139 0
1551469140 0
1551469141 0
1551469142 0
1551469143 0
1551469144 0
1551469145 0
1551469146 0
1551469147 0
1551469148 0
1551469149 0
1551469150 0
1551469151 0
1551469152 0
1551469153 0
1551469154 0
1551469155 0
1551469156 0
1551469157 0
1551469158 0
1551469159 0
1551469160 0
1551469161 0
1551469162 0
1551469163 0
1551469164 0
1551469165 0
1551469166 0
1551469167 0
1551469168 0
1551469169 0
1551469170 0
1551469171 0
1551469172 0
1551469173 0
1551469174 0
1551469175 0
1551469176 0
1551469177 0
1551469178 0
1551469179 0
1551469180 0
1551469181 0
1551469182 0
1551469183 0
1551469184 0
1551469185 0
1551469186 0
1551469187 0
1551469188 0
1551469189 0
1551469190 0
1551469191 0
1551469192 0
1551469193 0
1551469194 0
1551469195 0
1551469196 0
1551469197 0
1551469198 0
1551469199 0
1551469200 0
1551469201 0
1551469202 0
1551469203 0
1551469204 0
1551469205 0
1551469206 0
1551469207 0
1551469208 0
1551469209 0
1551469210 0
1551469211 0
1551469212 0
1551469213 0
1551469214 0
1551469215 0
1551469216 0
1551469217 0
1551469218 0
1551469219 0
1551469220 0
1551469221 0
1551469222 0
1551469223 0
1551469224 0
1551469225 0
1551469226 0
1551469227 0
1551469228 0
1551469229 0
1551469230 0
1551469231 0
1551469232 0
1551469233 0
1551469234 0
1551469235 0
1551469236 0
1551469237 0
1551469238 0
1551469239 0
1551469240 1
1551469241 0
1551469242 2
1551469243 7
1551469244 1
1551469245 0
1551469246 0
1551469247 2
1551469248 2
1551469249 1
1551469250 1
1551469251 9
1551469252 2
1551469253 5
1551469254 2
1551469255 0
1551469256 0
1551469257 3
1551469258 8
1551469259 0
1551469260 0
1551469261 1
1551469262 8
1551469263 4
1551469264 1
1551469265 3
1551469266 9
1551469267 5
1551469268 0
1551469269 0
1551469270 1
1551469271 2
1551469272 1
1551469273 4
1551469274 8
1551469275 2
1551469276 0
1551469277 2
1551469278 2
1551469279 11
1551469280 5
1551469281 2
1551469282 1
1551469283 3
1551469284 4
1551469285 0
1551469286 0
1551469287 0
1551469288 2
1551469289 2
1551469290 6
1551469291 2
1551469292 0
1551469293 2
1551469294 0
1551469295 1
1551469296 1
1551469297 4
1551469298 0
1551469299 3
1551469300 0
1551469301 1
1551469302 6
1551469303 1
1551469304 0
1551469305 2
1551469306 1
1551469307 5
1551469308 4
1551469309 7
1551469310 0
1551469311 2
1551469312 2
1551469313 0
1551469314 0
1551469315 4
1551469316 1
1551469317 1
1551469318 4
1551469319 0
1551469320 2
1551469321 2
1551469322 1
1551469323 10
1551469324 4
1551469325 2
1551469326 1
1551469327 2
1551469328 6
1551469329 4
1551469330 6
1551469331 12
1551469332 0
1551469333 0
1551469334 2
1551469335 0
1551469336 8
1551469337 1
1551469338 10
1551469339 2
1551469340 2
1551469341 0
1551469342 0
1551469343 1
1551469344 6
1551469345 1
1551469346 9
1551469347 4
1551469348 6
1551469349 3
1551469350 0
1551469351 1
1551469352 1
1551469353 5
1551469354 6
1551469355 0
1551469356 4
1551469357 1
1551469358 4
1551469359 1
1551469360 0
1551469361 0
1551469362 6
1551469363 6
1551469364 2
1551469365 7
1551469366 1
1551469367 3
1551469368 0
1551469369 4
1551469370 7
1551469371 1
1551469372 2
1551469373 0
1551469374 2
1551469375 9
1551469376 2
1551469377 3
1551469378 2
1551469379 1
1551469380 6
1551469381 4
1551469382 1
1551469383 1
1551469384 1
1551469385 3
1551469386 0
1551469387 0
1551469388 0
1551469389 0
1551469390 0
1551469391 3
1551469392 1
1551469393 3
1551469394 1
1551469395 2
1551469396 1
1551469397 1
1551469398 0
1551469399 2
1551469400 4
1551469401 2
1551469402 3
1551469403 1
1551469404 1
1551469405 0
1551469406 2
1551469407 2
1551469408 0
1551469409 0
1551469410 0
1551469411 1
1551469412 3
1551469413 0
1551469414 1
1551469415 12
1551469416 9
1551469417 9
1551469418 3
1551469419 1
1551469420 5
1551469421 8
1551469422 2
1551469423 1
1551469424 1
1551469425 0
1551469426 8
1551469427 0
1551469428 0
1551469429 0
1551469430 0
1551469431 0
1551469432 5
1551469433 2
1551469434 0
1551469435 1
1551469436 2
1551469437 2
1551469438 4
1551469439 1
1551469440 2
1551469441 2
1551469442 6
1551469443 1
1551469444 0
1551469445 0
1551469446 6
1551469447 6
1551469448 3
1551469449 2
1551469450 5
1551469451 1
1551469452 0
1551469453 1
1551469454 1
1551469455 1
1551469456 5
1551469457 3
1551469458 0
1551469459 1
1551469460 2
1551469461 3
1551469462 3
1551469463 2
1551469464 0
1551469465 0
1551469466 0
1551469467 1
1551469468 0
1551469469 5
1551469470 4
1551469471 0
1551469472 2
1551469473 7
1551469474 2
1551469475 5
1551469476 8
1551469477 2
1551469478 1
1551469479 0
1551469480 2
1551469481 6
1551469482 2
1551469483 0
1551469484 1
1551469485 1
1551469486 2
1551469487 3
1551469488 0
1551469489 2
1551469490 1
1551469491 0
1551469492 3
1551469493 2
1551469494 2
1551469495 5
1551469496 0
1551469497 1
1551469498 0
1551469499 2
1551469500 1
1551469501 5
1551469502 3
1551469503 4
1551469504 3
1551469505 3
1551469506 1
1551469507 1
1551469508 1
1551469509 11
1551469510 4
1551469511 1
1551469512 3
1551469513 2
1551469514 3
1551469515 2
1551469516 1
1551469517 0
1551469518 2
1551469519 0
1551469520 4
1551469521 0
1551469522 2
1551469523 3
1551469524 3
1551469525 0
1551469526 4
1551469527 1
1551469528 0
1551469529 7
1551469530 5
1551469531 1
1551469532 0
1551469533 3
1551469534 6
1551469535 2
1551469536 0
1551469537 5
1551469538 6
1551469539 4
1551469540 1
1551469541 1
1551469542 12
1551469543 8
1551469544 5
1551469545 3
1551469546 4
1551469547 3
1551469548 1
1551469549 6
1551469550 4
1551469551 2
1551469552 6
1551469553 6
1551469554 0
1551469555 0
1551469556 0
1551469557 2
1551469558 3
1551469559 0
1551469560 1
1551469561 3
1551469562 4
1551469563 3
1551469564 2
1551469565 2
1551469566 2
1551469567 6
1551469568 0
1551469569 6
1551469570 0
1551469571 1
1551469572 2
1551469573 1
1551469574 1
1551469575 4
1551469576 2
1551469577 3
1551469578 17
1551469579 1
1551469580 0
1551469581 2
1551469582 3
1551469583 1
1551469584 0
1551469585 10
1551469586 4
1551469587 7
1551469588 2
1551469589 2
1551469590 0
1551469591 4
1551469592 0
1551469593 0
1551469594 1
1551469595 1
1551469596 7
1551469597 3
1551469598 3
1551469599 0
1551469600 0
1551469601 5
1551469602 0
1551469603 7
1551469604 3
1551469605 2
1551469606 6
1551469607 0
1551469608 0
1551469609 3
1551469610 6
1551469611 0
1551469612 0
1551469613 3
1551469614 1
1551469615 5
1551469616 1
1551469617 3
1551469618 13
1551469619 0
1551469620 4
1551469621 0
1551469622 10
1551469623 3
1551469624 0
1551469625 1
1551469626 5
1551469627 2
1551469628 2
1551469629 1
1551469630 0
1551469631 2
1551469632 0
1551469633 0
1551469634 2
1551469635 3
1551469636 2
1551469637 0
1551469638 0
1551469639 2
1551469640 0
1551469641 4
1551469642 0
1551469643 0
1551469644 1
1551469645 1
1551469646 6
1551469647 0
1551469648 9
1551469649 2
1551469650 2
1551469651 1
1551469652 0
1551469653 4
1551469654 1
1551469655 10
1551469656 0
1551469657 6
1551469658 0
1551469659 11
1551469660 0
1551469661 4
1551469662 3
1551469663 0
1551469664 2
1551469665 1
1551469666 6
1551469667 6
1551469668 0
1551469669 0
1551469670 3
1551469671 1
1551469672 2
1551469673 2
1551469674 1
1551469675 3
1551469676 1
1551469677 5
1551469678 0
1551469679 5
1551469680 4
1551469681 0
1551469682 1
1551469683 3
1551469684 0
1551469685 1
1551469686 2
1551469687 4
1551469688 1
1551469689 8
1551469690 0
1551469691 0
1551469692 3
1551469693 0
1551469694 1
1551469695 2
1551469696 2
1551469697 1
1551469698 1
1551469699 13
1551469700 2
1551469701 0
1551469702 0
1551469703 3
1551469704 2
1551469705 13
1551469706 6
1551469707 1
1551469708 1
1551469709 2
1551469710 0
1551469711 1
1551469712 2
1551469713 4
1551469714 3
1551469715 1
1551469716 1
1551469717 1
1551469718 1
1551469719 1
1551469720 4
1551469721 3
1551469722 6
1551469723 5
1551469724 3
1551469725 3
1551469726 1
1551469727 0
1551469728 0
1551469729 1
1551469730 0
1551469731 2
1551469732 9
1551469733 2
1551469734 1
1551469735 2
1551469736 11
1551469737 0
1551469738 2
1551469739 3
1551469740 7
1551469741 1
1551469742 1
1551469743 2
1551469744 1
1551469745 3
1551469746 2
1551469747 5
1551469748 3
1551469749 0
1551469750 5
1551469751 8
1551469752 6
1551469753 5
1551469754 3
1551469755 2
1551469756 0
1551469757 0
1551469758 3
1551469759 5
1551469760 2
1551469761 2
1551469762 0
1551469763 1
1551469764 0
1551469765 4
1551469766 0
1551469767 5
1551469768 3
1551469769 0
1551469770 1
1551469771 2
1551469772 6
1551469773 1
1551469774 6
1551469775 2
1551469776 0
1551469777 0
1551469778 1
1551469779 2
1551469780 1
1551469781 0
1551469782 0
1551469783 1
1551469784 0
1551469785 0
1551469786 6
1551469787 0
1551469788 2
1551469789 3
1551469790 0
1551469791 5
1551469792 1
1551469793 2
1551469794 0
1551469795 1
1551469796 1
1551469797 1
1551469798 4
1551469799 1
1551469800 0
1551469801 1
1551469802 2
1551469803 6
1551469804 11
1551469805 0
1551469806 6
1551469807 4
1551469808 5
1551469809 2
1551469810 5
1551469811 0
1551469812 8
1551469813 5
1551469814 4
1551469815 2
1551469816 0
1551469817 0
1551469818 0
1551469819 3
1551469820 3
1551469821 2
1551469822 6
1551469823 0
1551469824 2
1551469825 2
1551469826 1
1551469827 1
1551469828 1
1551469829 3
1551469830 0
1551469831 5
1551469832 3
1551469833 8
1551469834 8
1551469835 2
1551469836 7
1551469837 0
1551469838 8
1551469839 1
1551469840 2
1551469841 2
1551469842 1
1551469843 3
1551469844 4
1551469845 0
1551469846 1
1551469847 8
1551469848 1
1551469849 3
1551469850 2
1551469851 0
1551469852 3
1551469853 0
1551469854 3
1551469855 4
1551469856 0
1551469857 5
1551469858 1
1551469859 0
1551469860 6
1551469861 0
1551469862 3
1551469863 0
1551469864 0
1551469865 6
1551469866 1
1551469867 7
1551469868 1
1551469869 2
1551469870 3
1551469871 9
1551469872 0
1551469873 1
1551469874 0
1551469875 8
1551469876 0
1551469877 0
1551469878 0
1551469879 2
1551469880 0
1551469881 2
1551469882 1
1551469883 5
1551469884 1
1551469885 1
1551469886 1
1551469887 0
1551469888 0
1551469889 3
1551469890 1
1551469891 0
1551469892 0
1551469893 2
1551469894 2
1551469895 0
1551469896 1
1551469897 3
1551469898 0
1551469899 2
1551469900 8
1551469901 1
1551469902 1
1551469903 6
1551469904 7
1551469905 2
1551469906 4
1551469907 1
1551469908 3
1551469909 2
1551469910 2
1551469911 1
1551469912 2
1551469913 0
1551469914 4
1551469915 0
1551469916 2
1551469917 0
1551469918 3
1551469919 2
1551469920 6
1551469921 3
1551469922 3
1551469923 0
1551469924 2
1551469925 0
1551469926 4
1551469927 1
1551469928 9
1551469929 1
1551469930 4
1551469931 0
1551469932 0
1551469933 0
1551469934 6
1551469935 0
1551469936 3
1551469937 0
1551469938 0
1551469939 4
1551469940 5
1551469941 4
1551469942 3
1551469943 1
1551469944 2
1551469945 0
1551469946 1
1551469947 4
1551469948 0
1551469949 3
1551469950 0
1551469951 7
1551469952 0
1551469953 1
1551469954 8
1551469955 1
1551469956 10
1551469957 0
1551469958 5
1551469959 2
1551469960 5
1551469961 5
1551469962 3
1551469963 1
1551469964 12
1551469965 2
1551469966 2
1551469967 2
1551469968 2
1551469969 1
1551469970 0
1551469971 6
1551469972 0
1551469973 1
1551469974 2
1551469975 5
1551469976 1
1551469977 0
1551469978 0
1551469979 1
1551469980 3
1551469981 5
1551469982 2
1551469983 2
1551469984 3
1551469985 0
1551469986 0
1551469987 1
1551469988 0
1551469989 0
1551469990 4
1551469991 1
1551469992 2
1551469993 7
1551469994 0
1551469995 1
1551469996 1
1551469997 1
1551469998 10
1551469999 1
1551470000 6
1551470001 7
1551470002 0
1551470003 2
1551470004 7
1551470005 8
1551470006 1
1551470007 0
1551470008 2
1551470009 4
1551470010 0
1551470011 0
1551470012 0
1551470013 0
1551470014 0
1551470015 0
1551470016 0
1551470017 0
1551470018 0
1551470019 0
1551470020 0
1551470021 0
1551470022 0
1551470023 0
1551470024 0
1551470025 0
1551470026 0
1551470027 0
1551470028 0
1551470029 0
1551470030 0
1551470031 0
1551470032 0
1551470033 0
1551470034 0
1551470035 0
1551470036 0
1551470037 0
1551470038 0
1551470039 0
1551470040 0
1551470041 0
1551470042 0
1551470043 0
1551470044 0
1551470045 0
1551470046 0
1551470047 0
1551470048 0
1551470049 0
1551470050 0
1551470051 0
1551470052 0
1551470053 0
1551470054 0
1551470055 0
1551470056 0
1551470057 0
1551470058 0
1551470059 0
1551470060 0
1551470061 0
1551470062 0
1551470063 0
1551470064 0
1551470065 0
1551470066 0
1551470067 0
1551470068 0
1551470069 0
1551470070 0
1551470071 0
1551470072 0
1551470073 0
1551470074 0
1551470075 0
1551470076 0
1551470077 0
1551470078 0
1551470079 0
1551470080 0
1551470081 0
1551470082 0
1551470083 0
1551470084 0
1551470085 0
1551470086 0
1551470087 0
1551470088 0
1551470089 0
1551470090 0
1551470091 0
1551470092 0
1551470093 0
1551470094 0
1551470095 0
1551470096 0
1551470097 0
1551470098 0
1551470099 0
1551470100 0
1551470101 0
1551470102 0
1551470103 0
1551470104 0
1551470105 0
1551470106 0
1551470107 0
1551470108 0
1551470109 0
1551470110 0
1551470111 0
1551470112 0
1551470113 0
1551470114 0
1551470115 0
1551470116 0
1551470117 0
1551470118 0
1551470119 0
1551470120 0
1551470121 0
1551470122 0
1551470123 0
1551470124 0
1551470125 0
1551470126 0
1551470127 0
1551470128 0
1551470129 0
1551470130 0
1551470131 0
1551470132 0
1551470133 0
1551470134 0
1551470135 0
1551470136 0
1551470137 0
1551470138 0
1551470139 0
1551470140 0
1551470141 0
1551470142 0
1551470143 0
1551470144 0
1551470145 0
1551470146 0
1551470147 0
1551470148 0
1551470149 0
1551470150 0
1551470151 0
1551470152 0
1551470153 0
1551470154 0
1551470155 0
1551470156 0
1551470157 0
1551470158 0
1551470159 0
1551470160 0
1551470161 0
1551470162 0
1551470163 0
1551470164 0
1551470165 0
1551470166 0
1551470167 0
1551470168 0
1551470169 0
1551470170 0
1551470171 0
1551470172 0
1551470173 0
1551470174 0
1551470175 0
1551470176 0
1551470177 0
1551470178 0
1551470179 0
1551470180 0
1551470181 0
1551470182 0
1551470183 0
1551470184 0
1551470185 0
1551470186 0
1551470187 0
1551470188 0
1551470189 0
1551470190 0
1551470191 0
1551470192 0
1551470193 0
1551470194 0
1551470195 0
1551470196 0
1551470197 0
1551470198 0
1551470199 0
1551470200 0
1551470201 0
1551470202 0
1551470203 0
1551470204 0
1551470205 0
1551470206 0
1551470207 0
1551470208 0
1551470209 0
1551470210 0
1551470211 0
1551470212 0
1551470213 0
1551470214 0
1551470215 0
1551470216 0
1551470217 0
1551470218 0
1551470219 0
1551470220 0
1551470221 0
1551470222 0
1551470223 0
1551470224 0
1551470225 0
1551470226 0
1551470227 0
1551470228 0
1551470229 0
1551470230 0
1551470231 0
1551470232 0
1551470233 0
1551470234 0
1551470235 0
1551470236 0
1551470237 0
1551470238 0
1551470239 0
1551470240 0
1551470241 0
1551470242 0
1551470243 0
1551470244 0
1551470245 0
1551470246 0
1551470247 0
1551470248 0
1551470249 0
1551470250 0
1551470251 0
1551470252 0
1551470253 0
1551470254 0
1551470255 0
1551470256 0
1551470257 0
1551470258 0
1551470259 0
1551470260 0
1551470261 0
1551470262 0
1551470263 0
1551470264 0
1551470265 0
1551470266 0
1551470267 0
1551470268 0
1551470269 0
1551470270 0
1551470271 0
1551470272 0
1551470273 0
1551470274 0
1551470275 0
1551470276 0
1551470277 0
1551470278 0
1551470279 0
1551470280 0
1551470281 0
1551470282 0
1551470283 0
1551470284 0
1551470285 0
1551470286 0
1551470287 0
1551470288 0
1551470289 0
1551470290 0
1551470291 0
1551470292 0
1551470293 0
1551470294 0
1551470295 0
1551470296 0
1551470297 0
1551470298 0
1551470299 0
1551470300 0
1551470301 0
1551470302 0
1551470303 0
1551470304 0
1551470305 0
1551470306 0
1551470307 0
1551470308 0
1551470309 0
1551470310 0
1551470311 0
1551470312 0
1551470313 0
1551470314 0
1551470315 0
1551470316 0
1551470317 0
1551470318 0
1551470319 0
1551470320 0
1551470321 0
1551470322 0
1551470323 0
1551470324 0
1551470325 0
1551470326 0
1551470327 0
1551470328 0
1551470329 0
1551470330 0
1551470331 0
1551470332 0
1551470333 0
1551470334 0
1551470335 0
1551470336 0
1551470337 0
1551470338 0
1551470339 0
1551470340 0
1551470341 0
1551470342 0
1551470343 0
1551470344 0
1551470345 0
1551470346 0
1551470347 0
1551470348 0
1551470349 0
1551470350 0
1551470351 0
1551470352 0
1551470353 0
1551470354 0
1551470355 0
1551470356 0
1551470357 0
1551470358 0
1551470359 0
1551470360 0
1551470361 0
1551470362 0
1551470363 0
1551470364 0
1551470365 0
1551470366 0
1551470367 0
1551470368 0
1551470369 0
1551470370 0
1551470371 0
1551470372 0
1551470373 0
1551470374 0
1551470375 0
1551470376 0
1551470377 0
1551470378 0
1551470379 0
1551470380 0
1551470381 0
1551470382 0
1551470383 0
1551470384 0
1551470385 0
1551470386 0
1551470387 0
1551470388 0
1551470389 0
1551470390 0
1551470391 0
1551470392 0
1551470393 0
1551470394 0
1551470395 0
1551470396 0
1551470397 0
1551470398 0
1551470399 0
1551470400 0
1551470401 0
1551470402 0
1551470403 0
1551470404 0
1551470405 0
1551470406 0
1551470407 0
1551470408 0
1551470409 0
1551470410 0
1551470411 0
1551470412 0
1551470413 0
1551470414 0
1551470415 0
1551470416 0
1551470417 0
1551470418 0
1551470419 0
1551470420 0
1551470421 0
1551470422 0
1551470423 0
1551470424 0
1551470425 0
1551470426 0
1551470427 0
1551470428 0
1551470429 0
1551470430 0
1551470431 0
1551470432 0
1551470433 0
1551470434 0
1551470435 0
1551470436 0
1551470437 0
1551470438 0
1551470439 0
1551470440 0
1551470441 0
1551470442 0
1551470443 0
1551470444 0
1551470445 0
1551470446 0
1551470447 0
1551470448 0
1551470449 0
1551470450 0
1551470451 0
1551470452 0
1551470453 0
1551470454 0
1551470455 0
1551470456 0
1551470457 0
1551470458 0
1551470459 0
1551470460 0
1551470461 0
1551470462 0
1551470463 0
1551470464 0
1551470465 0
1551470466 0
1551470467 0
1551470468 0
1551470469 0
1551470470 0
1551470471 0
1551470472 0
1551470473 0
1551470474 0
1551470475 0
1551470476 0
1551470477 0
1551470478 0
1551470479 0
1551470480 0
1551470481 0
1551470482 0
1551470483 0
1551470484 0
1551470485 0
1551470486 0
1551470487 0
1551470488 0
1551470489 0
1551470490 0
1551470491 0
1551470492 0
1551470493 0
1551470494 0
1551470495 0
1551470496 0
1551470497 0
1551470498 0
1551470499 0
1551470500 0
1551470501 0
1551470502 0
1551470503 0
1551470504 0
1551470505 0
1551470506 0
1551470507 0
1551470508 0
1551470509 0
1551470510 0
1551470511 0
1551470512 0
1551470513 0
1551470514 0
1551470515 0
1551470516 0
1551470517 0
1551470518 0
1551470519 0
1551470520 0
1551470521 0
1551470522 0
1551470523 0
1551470524 0
1551470525 0
1551470526 0
1551470527 0
1551470528 0
1551470529 0
1551470530 0
1551470531 0
1551470532 0
1551470533 0
1551470534 0
1551470535 0
1551470536 0
1551470537 0
1551470538 0
1551470539 0
1551470540 0
1551470541 0
1551470542 0
1551470543 0
1551470544 0
1551470545 0
1551470546 0
1551470547 0
1551470548 0
1551470549 0
1551470550 0
1551470551 0
1551470552 0
1551470553 0
1551470554 0
1551470555 0
1551470556 0
1551470557 0
1551470558 0
1551470559 0
1551470560 0
1551470561 0
1551470562 0
1551470563 0
1551470564 0
1551470565 0
1551470566 0
1551470567 0
1551470568 0
1551470569 0
1551470570 0
1551470571 0
1551470572 0
1551470573 0
1551470574 0
1551470575 0
1551470576 0
1551470577 0
1551470578 0
1551470579 0
1551470580 0
1551470581 0
1551470582 0
1551470583 0
1551470584 0
1551470585 0
1551470586 0
1551470587 0
1551470588 0
1551470589 0
1551470590 0
1551470591 0
1551470592 0
1551470593 0
1551470594 0
1551470595 0
1551470596 0
1551470597 0
1551470598 0
1551470599 0
1551470600 0
1551470601 0
1551470602 0
1551470603 0
1551470604 0
1551470605 0
1551470606 0
1551470607 0
1551470608 0
1551470609 0
1551470610 0
1551470611 0
1551470612 0
1551470613 0
1551470614 0
1551470615 0
1551470616 0
1551470617 0
1551470618 0
1551470619 0
1551470620 0
1551470621 0
1551470622 0
1551470623 0
1551470624 0
1551470625 0
1551470626 0
1551470627 0
1551470628 0
1551470629 0
1551470630 0
1551470631 0
1551470632 0
1551470633 0
1551470634 0
1551470635 0
1551470636 0
1551470637 0
1551470638 0
1551470639 0
1551470640 0
1551470641 0
1551470642 0
1551470643 0
1551470644 0
1551470645 0
1551470646 0
1551470647 0
1551470648 0
1551470649 0
1551470650 0
1551470651 0
1551470652 0
1551470653 0
1551470654 0
1551470655 0
1551470656 0
1551470657 0
1551470658 0
1551470659 0
1551470660 0
1551470661 0
1551470662 0
1551470663 0
1551470664 0
1551470665 0
1551470666 0
1551470667 0
1551470668 0
1551470669 0
1551470670 0
1551470671 0
1551470672 0
1551470673 0
1551470674 0
1551470675 0
1551470676 0
1551470677 0
1551470678 0
1551470679 0
1551470680 0
1551470681 0
1551470682 0
1551470683 0
1551470684 0
1551470685 0
1551470686 0
1551470687 0
1551470688 0
1551470689 0
1551470690 0
1551470691 0
1551470692 0
1551470693 0
1551470694 0
1551470695 0
1551470696 0
1551470697 0
1551470698 0
1551470699 0
1551470700 0
1551470701 0
1551470702 0
1551470703 0
1551470704 0
1551470705 0
1551470706 0
1551470707 0
1551470708 0
1551470709 0
1551470710 0
1551470711 0
1551470712 0
1551470713 0
1551470714 0
1551470715 0
1551470716 0
1551470717 0
1551470718 0
1551470719 0
1551470720 0
1551470721 0
1551470722 0
1551470723 0
1551470724 0
1551470725 0
1551470726 0
1551470727 0
1551470728 0
1551470729 0
1551470730 0
1551470731 0
1551470732 0
1551470733 0
1551470734 0
1551470735 0
1551470736 0
1551470737 0
1551470738 0
1551470739 0
1551470740 0
1551470741 0
1551470742 0
1551470743 0
1551470744 0
1551470745 0
1551470746 0
1551470747 0
1551470748 0
1551470749 0
1551470750 0
1551470751 0
1551470752 0
1551470753 0
1551470754 0
1551470755 0
1551470756 0
1551470757 0
1551470758 0
1551470759 0
1551470760 0
1551470761 0
1551470762 0
1551470763 0
1551470764 0
1551470765 0
1551470766 0
1551470767 0
1551470768 0
1551470769 0
1551470770 0
1551470771 0
1551470772 0
1551470773 0
1551470774 0
1551470775 0
1551470776 0
1551470777 0
1551470778 0
1551470779 0
1551470780 0
1551470781 0
1551470782 0
1551470783 0
1551470784 0
1551470785 0
1551470786 0
1551470787 0
1551470788 0
1551470789 0
1551470790 0
1551470791 0
1551470792 0
1551470793 0
1551470794 0
1551470795 0
1551470796 0
1551470797 0
1551470798 0
1551470799 0
1551470800 0
1551470801 0
1551470802 0
1551470803 0
1551470804 0
1551470805 0
1551470806 0
1551470807 0
1551470808 0
1551470809 0
1551470810 0
1551470811 0
1551470812 0
1551470813 0
1551470814 0
1551470815 0
1551470816 0
1551470817 0
1551470818 0
1551470819 0
1551470820 0
1551470821 0
1551470822 0
1551470823 0
1551470824 0
1551470825 0
1551470826 0
1551470827 0
1551470828 0
1551470829 0
1551470830 0
1551470831 0
1551470832 0
1551470833 0
1551470834 0
1551470835 0
1551470836 0
1551470837 0
1551470838 0
1551470839 0
1551470840 0
1551470841 0
1551470842 0
1551470843 0
1551470844 0
1551470845 0
1551470846 0
1551470847 0
1551470848 0
1551470849 0
1551470850 0
1551470851 0
1551470852 0
1551470853 0
1551470854 0
1551470855 0
1551470856 0
1551470857 0
1551470858 0
1551470859 0
1551470860 0
1551470861 0
1551470862 0
1551470863 0
1551470864 0
1551470865 0
1551470866 0
1551470867 0
1551470868 0
1551470869 0
1551470870 0
1551470871 0
1551470872 0
1551470873 0
1551470874 0
1551470875 0
1551470876 0
1551470877 0
1551470878 0
1551470879 0
1551470880 0
1551470881 0
1551470882 0
1551470883 0
1551470884 0
1551470885 0
1551470886 0
1551470887 0
1551470888 0
1551470889 0
1551470890 0
1551470891 0
1551470892 0
1551470893 0
1551470894 0
1551470895 0
1551470896 0
1551470897 0
1551470898 0
1551470899 0
1551470900 0
1551470901 0
1551470902 0
1551470903 0
1551470904 0
1551470905 0
1551470906 0
1551470907 0
1551470908 0
1551470909 0
1551470910 0
1551470911 0
1551470912 0
1551470913 0
1551470914 0
1551470915 0
1551470916 0
1551470917 0
1551470918 0
1551470919 0
1551470920 0
1551470921 0
1551470922 0
1551470923 0
1551470924 0
1551470925 0
1551470926 0
1551470927 0
1551470928 0
1551470929 0
1551470930 0
1551470931 0
1551470932 0
1551470933 0
1551470934 0
1551470935 0
1551470936 0
1551470937 0
1551470938 0
1551470939 0
1551470940 0
1551470941 0
1551470942 0
1551470943 0
1551470944 0
1551470945 0
1551470946 0
1551470947 0
1551470948 0
1551470949 0
1551470950 0
1551470951 0
1551470952 0
1551470953 0
1551470954 0
1551470955 0
1551470956 0
1551470957 0
1551470958 0
1551470959 0
1551470960 0
1551470961 0
1551470962 0
1551470963 0
1551470964 0
1551470965 0
1551470966 0
1551470967 0
1551470968 0
1551470969 0
1551470970 0
1551470971 0
1551470972 0
1551470973 0
1551470974 0
1551470975 0
1551470976 0
1551470977 0
1551470978 0
1551470979 0
1551470980 0
1551470981 0
1551470982 0
1551470983 0
1551470984 0
1551470985 0
1551470986 0
1551470987 0
1551470988 0
1551470989 0
1551470990 0
1551470991 0
1551470992 0
1551470993 0
1551470994 0
1551470995 0
1551470996 0
1551470997 0
1551470998 0
1551470999 0
1551471000 0
1551471001 0
1551471002 0
1551471003 0
1551471004 0
1551471005 0
1551471006 0
1551471007 0
1551471008 0
1551471009 0
1551471010 0
1551471011 0
1551471012 0
1551471013 0
1551471014 0
1551471015 0
1551471016 0
1551471017 0
1551471018 0
1551471019 0
1551471020 0
1551471021 0
1551471022 0
1551471023 0
1551471024 0
1551471025 0
1551471026 0
1551471027 0
1551471028 0
1551471029 0
1551471030 0
1551471031 0
1551471032 0
1551471033 0
1551471034 0
1551471035 0
1551471036 0
1551471037 0
1551471038 0
1551471039 0
1551471040 0
1551471041 0
1551471042 0
1551471043 0
1551471044 0
1551471045 0
1551471046 0
1551471047 0
1551471048 0
1551471049 0
1551471050 0
1551471051 0
1551471052 0
1551471053 0
1551471054 0
1551471055 0
1551471056 0
1551471057 0
1551471058 0
1551471059 0
1551471060 0
1551471061 0
1551471062 0
1551471063 0
1551471064 0
1551471065 0
1551471066 0
1551471067 0
1551471068 0
1551471069 0
1551471070 0
1551471071 0
1551471072 0
1551471073 0
1551471074 0
1551471075 0
1551471076 0
1551471077 0
1551471078 0
1551471079 0
1551471080 0
1551471081 0
1551471082 0
1551471083 0
1551471084 0
1551471085 0
1551471086 0
1551471087 0
1551471088 0
1551471089 0
1551471090 0
1551471091 0
1551471092 0
1551471093 0
1551471094 0
1551471095 0
1551471096 0
1551471097 0
1551471098 0
1551471099 0
1551471100 0
1551471101 0
1551471102 0
1551471103 0
1551471104 0
1551471105 0
1551471106 0
1551471107 0
1551471108 0
1551471109 0
1551471110 0
1551471111 0
1551471112 0
1551471113 0
1551471114 0
1551471115 0
1551471116 0
1551471117 0
1551471118 0
1551471119 0
1551471120 0
1551471121 0
1551471122 0
1551471123 0
1551471124 0
1551471125 0
1551471126 0
1551471127 0
1551471128 0
1551471129 0
1551471130 0
1551471131 0
1551471132 0
1551471133 0
1551471134 0
1551471135 0
1551471136 0
1551471137 0
1551471138 0
1551471139 0
1551471140 0
1551471141 0
1551471142 0
1551471143 0
1551471144 0
1551471145 0
1551471146 0
1551471147 0
1551471148 0
1551471149 0
1551471150 0
1551471151 0
1551471152 0
1551471153 0
1551471154 0
1551471155 0
1551471156 0
1551471157 0
1551471158 0
1551471159 0
1551471160 0
1551471161 0
1551471162 0
1551471163 0
1551471164 0
1551471165 0
1551471166 0
1551471167 0
1551471168 0
1551471169 0
1551471170 0
1551471171 0
1551471172 0
1551471173 0
1551471174 0
1551471175 0
1551471176 0
1551471177 0
1551471178 0
1551471179 0
1551471180 0
1551471181 0
1551471182 0
1551471183 0
1551471184 0
1551471185 0
1551471186 0
1551471187 0
1551471188 0
1551471189 0
1551471190 0
1551471191 0
1551471192 0
1551471193 0
1551471194 0
1551471195 0
1551471196 0
1551471197 0
1551471198 0
1551471199 0
1551471200 0
1551471201 0
1551471202 0
1551471203 0
1551471204 0
1551471205 0
1551471206 0
1551471207 0
1551471208 0
1551471209 0
1551471210 0
1551471211 0
1551471212 0
1551471213 0
1551471214 0
1551471215 0
1551471216 0
1551471217 0
1551471218 0
1551471219 0
1551471220 0
1551471221 0
1551471222 0
1551471223 0
1551471224 0
1551471225 0
1551471226 0
1551471227 0
1551471228 0
1551471229 0
1551471230 0
1551471231 0
1551471232 0
1551471233 0
1551471234 0
1551471235 0
1551471236 0
1551471237 0
1551471238 0
1551471239 0
1551471240 0
1551471241 0
1551471242 0
1551471243 0
1551471244 0
1551471245 0
1551471246 0
1551471247 0
1551471248 0
1551471249 0
1551471250 0
1551471251 0
1551471252 0
1551471253 0
1551471254 0
1551471255 0
1551471256 0
1551471257 0
1551471258 0
1551471259 0
1551471260 0
1551471261 0
1551471262 0
1551471263 0
1551471264 0
1551471265 0
1551471266 0
1551471267 0
1551471268 0
1551471269 0
1551471270 0
1551471271 0
1551471272 0
1551471273 0
1551471274 0
1551471275 0
1551471276 0
1551471277 0
1551471278 0
1551471279 0
1551471280 0
1551471281 0
1551471282 0
1551471283 0
1551471284 0
1551471285 0
1551471286 0
1551471287 0
1551471288 0
1551471289 0
1551471290 0
1551471291 0
1551471292 0
1551471293 0
1551471294 0
1551471295 0
1551471296 0
1551471297 0
1551471298 0
1551471299 0
1551471300 0
1551471301 0
1551471302 0
1551471303 0
1551471304 0
1551471305 0
1551471306 0
1551471307 0
1551471308 0
1551471309 0
1551471310 0
1551471311 0
1551471312 0
1551471313 0
1551471314 0
1551471315 0
1551471316 0
1551471317 0
1551471318 0
1551471319 0
1551471320 0
1551471321 0
1551471322 0
1551471323 0
1551471324 0
1551471325 0
1551471326 0
1551471327 0
1551471328 0
1551471329 0
1551471330 0
1551471331 0
1551471332 0
1551471333 0
1551471334 0
1551471335 0
1551471336 0
1551471337 0
1551471338 0
1551471339 0
1551471340 0
1551471341 0
1551471342 0
1551471343 0
1551471344 0
1551471345 0
1551471346 0
1551471347 0
1551471348 0
1551471349 0
1551471350 0
1551471351 0
1551471352 0
1551471353 0
1551471354 0
1551471355 0
1551471356 0
1551471357 0
1551471358 0
1551471359 0
1551471360 0
1551471361 0
1551471362 0
1551471363 0
1551471364 0
1551471365 0
1551471366 0
1551471367 0
1551471368 0
1551471369 0
1551471370 0
1551471371 0
1551471372 0
1551471373 0
1551471374 0
1551471375 0
1551471376 0
1551471377 0
1551471378 0
1551471379 0
1551471380 0
1551471381 0
1551471382 0
1551471383 0
1551471384 0
1551471385 0
1551471386 0
1551471387 0
1551471388 0
1551471389 0
1551471390 0
1551471391 0
1551471392 0
1551471393 0
1551471394 0
1551471395 0
1551471396 0
1551471397 0
1551471398 0
1551471399 0
1551471400 0
1551471401 0
1551471402 0
1551471403 0
1551471404 0
1551471405 0
1551471406 0
1551471407 0
1551471408 0
1551471409 0
1551471410 0
1551471411 0
1551471412 0
1551471413 0
1551471414 0
1551471415 0
1551471416 0
1551471417 0
1551471418 0
1551471419 0
1551471420 0
1551471421 0
1551471422 0
1551471423 0
1551471424 0
1551471425 0
1551471426 0
1551471427 0
1551471428 0
1551471429 0
1551471430 0
1551471431 0
1551471432 0
1551471433 0
1551471434 0
1551471435 0
1551471436 0
1551471437 0
1551471438 0
1551471439 0
1551471440 0
1551471441 0
1551471442 0
1551471443 0
1551471444 0
1551471445 0
1551471446 0
1551471447 0
1551471448 0
1551471449 0
1551471450 0
1551471451 0
1551471452 0
1551471453 0
1551471454 0
1551471455 0
1551471456 0
1551471457 0
1551471458 0
1551471459 0
1551471460 0
1551471461 0
1551471462 0
1551471463 0
1551471464 0
1551471465 0
1551471466 0
1551471467 0
1551471468 0
1551471469 0
1551471470 0
1551471471 0
1551471472 0
1551471473 0
1551471474 0
1551471475 0
1551471476 0
1551471477 0
1551471478 0
1551471479 0
1551471480 0
1551471481 0
1551471482 0
1551471483 0
1551471484 0
1551471485 0
1551471486 0
1551471487 0
1551471488 0
1551471489 0
1551471490 0
1551471491 0
1551471492 0
1551471493 0
1551471494 0
1551471495 0
1551471496 0
1551471497 0
1551471498 0
1551471499 0
1551471500 0
1551471501 0
1551471502 0
1551471503 0
1551471504 0
1551471505 0
1551471506 0
1551471507 0
1551471508 0
1551471509 0
1551471510 0
1551471511 0
1551471512 0
1551471513 0
1551471514 0
1551471515 0
1551471516 0
1551471517 0
1551471518 0
1551471519 0
1551471520 0
1551471521 0
1551471522 0
1551471523 0
1551471524 0
1551471525 0
1551471526 0
1551471527 0
1551471528 0
1551471529 0
1551471530 0
1551471531 0
1551471532 0
1551471533 0
1551471534 0
1551471535 0
1551471536 0
1551471537 0
1551471538 0
1551471539 0
1551471540 0
1551471541 0
1551471542 0
1551471543 0
1551471544 0
1551471545 0
1551471546 0
1551471547 0
1551471548 0
1551471549 0
1551471550 0
1551471551 0
1551471552 0
1551471553 0
1551471554 0
1551471555 0
1551471556 0
1551471557 0
1551471558 0
1551471559 0
1551471560 0
1551471561 0
1551471562 0
1551471563 0
1551471564 0
1551471565 0
1551471566 0
1551471567 0
1551471568 0
1551471569 0
1551471570 0
1551471571 0
1551471572 0
1551471573 0
1551471574 0
1551471575 0
1551471576 0
1551471577 0
1551471578 0
1551471579 0
1551471580 0
1551471581 0
1551471582 0
1551471583 0
1551471584 0
1551471585 0
1551471586 0
1551471587 0
1551471588 0
1551471589 0
1551471590 0
1551471591 0
1551471592 0
1551471593 0
1551471594 0
1551471595 0
1551471596 0
1551471597 0
1551471598 0
1551471599 0
1551471600 0
1551471601 0
1551471602 0
1551471603 0
1551471604 0
1551471605 0
1551471606 0
1551471607 0
1551471608 0
1551471609 0
1551471610 0
1551471611 0
1551471612 0
1551471613 0
1551471614 0
1551471615 0
1551471616 0
1551471617 0
1551471618 0
1551471619 0
1551471620 0
1551471621 0
1551471622 0
1551471623 0
1551471624 0
1551471625 0
1551471626 0
1551471627 0
1551471628 0
1551471629 0
1551471630 0
1551471631 0
1551471632 0
1551471633 0
1551471634 0
1551471635 0
1551471636 0
1551471637 0
1551471638 0
1551471639 0
1551471640 0
1551471641 0
1551471642 0
1551471643 0
1551471644 0
1551471645 0
1551471646 0
1551471647 0
1551471648 0
1551471649 0
1551471650 0
1551471651 0
1551471652 0
1551471653 0
1551471654 0
1551471655 0
1551471656 0
1551471657 0
1551471658 0
1551471659 0
1551471660 0
1551471661 0
1551471662 0
1551471663 0
1551471664 0
1551471665 0
1551471666 0
1551471667 0
1551471668 0
1551471669 0
1551471670 0
1551471671 0
1551471672 0
1551471673 0
1551471674 0
1551471675 0
1551471676 0
1551471677 0
1551471678 0
1551471679 0
1551471680 0
1551471681 0
1551471682 0
1551471683 0
1551471684 0
1551471685 0
1551471686 0
1551471687 0
1551471688 0
1551471689 0
1551471690 0
1551471691 0
1551471692 0
1551471693 0
1551471694 0
1551471695 0
1551471696 0
1551471697 0
1551471698 0
1551471699 0
1551471700 0
1551471701 0
1551471702 0
1551471703 0
1551471704 0
1551471705 0
1551471706 0
1551471707 0
1551471708 0
1551471709 0
1551471710 0
1551471711 0
1551471712 0
1551471713 0
1551471714 0
1551471715 0
1551471716 0
1551471717 0
1551471718 0
1551471719 0
1551471720 0
1551471721 0
1551471722 0
1551471723 0
1551471724 0
1551471725 0
1551471726 0
1551471727 0
1551471728 0
1551471729 0
1551471730 0
1551471731 0
1551471732 0
1551471733 0
1551471734 0
1551471735 0
1551471736 0
1551471737 0
1551471738 0
1551471739 0
1551471740 0
1551471741 0
1551471742 0
1551471743 0
1551471744 0
1551471745 0
1551471746 0
1551471747 0
1551471748 0
1551471749 0
1551471750 0
1551471751 0
1551471752 0
1551471753 0
1551471754 0
1551471755 0
1551471756 0
1551471757 0
1551471758 0
1551471759 0
1551471760 0
1551471761 0
1551471762 0
1551471763 0
1551471764 0
1551471765 0
1551471766 0
1551471767 0
1551471768 0
1551471769 0
1551471770 0
1551471771 0
1551471772 0
1551471773 0
1551471774 0
1551471775 0
1551471776 0
1551471777 0
1551471778 0
1551471779 0
1551471780 0
1551471781 0
1551471782 0
1551471783 0
1551471784 0
1551471785 0
1551471786 0
1551471787 0
1551471788 0
1551471789 0
1551471790 0
1551471791 0
1551471792 0
1551471793 0
1551471794 0
1551471795 0
1551471796 0
1551471797 0
1551471798 0
1551471799 0
1551471800 0
1551471801 0
1551471802 0
1551471803 0
1551471804 0
1551471805 0
1551471806 0
1551471807 0
1551471808 0
1551471809 0
1551471810 0
1551471811 0
1551471812 0
1551471813 0
1551471814 0
1551471815 0
1551471816 0
1551471817 0
1551471818 0
1551471819 0
1551471820 0
1551471821 0
1551471822 0
1551471823 0
1551471824 0
1551471825 0
1551471826 0
1551471827 0
1551471828 0
1551471829 0
1551471830 0
1551471831 0
1551471832 0
1551471833 0
1551471834 0
1551471835 0
1551471836 0
1551471837 0
1551471838 0
1551471839 0
1551471840 0
1551471841 0
1551471842 0
1551471843 0
1551471844 0
1551471845 0
1551471846 0
1551471847 0
1551471848 0
1551471849 0
1551471850 0
1551471851 0
1551471852 0
1551471853 0
1551471854 0
1551471855 0
1551471856 0
1551471857 0
1551471858 0
1551471859 0
1551471860 0
1551471861 0
1551471862 0
1551471863 0
1551471864 0
1551471865 0
1551471866 0
1551471867 0
1551471868 0
1551471869 0
1551471870 0
1551471871 0
1551471872 0
1551471873 0
1551471874 0
1551471875 0
1551471876 0
1551471877 0
1551471878 0
1551471879 0
1551471880 0
1551471881 0
1551471882 0
1551471883 0
1551471884 0
1551471885 0
1551471886 0
1551471887 0
1551471888 0
1551471889 0
1551471890 0
1551471891 0
1551471892 0
1551471893 0
1551471894 0
1551471895 0
1551471896 0
1551471897 0
1551471898 0
1551471899 0
1551471900 0
1551471901 0
1551471902 0
1551471903 0
1551471904 0
1551471905 0
1551471906 0
1551471907 0
1551471908 0
1551471909 0
1551471910 0
1551471911 0
1551471912 0
1551471913 0
1551471914 0
1551471915 0
1551471916 0
1551471917 0
1551471918 0
1551471919 0
1551471920 0
1551471921 0
1551471922 0
1551471923 0
1551471924 0
1551471925 0
1551471926 0
1551471927 0
1551471928 0
1551471929 0
1551471930 0
1551471931 0
1551471932 0
1551471933 0
1551471934 0
1551471935 0
1551471936 0
1551471937 0
1551471938 0
1551471939 0
1551471940 0
1551471941 0
1551471942 0
1551471943 0
1551471944 0
1551471945 0
1551471946 0
1551471947 0
1551471948 0
1551471949 0
1551471950 0
1551471951 0
1551471952 0
1551471953 0
1551471954 0
1551471955 0
1551471956 0
1551471957 0
1551471958 0
1551471959 0
1551471960 0
1551471961 0
1551471962 0
1551471963 0
1551471964 0
1551471965 0
1551471966 0
1551471967 0
1551471968 0
1551471969 0
1551471970 0
1551471971 0
1551471972 0
1551471973 0
1551471974 0
1551471975 0
1551471976 0
1551471977 0
1551471978 0
1551471979 0
1551471980 0
1551471981 0
1551471982 0
1551471983 0
1551471984 0
1551471985 0
1551471986 0
1551471987 0
1551471988 0
1551471989 0
1551471990 0
1551471991 0
1551471992 0
1551471993 0
1551471994 0
1551471995 0
1551471996 0
1551471997 0
1551471998 0
1551471999 0
1551472000 0
1551472001 0
1551472002 0
1551472003 0
1551472004 0
1551472005 0
1551472006 0
1551472007 0
1551472008 0
1551472009 0
1551472010 0
1551472011 0
1551472012 0
1551472013 0
1551472014 0
1551472015 0
1551472016 0
1551472017 0
1551472018 0
1551472019 0
1551472020 0
1551472021 0
1551472022 0
1551472023 0
1551472024 0
1551472025 0
1551472026 0
1551472027 0
1551472028 0
1551472029 0
1551472030 0
1551472031 0
1551472032 0
1551472033 0
1551472034 0
1551472035 0
1551472036 0
1551472037 0
1551472038 0
1551472039 0
1551472040 0
1551472041 0
1551472042 0
1551472043 0
1551472044 0
1551472045 0
1551472046 0
1551472047 0
1551472048 0
1551472049 0
1551472050 0
1551472051 0
1551472052 0
1551472053 0
1551472054 0
1551472055 0
1551472056 0
1551472057 0
1551472058 0
1551472059 0
1551472060 0
1551472061 0
1551472062 0
1551472063 0
1551472064 0
1551472065 0
1551472066 0
1551472067 0
1551472068 0
1551472069 0
1551472070 0
1551472071 0
1551472072 0
1551472073 0
1551472074 0
1551472075 0
1551472076 0
1551472077 0
1551472078 0
1551472079 0
1551472080 0
1551472081 0
1551472082 0
1551472083 0
1551472084 0
1551472085 0
1551472086 0
1551472087 0
1551472088 0
1551472089 0
1551472090 0
1551472091 0
1551472092 0
1551472093 0
1551472094 0
1551472095 0
1551472096 0
1551472097 0
1551472098 0
1551472099 0
1551472100 0
1551472101 0
1551472102 0
1551472103 0
1551472104 0
1551472105 0
1551472106 0
1551472107 0
1551472108 0
1551472109 0
1551472110 0
1551472111 0
1551472112 0
1551472113 0
1551472114 0
1551472115 0
1551472116 0
1551472117 0
1551472118 0
1551472119 0
1551472120 0
1551472121 0
1551472122 0
1551472123 0
1551472124 0
1551472125 0
1551472126 0
1551472127 0
1551472128 0
1551472129 0
1551472130 0
1551472131 0
1551472132 0
1551472133 0
1551472134 0
1551472135 0
1551472136 0
1551472137 0
1551472138 0
1551472139 0
1551472140 0
1551472141 0
1551472142 0
1551472143 0
1551472144 0
1551472145 0
1551472146 0
1551472147 0
1551472148 0
1551472149 0
1551472150 0
1551472151 0
1551472152 0
1551472153 0
1551472154 0
1551472155 0
1551472156 0
1551472157 0
1551472158 0
1551472159 0
1551472160 0
1551472161 0
1551472162 0
1551472163 0
1551472164 0
1551472165 0
1551472166 0
1551472167 0
1551472168 0
1551472169 0
1551472170 0
1551472171 0
1551472172 0
1551472173 0
1551472174 0
1551472175 0
1551472176 0
1551472177 0
1551472178 0
1551472179 0
1551472180 0
1551472181 0
1551472182 0
1551472183 0
1551472184 0
1551472185 0
1551472186 0
1551472187 0
1551472188 0
1551472189 0
1551472190 0
1551472191 0
1551472192 0
1551472193 0
1551472194 0
1551472195 0
1551472196 0
1551472197 0
1551472198 0
1551472199 0
1551472200 0
1551472201 0
1551472202 0
1551472203 0
1551472204 0
1551472205 0
1551472206 0
1551472207 0
1551472208 0
1551472209 0
1551472210 0
1551472211 0
1551472212 0
1551472213 0
1551472214 0
1551472215 0
1551472216 0
1551472217 0
1551472218 0
1551472219 0
1551472220 0
1551472221 0
1551472222 0
1551472223 0
1551472224 0
1551472225 0
1551472226 0
1551472227 0
1551472228 0
1551472229 0
1551472230 0
1551472231 0
1551472232 0
1551472233 0
1551472234 0
1551472235 0
1551472236 0
1551472237 0
1551472238 0
1551472239 0
1551472240 0
1551472241 0
1551472242 0
1551472243 0
1551472244 0
1551472245 0
1551472246 0
1551472247 0
1551472248 0
1551472249 0
1551472250 0
1551472251 0
1551472252 0
1551472253 0
1551472254 0
1551472255 0
1551472256 0
1551472257 0
1551472258 0
1551472259 0
1551472260 0
1551472261 0
1551472262 0
1551472263 0
1551472264 0
1551472265 0
1551472266 0
1551472267 0
1551472268 0
1551472269 0
1551472270 0
1551472271 0
1551472272 0
1551472273 0
1551472274 0
1551472275 0
1551472276 0
1551472277 0
1551472278 0
1551472279 0
1551472280 0
1551472281 0
1551472282 0
1551472283 0
1551472284 0
1551472285 0
1551472286 0
1551472287 0
1551472288 0
1551472289 0
1551472290 0
1551472291 0
1551472292 0
1551472293 0
1551472294 0
1551472295 0
1551472296 0
1551472297 0
1551472298 0
1551472299 0
1551472300 0
1551472301 0
1551472302 0
1551472303 0
1551472304 0
1551472305 0
1551472306 0
1551472307 0
1551472308 0
1551472309 0
1551472310 0
1551472311 0
1551472312 0
1551472313 0
1551472314 0
1551472315 0
1551472316 0
1551472317 0
1551472318 0
1551472319 0
1551472320 0
1551472321 0
1551472322 0
1551472323 0
1551472324 0
1551472325 0
1551472326 0
1551472327 0
1551472328 0
1551472329 0
1551472330 0
1551472331 0
1551472332 0
1551472333 0
1551472334 0
1551472335 0
1551472336 0
1551472337 0
1551472338 0
1551472339 0
1551472340 0
1551472341 0
1551472342 0
1551472343 0
1551472344 0
1551472345 0
1551472346 0
1551472347 0
1551472348 0
1551472349 0
1551472350 0
1551472351 0
1551472352 0
1551472353 0
1551472354 0
1551472355 0
1551472356 0
1551472357 0
1551472358 0
1551472359 0
1551472360 0
1551472361 0
1551472362 0
1551472363 0
1551472364 0
1551472365 0
1551472366 0
1551472367 0
1551472368 0
1551472369 0
1551472370 0
1551472371 0
1551472372 0
1551472373 0
1551472374 0
1551472375 0
1551472376 0
1551472377 0
1551472378 0
1551472379 0
1551472380 0
1551472381 0
1551472382 0
1551472383 0
1551472384 0
1551472385 0
1551472386 0
1551472387 0
1551472388 0
1551472389 0
1551472390 0
1551472391 0
1551472392 0
1551472393 0
1551472394 0
1551472395 0
1551472396 0
1551472397 0
1551472398 0
1551472399 0
1551472400 0
1551472401 0
1551472402 0
1551472403 0
1551472404 0
1551472405 0
1551472406 0
1551472407 0
1551472408 0
1551472409 0
1551472410 0
1551472411 0
1551472412 0
1551472413 0
1551472414 0
1551472415 0
1551472416 0
1551472417 0
1551472418 0
1551472419 0
1551472420 0
1551472421 0
1551472422 0
1551472423 0
1551472424 0
1551472425 0
1551472426 0
1551472427 0
1551472428 0
1551472429 0
1551472430 0
1551472431 0
1551472432 0
1551472433 0
1551472434 0
1551472435 0
1551472436 0
1551472437 0
1551472438 0
1551472439 0
1551472440 0
1551472441 0
1551472442 0
1551472443 0
1551472444 0
1551472445 0
1551472446 0
1551472447 0
1551472448 0
1551472449 0
1551472450 0
1551472451 0
1551472452 0
1551472453 0
1551472454 0
1551472455 0
1551472456 0
1551472457 0
1551472458 0
1551472459 0
1551472460 0
1551472461 0
1551472462 0
1551472463 0
1551472464 0
1551472465 0
1551472466 0
1551472467 0
1551472468 0
1551472469 0
1551472470 0
1551472471 0
1551472472 0
1551472473 0
1551472474 0
1551472475 0
1551472476 0
1551472477 0
1551472478 0
1551472479 0
1551472480 0
1551472481 0
1551472482 0
1551472483 0
1551472484 0
1551472485 0
1551472486 0
1551472487 0
1551472488 0
1551472489 0
1551472490 0
1551472491 0
1551472492 0
1551472493 0
1551472494 0
1551472495 0
1551472496 0
1551472497 0
1551472498 0
1551472499 0
1551472500 0
1551472501 0
1551472502 0
1551472503 0
1551472504 0
1551472505 0
1551472506 0
1551472507 0
1551472508 0
1551472509 0
1551472510 0
1551472511 0
1551472512 0
1551472513 0
1551472514 0
1551472515 0
1551472516 0
1551472517 0
1551472518 0
1551472519 0
1551472520 0
1551472521 0
1551472522 0
1551472523 0
1551472524 0
1551472525 0
1551472526 0
1551472527 0
1551472528 0
1551472529 0
1551472530 0
1551472531 0
1551472532 0
1551472533 0
1551472534 0
1551472535 0
1551472536 0
1551472537 0
1551472538 0
1551472539 0
1551472540 0
1551472541 0
1551472542 0
1551472543 0
1551472544 0
1551472545 0
1551472546 0
1551472547 0
1551472548 0
1551472549 0
1551472550 0
1551472551 0
1551472552 0
1551472553 0
1551472554 0
1551472555 0
1551472556 0
1551472557 0
1551472558 0
1551472559 0
1551472560 0
1551472561 0
1551472562 0
1551472563 0
1551472564 0
1551472565 0
1551472566 0
1551472567 0
1551472568 0
1551472569 0
1551472570 0
1551472571 0
1551472572 0
1551472573 0
1551472574 0
1551472575 0
1551472576 0
1551472577 0
1551472578 0
1551472579 0
1551472580 0
1551472581 0
1551472582 0
1551472583 0
1551472584 0
1551472585 0
1551472586 0
1551472587 0
1551472588 0
1551472589 0
1551472590 0
1551472591 0
1551472592 0
1551472593 0
1551472594 0
1551472595 0
1551472596 0
1551472597 0
1551472598 0
1551472599 0
1551472600 0
1551472601 0
1551472602 0
1551472603 0
1551472604 0
1551472605 0
1551472606 0
1551472607 0
1551472608 0
1551472609 0
1551472610 0
1551472611 0
1551472612 0
1551472613 0
1551472614 0
1551472615 0
1551472616 0
1551472617 0
1551472618 0
1551472619 0
1551472620 0
1551472621 0
1551472622 0
1551472623 0
1551472624 0
1551472625 0
1551472626 0
1551472627 0
1551472628 0
1551472629 0
1551472630 0
1551472631 0
1551472632 0
1551472633 0
1551472634 0
1551472635 0
1551472636 0
1551472637 0
1551472638 0
1551472639 0
1551472640 0
1551472641 0
1551472642 0
1551472643 0
1551472644 0
1551472645 0
1551472646 0
1551472647 0
1551472648 0
1551472649 0
1551472650 0
1551472651 0
1551472652 0
1551472653 0
1551472654 0
1551472655 0
1551472656 0
1551472657 0
1551472658 0
1551472659 0
1551472660 0
1551472661 0
1551472662 0
1551472663 0
1551472664 0
1551472665 0
1551472666 0
1551472667 0
1551472668 0
1551472669 0
1551472670 0
1551472671 0
1551472672 0
1551472673 0
1551472674 0
1551472675 0
1551472676 0
1551472677 0
1551472678 0
1551472679 0
1551472680 0
1551472681 0
1551472682 0
1551472683 0
1551472684 0
1551472685 0
1551472686 0
1551472687 0
1551472688 0
1551472689 0
1551472690 0
1551472691 0
1551472692 0
1551472693 0
1551472694 0
1551472695 0
1551472696 0
1551472697 0
1551472698 0
1551472699 0
1551472700 0
1551472701 0
1551472702 0
1551472703 0
1551472704 0
1551472705 0
1551472706 0
1551472707 0
1551472708 0
1551472709 0
1551472710 0
1551472711 0
1551472712 0
1551472713 0
1551472714 0
1551472715 0
1551472716 0
1551472717 0
1551472718 0
1551472719 0
1551472720 0
1551472721 0
1551472722 0
1551472723 0
1551472724 0
1551472725 0
1551472726 0
1551472727 0
1551472728 0
1551472729 0
1551472730 0
1551472731 0
1551472732 0
1551472733 0
1551472734 0
1551472735 0
1551472736 0
1551472737 0
1551472738 0
1551472739 0
1551472740 0
1551472741 0
1551472742 0
1551472743 0
1551472744 0
1551472745 0
1551472746 0
1551472747 0
1551472748 0
1551472749 0
1551472750 0
1551472751 0
1551472752 0
1551472753 0
1551472754 0
1551472755 0
1551472756 0
1551472757 0
1551472758 0
1551472759 0
1551472760 0
1551472761 0
1551472762 0
1551472763 0
1551472764 0
1551472765 0
1551472766 0
1551472767 0
1551472768 0
1551472769 0
1551472770 0
1551472771 0
1551472772 0
1551472773 0
1551472774 0
1551472775 0
1551472776 0
1551472777 0
1551472778 0
1551472779 0
1551472780 0
1551472781 0
1551472782 0
1551472783 0
1551472784 0
1551472785 0
1551472786 0
1551472787 0
1551472788 0
1551472789 0
1551472790 0
1551472791 0
1551472792 0
1551472793 0
1551472794 0
1551472795 0
1551472796 0
1551472797 0
1551472798 0
1551472799 0
1551472800 0
1551472801 0
1551472802 0
1551472803 0
1551472804 0
1551472805 0
1551472806 0
1551472807 0
1551472808 0
1551472809 0
1551472810 0
1551472811 0
1551472812 0
1551472813 0
1551472814 0
1551472815 0
1551472816 0
1551472817 0
1551472818 0
1551472819 0
1551472820 0
1551472821 0
1551472822 0
1551472823 0
1551472824 0
1551472825 0
1551472826 0
1551472827 0
1551472828 0
1551472829 0
1551472830 0
1551472831 0
1551472832 0
1551472833 0
1551472834 0
1551472835 0
1551472836 0
1551472837 0
1551472838 0
1551472839 0
1551472840 0
1551472841 0
1551472842 0
1551472843 0
1551472844 0
1551472845 0
1551472846 0
1551472847 0
1551472848 0
1551472849 0
1551472850 0
1551472851 0
1551472852 0
1551472853 0
1551472854 0
1551472855 0
1551472856 0
1551472857 0
1551472858 0
1551472859 0
1551472860 0
1551472861 0
1551472862 0
1551472863 0
1551472864 0
1551472865 0
1551472866 0
1551472867 0
1551472868 0
1551472869 0
1551472870 0
1551472871 0
1551472872 0
1551472873 0
1551472874 0
1551472875 0
1551472876 0
1551472877 0
1551472878 0
1551472879 0
1551472880 0
1551472881 0
1551472882 0
1551472883 0
1551472884 0
1551472885 0
1551472886 0
1551472887 0
1551472888 0
1551472889 0
1551472890 0
1551472891 0
1551472892 0
1551472893 0
1551472894 0
1551472895 0
1551472896 0
1551472897 0
1551472898 0
1551472899 0
1551472900 0
1551472901 0
1551472902 0
1551472903 0
1551472904 0
1551472905 0
1551472906 0
1551472907 0
1551472908 0
1551472909 0
1551472910 0
1551472911 0
1551472912 0
1551472913 0
1551472914 0
1551472915 0
1551472916 0
1551472917 0
1551472918 0
1551472919 0
1551472920 0
1551472921 0
1551472922 0
1551472923 0
1551472924 0
1551472925 0
1551472926 0
1551472927 0
1551472928 0
1551472929 0
1551472930 0
1551472931 0
1551472932 0
1551472933 0
1551472934 0
1551472935 0
1551472936 0
1551472937 0
1551472938 0
1551472939 0
1551472940 0
1551472941 0
1551472942 0
1551472943 0
1551472944 0
1551472945 0
1551472946 0
1551472947 0
1551472948 0
1551472949 0
1551472950 0
1551472951 0
1551472952 0
1551472953 0
1551472954 0
1551472955 0
1551472956 0
1551472957 0
1551472958 0
1551472959 0
1551472960 0
1551472961 0
1551472962 0
1551472963 0
1551472964 0
1551472965 0
1551472966 0
1551472967 0
1551472968 0
1551472969 0
1551472970 0
1551472971 0
1551472972 0
1551472973 0
1551472974 0
1551472975 0
1551472976 0
1551472977 0
1551472978 0
1551472979 0
1551472980 0
1551472981 0
1551472982 0
1551472983 0
1551472984 0
1551472985 0
1551472986 0
1551472987 0
1551472988 0
1551472989 0
1551472990 0
1551472991 0
1551472992 0
1551472993 0
1551472994 0
1551472995 0
1551472996 0
1551472997 0
1551472998 0
1551472999 0
1551473000 0
1551473001 0
1551473002 0
1551473003 0
1551473004 0
1551473005 0
1551473006 0
1551473007 0
1551473008 0
1551473009 0
1551473010 0
1551473011 0
1551473012 0
1551473013 0
1551473014 0
1551473015 0
1551473016 0
1551473017 0
1551473018 0
1551473019 0
1551473020 0
1551473021 0
1551473022 0
1551473023 0
1551473024 0
1551473025 0
1551473026 0
1551473027 0
1551473028 0
1551473029 0
1551473030 0
1551473031 0
1551473032 0
1551473033 0
1551473034 0
1551473035 0
1551473036 0
1551473037 0
1551473038 0
1551473039 0
1551473040 0
1551473041 0
1551473042 0
1551473043 0
1551473044 0
1551473045 0
1551473046 0
1551473047 0
1551473048 0
1551473049 0
1551473050 0
1551473051 0
1551473052 0
1551473053 0
1551473054 0
1551473055 0
1551473056 0
1551473057 0
1551473058 0
1551473059 0
1551473060 0
1551473061 0
1551473062 0
1551473063 0
1551473064 0
1551473065 0
1551473066 0
1551473067 0
1551473068 0
1551473069 0
1551473070 0
1551473071 0
1551473072 0
1551473073 0
1551473074 0
1551473075 0
1551473076 0
1551473077 0
1551473078 0
1551473079 0
1551473080 0
1551473081 0
1551473082 0
1551473083 0
1551473084 0
1551473085 0
1551473086 0
1551473087 0
1551473088 0
1551473089 0
1551473090 0
1551473091 0
1551473092 0
1551473093 0
1551473094 0
1551473095 0
1551473096 0
1551473097 0
1551473098 0
1551473099 0
1551473100 0
1551473101 0
1551473102 0
1551473103 0
1551473104 0
1551473105 0
1551473106 0
1551473107 0
1551473108 0
1551473109 0
1551473110 0
1551473111 0
1551473112 0
1551473113 0
1551473114 0
1551473115 0
1551473116 0
1551473117 0
1551473118 0
1551473119 0
1551473120 0
1551473121 0
1551473122 0
1551473123 0
1551473124 0
1551473125 0
1551473126 0
1551473127 0
1551473128 0
1551473129 0
1551473130 0
1551473131 0
1551473132 0
1551473133 0
1551473134 0
1551473135 0
1551473136 0
1551473137 0
1551473138 0
1551473139 0
1551473140 0
1551473141 0
1551473142 0
1551473143 0
1551473144 0
1551473145 0
1551473146 0
1551473147 0
1551473148 0
1551473149 0
1551473150 0
1551473151 0
1551473152 0
1551473153 0
1551473154 0
1551473155 0
1551473156 0
1551473157 0
1551473158 0
1551473159 0
1551473160 0
1551473161 0
1551473162 0
1551473163 0
1551473164 0
1551473165 0
1551473166 0
1551473167 0
1551473168 0
1551473169 0
1551473170 0
1551473171 0
1551473172 0
1551473173 0
1551473174 0
1551473175 0
1551473176 0
1551473177 0
1551473178 0
1551473179 0
1551473180 0
1551473181 0
1551473182 0
1551473183 0
1551473184 0
1551473185 0
1551473186 0
1551473187 0
1551473188 0
1551473189 0
1551473190 0
1551473191 0
1551473192 0
1551473193 0
1551473194 0
1551473195 0
1551473196 0
1551473197 0
1551473198 0
1551473199 0
1551473200 0
1551473201 0
1551473202 0
1551473203 0
1551473204 0
1551473205 0
1551473206 0
1551473207 0
1551473208 0
1551473209 0
1551473210 0
1551473211 0
1551473212 0
1551473213 0
1551473214 0
1551473215 0
1551473216 0
1551473217 0
1551473218 0
1551473219 0
1551473220 0
1551473221 0
1551473222 0
1551473223 0
1551473224 0
1551473225 0
1551473226 0
1551473227 0
1551473228 0
1551473229 0
1551473230 0
1551473231 0
1551473232 0
1551473233 0
1551473234 0
1551473235 0
1551473236 0
1551473237 0
1551473238 0
1551473239 0
1551473240 0
1551473241 0
1551473242 0
1551473243 0
1551473244 0
1551473245 0
1551473246 0
1551473247 0
1551473248 0
1551473249 0
1551473250 0
1551473251 0
1551473252 0
1551473253 0
1551473254 0
1551473255 0
1551473256 0
1551473257 0
1551473258 0
1551473259 0
1551473260 0
1551473261 0
1551473262 0
1551473263 0
1551473264 0
1551473265 0
1551473266 0
1551473267 0
1551473268 0
1551473269 0
1551473270 0
1551473271 0
1551473272 0
1551473273 0
1551473274 0
1551473275 0
1551473276 0
1551473277 0
1551473278 0
1551473279 0
1551473280 0
1551473281 0
1551473282 0
1551473283 0
1551473284 0
1551473285 0
1551473286 0
1551473287 0
1551473288 0
1551473289 0
1551473290 0
1551473291 0
1551473292 0
1551473293 0
1551473294 0
1551473295 0
1551473296 0
1551473297 0
1551473298 0
1551473299 0
1551473300 0
1551473301 0
1551473302 0
1551473303 0
1551473304 0
1551473305 0
1551473306 0
1551473307 0
1551473308 0
1551473309 0
1551473310 0
1551473311 0
1551473312 0
1551473313 0
1551473314 0
1551473315 0
1551473316 0
1551473317 0
1551473318 0
1551473319 0
1551473320 0
1551473321 0
1551473322 0
1551473323 0
1551473324 0
1551473325 0
1551473326 0
1551473327 0
1551473328 0
1551473329 0
1551473330 0
1551473331 0
1551473332 0
1551473333 0
1551473334 0
1551473335 0
1551473336 0
1551473337 0
1551473338 0
1551473339 0
1551473340 0
1551473341 0
1551473342 0
1551473343 0
1551473344 0
1551473345 0
1551473346 0
1551473347 0
1551473348 0
1551473349 0
1551473350 0
1551473351 0
1551473352 0
1551473353 0
1551473354 0
1551473355 0
1551473356 0
1551473357 0
1551473358 0
1551473359 0
1551473360 0
1551473361 0
1551473362 0
1551473363 0
1551473364 0
1551473365 0
1551473366 0
1551473367 0
1551473368 0
1551473369 0
1551473370 0
1551473371 0
1551473372 0
1551473373 0
1551473374 0
1551473375 0
1551473376 0
1551473377 0
1551473378 0
1551473379 0
1551473380 0
1551473381 0
1551473382 0
1551473383 0
1551473384 0
1551473385 0
1551473386 0
1551473387 0
1551473388 0
1551473389 0
1551473390 0
1551473391 0
1551473392 0
1551473393 0
1551473394 0
1551473395 0
1551473396 0
1551473397 0
1551473398 0
1551473399 0
1551473400 0
1551473401 0
1551473402 0
1551473403 0
1551473404 0
1551473405 0
1551473406 0
1551473407 0
1551473408 0
1551473409 0
1551473410 0
1551473411 0
1551473412 0
1551473413 0
1551473414 0
1551473415 0
1551473416 0
1551473417 0
1551473418 0
1551473419 0
1551473420 0
1551473421 0
1551473422 0
1551473423 0
1551473424 0
1551473425 0
1551473426 0
1551473427 0
1551473428 0
1551473429 0
1551473430 0
1551473431 0
1551473432 0
1551473433 0
1551473434 0
1551473435 0
1551473436 0
1551473437 0
1551473438 0
1551473439 0
1551473440 0
1551473441 0
1551473442 0
1551473443 0
1551473444 0
1551473445 0
1551473446 0
1551473447 0
1551473448 0
1551473449 0
1551473450 0
1551473451 0
1551473452 0
1551473453 0
1551473454 0
1551473455 0
1551473456 0
1551473457 0
1551473458 0
1551473459 0
1551473460 0
1551473461 0
1551473462 0
1551473463 0
1551473464 0
1551473465 0
1551473466 0
1551473467 0
1551473468 0
1551473469 0
1551473470 0
1551473471 0
1551473472 0
1551473473 0
1551473474 0
1551473475 0
1551473476 0
1551473477 0
1551473478 0
1551473479 0
1551473480 0
1551473481 0
1551473482 0
1551473483 0
1551473484 0
1551473485 0
1551473486 0
1551473487 0
1551473488 0
1551473489 0
1551473490 0
1551473491 0
1551473492 0
1551473493 0
1551473494 0
1551473495 0
1551473496 0
1551473497 0
1551473498 0
1551473499 0
1551473500 0
1551473501 0
1551473502 0
1551473503 0
1551473504 0
1551473505 0
1551473506 0
1551473507 0
1551473508 0
1551473509 0
1551473510 0
1551473511 0
1551473512 0
1551473513 0
1551473514 0
1551473515 0
1551473516 0
1551473517 0
1551473518 0
1551473519 0
1551473520 0
1551473521 0
1551473522 0
1551473523 0
1551473524 0
1551473525 0
1551473526 0
1551473527 0
1551473528 0
1551473529 0
1551473530 0
1551473531 0
1551473532 0
1551473533 0
1551473534 0
1551473535 0
1551473536 0
1551473537 0
1551473538 0
1551473539 0
1551473540 0
1551473541 0
1551473542 0
1551473543 0
1551473544 0
1551473545 0
1551473546 0
1551473547 0
1551473548 0
1551473549 0
1551473550 0
1551473551 0
1551473552 0
1551473553 0
1551473554 0
1551473555 0
1551473556 0
1551473557 0
1551473558 0
1551473559 0
1551473560 0
1551473561 0
1551473562 0
1551473563 0
1551473564 0
1551473565 0
1551473566 0
1551473567 0
1551473568 0
1551473569 0
1551473570 0
1551473571 0
1551473572 0
1551473573 0
1551473574 0
1551473575 0
1551473576 0
1551473577 0
1551473578 0
1551473579 0
1551473580 0
1551473581 0
1551473582 0
1551473583 0
1551473584 0
1551473585 0
1551473586 0
1551473587 0
1551473588 0
1551473589 0
1551473590 0
1551473591 0
1551473592 0
1551473593 0
1551473594 0
1551473595 0
1551473596 0
1551473597 0
1551473598 0
1551473599 0
1551473600 0
1551473601 0
1551473602 0
1551473603 0
1551473604 0
1551473605 0
1551473606 0
1551473607 0
1551473608 0
1551473609 0
1551473610 0
1551473611 0
1551473612 0
1551473613 0
1551473614 0
1551473615 0
1551473616 0
1551473617 0
1551473618 0
1551473619 0
1551473620 0
1551473621 0
1551473622 0
1551473623 0
1551473624 0
1551473625 0
1551473626 0
1551473627 0
1551473628 0
1551473629 0
1551473630 0
1551473631 0
1551473632 0
1551473633 0
1551473634 0
1551473635 0
1551473636 0
1551473637 0
1551473638 0
1551473639 0
1551473640 0
1551473641 0
1551473642 0
1551473643 0
1551473644 0
1551473645 0
1551473646 0
1551473647 0
1551473648 0
1551473649 0
1551473650 0
1551473651 0
1551473652 0
1551473653 0
1551473654 0
1551473655 0
1551473656 0
1551473657 0
1551473658 0
1551473659 0
1551473660 0
1551473661 0
1551473662 0
1551473663 0
1551473664 0
1551473665 0
1551473666 0
1551473667 0
1551473668 0
1551473669 0
1551473670 0
1551473671 0
1551473672 0
1551473673 0
1551473674 0
1551473675 0
1551473676 0
1551473677 0
1551473678 0
1551473679 0
1551473680 0
1551473681 0
1551473682 0
1551473683 0
1551473684 0
1551473685 0
1551473686 0
1551473687 0
1551473688 0
1551473689 0
1551473690 0
1551473691 0
1551473692 0
1551473693 0
1551473694 0
1551473695 0
1551473696 0
1551473697 0
1551473698 0
1551473699 0
1551473700 0
1551473701 0
1551473702 0
1551473703 0
1551473704 0
1551473705 0
1551473706 0
1551473707 0
1551473708 0
1551473709 0
1551473710 0
1551473711 0
1551473712 0
1551473713 0
1551473714 0
1551473715 0
1551473716 0
1551473717 0
1551473718 0
1551473719 0
1551473720 0
1551473721 0
1551473722 0
1551473723 0
1551473724 0
1551473725 0
1551473726 0
1551473727 0
1551473728 0
1551473729 0
1551473730 0
1551473731 0
1551473732 0
1551473733 0
1551473734 0
1551473735 0
1551473736 0
1551473737 0
1551473738 0
1551473739 0
1551473740 0
1551473741 0
1551473742 0
1551473743 0
1551473744 0
1551473745 0
1551473746 0
1551473747 0
1551473748 0
1551473749 0
1551473750 0
1551473751 0
1551473752 0
1551473753 0
1551473754 0
1551473755 0
1551473756 0
1551473757 0
1551473758 0
1551473759 0
1551473760 0
1551473761 0
1551473762 0
1551473763 0
1551473764 0
1551473765 0
1551473766 0
1551473767 0
1551473768 0
1551473769 0
1551473770 0
1551473771 0
1551473772 0
1551473773 0
1551473774 0
1551473775 0
1551473776 0
1551473777 0
1551473778 0
1551473779 0
1551473780 0
1551473781 0
1551473782 0
1551473783 0
1551473784 0
1551473785 0
1551473786 0
1551473787 0
1551473788 0
1551473789 0
1551473790 0
1551473791 0
1551473792 0
1551473793 0
1551473794 0
1551473795 0
1551473796 0
1551473797 0
1551473798 0
1551473799 0
1551473800 0
1551473801 0
1551473802 0
1551473803 0
1551473804 0
1551473805 0
1551473806 0
1551473807 0
1551473808 0
1551473809 0
1551473810 0
1551473811 0
1551473812 0
1551473813 0
1551473814 0
1551473815 0
1551473816 0
1551473817 0
1551473818 0
1551473819 0
1551473820 0
1551473821 0
1551473822 0
1551473823 0
1551473824 0
1551473825 0
1551473826 0
1551473827 0
1551473828 0
1551473829 0
1551473830 0
1551473831 0
1551473832 0
1551473833 0
1551473834 0
1551473835 0
1551473836 0
1551473837 0
1551473838 0
1551473839 0
1551473840 0
1551473841 0
1551473842 0
1551473843 0
1551473844 0
1551473845 0
1551473846 0
1551473847 0
1551473848 0
1551473849 0
1551473850 0
1551473851 0
1551473852 0
1551473853 0
1551473854 0
1551473855 0
1551473856 0
1551473857 0
1551473858 0
1551473859 0
1551473860 0
1551473861 0
1551473862 0
1551473863 0
1551473864 0
1551473865 0
1551473866 0
1551473867 0
1551473868 0
1551473869 0
1551473870 0
1551473871 0
1551473872 0
1551473873 0
1551473874 0
1551473875 0
1551473876 0
1551473877 0
1551473878 0
1551473879 0
1551473880 0
1551473881 0
1551473882 0
1551473883 0
1551473884 0
1551473885 0
1551473886 0
1551473887 0
1551473888 0
1551473889 0
1551473890 0
1551473891 0
1551473892 0
1551473893 0
1551473894 0
1551473895 0
1551473896 0
1551473897 0
1551473898 0
1551473899 0
1551473900 0
1551473901 0
1551473902 0
1551473903 0
1551473904 0
1551473905 0
1551473906 0
1551473907 0
1551473908 0
1551473909 0
1551473910 0
1551473911 0
1551473912 0
1551473913 0
1551473914 0
1551473915 0
1551473916 0
1551473917 0
1551473918 0
1551473919 0
1551473920 0
1551473921 0
1551473922 0
1551473923 0
1551473924 0
1551473925 0
1551473926 0
1551473927 0
1551473928 0
1551473929 0
1551473930 0
1551473931 0
1551473932 0
1551473933 0
1551473934 0
1551473935 0
1551473936 0
1551473937 0
1551473938 0
1551473939 0
1551473940 0
1551473941 0
1551473942 0
1551473943 0
1551473944 0
1551473945 0
1551473946 0
1551473947 0
1551473948 0
1551473949 0
1551473950 0
1551473951 0
1551473952 0
1551473953 0
1551473954 0
1551473955 0
1551473956 0
1551473957 0
1551473958 0
1551473959 0
1551473960 0
1551473961 0
1551473962 0
1551473963 0
1551473964 0
1551473965 0
1551473966 0
1551473967 0
1551473968 0
1551473969 0
1551473970 0
1551473971 0
1551473972 0
1551473973 0
1551473974 0
1551473975 0
1551473976 0
1551473977 0
1551473978 0
1551473979 0
1551473980 0
1551473981 0
1551473982 0
1551473983 0
1551473984 0
1551473985 0
1551473986 0
1551473987 0
1551473988 0
1551473989 0
1551473990 0
1551473991 0
1551473992 0
1551473993 0
1551473994 0
1551473995 0
1551473996 0
1551473997 0
1551473998 0
1551473999 0
1551474000 0
1551474001 0
1551474002 0
1551474003 0
1551474004 0
1551474005 0
1551474006 0
1551474007 0
1551474008 0
1551474009 0
1551474010 0
1551474011 0
1551474012 0
1551474013 0
1551474014 0
1551474015 0
1551474016 0
1551474017 0
1551474018 0
1551474019 0
1551474020 0
1551474021 0
1551474022 0
1551474023 0
1551474024 0
1551474025 0
1551474026 0
1551474027 0
1551474028 0
1551474029 0
1551474030 0
1551474031 0
1551474032 0
1551474033 0
1551474034 0
1551474035 0
1551474036 0
1551474037 0
1551474038 0
1551474039 0
1551474040 0
1551474041 0
1551474042 0
1551474043 0
1551474044 0
1551474045 0
1551474046 0
1551474047 0
1551474048 0
1551474049 0
1551474050 0
1551474051 0
1551474052 0
1551474053 0
1551474054 0
1551474055 0
1551474056 0
1551474057 0
1551474058 0
1551474059 0
1551474060 0
1551474061 0
1551474062 0
1551474063 0
1551474064 0
1551474065 0
1551474066 0
1551474067 0
1551474068 0
1551474069 0
1551474070 0
1551474071 0
1551474072 0
1551474073 0
1551474074 0
1551474075 0
1551474076 0
1551474077 0
1551474078 0
1551474079 0
1551474080 0
1551474081 0
1551474082 0
1551474083 0
1551474084 0
1551474085 0
1551474086 0
1551474087 0
1551474088 0
1551474089 0
1551474090 0
1551474091 0
1551474092 0
1551474093 0
1551474094 0
1551474095 0
1551474096 0
1551474097 0
1551474098 0
1551474099 0
1551474100 0
1551474101 0
1551474102 0
1551474103 0
1551474104 0
1551474105 0
1551474106 0
1551474107 0
1551474108 0
1551474109 0
1551474110 0
1551474111 0
1551474112 0
1551474113 0
1551474114 0
1551474115 0
1551474116 0
1551474117 0
1551474118 0
1551474119 0
1551474120 0
1551474121 0
1551474122 0
1551474123 0
1551474124 0
1551474125 0
1551474126 0
1551474127 0
1551474128 0
1551474129 0
1551474130 0
1551474131 0
1551474132 0
1551474133 0
1551474134 0
1551474135 0
1551474136 0
1551474137 0
1551474138 0
1551474139 0
1551474140 0
1551474141 0
1551474142 0
1551474143 0
1551474144 0
1551474145 0
1551474146 0
1551474147 0
1551474148 0
1551474149 0
1551474150 0
1551474151 0
1551474152 0
1551474153 0
1551474154 0
1551474155 0
1551474156 0
1551474157 0
1551474158 0
1551474159 0
1551474160 0
1551474161 0
1551474162 0
1551474163 0
1551474164 0
1551474165 0
1551474166 0
1551474167 0
1551474168 0
1551474169 0
1551474170 0
1551474171 0
1551474172 0
1551474173 0
1551474174 0
1551474175 0
1551474176 0
1551474177 0
1551474178 0
1551474179 0
1551474180 0
1551474181 0
1551474182 0
1551474183 0
1551474184 0
1551474185 0
1551474186 0
1551474187 0
1551474188 0
1551474189 0
1551474190 0
1551474191 0
1551474192 0
1551474193 0
1551474194 0
1551474195 0
1551474196 0
1551474197 0
1551474198 0
1551474199 0
1551474200 0
1551474201 0
1551474202 0
1551474203 0
1551474204 0
1551474205 0
1551474206 0
1551474207 0
1551474208 0
1551474209 0
1551474210 0
1551474211 0
1551474212 0
1551474213 0
1551474214 0
1551474215 0
1551474216 0
1551474217 0
1551474218 0
1551474219 0
1551474220 0
1551474221 0
1551474222 0
1551474223 0
1551474224 0
1551474225 0
1551474226 0
1551474227 0
1551474228 0
1551474229 0
1551474230 0
1551474231 0
1551474232 0
1551474233 0
1551474234 0
1551474235 0
1551474236 0
1551474237 0
1551474238 0
1551474239 0
1551474240 0
1551474241 0
1551474242 0
1551474243 0
1551474244 0
1551474245 0
1551474246 0
1551474247 0
1551474248 0
1551474249 0
1551474250 0
1551474251 0
1551474252 0
1551474253 0
1551474254 0
1551474255 0
1551474256 0
1551474257 0
1551474258 0
1551474259 0
1551474260 0
1551474261 0
1551474262 0
1551474263 0
1551474264 0
1551474265 0
1551474266 0
1551474267 0
1551474268 0
1551474269 0
1551474270 0
1551474271 0
1551474272 0
1551474273 0
1551474274 0
1551474275 0
1551474276 0
1551474277 0
1551474278 0
1551474279 0
1551474280 0
1551474281 0
1551474282 0
1551474283 0
1551474284 0
1551474285 0
1551474286 0
1551474287 0
1551474288 0
1551474289 0
1551474290 0
1551474291 0
1551474292 0
1551474293 0
1551474294 0
1551474295 0
1551474296 0
1551474297 0
1551474298 0
1551474299 0
1551474300 0
1551474301 0
1551474302 0
1551474303 0
1551474304 0
1551474305 0
1551474306 0
1551474307 0
1551474308 0
1551474309 0
1551474310 0
1551474311 0
1551474312 0
1551474313 0
1551474314 0
1551474315 0
1551474316 0
1551474317 0
1551474318 0
1551474319 0
1551474320 0
1551474321 0
1551474322 0
1551474323 0
1551474324 0
1551474325 0
1551474326 0
1551474327 0
1551474328 0
1551474329 0
1551474330 0
1551474331 0
1551474332 0
1551474333 0
1551474334 0
1551474335 0
1551474336 0
1551474337 0
1551474338 0
1551474339 0
1551474340 0
1551474341 0
1551474342 0
1551474343 0
1551474344 0
1551474345 0
1551474346 0
1551474347 0
1551474348 0
1551474349 0
1551474350 0
1551474351 0
1551474352 0
1551474353 0
1551474354 0
1551474355 0
1551474356 0
1551474357 0
1551474358 0
1551474359 0
1551474360 0
1551474361 0
1551474362 0
1551474363 0
1551474364 0
1551474365 0
1551474366 0
1551474367 0
1551474368 0
1551474369 0
1551474370 0
1551474371 0
1551474372 0
1551474373 0
1551474374 0
1551474375 0
1551474376 0
1551474377 0
1551474378 0
1551474379 0
1551474380 0
1551474381 0
1551474382 0
1551474383 0
1551474384 0
1551474385 0
1551474386 0
1551474387 0
1551474388 0
1551474389 0
1551474390 0
1551474391 0
1551474392 0
1551474393 0
1551474394 0
1551474395 0
1551474396 0
1551474397 0
1551474398 0
1551474399 0
1551474400 0
1551474401 0
1551474402 0
1551474403 0
1551474404 0
1551474405 0
1551474406 0
1551474407 0
1551474408 0
1551474409 0
1551474410 0
1551474411 0
1551474412 0
1551474413 0
1551474414 0
1551474415 0
1551474416 0
1551474417 0
1551474418 0
1551474419 0
1551474420 0
1551474421 0
1551474422 0
1551474423 0
1551474424 0
1551474425 0
1551474426 0
1551474427 0
1551474428 0
1551474429 0
1551474430 0
1551474431 0
1551474432 0
1551474433 0
1551474434 0
1551474435 0
1551474436 0
1551474437 0
1551474438 0
1551474439 0
1551474440 0
1551474441 0
1551474442 0
1551474443 0
1551474444 0
1551474445 0
1551474446 0
1551474447 0
1551474448 0
1551474449 0
1551474450 0
1551474451 0
1551474452 0
1551474453 0
1551474454 0
1551474455 0
1551474456 0
1551474457 0
1551474458 0
1551474459 0
1551474460 0
1551474461 0
1551474462 0
1551474463 0
1551474464 0
1551474465 0
1551474466 0
1551474467 0
1551474468 0
1551474469 0
1551474470 0
1551474471 0
1551474472 0
1551474473 0
1551474474 0
1551474475 0
1551474476 0
1551474477 0
1551474478 0
1551474479 0
1551474480 0
1551474481 0
1551474482 0
1551474483 0
1551474484 0
1551474485 0
1551474486 0
1551474487 0
1551474488 0
1551474489 0
1551474490 0
1551474491 0
1551474492 0
1551474493 0
1551474494 0
1551474495 0
1551474496 0
1551474497 0
1551474498 0
1551474499 0
1551474500 0
1551474501 0
1551474502 0
1551474503 0
1551474504 0
1551474505 0
1551474506 0
1551474507 0
1551474508 0
1551474509 0
1551474510 0
1551474511 0
1551474512 0
1551474513 0
1551474514 0
1551474515 0
1551474516 0
1551474517 0
1551474518 0
1551474519 0
1551474520 0
1551474521 0
1551474522 0
1551474523 0
1551474524 0
1551474525 0
1551474526 0
1551474527 0
1551474528 0
1551474529 0
1551474530 0
1551474531 0
1551474532 0
1551474533 0
1551474534 0
1551474535 0
1551474536 0
1551474537 0
1551474538 0
1551474539 0
1551474540 0
1551474541 0
1551474542 0
1551474543 0
1551474544 0
1551474545 0
1551474546 0
1551474547 0
1551474548 0
1551474549 0
1551474550 0
1551474551 0
1551474552 0
1551474553 0
1551474554 0
1551474555 0
1551474556 0
1551474557 0
1551474558 0
1551474559 0
1551474560 0
1551474561 0
1551474562 0
1551474563 0
1551474564 0
1551474565 0
1551474566 0
1551474567 0
1551474568 0
1551474569 0
1551474570 0
1551474571 0
1551474572 0
1551474573 0
1551474574 0
1551474575 0
1551474576 0
1551474577 0
1551474578 0
1551474579 0
1551474580 0
1551474581 0
1551474582 0
1551474583 0
1551474584 0
1551474585 0
1551474586 0
1551474587 0
1551474588 0
1551474589 0
1551474590 0
1551474591 0
1551474592 0
1551474593 0
1551474594 0
1551474595 0
1551474596 0
1551474597 0
1551474598 0
1551474599 0
1551474600 0
1551474601 0
1551474602 0
1551474603 0
1551474604 0
1551474605 0
1551474606 0
1551474607 0
1551474608 0
1551474609 0
1551474610 0
1551474611 0
1551474612 0
1551474613 0
1551474614 0
1551474615 0
1551474616 0
1551474617 0
1551474618 0
1551474619 0
1551474620 0
1551474621 0
1551474622 0
1551474623 0
1551474624 0
1551474625 0
1551474626 0
1551474627 0
1551474628 0
1551474629 0
1551474630 0
1551474631 0
1551474632 0
1551474633 0
1551474634 0
1551474635 0
1551474636 0
1551474637 0
1551474638 0
1551474639 0
1551474640 0
1551474641 0
1551474642 0
1551474643 0
1551474644 0
1551474645 0
1551474646 0
1551474647 0
1551474648 0
1551474649 0
1551474650 0
1551474651 0
1551474652 0
1551474653 0
1551474654 0
1551474655 0
1551474656 0
1551474657 0
1551474658 0
1551474659 0
1551474660 0
1551474661 0
1551474662 0
1551474663 0
1551474664 0
1551474665 0
1551474666 0
1551474667 0
1551474668 0
1551474669 0
1551474670 0
1551474671 0
1551474672 0
1551474673 0
1551474674 0
1551474675 0
1551474676 0
1551474677 0
1551474678 0
1551474679 0
1551474680 0
1551474681 0
1551474682 0
1551474683 0
1551474684 0
1551474685 0
1551474686 0
1551474687 0
1551474688 0
1551474689 0
1551474690 0
1551474691 0
1551474692 0
1551474693 0
1551474694 0
1551474695 0
1551474696 0
1551474697 0
1551474698 0
1551474699 0
1551474700 0
1551474701 0
1551474702 0
1551474703 0
1551474704 0
1551474705 0
1551474706 0
1551474707 0
1551474708 0
1551474709 0
1551474710 0
1551474711 0
1551474712 0
1551474713 0
1551474714 0
1551474715 0
1551474716 0
1551474717 0
1551474718 0
1551474719 0
1551474720 0
1551474721 0
1551474722 0
1551474723 0
1551474724 0
1551474725 0
1551474726 0
1551474727 0
1551474728 0
1551474729 0
1551474730 0
1551474731 0
1551474732 0
1551474733 0
1551474734 0
1551474735 0
1551474736 0
1551474737 0
1551474738 0
1551474739 0
1551474740 0
1551474741 0
1551474742 0
1551474743 0
1551474744 0
1551474745 0
1551474746 0
1551474747 0
1551474748 0
1551474749 0
1551474750 0
1551474751 0
1551474752 0
1551474753 0
1551474754 0
1551474755 0
1551474756 0
1551474757 0
1551474758 0
1551474759 0
1551474760 0
1551474761 0
1551474762 0
1551474763 0
1551474764 0
1551474765 0
1551474766 0
1551474767 0
1551474768 0
1551474769 0
1551474770 0
1551474771 0
1551474772 0
1551474773 0
1551474774 0
1551474775 0
1551474776 0
1551474777 0
1551474778 0
1551474779 0
1551474780 0
1551474781 0
1551474782 0
1551474783 0
1551474784 0
1551474785 0
1551474786 0
1551474787 0
1551474788 0
1551474789 0
1551474790 0
1551474791 0
1551474792 0
1551474793 0
1551474794 0
1551474795 0
1551474796 0
1551474797 0
1551474798 0
1551474799 0
1551474800 0
1551474801 0
1551474802 0
1551474803 0
1551474804 0
1551474805 0
1551474806 0
1551474807 0
1551474808 0
1551474809 0
1551474810 0
1551474811 0
1551474812 0
1551474813 0
1551474814 0
1551474815 0
1551474816 0
1551474817 0
1551474818 0
1551474819 0
1551474820 0
1551474821 0
1551474822 0
1551474823 0
1551474824 0
1551474825 0
1551474826 0
1551474827 0
1551474828 0
1551474829 0
1551474830 0
1551474831 0
1551474832 0
1551474833 0
1551474834 0
1551474835 0
1551474836 0
1551474837 0
1551474838 0
1551474839 0
1551474840 0
1551474841 0
1551474842 0
1551474843 0
1551474844 0
1551474845 0
1551474846 0
1551474847 0
1551474848 0
1551474849 0
1551474850 0
1551474851 0
1551474852 0
1551474853 0
1551474854 0
1551474855 0
1551474856 0
1551474857 0
1551474858 0
1551474859 0
1551474860 0
1551474861 0
1551474862 0
1551474863 0
1551474864 0
1551474865 0
1551474866 0
1551474867 0
1551474868 0
1551474869 0
1551474870 0
1551474871 0
1551474872 0
1551474873 0
1551474874 0
1551474875 0
1551474876 0
1551474877 0
1551474878 0
1551474879 0
1551474880 0
1551474881 0
1551474882 0
1551474883 0
1551474884 0
1551474885 0
1551474886 0
1551474887 0
1551474888 0
1551474889 0
1551474890 0
1551474891 0
1551474892 0
1551474893 0
1551474894 0
1551474895 0
1551474896 0
1551474897 0
1551474898 0
1551474899 0
1551474900 0
1551474901 0
1551474902 0
1551474903 0
1551474904 0
1551474905 0
1551474906 0
1551474907 0
1551474908 0
1551474909 0
1551474910 0
1551474911 0
1551474912 0
1551474913 0
1551474914 0
1551474915 0
1551474916 0
1551474917 0
1551474918 0
1551474919 0
1551474920 0
1551474921 0
1551474922 0
1551474923 0
1551474924 0
1551474925 0
1551474926 0
1551474927 0
1551474928 0
1551474929 0
1551474930 0
1551474931 0
1551474932 0
1551474933 0
1551474934 0
1551474935 0
1551474936 0
1551474937 0
1551474938 0
1551474939 0
1551474940 0
1551474941 0
1551474942 0
1551474943 0
1551474944 0
1551474945 0
1551474946 0
1551474947 0
1551474948 0
1551474949 0
1551474950 0
1551474951 0
1551474952 0
1551474953 0
1551474954 0
1551474955 0
1551474956 0
1551474957 0
1551474958 0
1551474959 0
1551474960 0
1551474961 0
1551474962 0
1551474963 0
1551474964 0
1551474965 0
1551474966 0
1551474967 0
1551474968 0
1551474969 0
1551474970 0
1551474971 0
1551474972 0
1551474973 0
1551474974 0
1551474975 0
1551474976 0
1551474977 0
1551474978 0
1551474979 0
1551474980 0
1551474981 0
1551474982 0
1551474983 0
1551474984 0
1551474985 0
1551474986 0
1551474987 0
1551474988 0
1551474989 0
1551474990 0
1551474991 0
1551474992 0
1551474993 0
1551474994 0
1551474995 0
1551474996 0
1551474997 0
1551474998 0
1551474999 0
1551475000 0
1551475001 0
1551475002 0
1551475003 0
1551475004 0
1551475005 0
1551475006 0
1551475007 0
1551475008 0
1551475009 0
1551475010 0
1551475011 0
1551475012 0
1551475013 0
1551475014 0
1551475015 0
1551475016 0
1551475017 0
1551475018 0
1551475019 0
1551475020 0
1551475021 0
1551475022 0
1551475023 0
1551475024 0
1551475025 0
1551475026 0
1551475027 0
1551475028 0
1551475029 0
1551475030 0
1551475031 0
1551475032 0
1551475033 0
1551475034 0
1551475035 0
1551475036 0
1551475037 0
1551475038 0
1551475039 0
1551475040 0
1551475041 0
1551475042 0
1551475043 0
1551475044 0
1551475045 0
1551475046 0
1551475047 0
1551475048 0
1551475049 0
1551475050 0
1551475051 0
1551475052 0
1551475053 0
1551475054 0
1551475055 0
1551475056 0
1551475057 0
1551475058 0
1551475059 0
1551475060 0
1551475061 0
1551475062 0
1551475063 0
1551475064 0
1551475065 0
1551475066 0
1551475067 0
1551475068 0
1551475069 0
1551475070 0
1551475071 0
1551475072 0
1551475073 0
1551475074 0
1551475075 0
1551475076 0
1551475077 0
1551475078 0
1551475079 0
1551475080 0
1551475081 0
1551475082 0
1551475083 0
1551475084 0
1551475085 0
1551475086 0
1551475087 0
1551475088 0
1551475089 0
1551475090 0
1551475091 0
1551475092 0
1551475093 0
1551475094 0
1551475095 0
1551475096 0
1551475097 0
1551475098 0
1551475099 0
1551475100 0
1551475101 0
1551475102 0
1551475103 0
1551475104 0
1551475105 0
1551475106 0
1551475107 0
1551475108 0
1551475109 0
1551475110 0
1551475111 0
1551475112 0
1551475113 0
1551475114 0
1551475115 0
1551475116 0
1551475117 0
1551475118 0
1551475119 0
1551475120 0
1551475121 0
1551475122 0
1551475123 0
1551475124 0
1551475125 0
1551475126 0
1551475127 0
1551475128 0
1551475129 0
1551475130 0
1551475131 0
1551475132 0
1551475133 0
1551475134 0
1551475135 0
1551475136 0
1551475137 0
1551475138 0
1551475139 0
1551475140 0
1551475141 0
1551475142 0
1551475143 0
1551475144 0
1551475145 0
1551475146 0
1551475147 0
1551475148 0
1551475149 0
1551475150 0
1551475151 0
1551475152 0
1551475153 0
1551475154 0
1551475155 0
1551475156 0
1551475157 0
1551475158 0
1551475159 0
1551475160 0
1551475161 0
1551475162 0
1551475163 0
1551475164 0
1551475165 0
1551475166 0
1551475167 0
1551475168 0
1551475169 0
1551475170 0
1551475171 0
1551475172 0
1551475173 0
1551475174 0
1551475175 0
1551475176 0
1551475177 0
1551475178 0
1551475179 0
1551475180 0
1551475181 0
1551475182 0
1551475183 0
1551475184 0
1551475185 0
1551475186 0
1551475187 0
1551475188 0
1551475189 0
1551475190 0
1551475191 0
1551475192 0
1551475193 0
1551475194 0
1551475195 0
1551475196 0
1551475197 0
1551475198 0
1551475199 0
1551475200 0
1551475201 0
1551475202 0
1551475203 0
1551475204 0
1551475205 0
1551475206 0
1551475207 0
1551475208 0
1551475209 0
1551475210 0
1551475211 0
1551475212 0
1551475213 0
1551475214 0
1551475215 0
1551475216 0
1551475217 0
1551475218 0
1551475219 0
1551475220 0
1551475221 0
1551475222 0
1551475223 0
1551475224 0
1551475225 0
1551475226 0
1551475227 0
1551475228 0
1551475229 0
1551475230 0
1551475231 0
1551475232 0
1551475233 0
1551475234 0
1551475235 0
1551475236 0
1551475237 0
1551475238 0
1551475239 0
1551475240 0
1551475241 0
1551475242 0
1551475243 0
1551475244 0
1551475245 0
1551475246 0
1551475247 0
1551475248 0
1551475249 0
1551475250 0
1551475251 0
1551475252 0
1551475253 0
1551475254 0
1551475255 0
1551475256 0
1551475257 0
1551475258 0
1551475259 0
1551475260 0
1551475261 0
1551475262 0
1551475263 0
1551475264 0
1551475265 0
1551475266 0
1551475267 0
1551475268 0
1551475269 0
1551475270 0
1551475271 0
1551475272 0
1551475273 0
1551475274 0
1551475275 0
1551475276 0
1551475277 0
1551475278 0
1551475279 0
1551475280 0
1551475281 0
1551475282 0
1551475283 0
1551475284 0
1551475285 0
1551475286 0
1551475287 0
1551475288 0
1551475289 0
1551475290 0
1551475291 0
1551475292 0
1551475293 0
1551475294 0
1551475295 0
1551475296 0
1551475297 0
1551475298 0
1551475299 0
1551475300 0
1551475301 0
1551475302 0
1551475303 0
1551475304 0
1551475305 0
1551475306 0
1551475307 0
1551475308 0
1551475309 0
1551475310 0
1551475311 0
1551475312 0
1551475313 0
1551475314 0
1551475315 0
1551475316 0
1551475317 0
1551475318 0
1551475319 0
1551475320 0
1551475321 0
1551475322 0
1551475323 0
1551475324 0
1551475325 0
1551475326 0
1551475327 0
1551475328 0
1551475329 0
1551475330 0
1551475331 0
1551475332 0
1551475333 0
1551475334 0
1551475335 0
1551475336 0
1551475337 0
1551475338 0
1551475339 0
1551475340 0
1551475341 0
1551475342 0
1551475343 0
1551475344 0
1551475345 0
1551475346 0
1551475347 0
1551475348 0
1551475349 0
1551475350 0
1551475351 0
1551475352 0
1551475353 0
1551475354 0
1551475355 0
1551475356 0
1551475357 0
1551475358 0
1551475359 0
1551475360 0
1551475361 0
1551475362 0
1551475363 0
1551475364 0
1551475365 0
1551475366 0
1551475367 0
1551475368 0
1551475369 0
1551475370 0
1551475371 0
1551475372 0
1551475373 0
1551475374 0
1551475375 0
1551475376 0
1551475377 0
1551475378 0
1551475379 0
1551475380 0
1551475381 0
1551475382 0
1551475383 0
1551475384 0
1551475385 0
1551475386 0
1551475387 0
1551475388 0
1551475389 0
1551475390 0
1551475391 0
1551475392 0
1551475393 0
1551475394 0
1551475395 0
1551475396 0
1551475397 0
1551475398 0
1551475399 0
1551475400 0
1551475401 0
1551475402 0
1551475403 0
1551475404 0
1551475405 0
1551475406 0
1551475407 0
1551475408 0
1551475409 0
1551475410 0
1551475411 0
1551475412 0
1551475413 0
1551475414 0
1551475415 0
1551475416 0
1551475417 0
1551475418 0
1551475419 0
1551475420 0
1551475421 0
1551475422 0
1551475423 0
1551475424 0
1551475425 0
1551475426 0
1551475427 0
1551475428 0
1551475429 0
1551475430 0
1551475431 0
1551475432 0
1551475433 0
1551475434 0
1551475435 0
1551475436 0
1551475437 0
1551475438 0
1551475439 0
1551475440 0
1551475441 0
1551475442 0
1551475443 0
1551475444 0
1551475445 0
1551475446 0
1551475447 0
1551475448 0
1551475449 0
1551475450 0
1551475451 0
1551475452 0
1551475453 0
1551475454 0
1551475455 0
1551475456 0
1551475457 0
1551475458 0
1551475459 0
1551475460 0
1551475461 0
1551475462 0
1551475463 0
1551475464 0
1551475465 0
1551475466 0
1551475467 0
1551475468 0
1551475469 0
1551475470 0
1551475471 0
1551475472 0
1551475473 0
1551475474 0
1551475475 0
1551475476 0
1551475477 0
1551475478 0
1551475479 0
1551475480 0
1551475481 0
1551475482 0
1551475483 0
1551475484 0
1551475485 0
1551475486 0
1551475487 0
1551475488 0
1551475489 0
1551475490 0
1551475491 0
1551475492 0
1551475493 0
1551475494 0
1551475495 0
1551475496 0
1551475497 0
1551475498 0
1551475499 0
1551475500 0
1551475501 0
1551475502 0
1551475503 0
1551475504 0
1551475505 0
1551475506 0
1551475507 0
1551475508 0
1551475509 0
1551475510 0
1551475511 0
1551475512 0
1551475513 0
1551475514 0
1551475515 0
1551475516 0
1551475517 0
1551475518 0
1551475519 0
1551475520 0
1551475521 0
1551475522 0
1551475523 0
1551475524 0
1551475525 0
1551475526 0
1551475527 0
1551475528 0
1551475529 0
1551475530 0
1551475531 0
1551475532 0
1551475533 0
1551475534 0
1551475535 0
1551475536 0
1551475537 0
1551475538 0
1551475539 0
1551475540 0
1551475541 0
1551475542 0
1551475543 0
1551475544 0
1551475545 0
1551475546 0
1551475547 0
1551475548 0
1551475549 0
1551475550 0
1551475551 0
1551475552 0
1551475553 0
1551475554 0
1551475555 0
1551475556 0
1551475557 0
1551475558 0
1551475559 0
1551475560 0
1551475561 0
1551475562 0
1551475563 0
1551475564 0
1551475565 0
1551475566 0
1551475567 0
1551475568 0
1551475569 0
1551475570 0
1551475571 0
1551475572 0
1551475573 0
1551475574 0
1551475575 0
1551475576 0
1551475577 0
1551475578 0
1551475579 0
1551475580 0
1551475581 0
1551475582 0
1551475583 0
1551475584 0
1551475585 0
1551475586 0
1551475587 0
1551475588 0
1551475589 0
1551475590 0
1551475591 0
1551475592 0
1551475593 0
1551475594 0
1551475595 0
1551475596 0
1551475597 0
1551475598 0
1551475599 0
1551475600 0
1551475601 0
1551475602 0
1551475603 0
1551475604 0
1551475605 0
1551475606 0
1551475607 0
1551475608 0
1551475609 0
1551475610 0
1551475611 0
1551475612 0
1551475613 0
1551475614 0
1551475615 0
1551475616 0
1551475617 0
1551475618 0
1551475619 0
1551475620 0
1551475621 0
1551475622 0
1551475623 0
1551475624 0
1551475625 0
1551475626 0
1551475627 0
1551475628 0
1551475629 0
1551475630 0
1551475631 0
1551475632 0
1551475633 0
1551475634 0
1551475635 0
1551475636 0
1551475637 0
1551475638 0
1551475639 0
1551475640 0
1551475641 0
1551475642 0
1551475643 0
1551475644 0
1551475645 0
1551475646 0
1551475647 0
1551475648 0
1551475649 0
1551475650 0
1551475651 0
1551475652 0
1551475653 0
1551475654 0
1551475655 0
1551475656 0
1551475657 0
1551475658 0
1551475659 0
1551475660 0
1551475661 0
1551475662 0
1551475663 0
1551475664 0
1551475665 0
1551475666 0
1551475667 0
1551475668 0
1551475669 0
1551475670 0
1551475671 0
1551475672 0
1551475673 0
1551475674 0
1551475675 0
1551475676 0
1551475677 0
1551475678 0
1551475679 0
1551475680 0
1551475681 0
1551475682 0
1551475683 0
1551475684 0
1551475685 0
1551475686 0
1551475687 0
1551475688 0
1551475689 0
1551475690 0
1551475691 0
1551475692 0
1551475693 0
1551475694 0
1551475695 0
1551475696 0
1551475697 0
1551475698 0
1551475699 0
1551475700 0
1551475701 0
1551475702 0
1551475703 0
1551475704 0
1551475705 0
1551475706 0
1551475707 0
1551475708 0
1551475709 0
1551475710 0
1551475711 0
1551475712 0
1551475713 0
1551475714 0
1551475715 0
1551475716 0
1551475717 0
1551475718 0
1551475719 0
1551475720 0
1551475721 0
1551475722 0
1551475723 0
1551475724 0
1551475725 0
1551475726 0
1551475727 0
1551475728 0
1551475729 0
1551475730 0
1551475731 0
1551475732 0
1551475733 0
1551475734 0
1551475735 0
1551475736 0
1551475737 0
1551475738 0
1551475739 0
1551475740 0
1551475741 0
1551475742 0
1551475743 0
1551475744 0
1551475745 0
1551475746 0
1551475747 0
1551475748 0
1551475749 0
1551475750 0
1551475751 0
1551475752 0
1551475753 0
1551475754 0
1551475755 0
1551475756 0
1551475757 0
1551475758 0
1551475759 0
1551475760 0
1551475761 0
1551475762 0
1551475763 0
1551475764 0
1551475765 0
1551475766 0
1551475767 0
1551475768 0
1551475769 0
1551475770 0
1551475771 0
1551475772 0
1551475773 0
1551475774 0
1551475775 0
1551475776 0
1551475777 0
1551475778 0
1551475779 0
1551475780 0
1551475781 0
1551475782 0
1551475783 0
1551475784 0
1551475785 0
1551475786 0
1551475787 0
1551475788 0
1551475789 0
1551475790 0
1551475791 0
1551475792 0
1551475793 0
1551475794 0
1551475795 0
1551475796 0
1551475797 0
1551475798 0
1551475799 0
1551475800 0
1551475801 0
1551475802 0
1551475803 0
1551475804 0
1551475805 0
1551475806 0
1551475807 0
1551475808 0
1551475809 0
1551475810 0
1551475811 0
1551475812 0
1551475813 0
1551475814 0
1551475815 0
1551475816 0
1551475817 0
1551475818 0
1551475819 0
1551475820 0
1551475821 0
1551475822 0
1551475823 0
1551475824 0
1551475825 0
1551475826 0
1551475827 0
1551475828 0
1551475829 0
1551475830 0
1551475831 0
1551475832 0
1551475833 0
1551475834 0
1551475835 0
1551475836 0
1551475837 0
1551475838 0
1551475839 0
1551475840 0
1551475841 0
1551475842 0
1551475843 0
1551475844 0
1551475845 0
1551475846 0
1551475847 0
1551475848 0
1551475849 0
1551475850 0
1551475851 0
1551475852 0
1551475853 0
1551475854 0
1551475855 0
1551475856 0
1551475857 0
1551475858 0
1551475859 0
1551475860 0
1551475861 0
1551475862 0
1551475863 0
1551475864 0
1551475865 0
1551475866 0
1551475867 0
1551475868 0
1551475869 0
1551475870 0
1551475871 0
1551475872 0
1551475873 0
1551475874 0
1551475875 0
1551475876 0
1551475877 0
1551475878 0
1551475879 0
1551475880 0
1551475881 0
1551475882 0
1551475883 0
1551475884 0
1551475885 0
1551475886 0
1551475887 0
1551475888 0
1551475889 0
1551475890 0
1551475891 0
1551475892 0
1551475893 0
1551475894 0
1551475895 0
1551475896 0
1551475897 0
1551475898 0
1551475899 0
1551475900 0
1551475901 0
1551475902 0
1551475903 0
1551475904 0
1551475905 0
1551475906 0
1551475907 0
1551475908 0
1551475909 0
1551475910 0
1551475911 0
1551475912 0
1551475913 0
1551475914 0
1551475915 0
1551475916 0
1551475917 0
1551475918 0
1551475919 0
1551475920 0
1551475921 0
1551475922 0
1551475923 0
1551475924 0
1551475925 0
1551475926 0
1551475927 0
1551475928 0
1551475929 0
1551475930 0
1551475931 0
1551475932 0
1551475933 0
1551475934 0
1551475935 0
1551475936 0
1551475937 0
1551475938 0
1551475939 0
1551475940 0
1551475941 0
1551475942 0
1551475943 0
1551475944 0
1551475945 0
1551475946 0
1551475947 0
1551475948 0
1551475949 0
1551475950 0
1551475951 0
1551475952 0
1551475953 0
1551475954 0
1551475955 0
1551475956 0
1551475957 0
1551475958 0
1551475959 0
1551475960 0
1551475961 0
1551475962 0
1551475963 0
1551475964 0
1551475965 0
1551475966 0
1551475967 0
1551475968 0
1551475969 0
1551475970 0
1551475971 0
1551475972 0
1551475973 0
1551475974 0
1551475975 0
1551475976 0
1551475977 0
1551475978 0
1551475979 0
1551475980 0
1551475981 0
1551475982 0
1551475983 0
1551475984 0
1551475985 0
1551475986 0
1551475987 0
1551475988 0
1551475989 0
1551475990 0
1551475991 0
1551475992 0
1551475993 0
1551475994 0
1551475995 0
1551475996 0
1551475997 0
1551475998 0
1551475999 0
1551476000 0
1551476001 0
1551476002 0
1551476003 0
1551476004 0
1551476005 0
1551476006 0
1551476007 0
1551476008 0
1551476009 0
1551476010 0
1551476011 0
1551476012 0
1551476013 0
1551476014 0
1551476015 0
1551476016 0
1551476017 0
1551476018 0
1551476019 0
1551476020 0
1551476021 0
1551476022 0
1551476023 0
1551476024 0
1551476025 0
1551476026 0
1551476027 0
1551476028 0
1551476029 0
1551476030 0
1551476031 0
1551476032 0
1551476033 0
1551476034 0
1551476035 0
1551476036 0
1551476037 0
1551476038 0
1551476039 0
1551476040 0
1551476041 0
1551476042 0
1551476043 0
1551476044 0
1551476045 0
1551476046 0
1551476047 0
1551476048 0
1551476049 0
1551476050 0
1551476051 0
1551476052 0
1551476053 0
1551476054 0
1551476055 0
1551476056 0
1551476057 0
1551476058 0
1551476059 0
1551476060 0
1551476061 0
1551476062 0
1551476063 0
1551476064 0
1551476065 0
1551476066 0
1551476067 0
1551476068 0
1551476069 0
1551476070 0
1551476071 0
1551476072 0
1551476073 0
1551476074 0
1551476075 0
1551476076 0
1551476077 0
1551476078 0
1551476079 0
1551476080 0
1551476081 0
1551476082 0
1551476083 0
1551476084 0
1551476085 0
1551476086 0
1551476087 0
1551476088 0
1551476089 0
1551476090 0
1551476091 0
1551476092 0
1551476093 0
1551476094 0
1551476095 0
1551476096 0
1551476097 0
1551476098 0
1551476099 0
1551476100 0
1551476101 0
1551476102 0
1551476103 0
1551476104 0
1551476105 0
1551476106 0
1551476107 0
1551476108 0
1551476109 0
1551476110 0
1551476111 0
1551476112 0
1551476113 0
1551476114 0
1551476115 0
1551476116 0
1551476117 0
1551476118 0
1551476119 0
1551476120 0
1551476121 0
1551476122 0
1551476123 0
1551476124 0
1551476125 0
1551476126 0
1551476127 0
1551476128 0
1551476129 0
1551476130 0
1551476131 0
1551476132 0
1551476133 0
1551476134 0
1551476135 0
1551476136 0
1551476137 0
1551476138 0
1551476139 0
1551476140 0
1551476141 0
1551476142 0
1551476143 0
1551476144 0
1551476145 0
1551476146 0
1551476147 0
1551476148 0
1551476149 0
1551476150 0
1551476151 0
1551476152 0
1551476153 0
1551476154 0
1551476155 0
1551476156 0
1551476157 0
1551476158 0
1551476159 0
1551476160 0
1551476161 0
1551476162 0
1551476163 0
1551476164 0
1551476165 0
1551476166 0
1551476167 0
1551476168 0
1551476169 0
1551476170 0
1551476171 0
1551476172 0
1551476173 0
1551476174 0
1551476175 0
1551476176 0
1551476177 0
1551476178 0
1551476179 0
1551476180 0
1551476181 0
1551476182 0
1551476183 0
1551476184 0
1551476185 0
1551476186 0
1551476187 0
1551476188 0
1551476189 0
1551476190 0
1551476191 0
1551476192 0
1551476193 0
1551476194 0
1551476195 0
1551476196 0
1551476197 0
1551476198 0
1551476199 0
1551476200 0
1551476201 0
1551476202 0
1551476203 0
1551476204 0
1551476205 0
1551476206 0
1551476207 0
1551476208 0
1551476209 0
1551476210 0
1551476211 0
1551476212 0
1551476213 0
1551476214 0
1551476215 0
1551476216 0
1551476217 0
1551476218 0
1551476219 0
1551476220 0
1551476221 0
1551476222 0
1551476223 0
1551476224 0
1551476225 0
1551476226 0
1551476227 0
1551476228 0
1551476229 0
1551476230 0
1551476231 0
1551476232 0
1551476233 0
1551476234 0
1551476235 0
1551476236 0
1551476237 0
1551476238 0
1551476239 0
1551476240 0
1551476241 0
1551476242 0
1551476243 0
1551476244 0
1551476245 0
1551476246 0
1551476247 0
1551476248 0
1551476249 0
1551476250 0
1551476251 0
1551476252 0
1551476253 0
1551476254 0
1551476255 0
1551476256 0
1551476257 0
1551476258 0
1551476259 0
1551476260 0
1551476261 0
1551476262 0
1551476263 0
1551476264 0
1551476265 0
1551476266 0
1551476267 0
1551476268 0
1551476269 0
1551476270 0
1551476271 0
1551476272 0
1551476273 0
1551476274 0
1551476275 0
1551476276 0
1551476277 0
1551476278 0
1551476279 0
1551476280 0
1551476281 0
1551476282 0
1551476283 0
1551476284 0
1551476285 0
1551476286 0
1551476287 0
1551476288 0
1551476289 0
1551476290 0
1551476291 0
1551476292 0
1551476293 0
1551476294 0
1551476295 0
1551476296 0
1551476297 0
1551476298 0
1551476299 0
1551476300 0
1551476301 0
1551476302 0
1551476303 0
1551476304 0
1551476305 0
1551476306 0
1551476307 0
1551476308 0
1551476309 0
1551476310 0
1551476311 0
1551476312 0
1551476313 0
1551476314 0
1551476315 0
1551476316 0
1551476317 0
1551476318 0
1551476319 0
1551476320 0
1551476321 0
1551476322 0
1551476323 0
1551476324 0
1551476325 0
1551476326 0
1551476327 0
1551476328 0
1551476329 0
1551476330 0
1551476331 0
1551476332 0
1551476333 0
1551476334 0
1551476335 0
1551476336 0
1551476337 0
1551476338 0
1551476339 0
1551476340 0
1551476341 0
1551476342 0
1551476343 0
1551476344 0
1551476345 0
1551476346 0
1551476347 0
1551476348 0
1551476349 0
1551476350 0
1551476351 0
1551476352 0
1551476353 0
1551476354 0
1551476355 0
1551476356 0
1551476357 0
1551476358 0
1551476359 0
1551476360 0
1551476361 0
1551476362 0
1551476363 0
1551476364 0
1551476365 0
1551476366 0
1551476367 0
1551476368 0
1551476369 0
1551476370 0
1551476371 0
1551476372 0
1551476373 0
1551476374 0
1551476375 0
1551476376 0
1551476377 0
1551476378 0
1551476379 0
1551476380 0
1551476381 0
1551476382 0
1551476383 0
1551476384 0
1551476385 0
1551476386 0
1551476387 0
1551476388 0
1551476389 0
1551476390 0
1551476391 0
1551476392 0
1551476393 0
1551476394 0
1551476395 0
1551476396 0
1551476397 0
1551476398 0
1551476399 0
1551476400 0
1551476401 0
1551476402 0
1551476403 0
1551476404 0
1551476405 0
1551476406 0
1551476407 0
1551476408 0
1551476409 0
1551476410 0
1551476411 0
1551476412 0
1551476413 0
1551476414 0
1551476415 0
1551476416 0
1551476417 0
1551476418 0
1551476419 0
1551476420 0
1551476421 0
1551476422 0
1551476423 0
1551476424 0
1551476425 0
1551476426 0
1551476427 0
1551476428 0
1551476429 0
1551476430 0
1551476431 0
1551476432 0
1551476433 0
1551476434 0
1551476435 0
1551476436 0
1551476437 0
1551476438 0
1551476439 0
1551476440 0
1551476441 0
1551476442 0
1551476443 0
1551476444 0
1551476445 0
1551476446 0
1551476447 0
1551476448 0
1551476449 0
1551476450 0
1551476451 0
1551476452 0
1551476453 0
1551476454 0
1551476455 0
1551476456 0
1551476457 0
1551476458 0
1551476459 0
1551476460 0
1551476461 0
1551476462 0
1551476463 0
1551476464 0
1551476465 0
1551476466 0
1551476467 0
1551476468 0
1551476469 0
1551476470 0
1551476471 0
1551476472 0
1551476473 0
1551476474 0
1551476475 0
1551476476 0
1551476477 0
1551476478 0
1551476479 0
1551476480 0
1551476481 0
1551476482 0
1551476483 0
1551476484 0
1551476485 0
1551476486 0
1551476487 0
1551476488 0
1551476489 0
1551476490 0
1551476491 0
1551476492 0
1551476493 0
1551476494 0
1551476495 0
1551476496 0
1551476497 0
1551476498 0
1551476499 0
1551476500 0
1551476501 0
1551476502 0
1551476503 0
1551476504 0
1551476505 0
1551476506 0
1551476507 0
1551476508 0
1551476509 0
1551476510 0
1551476511 0
1551476512 0
1551476513 0
1551476514 0
1551476515 0
1551476516 0
1551476517 0
1551476518 0
1551476519 0
1551476520 0
1551476521 0
1551476522 0
1551476523 0
1551476524 0
1551476525 0
1551476526 0
1551476527 0
1551476528 0
1551476529 0
1551476530 0
1551476531 0
1551476532 0
1551476533 0
1551476534 0
1551476535 0
1551476536 0
1551476537 0
1551476538 0
1551476539 0
1551476540 0
1551476541 0
1551476542 0
1551476543 0
1551476544 0
1551476545 0
1551476546 0
1551476547 0
1551476548 0
1551476549 0
1551476550 0
1551476551 0
1551476552 0
1551476553 0
1551476554 0
1551476555 0
1551476556 0
1551476557 0
1551476558 0
1551476559 0
1551476560 0
1551476561 0
1551476562 0
1551476563 0
1551476564 0
1551476565 0
1551476566 0
1551476567 0
1551476568 0
1551476569 0
1551476570 0
1551476571 0
1551476572 0
1551476573 0
1551476574 0
1551476575 0
1551476576 0
1551476577 0
1551476578 0
1551476579 0
1551476580 0
1551476581 0
1551476582 0
1551476583 0
1551476584 0
1551476585 0
1551476586 0
1551476587 0
1551476588 0
1551476589 0
1551476590 0
1551476591 0
1551476592 0
1551476593 0
1551476594 0
1551476595 0
1551476596 0
1551476597 0
1551476598 0
1551476599 0
1551476600 0
1551476601 0
1551476602 0
1551476603 0
1551476604 0
1551476605 0
1551476606 0
1551476607 0
1551476608 0
1551476609 0
1551476610 0
1551476611 0
1551476612 0
1551476613 0
1551476614 0
1551476615 0
1551476616 0
1551476617 0
1551476618 0
1551476619 0
1551476620 0
1551476621 0
1551476622 0
1551476623 0
1551476624 0
1551476625 0
1551476626 0
1551476627 0
1551476628 0
1551476629 0
1551476630 0
1551476631 0
1551476632 0
1551476633 0
1551476634 0
1551476635 0
1551476636 0
1551476637 0
1551476638 0
1551476639 0
1551476640 0
1551476641 0
1551476642 0
1551476643 0
1551476644 0
1551476645 0
1551476646 0
1551476647 0
1551476648 0
1551476649 0
1551476650 0
1551476651 0
1551476652 0
1551476653 0
1551476654 0
1551476655 0
1551476656 0
1551476657 0
1551476658 0
1551476659 0
1551476660 0
1551476661 0
1551476662 0
1551476663 0
1551476664 0
1551476665 0
1551476666 0
1551476667 0
1551476668 0
1551476669 0
1551476670 0
1551476671 0
1551476672 0
1551476673 0
1551476674 0
1551476675 0
1551476676 0
1551476677 0
1551476678 0
1551476679 0
1551476680 0
1551476681 0
1551476682 0
1551476683 0
1551476684 0
1551476685 0
1551476686 0
1551476687 0
1551476688 0
1551476689 0
1551476690 0
1551476691 0
1551476692 0
1551476693 0
1551476694 0
1551476695 0
1551476696 0
1551476697 0
1551476698 0
1551476699 0
1551476700 0
1551476701 0
1551476702 0
1551476703 0
1551476704 0
1551476705 0
1551476706 0
1551476707 0
1551476708 0
1551476709 0
1551476710 0
1551476711 0
1551476712 0
1551476713 0
1551476714 0
1551476715 0
1551476716 0
1551476717 0
1551476718 0
1551476719 0
1551476720 0
1551476721 0
1551476722 0
1551476723 0
1551476724 0
1551476725 0
1551476726 0
1551476727 0
1551476728 0
1551476729 0
1551476730 0
1551476731 0
1551476732 0
1551476733 0
1551476734 0
1551476735 0
1551476736 0
1551476737 0
1551476738 0
1551476739 0
1551476740 0
1551476741 0
1551476742 0
1551476743 0
1551476744 0
1551476745 0
1551476746 0
1551476747 0
1551476748 0
1551476749 0
1551476750 0
1551476751 0
1551476752 0
1551476753 0
1551476754 0
1551476755 0
1551476756 0
1551476757 0
1551476758 0
1551476759 0
1551476760 0
1551476761 0
1551476762 0
1551476763 0
1551476764 0
1551476765 0
1551476766 0
1551476767 0
1551476768 0
1551476769 0
1551476770 0
1551476771 0
1551476772 0
1551476773 0
1551476774 0
1551476775 0
1551476776 0
1551476777 0
1551476778 0
1551476779 0
1551476780 0
1551476781 0
1551476782 0
1551476783 0
1551476784 0
1551476785 0
1551476786 0
1551476787 0
1551476788 0
1551476789 0
1551476790 0
1551476791 0
1551476792 0
1551476793 0
1551476794 0
1551476795 0
1551476796 0
1551476797 0
1551476798 0
1551476799 0
1551476800 0
1551476801 0
1551476802 0
1551476803 0
1551476804 0
1551476805 0
1551476806 0
1551476807 0
1551476808 0
1551476809 0
1551476810 0
1551476811 0
1551476812 0
1551476813 0
1551476814 0
1551476815 0
1551476816 0
1551476817 0
1551476818 0
1551476819 0
1551476820 0
1551476821 0
1551476822 0
1551476823 0
1551476824 0
1551476825 0
1551476826 0
1551476827 0
1551476828 0
1551476829 0
1551476830 0
1551476831 0
1551476832 0
1551476833 0
1551476834 0
1551476835 0
1551476836 0
1551476837 0
1551476838 0
1551476839 0
1551476840 0
1551476841 0
1551476842 0
1551476843 0
1551476844 0
1551476845 0
1551476846 0
1551476847 0
1551476848 0
1551476849 0
1551476850 0
1551476851 0
1551476852 0
1551476853 0
1551476854 0
1551476855 0
1551476856 0
1551476857 0
1551476858 0
1551476859 0
1551476860 0
1551476861 0
1551476862 0
1551476863 0
1551476864 0
1551476865 0
1551476866 0
1551476867 0
1551476868 0
1551476869 0
1551476870 0
1551476871 0
1551476872 0
1551476873 0
1551476874 0
1551476875 0
1551476876 0
1551476877 0
1551476878 0
1551476879 0
1551476880 0
1551476881 0
1551476882 0
1551476883 0
1551476884 0
1551476885 0
1551476886 0
1551476887 0
1551476888 0
1551476889 0
1551476890 0
1551476891 0
1551476892 0
1551476893 0
1551476894 0
1551476895 0
1551476896 0
1551476897 0
1551476898 0
1551476899 0
1551476900 0
1551476901 0
1551476902 0
1551476903 0
1551476904 0
1551476905 0
1551476906 0
1551476907 0
1551476908 0
1551476909 0
1551476910 0
1551476911 0
1551476912 0
1551476913 0
1551476914 0
1551476915 0
1551476916 0
1551476917 0
1551476918 0
1551476919 0
1551476920 0
1551476921 0
1551476922 0
1551476923 0
1551476924 0
1551476925 0
1551476926 0
1551476927 0
1551476928 0
1551476929 0
1551476930 0
1551476931 0
1551476932 0
1551476933 0
1551476934 0
1551476935 0
1551476936 0
1551476937 0
1551476938 0
1551476939 0
1551476940 0
1551476941 0
1551476942 0
1551476943 0
1551476944 0
1551476945 0
1551476946 0
1551476947 0
1551476948 0
1551476949 0
1551476950 0
1551476951 0
1551476952 0
1551476953 0
1551476954 0
1551476955 0
1551476956 0
1551476957 0
1551476958 0
1551476959 0
1551476960 0
1551476961 0
1551476962 0
1551476963 0
1551476964 0
1551476965 0
1551476966 0
1551476967 0
1551476968 0
1551476969 0
1551476970 0
1551476971 0
1551476972 0
1551476973 0
1551476974 0
1551476975 0
1551476976 0
1551476977 0
1551476978 0
1551476979 0
1551476980 0
1551476981 0
1551476982 0
1551476983 0
1551476984 0
1551476985 0
1551476986 0
1551476987 0
1551476988 0
1551476989 0
1551476990 0
1551476991 0
1551476992 0
1551476993 0
1551476994 0
1551476995 0
1551476996 0
1551476997 0
1551476998 0
1551476999 0
1551477000 0
1551477001 0
1551477002 0
1551477003 0
1551477004 0
1551477005 0
1551477006 0
1551477007 0
1551477008 0
1551477009 0
1551477010 0
1551477011 0
1551477012 0
1551477013 0
1551477014 0
1551477015 0
1551477016 0
1551477017 0
1551477018 0
1551477019 0
1551477020 0
1551477021 0
1551477022 0
1551477023 0
1551477024 0
1551477025 0
1551477026 0
1551477027 0
1551477028 0
1551477029 0
1551477030 0
1551477031 0
1551477032 0
1551477033 0
1551477034 0
1551477035 0
1551477036 0
1551477037 0
1551477038 0
1551477039 0
1551477040 0
1551477041 0
1551477042 0
1551477043 0
1551477044 0
1551477045 0
1551477046 0
1551477047 0
1551477048 0
1551477049 0
1551477050 0
1551477051 0
1551477052 0
1551477053 0
1551477054 0
1551477055 0
1551477056 0
1551477057 0
1551477058 0
1551477059 0
1551477060 0
1551477061 0
1551477062 0
1551477063 0
1551477064 0
1551477065 0
1551477066 0
1551477067 0
1551477068 0
1551477069 0
1551477070 0
1551477071 0
1551477072 0
1551477073 0
1551477074 0
1551477075 0
1551477076 0
1551477077 0
1551477078 0
1551477079 0
1551477080 0
1551477081 0
1551477082 0
1551477083 0
1551477084 0
1551477085 0
1551477086 0
1551477087 0
1551477088 0
1551477089 0
1551477090 0
1551477091 0
1551477092 0
1551477093 0
1551477094 0
1551477095 0
1551477096 0
1551477097 0
1551477098 0
1551477099 0
1551477100 0
1551477101 0
1551477102 0
1551477103 0
1551477104 0
1551477105 0
1551477106 0
1551477107 0
1551477108 0
1551477109 0
1551477110 0
1551477111 0
1551477112 0
1551477113 0
1551477114 0
1551477115 0
1551477116 0
1551477117 0
1551477118 0
1551477119 0
1551477120 0
1551477121 0
1551477122 0
1551477123 0
1551477124 0
1551477125 0
1551477126 0
1551477127 0
1551477128 0
1551477129 0
1551477130 0
1551477131 0
1551477132 0
1551477133 0
1551477134 0
1551477135 0
1551477136 0
1551477137 0
1551477138 0
1551477139 0
1551477140 0
1551477141 0
1551477142 0
1551477143 0
1551477144 0
1551477145 0
1551477146 0
1551477147 0
1551477148 0
1551477149 0
1551477150 0
1551477151 0
1551477152 0
1551477153 0
1551477154 0
1551477155 0
1551477156 0
1551477157 0
1551477158 0
1551477159 0
1551477160 0
1551477161 0
1551477162 0
1551477163 0
1551477164 0
1551477165 0
1551477166 0
1551477167 0
1551477168 0
1551477169 0
1551477170 0
1551477171 0
1551477172 0
1551477173 0
1551477174 0
1551477175 0
1551477176 0
1551477177 0
1551477178 0
1551477179 0
1551477180 0
1551477181 0
1551477182 0
1551477183 0
1551477184 0
1551477185 0
1551477186 0
1551477187 0
1551477188 0
1551477189 0
1551477190 0
1551477191 0
1551477192 0
1551477193 0
1551477194 0
1551477195 0
1551477196 0
1551477197 0
1551477198 0
1551477199 0
1551477200 0
1551477201 0
1551477202 0
1551477203 0
1551477204 0
1551477205 0
1551477206 0
1551477207 0
1551477208 0
1551477209 0
1551477210 0
1551477211 0
1551477212 0
1551477213 0
1551477214 0
1551477215 0
1551477216 0
1551477217 0
1551477218 0
1551477219 0
1551477220 0
1551477221 0
1551477222 0
1551477223 0
1551477224 0
1551477225 0
1551477226 0
1551477227 0
1551477228 0
1551477229 0
1551477230 0
1551477231 0
1551477232 0
1551477233 0
1551477234 0
1551477235 0
1551477236 0
1551477237 0
1551477238 0
1551477239 0
1551477240 0
1551477241 0
1551477242 0
1551477243 0
1551477244 0
1551477245 0
1551477246 0
1551477247 0
1551477248 0
1551477249 0
1551477250 0
1551477251 0
1551477252 0
1551477253 0
1551477254 0
1551477255 0
1551477256 0
1551477257 0
1551477258 0
1551477259 0
1551477260 0
1551477261 0
1551477262 0
1551477263 0
1551477264 0
1551477265 0
1551477266 0
1551477267 0
1551477268 0
1551477269 0
1551477270 0
1551477271 0
1551477272 0
1551477273 0
1551477274 0
1551477275 0
1551477276 0
1551477277 0
1551477278 0
1551477279 0
1551477280 0
1551477281 0
1551477282 0
1551477283 0
1551477284 0
1551477285 0
1551477286 0
1551477287 0
1551477288 0
1551477289 0
1551477290 0
1551477291 0
1551477292 0
1551477293 0
1551477294 0
1551477295 0
1551477296 0
1551477297 0
1551477298 0
1551477299 0
1551477300 0
1551477301 0
1551477302 0
1551477303 0
1551477304 0
1551477305 0
1551477306 0
1551477307 0
1551477308 0
1551477309 0
1551477310 0
1551477311 0
1551477312 0
1551477313 0
1551477314 0
1551477315 0
1551477316 0
1551477317 0
1551477318 0
1551477319 0
1551477320 0
1551477321 0
1551477322 0
1551477323 0
1551477324 0
1551477325 0
1551477326 0
1551477327 0
1551477328 0
1551477329 0
1551477330 0
1551477331 0
1551477332 0
1551477333 0
1551477334 0
1551477335 0
1551477336 0
1551477337 0
1551477338 0
1551477339 0
1551477340 0
1551477341 0
1551477342 0
1551477343 0
1551477344 0
1551477345 0
1551477346 0
1551477347 0
1551477348 0
1551477349 0
1551477350 0
1551477351 0
1551477352 0
1551477353 0
1551477354 0
1551477355 0
1551477356 0
1551477357 0
1551477358 0
1551477359 0
1551477360 0
1551477361 0
1551477362 0
1551477363 0
1551477364 0
1551477365 0
1551477366 0
1551477367 0
1551477368 0
1551477369 0
1551477370 0
1551477371 0
1551477372 0
1551477373 0
1551477374 0
1551477375 0
1551477376 0
1551477377 0
1551477378 0
1551477379 0
1551477380 0
1551477381 0
1551477382 0
1551477383 0
1551477384 0
1551477385 0
1551477386 0
1551477387 0
1551477388 0
1551477389 0
1551477390 0
1551477391 0
1551477392 0
1551477393 0
1551477394 0
1551477395 0
1551477396 0
1551477397 0
1551477398 0
1551477399 0
1551477400 0
1551477401 0
1551477402 0
1551477403 0
1551477404 0
1551477405 0
1551477406 0
1551477407 0
1551477408 0
1551477409 0
1551477410 0
1551477411 0
1551477412 0
1551477413 0
1551477414 0
1551477415 0
1551477416 0
1551477417 0
1551477418 0
1551477419 0
1551477420 0
1551477421 0
1551477422 0
1551477423 0
1551477424 0
1551477425 0
1551477426 0
1551477427 0
1551477428 0
1551477429 0
1551477430 0
1551477431 0
1551477432 0
1551477433 0
1551477434 0
1551477435 0
1551477436 0
1551477437 0
1551477438 0
1551477439 0
1551477440 0
1551477441 0
1551477442 0
1551477443 0
1551477444 0
1551477445 0
1551477446 0
1551477447 0
1551477448 0
1551477449 0
1551477450 0
1551477451 0
1551477452 0
1551477453 0
1551477454 0
1551477455 0
1551477456 0
1551477457 0
1551477458 0
1551477459 0
1551477460 0
1551477461 0
1551477462 0
1551477463 0
1551477464 0
1551477465 0
1551477466 0
1551477467 0
1551477468 0
1551477469 0
1551477470 0
1551477471 0
1551477472 0
1551477473 0
1551477474 0
1551477475 0
1551477476 0
1551477477 0
1551477478 0
1551477479 0
1551477480 0
1551477481 0
1551477482 0
1551477483 0
1551477484 0
1551477485 0
1551477486 0
1551477487 0
1551477488 0
1551477489 0
1551477490 0
1551477491 0
1551477492 0
1551477493 0
1551477494 0
1551477495 0
1551477496 0
1551477497 0
1551477498 0
1551477499 0
1551477500 0
1551477501 0
1551477502 0
1551477503 0
1551477504 0
1551477505 0
1551477506 0
1551477507 0
1551477508 0
1551477509 0
1551477510 0
1551477511 0
1551477512 0
1551477513 0
1551477514 0
1551477515 0
1551477516 0
1551477517 0
1551477518 0
1551477519 0
1551477520 0
1551477521 0
1551477522 0
1551477523 0
1551477524 0
1551477525 0
1551477526 0
1551477527 0
1551477528 0
1551477529 0
1551477530 0
1551477531 0
1551477532 0
1551477533 0
1551477534 0
1551477535 0
1551477536 0
1551477537 0
1551477538 0
1551477539 0
1551477540 0
1551477541 0
1551477542 0
1551477543 0
1551477544 0
1551477545 0
1551477546 0
1551477547 0
1551477548 0
1551477549 0
1551477550 0
1551477551 0
1551477552 0
1551477553 0
1551477554 0
1551477555 0
1551477556 0
1551477557 0
1551477558 0
1551477559 0
1551477560 0
1551477561 0
1551477562 0
1551477563 0
1551477564 0
1551477565 0
1551477566 0
1551477567 0
1551477568 0
1551477569 0
1551477570 0
1551477571 0
1551477572 0
1551477573 0
1551477574 0
1551477575 0
1551477576 0
1551477577 0
1551477578 0
1551477579 0
1551477580 0
1551477581 0
1551477582 0
1551477583 0
1551477584 0
1551477585 0
1551477586 0
1551477587 0
1551477588 0
1551477589 0
1551477590 0
1551477591 0
1551477592 0
1551477593 0
1551477594 0
1551477595 0
1551477596 0
1551477597 0
1551477598 0
1551477599 0
1551477600 0
1551477601 0
1551477602 0
1551477603 0
1551477604 0
1551477605 0
1551477606 0
1551477607 0
1551477608 0
1551477609 0
1551477610 0
1551477611 0
1551477612 0
1551477613 0
1551477614 0
1551477615 0
1551477616 0
1551477617 0
1551477618 0
1551477619 0
1551477620 0
1551477621 0
1551477622 0
1551477623 0
1551477624 0
1551477625 0
1551477626 0
1551477627 0
1551477628 0
1551477629 0
1551477630 0
1551477631 0
1551477632 0
1551477633 0
1551477634 0
1551477635 0
1551477636 0
1551477637 0
1551477638 0
1551477639 0
1551477640 0
1551477641 0
1551477642 0
1551477643 0
1551477644 0
1551477645 0
1551477646 0
1551477647 0
1551477648 0
1551477649 0
1551477650 0
1551477651 0
1551477652 0
1551477653 0
1551477654 0
1551477655 0
1551477656 0
1551477657 0
1551477658 0
1551477659 0
1551477660 0
1551477661 0
1551477662 0
1551477663 0
1551477664 0
1551477665 0
1551477666 0
1551477667 0
1551477668 0
1551477669 0
1551477670 0
1551477671 0
1551477672 0
1551477673 0
1551477674 0
1551477675 0
1551477676 0
1551477677 0
1551477678 0
1551477679 0
1551477680 0
1551477681 0
1551477682 0
1551477683 0
1551477684 0
1551477685 0
1551477686 0
1551477687 0
1551477688 0
1551477689 0
1551477690 0
1551477691 0
1551477692 0
1551477693 0
1551477694 0
1551477695 0
1551477696 0
1551477697 0
1551477698 0
1551477699 0
1551477700 0
1551477701 0
1551477702 0
1551477703 0
1551477704 0
1551477705 0
1551477706 0
1551477707 0
1551477708 0
1551477709 0
1551477710 0
1551477711 0
1551477712 0
1551477713 0
1551477714 0
1551477715 0
1551477716 0
1551477717 0
1551477718 0
1551477719 0
1551477720 0
1551477721 0
1551477722 0
1551477723 0
1551477724 0
1551477725 0
1551477726 0
1551477727 0
1551477728 0
1551477729 0
1551477730 0
1551477731 0
1551477732 0
1551477733 0
1551477734 0
1551477735 0
1551477736 0
1551477737 0
1551477738 0
1551477739 0
1551477740 0
1551477741 0
1551477742 0
1551477743 0
1551477744 0
1551477745 0
1551477746 0
1551477747 0
1551477748 0
1551477749 0
1551477750 0
1551477751 0
1551477752 0
1551477753 0
1551477754 0
1551477755 0
1551477756 0
1551477757 0
1551477758 0
1551477759 0
1551477760 0
1551477761 0
1551477762 0
1551477763 0
1551477764 0
1551477765 0
1551477766 0
1551477767 0
1551477768 0
1551477769 0
1551477770 0
1551477771 0
1551477772 0
1551477773 0
1551477774 0
1551477775 0
1551477776 0
1551477777 0
1551477778 0
1551477779 0
1551477780 0
1551477781 0
1551477782 0
1551477783 0
1551477784 0
1551477785 0
1551477786 0
1551477787 0
1551477788 0
1551477789 0
1551477790 0
1551477791 0
1551477792 0
1551477793 0
1551477794 0
1551477795 0
1551477796 0
1551477797 0
1551477798 0
1551477799 0
1551477800 0
1551477801 0
1551477802 0
1551477803 0
1551477804 0
1551477805 0
1551477806 0
1551477807 0
1551477808 0
1551477809 0
1551477810 0
1551477811 0
1551477812 0
1551477813 0
1551477814 0
1551477815 0
1551477816 0
1551477817 0
1551477818 0
1551477819 0
1551477820 0
1551477821 0
1551477822 0
1551477823 0
1551477824 0
1551477825 0
1551477826 0
1551477827 0
1551477828 0
1551477829 0
1551477830 0
1551477831 0
1551477832 0
1551477833 0
1551477834 0
1551477835 0
1551477836 0
1551477837 0
1551477838 0
1551477839 0
1551477840 0
1551477841 0
1551477842 0
1551477843 0
1551477844 0
1551477845 0
1551477846 0
1551477847 0
1551477848 0
1551477849 0
1551477850 0
1551477851 0
1551477852 0
1551477853 0
1551477854 0
1551477855 0
1551477856 0
1551477857 0
1551477858 0
1551477859 0
1551477860 0
1551477861 0
1551477862 0
1551477863 0
1551477864 0
1551477865 0
1551477866 0
1551477867 0
1551477868 0
1551477869 0
1551477870 0
1551477871 0
1551477872 0
1551477873 0
1551477874 0
1551477875 0
1551477876 0
1551477877 0
1551477878 0
1551477879 0
1551477880 0
1551477881 0
1551477882 0
1551477883 0
1551477884 0
1551477885 0
1551477886 0
1551477887 0
1551477888 0
1551477889 0
1551477890 0
1551477891 0
1551477892 0
1551477893 0
1551477894 0
1551477895 0
1551477896 0
1551477897 0
1551477898 0
1551477899 0
1551477900 0
1551477901 0
1551477902 0
1551477903 0
1551477904 0
1551477905 0
1551477906 0
1551477907 0
1551477908 0
1551477909 0
1551477910 0
1551477911 0
1551477912 0
1551477913 0
1551477914 0
1551477915 0
1551477916 0
1551477917 0
1551477918 0
1551477919 0
1551477920 0
1551477921 0
1551477922 0
1551477923 0
1551477924 0
1551477925 0
1551477926 0
1551477927 0
1551477928 0
1551477929 0
1551477930 0
1551477931 0
1551477932 0
1551477933 0
1551477934 0
1551477935 0
1551477936 0
1551477937 0
1551477938 0
1551477939 0
1551477940 0
1551477941 0
1551477942 0
1551477943 0
1551477944 0
1551477945 0
1551477946 0
1551477947 0
1551477948 0
1551477949 0
1551477950 0
1551477951 0
1551477952 0
1551477953 0
1551477954 0
1551477955 0
1551477956 0
1551477957 0
1551477958 0
1551477959 0
1551477960 0
1551477961 0
1551477962 0
1551477963 0
1551477964 0
1551477965 0
1551477966 0
1551477967 0
1551477968 0
1551477969 0
1551477970 0
1551477971 0
1551477972 0
1551477973 0
1551477974 0
1551477975 0
1551477976 0
1551477977 0
1551477978 0
1551477979 0
1551477980 0
1551477981 0
1551477982 0
1551477983 0
1551477984 0
1551477985 0
1551477986 0
1551477987 0
1551477988 0
1551477989 0
1551477990 0
1551477991 0
1551477992 0
1551477993 0
1551477994 0
1551477995 0
1551477996 0
1551477997 0
1551477998 0
1551477999 0
1551478000 0
1551478001 0
1551478002 0
1551478003 0
1551478004 0
1551478005 0
1551478006 0
1551478007 0
1551478008 0
1551478009 0
1551478010 0
1551478011 0
1551478012 0
1551478013 0
1551478014 0
1551478015 0
1551478016 0
1551478017 0
1551478018 0
1551478019 0
1551478020 0
1551478021 0
1551478022 0
1551478023 0
1551478024 0
1551478025 0
1551478026 0
1551478027 0
1551478028 0
1551478029 0
1551478030 0
1551478031 0
1551478032 0
1551478033 0
1551478034 0
1551478035 0
1551478036 0
1551478037 0
1551478038 0
1551478039 0
1551478040 0
1551478041 0
1551478042 0
1551478043 0
1551478044 0
1551478045 0
1551478046 0
1551478047 0
1551478048 0
1551478049 0
1551478050 0
1551478051 0
1551478052 0
1551478053 0
1551478054 0
1551478055 0
1551478056 0
1551478057 0
1551478058 0
1551478059 0
1551478060 0
1551478061 0
1551478062 0
1551478063 0
1551478064 0
1551478065 0
1551478066 0
1551478067 0
1551478068 0
1551478069 0
1551478070 0
1551478071 0
1551478072 0
1551478073 0
1551478074 0
1551478075 0
1551478076 0
1551478077 0
1551478078 0
1551478079 0
1551478080 0
1551478081 0
1551478082 0
1551478083 0
1551478084 0
1551478085 0
1551478086 0
1551478087 0
1551478088 0
1551478089 0
1551478090 0
1551478091 0
1551478092 0
1551478093 0
1551478094 0
1551478095 0
1551478096 0
1551478097 0
1551478098 0
1551478099 0
1551478100 0
1551478101 0
1551478102 0
1551478103 0
1551478104 0
1551478105 0
1551478106 0
1551478107 0
1551478108 0
1551478109 0
1551478110 0
1551478111 0
1551478112 0
1551478113 0
1551478114 0
1551478115 0
1551478116 0
1551478117 0
1551478118 0
1551478119 0
1551478120 0
1551478121 0
1551478122 0
1551478123 0
1551478124 0
1551478125 0
1551478126 0
1551478127 0
1551478128 0
1551478129 0
1551478130 0
1551478131 0
1551478132 0
1551478133 0
1551478134 0
1551478135 0
1551478136 0
1551478137 0
1551478138 0
1551478139 0
1551478140 0
1551478141 0
1551478142 0
1551478143 0
1551478144 0
1551478145 0
1551478146 0
1551478147 0
1551478148 0
1551478149 0
1551478150 0
1551478151 0
1551478152 0
1551478153 0
1551478154 0
1551478155 0
1551478156 0
1551478157 0
1551478158 0
1551478159 0
1551478160 0
1551478161 0
1551478162 0
1551478163 0
1551478164 0
1551478165 0
1551478166 0
1551478167 0
1551478168 0
1551478169 0
1551478170 0
1551478171 0
1551478172 0
1551478173 0
1551478174 0
1551478175 0
1551478176 0
1551478177 0
1551478178 0
1551478179 0
1551478180 0
1551478181 0
1551478182 0
1551478183 0
1551478184 0
1551478185 0
1551478186 0
1551478187 0
1551478188 0
1551478189 0
1551478190 0
1551478191 0
1551478192 0
1551478193 0
1551478194 0
1551478195 0
1551478196 0
1551478197 0
1551478198 0
1551478199 0
1551478200 0
1551478201 0
1551478202 0
1551478203 0
1551478204 0
1551478205 0
1551478206 0
1551478207 0
1551478208 0
1551478209 0
1551478210 0
1551478211 0
1551478212 0
1551478213 0
1551478214 0
1551478215 0
1551478216 0
1551478217 0
1551478218 0
1551478219 0
1551478220 0
1551478221 0
1551478222 0
1551478223 0
1551478224 0
1551478225 0
1551478226 0
1551478227 0
1551478228 0
1551478229 0
1551478230 0
1551478231 0
1551478232 0
1551478233 0
1551478234 0
1551478235 0
1551478236 0
1551478237 0
1551478238 0
1551478239 0
1551478240 0
1551478241 0
1551478242 0
1551478243 0
1551478244 0
1551478245 0
1551478246 0
1551478247 0
1551478248 0
1551478249 0
1551478250 0
1551478251 0
1551478252 0
1551478253 0
1551478254 0
1551478255 0
1551478256 0
1551478257 0
1551478258 0
1551478259 0
1551478260 0
1551478261 0
1551478262 0
1551478263 0
1551478264 0
1551478265 0
1551478266 0
1551478267 0
1551478268 0
1551478269 0
1551478270 0
1551478271 0
1551478272 0
1551478273 0
1551478274 0
1551478275 0
1551478276 0
1551478277 0
1551478278 0
1551478279 0
1551478280 0
1551478281 0
1551478282 0
1551478283 0
1551478284 0
1551478285 0
1551478286 0
1551478287 0
1551478288 0
1551478289 0
1551478290 0
1551478291 0
1551478292 0
1551478293 0
1551478294 0
1551478295 0
1551478296 0
1551478297 0
1551478298 0
1551478299 0
1551478300 0
1551478301 0
1551478302 0
1551478303 0
1551478304 0
1551478305 0
1551478306 0
1551478307 0
1551478308 0
1551478309 0
1551478310 0
1551478311 0
1551478312 0
1551478313 0
1551478314 0
1551478315 0
1551478316 0
1551478317 0
1551478318 0
1551478319 0
1551478320 0
1551478321 0
1551478322 0
1551478323 0
1551478324 0
1551478325 0
1551478326 0
1551478327 0
1551478328 0
1551478329 0
1551478330 0
1551478331 0
1551478332 0
1551478333 0
1551478334 0
1551478335 0
1551478336 0
1551478337 0
1551478338 0
1551478339 0
1551478340 0
1551478341 0
1551478342 0
1551478343 0
1551478344 0
1551478345 0
1551478346 0
1551478347 0
1551478348 0
1551478349 0
1551478350 0
1551478351 0
1551478352 0
1551478353 0
1551478354 0
1551478355 0
1551478356 0
1551478357 0
1551478358 0
1551478359 0
1551478360 0
1551478361 0
1551478362 0
1551478363 0
1551478364 0
1551478365 0
1551478366 0
1551478367 0
1551478368 0
1551478369 0
1551478370 0
1551478371 0
1551478372 0
1551478373 0
1551478374 0
1551478375 0
1551478376 0
1551478377 0
1551478378 0
1551478379 0
1551478380 0
1551478381 0
1551478382 0
1551478383 0
1551478384 0
1551478385 0
1551478386 0
1551478387 0
1551478388 0
1551478389 0
1551478390 0
1551478391 0
1551478392 0
1551478393 0
1551478394 0
1551478395 0
1551478396 0
1551478397 0
1551478398 0
1551478399 0
1551478400 0
1551478401 0
1551478402 0
1551478403 0
1551478404 0
1551478405 0
1551478406 0
1551478407 0
1551478408 0
1551478409 0
1551478410 0
1551478411 0
1551478412 0
1551478413 0
1551478414 0
1551478415 0
1551478416 0
1551478417 0
1551478418 0
1551478419 0
1551478420 0
1551478421 0
1551478422 0
1551478423 0
1551478424 0
1551478425 0
1551478426 0
1551478427 0
1551478428 0
1551478429 0
1551478430 0
1551478431 0
1551478432 0
1551478433 0
1551478434 0
1551478435 0
1551478436 0
1551478437 0
1551478438 0
1551478439 0
1551478440 0
1551478441 0
1551478442 0
1551478443 0
1551478444 0
1551478445 0
1551478446 0
1551478447 0
1551478448 0
1551478449 0
1551478450 0
1551478451 0
1551478452 0
1551478453 0
1551478454 0
1551478455 0
1551478456 0
1551478457 0
1551478458 0
1551478459 0
1551478460 0
1551478461 0
1551478462 0
1551478463 0
1551478464 0
1551478465 0
1551478466 0
1551478467 0
1551478468 0
1551478469 0
1551478470 0
1551478471 0
1551478472 0
1551478473 0
1551478474 0
1551478475 0
1551478476 0
1551478477 0
1551478478 0
1551478479 0
1551478480 0
1551478481 0
1551478482 0
1551478483 0
1551478484 0
1551478485 0
1551478486 0
1551478487 0
1551478488 0
1551478489 0
1551478490 0
1551478491 0
1551478492 0
1551478493 0
1551478494 0
1551478495 0
1551478496 0
1551478497 0
1551478498 0
1551478499 0
1551478500 0
1551478501 0
1551478502 0
1551478503 0
1551478504 0
1551478505 0
1551478506 0
1551478507 0
1551478508 0
1551478509 0
1551478510 0
1551478511 0
1551478512 0
1551478513 0
1551478514 0
1551478515 0
1551478516 0
1551478517 0
1551478518 0
1551478519 0
1551478520 0
1551478521 0
1551478522 0
1551478523 0
1551478524 0
1551478525 0
1551478526 0
1551478527 0
1551478528 0
1551478529 0
1551478530 0
1551478531 0
1551478532 0
1551478533 0
1551478534 0
1551478535 0
1551478536 0
1551478537 0
1551478538 0
1551478539 0
1551478540 0
1551478541 0
1551478542 0
1551478543 0
1551478544 0
1551478545 0
1551478546 0
1551478547 0
1551478548 0
1551478549 0
1551478550 0
1551478551 0
1551478552 0
1551478553 0
1551478554 0
1551478555 0
1551478556 0
1551478557 0
1551478558 0
1551478559 0
1551478560 0
1551478561 0
1551478562 0
1551478563 0
1551478564 0
1551478565 0
1551478566 0
1551478567 0
1551478568 0
1551478569 0
1551478570 0
1551478571 0
1551478572 0
1551478573 0
1551478574 0
1551478575 0
1551478576 0
1551478577 0
1551478578 0
1551478579 0
1551478580 0
1551478581 0
1551478582 0
1551478583 0
1551478584 0
1551478585 0
1551478586 0
1551478587 0
1551478588 0
1551478589 0
1551478590 0
1551478591 0
1551478592 0
1551478593 0
1551478594 0
1551478595 0
1551478596 0
1551478597 0
1551478598 0
1551478599 0
1551478600 0
1551478601 0
1551478602 0
1551478603 0
1551478604 0
1551478605 0
1551478606 0
1551478607 0
1551478608 0
1551478609 0
1551478610 0
1551478611 0
1551478612 0
1551478613 0
1551478614 0
1551478615 0
1551478616 0
1551478617 0
1551478618 0
1551478619 0
1551478620 0
1551478621 0
1551478622 0
1551478623 0
1551478624 0
1551478625 0
1551478626 0
1551478627 0
1551478628 0
1551478629 0
1551478630 0
1551478631 0
1551478632 0
1551478633 0
1551478634 0
1551478635 0
1551478636 0
1551478637 0
1551478638 0
1551478639 0
1551478640 0
1551478641 0
1551478642 0
1551478643 0
1551478644 0
1551478645 0
1551478646 0
1551478647 0
1551478648 0
1551478649 0
1551478650 0
1551478651 0
1551478652 0
1551478653 0
1551478654 0
1551478655 0
1551478656 0
1551478657 0
1551478658 0
1551478659 0
1551478660 0
1551478661 0
1551478662 0
1551478663 0
1551478664 0
1551478665 0
1551478666 0
1551478667 0
1551478668 0
1551478669 0
1551478670 0
1551478671 0
1551478672 0
1551478673 0
1551478674 0
1551478675 0
1551478676 0
1551478677 0
1551478678 0
1551478679 0
1551478680 0
1551478681 0
1551478682 0
1551478683 0
1551478684 0
1551478685 0
1551478686 0
1551478687 0
1551478688 0
1551478689 0
1551478690 0
1551478691 0
1551478692 0
1551478693 0
1551478694 0
1551478695 0
1551478696 0
1551478697 0
1551478698 0
1551478699 0
1551478700 0
1551478701 0
1551478702 0
1551478703 0
1551478704 0
1551478705 0
1551478706 0
1551478707 0
1551478708 0
1551478709 0
1551478710 0
1551478711 0
1551478712 0
1551478713 0
1551478714 0
1551478715 0
1551478716 0
1551478717 0
1551478718 0
1551478719 0
1551478720 0
1551478721 0
1551478722 0
1551478723 0
1551478724 0
1551478725 0
1551478726 0
1551478727 0
1551478728 0
1551478729 0
1551478730 0
1551478731 0
1551478732 0
1551478733 0
1551478734 0
1551478735 0
1551478736 0
1551478737 0
1551478738 0
1551478739 0
1551478740 0
1551478741 0
1551478742 0
1551478743 0
1551478744 0
1551478745 0
1551478746 0
1551478747 0
1551478748 0
1551478749 0
1551478750 0
1551478751 0
1551478752 0
1551478753 0
1551478754 0
1551478755 0
1551478756 0
1551478757 0
1551478758 0
1551478759 0
1551478760 0
1551478761 0
1551478762 0
1551478763 0
1551478764 0
1551478765 0
1551478766 0
1551478767 0
1551478768 0
1551478769 0
1551478770 0
1551478771 0
1551478772 0
1551478773 0
1551478774 0
1551478775 0
1551478776 0
1551478777 0
1551478778 0
1551478779 0
1551478780 0
1551478781 0
1551478782 0
1551478783 0
1551478784 0
1551478785 0
1551478786 0
1551478787 0
1551478788 0
1551478789 0
1551478790 0
1551478791 0
1551478792 0
1551478793 0
1551478794 0
1551478795 0
1551478796 0
1551478797 0
1551478798 0
1551478799 0
1551478800 0
1551478801 0
1551478802 0
1551478803 0
1551478804 0
1551478805 0
1551478806 0
1551478807 0
1551478808 0
1551478809 0
1551478810 0
1551478811 0
1551478812 0
1551478813 0
1551478814 0
1551478815 0
1551478816 0
1551478817 0
1551478818 0
1551478819 0
1551478820 0
1551478821 0
1551478822 0
1551478823 0
1551478824 0
1551478825 0
1551478826 0
1551478827 0
1551478828 0
1551478829 0
1551478830 0
1551478831 0
1551478832 0
1551478833 0
1551478834 0
1551478835 0
1551478836 0
1551478837 0
1551478838 0
1551478839 0
1551478840 0
1551478841 0
1551478842 0
1551478843 0
1551478844 0
1551478845 0
1551478846 0
1551478847 0
1551478848 0
1551478849 0
1551478850 0
1551478851 0
1551478852 0
1551478853 0
1551478854 0
1551478855 0
1551478856 0
1551478857 0
1551478858 0
1551478859 0
1551478860 0
1551478861 0
1551478862 0
1551478863 0
1551478864 0
1551478865 0
1551478866 0
1551478867 0
1551478868 0
1551478869 0
1551478870 0
1551478871 0
1551478872 0
1551478873 0
1551478874 0
1551478875 0
1551478876 0
1551478877 0
1551478878 0
1551478879 0
1551478880 0
1551478881 0
1551478882 0
1551478883 0
1551478884 0
1551478885 0
1551478886 0
1551478887 0
1551478888 0
1551478889 0
1551478890 0
1551478891 0
1551478892 0
1551478893 0
1551478894 0
1551478895 0
1551478896 0
1551478897 0
1551478898 0
1551478899 0
1551478900 0
1551478901 0
1551478902 0
1551478903 0
1551478904 0
1551478905 0
1551478906 0
1551478907 0
1551478908 0
1551478909 0
1551478910 0
1551478911 0
1551478912 0
1551478913 0
1551478914 0
1551478915 0
1551478916 0
1551478917 0
1551478918 0
1551478919 0
1551478920 0
1551478921 0
1551478922 0
1551478923 0
1551478924 0
1551478925 0
1551478926 0
1551478927 0
1551478928 0
1551478929 0
1551478930 0
1551478931 0
1551478932 0
1551478933 0
1551478934 0
1551478935 0
1551478936 0
1551478937 0
1551478938 0
1551478939 0
1551478940 0
1551478941 0
1551478942 0
1551478943 0
1551478944 0
1551478945 0
1551478946 0
1551478947 0
1551478948 0
1551478949 0
1551478950 0
1551478951 0
1551478952 0
1551478953 0
1551478954 0
1551478955 0
1551478956 0
1551478957 0
1551478958 0
1551478959 0
1551478960 0
1551478961 0
1551478962 0
1551478963 0
1551478964 0
1551478965 0
1551478966 0
1551478967 0
1551478968 0
1551478969 0
1551478970 0
1551478971 0
1551478972 0
1551478973 0
1551478974 0
1551478975 0
1551478976 0
1551478977 0
1551478978 0
1551478979 0
1551478980 0
1551478981 0
1551478982 0
1551478983 0
1551478984 0
1551478985 0
1551478986 0
1551478987 0
1551478988 0
1551478989 0
1551478990 0
1551478991 0
1551478992 0
1551478993 0
1551478994 0
1551478995 0
1551478996 0
1551478997 0
1551478998 0
1551478999 0
1551479000 0
1551479001 0
1551479002 0
1551479003 0
1551479004 0
1551479005 0
1551479006 0
1551479007 0
1551479008 0
1551479009 0
1551479010 0
1551479011 0
1551479012 0
1551479013 0
1551479014 0
1551479015 0
1551479016 0
1551479017 0
1551479018 0
1551479019 0
1551479020 0
1551479021 0
1551479022 0
1551479023 0
1551479024 0
1551479025 0
1551479026 0
1551479027 0
1551479028 0
1551479029 0
1551479030 0
1551479031 0
1551479032 0
1551479033 0
1551479034 0
1551479035 0
1551479036 0
1551479037 0
1551479038 0
1551479039 0
1551479040 0
1551479041 0
1551479042 0
1551479043 0
1551479044 0
1551479045 0
1551479046 0
1551479047 0
1551479048 0
1551479049 0
1551479050 0
1551479051 0
1551479052 0
1551479053 0
1551479054 0
1551479055 0
1551479056 0
1551479057 0
1551479058 0
1551479059 0
1551479060 0
1551479061 0
1551479062 0
1551479063 0
1551479064 0
1551479065 0
1551479066 0
1551479067 0
1551479068 0
1551479069 0
1551479070 0
1551479071 0
1551479072 0
1551479073 0
1551479074 0
1551479075 0
1551479076 0
1551479077 0
1551479078 0
1551479079 0
1551479080 0
1551479081 0
1551479082 0
1551479083 0
1551479084 0
1551479085 0
1551479086 0
1551479087 0
1551479088 0
1551479089 0
1551479090 0
1551479091 0
1551479092 0
1551479093 0
1551479094 0
1551479095 0
1551479096 0
1551479097 0
1551479098 0
1551479099 0
1551479100 0
1551479101 0
1551479102 0
1551479103 0
1551479104 0
1551479105 0
1551479106 0
1551479107 0
1551479108 0
1551479109 0
1551479110 0
1551479111 0
1551479112 0
1551479113 0
1551479114 0
1551479115 0
1551479116 0
1551479117 0
1551479118 0
1551479119 0
1551479120 0
1551479121 0
1551479122 0
1551479123 0
1551479124 0
1551479125 0
1551479126 0
1551479127 0
1551479128 0
1551479129 0
1551479130 0
1551479131 0
1551479132 0
1551479133 0
1551479134 0
1551479135 0
1551479136 0
1551479137 0
1551479138 0
1551479139 0
1551479140 0
1551479141 0
1551479142 0
1551479143 0
1551479144 0
1551479145 0
1551479146 0
1551479147 0
1551479148 0
1551479149 0
1551479150 0
1551479151 0
1551479152 0
1551479153 0
1551479154 0
1551479155 0
1551479156 0
1551479157 0
1551479158 0
1551479159 0
1551479160 0
1551479161 0
1551479162 0
1551479163 0
1551479164 0
1551479165 0
1551479166 0
1551479167 0
1551479168 0
1551479169 0
1551479170 0
1551479171 0
1551479172 0
1551479173 0
1551479174 0
1551479175 0
1551479176 0
1551479177 0
1551479178 0
1551479179 0
1551479180 0
1551479181 0
1551479182 0
1551479183 0
1551479184 0
1551479185 0
1551479186 0
1551479187 0
1551479188 0
1551479189 0
1551479190 0
1551479191 0
1551479192 0
1551479193 0
1551479194 0
1551479195 0
1551479196 0
1551479197 0
1551479198 0
1551479199 0
1551479200 0
1551479201 0
1551479202 0
1551479203 0
1551479204 0
1551479205 0
1551479206 0
1551479207 0
1551479208 0
1551479209 0
1551479210 0
1551479211 0
1551479212 0
1551479213 0
1551479214 0
1551479215 0
1551479216 0
1551479217 0
1551479218 0
1551479219 0
1551479220 0
1551479221 0
1551479222 0
1551479223 0
1551479224 0
1551479225 0
1551479226 0
1551479227 0
1551479228 0
1551479229 0
1551479230 0
1551479231 0
1551479232 0
1551479233 0
1551479234 0
1551479235 0
1551479236 0
1551479237 0
1551479238 0
1551479239 0
1551479240 0
1551479241 0
1551479242 0
1551479243 0
1551479244 0
1551479245 0
1551479246 0
1551479247 0
1551479248 0
1551479249 0
1551479250 0
1551479251 0
1551479252 0
1551479253 0
1551479254 0
1551479255 0
1551479256 0
1551479257 0
1551479258 0
1551479259 0
1551479260 0
1551479261 0
1551479262 0
1551479263 0
1551479264 0
1551479265 0
1551479266 0
1551479267 0
1551479268 0
1551479269 0
1551479270 0
1551479271 0
1551479272 0
1551479273 0
1551479274 0
1551479275 0
1551479276 0
1551479277 0
1551479278 0
1551479279 0
1551479280 0
1551479281 0
1551479282 0
1551479283 0
1551479284 0
1551479285 0
1551479286 0
1551479287 0
1551479288 0
1551479289 0
1551479290 0
1551479291 0
1551479292 0
1551479293 0
1551479294 0
1551479295 0
1551479296 0
1551479297 0
1551479298 0
1551479299 0
1551479300 0
1551479301 0
1551479302 0
1551479303 0
1551479304 0
1551479305 0
1551479306 0
1551479307 0
1551479308 0
1551479309 0
1551479310 0
1551479311 0
1551479312 0
1551479313 0
1551479314 0
1551479315 0
1551479316 0
1551479317 0
1551479318 0
1551479319 0
1551479320 0
1551479321 0
1551479322 0
1551479323 0
1551479324 0
1551479325 0
1551479326 0
1551479327 0
1551479328 0
1551479329 0
1551479330 0
1551479331 0
1551479332 0
1551479333 0
1551479334 0
1551479335 0
1551479336 0
1551479337 0
1551479338 0
1551479339 0
1551479340 0
1551479341 0
1551479342 0
1551479343 0
1551479344 0
1551479345 0
1551479346 0
1551479347 0
1551479348 0
1551479349 0
1551479350 0
1551479351 0
1551479352 0
1551479353 0
1551479354 0
1551479355 0
1551479356 0
1551479357 0
1551479358 0
1551479359 0
1551479360 0
1551479361 0
1551479362 0
1551479363 0
1551479364 0
1551479365 0
1551479366 0
1551479367 0
1551479368 0
1551479369 0
1551479370 0
1551479371 0
1551479372 0
1551479373 0
1551479374 0
1551479375 0
1551479376 0
1551479377 0
1551479378 0
1551479379 0
1551479380 0
1551479381 0
1551479382 0
1551479383 0
1551479384 0
1551479385 0
1551479386 0
1551479387 0
1551479388 0
1551479389 0
1551479390 0
1551479391 0
1551479392 0
1551479393 0
1551479394 0
1551479395 0
1551479396 0
1551479397 0
1551479398 0
1551479399 0
1551479400 0
1551479401 0
1551479402 0
1551479403 0
1551479404 0
1551479405 0
1551479406 0
1551479407 0
1551479408 0
1551479409 0
1551479410 0
1551479411 0
1551479412 0
1551479413 0
1551479414 0
1551479415 0
1551479416 0
1551479417 0
1551479418 0
1551479419 0
1551479420 0
1551479421 0
1551479422 0
1551479423 0
1551479424 0
1551479425 0
1551479426 0
1551479427 0
1551479428 0
1551479429 0
1551479430 0
1551479431 0
1551479432 0
1551479433 0
1551479434 0
1551479435 0
1551479436 0
1551479437 0
1551479438 0
1551479439 0
1551479440 0
1551479441 0
1551479442 0
1551479443 0
1551479444 0
1551479445 0
1551479446 0
1551479447 0
1551479448 0
1551479449 0
1551479450 0
1551479451 0
1551479452 0
1551479453 0
1551479454 0
1551479455 0
1551479456 0
1551479457 0
1551479458 0
1551479459 0
1551479460 0
1551479461 0
1551479462 0
1551479463 0
1551479464 0
1551479465 0
1551479466 0
1551479467 0
1551479468 0
1551479469 0
1551479470 0
1551479471 0
1551479472 0
1551479473 0
1551479474 0
1551479475 0
1551479476 0
1551479477 0
1551479478 0
1551479479 0
1551479480 0
1551479481 0
1551479482 0
1551479483 0
1551479484 0
1551479485 0
1551479486 0
1551479487 0
1551479488 0
1551479489 0
1551479490 0
1551479491 0
1551479492 0
1551479493 0
1551479494 0
1551479495 0
1551479496 0
1551479497 0
1551479498 0
1551479499 0
1551479500 0
1551479501 0
1551479502 0
1551479503 0
1551479504 0
1551479505 0
1551479506 0
1551479507 0
1551479508 0
1551479509 0
1551479510 0
1551479511 0
1551479512 0
1551479513 0
1551479514 0
1551479515 0
1551479516 0
1551479517 0
1551479518 0
1551479519 0
1551479520 0
1551479521 0
1551479522 0
1551479523 0
1551479524 0
1551479525 0
1551479526 0
1551479527 0
1551479528 0
1551479529 0
1551479530 0
1551479531 0
1551479532 0
1551479533 0
1551479534 0
1551479535 0
1551479536 0
1551479537 0
1551479538 0
1551479539 0
1551479540 0
1551479541 0
1551479542 0
1551479543 0
1551479544 0
1551479545 0
1551479546 0
1551479547 0
1551479548 0
1551479549 0
1551479550 0
1551479551 0
1551479552 0
1551479553 0
1551479554 0
1551479555 0
1551479556 0
1551479557 0
1551479558 0
1551479559 0
1551479560 0
1551479561 0
1551479562 0
1551479563 0
1551479564 0
1551479565 0
1551479566 0
1551479567 0
1551479568 0
1551479569 0
1551479570 0
1551479571 0
1551479572 0
1551479573 0
1551479574 0
1551479575 0
1551479576 0
1551479577 0
1551479578 0
1551479579 0
1551479580 0
1551479581 0
1551479582 0
1551479583 0
1551479584 0
1551479585 0
1551479586 0
1551479587 0
1551479588 0
1551479589 0
1551479590 0
1551479591 0
1551479592 0
1551479593 0
1551479594 0
1551479595 0
1551479596 0
1551479597 0
1551479598 0
1551479599 0
1551479600 0
1551479601 0
1551479602 0
1551479603 0
1551479604 0
1551479605 0
1551479606 0
1551479607 0
1551479608 0
1551479609 0
1551479610 0
1551479611 0
1551479612 0
1551479613 0
1551479614 0
1551479615 0
1551479616 0
1551479617 0
1551479618 0
1551479619 0
1551479620 0
1551479621 0
1551479622 0
1551479623 0
1551479624 0
1551479625 0
1551479626 0
1551479627 0
1551479628 0
1551479629 0
1551479630 0
1551479631 0
1551479632 0
1551479633 0
1551479634 0
1551479635 0
1551479636 0
1551479637 0
1551479638 0
1551479639 0
1551479640 0
1551479641 0
1551479642 0
1551479643 0
1551479644 0
1551479645 0
1551479646 0
1551479647 0
1551479648 0
1551479649 0
1551479650 0
1551479651 0
1551479652 0
1551479653 0
1551479654 0
1551479655 0
1551479656 0
1551479657 0
1551479658 0
1551479659 0
1551479660 0
1551479661 0
1551479662 0
1551479663 0
1551479664 0
1551479665 0
1551479666 0
1551479667 0
1551479668 0
1551479669 0
1551479670 0
1551479671 0
1551479672 0
1551479673 0
1551479674 0
1551479675 0
1551479676 0
1551479677 0
1551479678 0
1551479679 0
1551479680 0
1551479681 0
1551479682 0
1551479683 0
1551479684 0
1551479685 0
1551479686 0
1551479687 0
1551479688 0
1551479689 0
1551479690 0
1551479691 0
1551479692 0
1551479693 0
1551479694 0
1551479695 0
1551479696 0
1551479697 0
1551479698 0
1551479699 0
1551479700 0
1551479701 0
1551479702 0
1551479703 0
1551479704 0
1551479705 0
1551479706 0
1551479707 0
1551479708 0
1551479709 0
1551479710 0
1551479711 0
1551479712 0
1551479713 0
1551479714 0
1551479715 0
1551479716 0
1551479717 0
1551479718 0
1551479719 0
1551479720 0
1551479721 0
1551479722 0
1551479723 0
1551479724 0
1551479725 0
1551479726 0
1551479727 0
1551479728 0
1551479729 0
1551479730 0
1551479731 0
1551479732 0
1551479733 0
1551479734 0
1551479735 0
1551479736 0
1551479737 0
1551479738 0
1551479739 0
1551479740 0
1551479741 0
1551479742 0
1551479743 0
1551479744 0
1551479745 0
1551479746 0
1551479747 0
1551479748 0
1551479749 0
1551479750 0
1551479751 0
1551479752 0
1551479753 0
1551479754 0
1551479755 0
1551479756 0
1551479757 0
1551479758 0
1551479759 0
1551479760 0
1551479761 0
1551479762 0
1551479763 0
1551479764 0
1551479765 0
1551479766 0
1551479767 0
1551479768 0
1551479769 0
1551479770 0
1551479771 0
1551479772 0
1551479773 0
1551479774 0
1551479775 0
1551479776 0
1551479777 0
1551479778 0
1551479779 0
1551479780 0
1551479781 0
1551479782 0
1551479783 0
1551479784 0
1551479785 0
1551479786 0
1551479787 0
1551479788 0
1551479789 0
1551479790 0
1551479791 0
1551479792 0
1551479793 0
1551479794 0
1551479795 0
1551479796 0
1551479797 0
1551479798 0
1551479799 0
1551479800 0
1551479801 0
1551479802 0
1551479803 0
1551479804 0
1551479805 0
1551479806 0
1551479807 0
1551479808 0
1551479809 0
1551479810 0
1551479811 0
1551479812 0
1551479813 0
1551479814 0
1551479815 0
1551479816 0
1551479817 0
1551479818 0
1551479819 0
1551479820 0
1551479821 0
1551479822 0
1551479823 0
1551479824 0
1551479825 0
1551479826 0
1551479827 0
1551479828 0
1551479829 0
1551479830 0
1551479831 0
1551479832 0
1551479833 0
1551479834 0
1551479835 0
1551479836 0
1551479837 0
1551479838 0
1551479839 0
1551479840 0
1551479841 0
1551479842 0
1551479843 0
1551479844 0
1551479845 0
1551479846 0
1551479847 0
1551479848 0
1551479849 0
1551479850 0
1551479851 0
1551479852 0
1551479853 0
1551479854 0
1551479855 0
1551479856 0
1551479857 0
1551479858 0
1551479859 0
1551479860 0
1551479861 0
1551479862 0
1551479863 0
1551479864 0
1551479865 0
1551479866 0
1551479867 0
1551479868 0
1551479869 0
1551479870 0
1551479871 0
1551479872 0
1551479873 0
1551479874 0
1551479875 0
1551479876 0
1551479877 0
1551479878 0
1551479879 0
1551479880 0
1551479881 0
1551479882 0
1551479883 0
1551479884 0
1551479885 0
1551479886 0
1551479887 0
1551479888 0
1551479889 0
1551479890 0
1551479891 0
1551479892 0
1551479893 0
1551479894 0
1551479895 0
1551479896 0
1551479897 0
1551479898 0
1551479899 0
1551479900 0
1551479901 0
1551479902 0
1551479903 0
1551479904 0
1551479905 0
1551479906 0
1551479907 0
1551479908 0
1551479909 0
1551479910 0
1551479911 0
1551479912 0
1551479913 0
1551479914 0
1551479915 0
1551479916 0
1551479917 0
1551479918 0
1551479919 0
1551479920 0
1551479921 0
1551479922 0
1551479923 0
1551479924 0
1551479925 0
1551479926 0
1551479927 0
1551479928 0
1551479929 0
1551479930 0
1551479931 0
1551479932 0
1551479933 0
1551479934 0
1551479935 0
1551479936 0
1551479937 0
1551479938 0
1551479939 0
1551479940 0
1551479941 0
1551479942 0
1551479943 0
1551479944 0
1551479945 0
1551479946 0
1551479947 0
1551479948 0
1551479949 0
1551479950 0
1551479951 0
1551479952 0
1551479953 0
1551479954 0
1551479955 0
1551479956 0
1551479957 0
1551479958 0
1551479959 0
1551479960 0
1551479961 0
1551479962 0
1551479963 0
1551479964 0
1551479965 0
1551479966 0
1551479967 0
1551479968 0
1551479969 0
1551479970 0
1551479971 0
1551479972 0
1551479973 0
1551479974 0
1551479975 0
1551479976 0
1551479977 0
1551479978 0
1551479979 0
1551479980 0
1551479981 0
1551479982 0
1551479983 0
1551479984 0
1551479985 0
1551479986 0
1551479987 0
1551479988 0
1551479989 0
1551479990 0
1551479991 0
1551479992 0
1551479993 0
1551479994 0
1551479995 0
1551479996 0
1551479997 0
1551479998 0
1551479999 0
1551480000 0
1551480001 0
1551480002 0
1551480003 0
1551480004 0
1551480005 0
1551480006 0
1551480007 0
1551480008 0
1551480009 0
1551480010 0
1551480011 0
1551480012 0
1551480013 0
1551480014 0
1551480015 0
1551480016 0
1551480017 0
1551480018 0
1551480019 0
1551480020 0
1551480021 0
1551480022 0
1551480023 0
1551480024 0
1551480025 0
1551480026 0
1551480027 0
1551480028 0
1551480029 0
1551480030 0
1551480031 0
1551480032 0
1551480033 0
1551480034 0
1551480035 0
1551480036 0
1551480037 0
1551480038 0
1551480039 0
1551480040 0
1551480041 0
1551480042 0
1551480043 0
1551480044 0
1551480045 0
1551480046 0
1551480047 0
1551480048 0
1551480049 0
1551480050 0
1551480051 0
1551480052 0
1551480053 0
1551480054 0
1551480055 0
1551480056 0
1551480057 0
1551480058 0
1551480059 0
1551480060 0
1551480061 0
1551480062 0
1551480063 0
1551480064 0
1551480065 0
1551480066 0
1551480067 0
1551480068 0
1551480069 0
1551480070 0
1551480071 0
1551480072 0
1551480073 0
1551480074 0
1551480075 0
1551480076 0
1551480077 0
1551480078 0
1551480079 0
1551480080 0
1551480081 0
1551480082 0
1551480083 0
1551480084 0
1551480085 0
1551480086 0
1551480087 0
1551480088 0
1551480089 0
1551480090 0
1551480091 0
1551480092 0
1551480093 0
1551480094 0
1551480095 0
1551480096 0
1551480097 0
1551480098 0
1551480099 0
1551480100 0
1551480101 0
1551480102 0
1551480103 0
1551480104 0
1551480105 0
1551480106 0
1551480107 0
1551480108 0
1551480109 0
1551480110 0
1551480111 0
1551480112 0
1551480113 0
1551480114 0
1551480115 0
1551480116 0
1551480117 0
1551480118 0
1551480119 0
1551480120 0
1551480121 0
1551480122 0
1551480123 0
1551480124 0
1551480125 0
1551480126 0
1551480127 0
1551480128 0
1551480129 0
1551480130 0
1551480131 0
1551480132 0
1551480133 0
1551480134 0
1551480135 0
1551480136 0
1551480137 0
1551480138 0
1551480139 0
1551480140 0
1551480141 0
1551480142 0
1551480143 0
1551480144 0
1551480145 0
1551480146 0
1551480147 0
1551480148 0
1551480149 0
1551480150 0
1551480151 0
1551480152 0
1551480153 0
1551480154 0
1551480155 0
1551480156 0
1551480157 0
1551480158 0
1551480159 0
1551480160 0
1551480161 0
1551480162 0
1551480163 0
1551480164 0
1551480165 0
1551480166 0
1551480167 0
1551480168 0
1551480169 0
1551480170 0
1551480171 0
1551480172 0
1551480173 0
1551480174 0
1551480175 0
1551480176 0
1551480177 0
1551480178 0
1551480179 0
1551480180 0
1551480181 0
1551480182 0
1551480183 0
1551480184 0
1551480185 0
1551480186 0
1551480187 0
1551480188 0
1551480189 0
1551480190 0
1551480191 0
1551480192 0
1551480193 0
1551480194 0
1551480195 0
1551480196 0
1551480197 0
1551480198 0
1551480199 0
1551480200 0
1551480201 0
1551480202 0
1551480203 0
1551480204 0
1551480205 0
1551480206 0
1551480207 0
1551480208 0
1551480209 0
1551480210 0
1551480211 0
1551480212 0
1551480213 0
1551480214 0
1551480215 0
1551480216 0
1551480217 0
1551480218 0
1551480219 0
1551480220 0
1551480221 0
1551480222 0
1551480223 0
1551480224 0
1551480225 0
1551480226 0
1551480227 0
1551480228 0
1551480229 0
1551480230 0
1551480231 0
1551480232 0
1551480233 0
1551480234 0
1551480235 0
1551480236 0
1551480237 0
1551480238 0
1551480239 0
1551480240 0
1551480241 0
1551480242 0
1551480243 0
1551480244 0
1551480245 0
1551480246 0
1551480247 0
1551480248 0
1551480249 0
1551480250 0
1551480251 0
1551480252 0
1551480253 0
1551480254 0
1551480255 0
1551480256 0
1551480257 0
1551480258 0
1551480259 0
1551480260 0
1551480261 0
1551480262 0
1551480263 0
1551480264 0
1551480265 0
1551480266 0
1551480267 0
1551480268 0
1551480269 0
1551480270 0
1551480271 0
1551480272 0
1551480273 0
1551480274 0
1551480275 0
1551480276 0
1551480277 0
1551480278 0
1551480279 0
1551480280 0
1551480281 0
1551480282 0
1551480283 0
1551480284 0
1551480285 0
1551480286 0
1551480287 0
1551480288 0
1551480289 0
1551480290 0
1551480291 0
1551480292 0
1551480293 0
1551480294 0
1551480295 0
1551480296 0
1551480297 0
1551480298 0
1551480299 0
1551480300 0
1551480301 0
1551480302 0
1551480303 0
1551480304 0
1551480305 0
1551480306 0
1551480307 0
1551480308 0
1551480309 0
1551480310 0
1551480311 0
1551480312 0
1551480313 0
1551480314 0
1551480315 0
1551480316 0
1551480317 0
1551480318 0
1551480319 0
1551480320 0
1551480321 0
1551480322 0
1551480323 0
1551480324 0
1551480325 0
1551480326 0
1551480327 0
1551480328 0
1551480329 0
1551480330 0
1551480331 0
1551480332 0
1551480333 0
1551480334 0
1551480335 0
1551480336 0
1551480337 0
1551480338 0
1551480339 0
1551480340 0
1551480341 0
1551480342 0
1551480343 0
1551480344 0
1551480345 0
1551480346 0
1551480347 0
1551480348 0
1551480349 0
1551480350 0
1551480351 0
1551480352 0
1551480353 0
1551480354 0
1551480355 0
1551480356 0
1551480357 0
1551480358 0
1551480359 0
1551480360 0
1551480361 0
1551480362 0
1551480363 0
1551480364 0
1551480365 0
1551480366 0
1551480367 0
1551480368 0
1551480369 0
1551480370 0
1551480371 0
1551480372 0
1551480373 0
1551480374 0
1551480375 0
1551480376 0
1551480377 0
1551480378 0
1551480379 0
1551480380 0
1551480381 0
1551480382 0
1551480383 0
1551480384 0
1551480385 0
1551480386 0
1551480387 0
1551480388 0
1551480389 0
1551480390 0
1551480391 0
1551480392 0
1551480393 0
1551480394 0
1551480395 0
1551480396 0
1551480397 0
1551480398 0
1551480399 0
1551480400 0
1551480401 0
1551480402 0
1551480403 0
1551480404 0
1551480405 0
1551480406 0
1551480407 0
1551480408 0
1551480409 0
1551480410 0
1551480411 0
1551480412 0
1551480413 0
1551480414 0
1551480415 0
1551480416 0
1551480417 0
1551480418 0
1551480419 0
1551480420 0
1551480421 0
1551480422 0
1551480423 0
1551480424 0
1551480425 0
1551480426 0
1551480427 0
1551480428 0
1551480429 0
1551480430 0
1551480431 0
1551480432 0
1551480433 0
1551480434 0
1551480435 0
1551480436 0
1551480437 0
1551480438 0
1551480439 0
1551480440 0
1551480441 0
1551480442 0
1551480443 0
1551480444 0
1551480445 0
1551480446 0
1551480447 0
1551480448 0
1551480449 0
1551480450 0
1551480451 0
1551480452 0
1551480453 0
1551480454 0
1551480455 0
1551480456 0
1551480457 0
1551480458 0
1551480459 0
1551480460 0
1551480461 0
1551480462 0
1551480463 0
1551480464 0
1551480465 0
1551480466 0
1551480467 0
1551480468 0
1551480469 0
1551480470 0
1551480471 0
1551480472 0
1551480473 0
1551480474 0
1551480475 0
1551480476 0
1551480477 0
1551480478 0
1551480479 0
1551480480 0
1551480481 0
1551480482 0
1551480483 0
1551480484 0
1551480485 0
1551480486 0
1551480487 0
1551480488 0
1551480489 0
1551480490 0
1551480491 0
1551480492 0
1551480493 0
1551480494 0
1551480495 0
1551480496 0
1551480497 0
1551480498 0
1551480499 0
1551480500 0
1551480501 0
1551480502 0
1551480503 0
1551480504 0
1551480505 0
1551480506 0
1551480507 0
1551480508 0
1551480509 0
1551480510 0
1551480511 0
1551480512 0
1551480513 0
1551480514 0
1551480515 0
1551480516 0
1551480517 0
1551480518 0
1551480519 0
1551480520 0
1551480521 0
1551480522 0
1551480523 0
1551480524 0
1551480525 0
1551480526 0
1551480527 0
1551480528 0
1551480529 0
1551480530 0
1551480531 0
1551480532 0
1551480533 0
1551480534 0
1551480535 0
1551480536 0
1551480537 0
1551480538 0
1551480539 0
1551480540 0
1551480541 0
1551480542 0
1551480543 0
1551480544 0
1551480545 0
1551480546 0
1551480547 0
1551480548 0
1551480549 0
1551480550 0
1551480551 0
1551480552 0
1551480553 0
1551480554 0
1551480555 0
1551480556 0
1551480557 0
1551480558 0
1551480559 0
1551480560 0
1551480561 0
1551480562 0
1551480563 0
1551480564 0
1551480565 0
1551480566 0
1551480567 0
1551480568 0
1551480569 0
1551480570 0
1551480571 0
1551480572 0
1551480573 0
1551480574 0
1551480575 0
1551480576 0
1551480577 0
1551480578 0
1551480579 0
1551480580 0
1551480581 0
1551480582 0
1551480583 0
1551480584 0
1551480585 0
1551480586 0
1551480587 0
1551480588 0
1551480589 0
1551480590 0
1551480591 0
1551480592 0
1551480593 0
1551480594 0
1551480595 0
1551480596 0
1551480597 0
1551480598 0
1551480599 0
1551480600 0
1551480601 0
1551480602 0
1551480603 0
1551480604 0
1551480605 0
1551480606 0
1551480607 0
1551480608 0
1551480609 0
1551480610 0
1551480611 0
1551480612 0
1551480613 0
1551480614 0
1551480615 0
1551480616 0
1551480617 0
1551480618 0
1551480619 0
1551480620 0
1551480621 0
1551480622 0
1551480623 0
1551480624 0
1551480625 0
1551480626 0
1551480627 0
1551480628 0
1551480629 0
1551480630 0
1551480631 0
1551480632 0
1551480633 0
1551480634 0
1551480635 0
1551480636 0
1551480637 0
1551480638 0
1551480639 0
1551480640 0
1551480641 0
1551480642 0
1551480643 0
1551480644 0
1551480645 0
1551480646 0
1551480647 0
1551480648 0
1551480649 0
1551480650 0
1551480651 0
1551480652 0
1551480653 0
1551480654 0
1551480655 0
1551480656 0
1551480657 0
1551480658 0
1551480659 0
1551480660 0
1551480661 0
1551480662 0
1551480663 0
1551480664 0
1551480665 0
1551480666 0
1551480667 0
1551480668 0
1551480669 0
1551480670 0
1551480671 0
1551480672 0
1551480673 0
1551480674 0
1551480675 0
1551480676 0
1551480677 0
1551480678 0
1551480679 0
1551480680 0
1551480681 0
1551480682 0
1551480683 0
1551480684 0
1551480685 0
1551480686 0
1551480687 0
1551480688 0
1551480689 0
1551480690 0
1551480691 0
1551480692 0
1551480693 0
1551480694 0
1551480695 0
1551480696 0
1551480697 0
1551480698 0
1551480699 0
1551480700 0
1551480701 0
1551480702 0
1551480703 0
1551480704 0
1551480705 0
1551480706 0
1551480707 0
1551480708 0
1551480709 0
1551480710 0
1551480711 0
1551480712 0
1551480713 0
1551480714 0
1551480715 0
1551480716 0
1551480717 0
1551480718 0
1551480719 0
1551480720 0
1551480721 0
1551480722 0
1551480723 0
1551480724 0
1551480725 0
1551480726 0
1551480727 0
1551480728 0
1551480729 0
1551480730 0
1551480731 0
1551480732 0
1551480733 0
1551480734 0
1551480735 0
1551480736 0
1551480737 0
1551480738 0
1551480739 0
1551480740 0
1551480741 0
1551480742 0
1551480743 0
1551480744 0
1551480745 0
1551480746 0
1551480747 0
1551480748 0
1551480749 0
1551480750 0
1551480751 0
1551480752 0
1551480753 0
1551480754 0
1551480755 0
1551480756 0
1551480757 0
1551480758 0
1551480759 0
1551480760 0
1551480761 0
1551480762 0
1551480763 0
1551480764 0
1551480765 0
1551480766 0
1551480767 0
1551480768 0
1551480769 0
1551480770 0
1551480771 0
1551480772 0
1551480773 0
1551480774 0
1551480775 0
1551480776 0
1551480777 0
1551480778 0
1551480779 0
1551480780 0
1551480781 0
1551480782 0
1551480783 0
1551480784 0
1551480785 0
1551480786 0
1551480787 0
1551480788 0
1551480789 0
1551480790 0
1551480791 0
1551480792 0
1551480793 0
1551480794 0
1551480795 0
1551480796 0
1551480797 0
1551480798 0
1551480799 0
1551480800 0
1551480801 0
1551480802 0
1551480803 0
1551480804 0
1551480805 0
1551480806 0
1551480807 0
1551480808 0
1551480809 0
1551480810 0
1551480811 0
1551480812 0
1551480813 0
1551480814 0
1551480815 0
1551480816 0
1551480817 0
1551480818 0
1551480819 0
1551480820 0
1551480821 0
1551480822 0
1551480823 0
1551480824 0
1551480825 0
1551480826 0
1551480827 0
1551480828 0
1551480829 0
1551480830 0
1551480831 0
1551480832 0
1551480833 0
1551480834 0
1551480835 0
1551480836 0
1551480837 0
1551480838 0
1551480839 0
1551480840 0
1551480841 0
1551480842 0
1551480843 0
1551480844 0
1551480845 0
1551480846 0
1551480847 0
1551480848 0
1551480849 0
1551480850 0
1551480851 0
1551480852 0
1551480853 0
1551480854 0
1551480855 0
1551480856 0
1551480857 0
1551480858 0
1551480859 0
1551480860 0
1551480861 0
1551480862 0
1551480863 0
1551480864 0
1551480865 0
1551480866 0
1551480867 0
1551480868 0
1551480869 0
1551480870 0
1551480871 0
1551480872 0
1551480873 0
1551480874 0
1551480875 0
1551480876 0
1551480877 0
1551480878 0
1551480879 0
1551480880 0
1551480881 0
1551480882 0
1551480883 0
1551480884 0
1551480885 0
1551480886 0
1551480887 0
1551480888 0
1551480889 0
1551480890 0
1551480891 0
1551480892 0
1551480893 0
1551480894 0
1551480895 0
1551480896 0
1551480897 0
1551480898 0
1551480899 0
1551480900 0
1551480901 0
1551480902 0
1551480903 0
1551480904 0
1551480905 0
1551480906 0
1551480907 0
1551480908 0
1551480909 0
1551480910 0
1551480911 0
1551480912 0
1551480913 0
1551480914 0
1551480915 0
1551480916 0
1551480917 0
1551480918 0
1551480919 0
1551480920 0
1551480921 0
1551480922 0
1551480923 0
1551480924 0
1551480925 0
1551480926 0
1551480927 0
1551480928 0
1551480929 0
1551480930 0
1551480931 0
1551480932 0
1551480933 0
1551480934 0
1551480935 0
1551480936 0
1551480937 0
1551480938 0
1551480939 0
1551480940 0
1551480941 0
1551480942 0
1551480943 0
1551480944 0
1551480945 0
1551480946 0
1551480947 0
1551480948 0
1551480949 0
1551480950 0
1551480951 0
1551480952 0
1551480953 0
1551480954 0
1551480955 0
1551480956 0
1551480957 0
1551480958 0
1551480959 0
1551480960 0
1551480961 0
1551480962 0
1551480963 0
1551480964 0
1551480965 0
1551480966 0
1551480967 0
1551480968 0
1551480969 0
1551480970 0
1551480971 0
1551480972 0
1551480973 0
1551480974 0
1551480975 0
1551480976 0
1551480977 0
1551480978 0
1551480979 0
1551480980 0
1551480981 0
1551480982 0
1551480983 0
1551480984 0
1551480985 0
1551480986 0
1551480987 0
1551480988 0
1551480989 0
1551480990 0
1551480991 0
1551480992 0
1551480993 0
1551480994 0
1551480995 0
1551480996 0
1551480997 0
1551480998 0
1551480999 0
1551481000 0
1551481001 0
1551481002 0
1551481003 0
1551481004 0
1551481005 0
1551481006 0
1551481007 0
1551481008 0
1551481009 0
1551481010 0
1551481011 0
1551481012 0
1551481013 0
1551481014 0
1551481015 0
1551481016 0
1551481017 0
1551481018 0
1551481019 0
1551481020 0
1551481021 0
1551481022 0
1551481023 0
1551481024 0
1551481025 0
1551481026 0
1551481027 0
1551481028 0
1551481029 0
1551481030 0
1551481031 0
1551481032 0
1551481033 0
1551481034 0
1551481035 0
1551481036 0
1551481037 0
1551481038 0
1551481039 0
1551481040 0
1551481041 0
1551481042 0
1551481043 0
1551481044 0
1551481045 0
1551481046 0
1551481047 0
1551481048 0
1551481049 0
1551481050 0
1551481051 0
1551481052 0
1551481053 0
1551481054 0
1551481055 0
1551481056 0
1551481057 0
1551481058 0
1551481059 0
1551481060 0
1551481061 0
1551481062 0
1551481063 0
1551481064 0
1551481065 0
1551481066 0
1551481067 0
1551481068 0
1551481069 0
1551481070 0
1551481071 0
1551481072 0
1551481073 0
1551481074 0
1551481075 0
1551481076 0
1551481077 0
1551481078 0
1551481079 0
1551481080 0
1551481081 0
1551481082 0
1551481083 0
1551481084 0
1551481085 0
1551481086 0
1551481087 0
1551481088 0
1551481089 0
1551481090 0
1551481091 0
1551481092 0
1551481093 0
1551481094 0
1551481095 0
1551481096 0
1551481097 0
1551481098 0
1551481099 0
1551481100 0
1551481101 0
1551481102 0
1551481103 0
1551481104 0
1551481105 0
1551481106 0
1551481107 0
1551481108 0
1551481109 0
1551481110 0
1551481111 0
1551481112 0
1551481113 0
1551481114 0
1551481115 0
1551481116 0
1551481117 0
1551481118 0
1551481119 0
1551481120 0
1551481121 0
1551481122 0
1551481123 0
1551481124 0
1551481125 0
1551481126 0
1551481127 0
1551481128 0
1551481129 0
1551481130 0
1551481131 0
1551481132 0
1551481133 0
1551481134 0
1551481135 0
1551481136 0
1551481137 0
1551481138 0
1551481139 0
1551481140 0
1551481141 0
1551481142 0
1551481143 0
1551481144 0
1551481145 0
1551481146 0
1551481147 0
1551481148 0
1551481149 0
1551481150 0
1551481151 0
1551481152 0
1551481153 0
1551481154 0
1551481155 0
1551481156 0
1551481157 0
1551481158 0
1551481159 0
1551481160 0
1551481161 0
1551481162 0
1551481163 0
1551481164 0
1551481165 0
1551481166 0
1551481167 0
1551481168 0
1551481169 0
1551481170 0
1551481171 0
1551481172 0
1551481173 0
1551481174 0
1551481175 0
1551481176 0
1551481177 0
1551481178 0
1551481179 0
1551481180 0
1551481181 0
1551481182 0
1551481183 0
1551481184 0
1551481185 0
1551481186 0
1551481187 0
1551481188 0
1551481189 0
1551481190 0
1551481191 0
1551481192 0
1551481193 0
1551481194 0
1551481195 0
1551481196 0
1551481197 0
1551481198 0
1551481199 0
1551481200 0
1551481201 0
1551481202 0
1551481203 0
1551481204 0
1551481205 0
1551481206 0
1551481207 0
1551481208 0
1551481209 0
1551481210 0
1551481211 0
1551481212 0
1551481213 0
1551481214 0
1551481215 0
1551481216 0
1551481217 0
1551481218 0
1551481219 0
1551481220 0
1551481221 0
1551481222 0
1551481223 0
1551481224 0
1551481225 0
1551481226 0
1551481227 0
1551481228 0
1551481229 0
1551481230 0
1551481231 0
1551481232 0
1551481233 0
1551481234 0
1551481235 0
1551481236 0
1551481237 0
1551481238 0
1551481239 0
1551481240 0
1551481241 0
1551481242 0
1551481243 0
1551481244 0
1551481245 0
1551481246 0
1551481247 0
1551481248 0
1551481249 0
1551481250 0
1551481251 0
1551481252 0
1551481253 0
1551481254 0
1551481255 0
1551481256 0
1551481257 0
1551481258 0
1551481259 0
1551481260 0
1551481261 0
1551481262 0
1551481263 0
1551481264 0
1551481265 0
1551481266 0
1551481267 0
1551481268 0
1551481269 0
1551481270 0
1551481271 0
1551481272 0
1551481273 0
1551481274 0
1551481275 0
1551481276 0
1551481277 0
1551481278 0
1551481279 0
1551481280 0
1551481281 0
1551481282 0
1551481283 0
1551481284 0
1551481285 0
1551481286 0
1551481287 0
1551481288 0
1551481289 0
1551481290 0
1551481291 0
1551481292 0
1551481293 0
1551481294 0
1551481295 0
1551481296 0
1551481297 0
1551481298 0
1551481299 0
1551481300 0
1551481301 0
1551481302 0
1551481303 0
1551481304 0
1551481305 0
1551481306 0
1551481307 0
1551481308 0
1551481309 0
1551481310 0
1551481311 0
1551481312 0
1551481313 0
1551481314 0
1551481315 0
1551481316 0
1551481317 0
1551481318 0
1551481319 0
1551481320 0
1551481321 0
1551481322 0
1551481323 0
1551481324 0
1551481325 0
1551481326 0
1551481327 0
1551481328 0
1551481329 0
1551481330 0
1551481331 0
1551481332 0
1551481333 0
1551481334 0
1551481335 0
1551481336 0
1551481337 0
1551481338 0
1551481339 0
1551481340 0
1551481341 0
1551481342 0
1551481343 0
1551481344 0
1551481345 0
1551481346 0
1551481347 0
1551481348 0
1551481349 0
1551481350 0
1551481351 0
1551481352 0
1551481353 0
1551481354 0
1551481355 0
1551481356 0
1551481357 0
1551481358 0
1551481359 0
1551481360 0
1551481361 0
1551481362 0
1551481363 0
1551481364 0
1551481365 0
1551481366 0
1551481367 0
1551481368 0
1551481369 0
1551481370 0
1551481371 0
1551481372 0
1551481373 0
1551481374 0
1551481375 0
1551481376 0
1551481377 0
1551481378 0
1551481379 0
1551481380 0
1551481381 0
1551481382 0
1551481383 0
1551481384 0
1551481385 0
1551481386 0
1551481387 0
1551481388 0
1551481389 0
1551481390 0
1551481391 0
1551481392 0
1551481393 0
1551481394 0
1551481395 0
1551481396 0
1551481397 0
1551481398 0
1551481399 0
1551481400 0
1551481401 0
1551481402 0
1551481403 0
1551481404 0
1551481405 0
1551481406 0
1551481407 0
1551481408 0
1551481409 0
1551481410 0
1551481411 0
1551481412 0
1551481413 0
1551481414 0
1551481415 0
1551481416 0
1551481417 0
1551481418 0
1551481419 0
1551481420 0
1551481421 0
1551481422 0
1551481423 0
1551481424 0
1551481425 0
1551481426 0
1551481427 0
1551481428 0
1551481429 0
1551481430 0
1551481431 0
1551481432 0
1551481433 0
1551481434 0
1551481435 0
1551481436 0
1551481437 0
1551481438 0
1551481439 0
1551481440 0
1551481441 0
1551481442 0
1551481443 0
1551481444 0
1551481445 0
1551481446 0
1551481447 0
1551481448 0
1551481449 0
1551481450 0
1551481451 0
1551481452 0
1551481453 0
1551481454 0
1551481455 0
1551481456 0
1551481457 0
1551481458 0
1551481459 0
1551481460 0
1551481461 0
1551481462 0
1551481463 0
1551481464 0
1551481465 0
1551481466 0
1551481467 0
1551481468 0
1551481469 0
1551481470 0
1551481471 0
1551481472 0
1551481473 0
1551481474 0
1551481475 0
1551481476 0
1551481477 0
1551481478 0
1551481479 0
1551481480 0
1551481481 0
1551481482 0
1551481483 0
1551481484 0
1551481485 0
1551481486 0
1551481487 0
1551481488 0
1551481489 0
1551481490 0
1551481491 0
1551481492 0
1551481493 0
1551481494 0
1551481495 0
1551481496 0
1551481497 0
1551481498 0
1551481499 0
1551481500 0
1551481501 0
1551481502 0
1551481503 0
1551481504 0
1551481505 0
1551481506 0
1551481507 0
1551481508 0
1551481509 0
1551481510 0
1551481511 0
1551481512 0
1551481513 0
1551481514 0
1551481515 0
1551481516 0
1551481517 0
1551481518 0
1551481519 0
1551481520 0
1551481521 0
1551481522 0
1551481523 0
1551481524 0
1551481525 0
1551481526 0
1551481527 0
1551481528 0
1551481529 0
1551481530 0
1551481531 0
1551481532 0
1551481533 0
1551481534 0
1551481535 0
1551481536 0
1551481537 0
1551481538 0
1551481539 0
1551481540 0
1551481541 0
1551481542 0
1551481543 0
1551481544 0
1551481545 0
1551481546 0
1551481547 0
1551481548 0
1551481549 0
1551481550 0
1551481551 0
1551481552 0
1551481553 0
1551481554 0
1551481555 0
1551481556 0
1551481557 0
1551481558 0
1551481559 0
1551481560 0
1551481561 0
1551481562 0
1551481563 0
1551481564 0
1551481565 0
1551481566 0
1551481567 0
1551481568 0
1551481569 0
1551481570 0
1551481571 0
1551481572 0
1551481573 0
1551481574 0
1551481575 0
1551481576 0
1551481577 0
1551481578 0
1551481579 0
1551481580 0
1551481581 0
1551481582 0
1551481583 0
1551481584 0
1551481585 0
1551481586 0
1551481587 0
1551481588 0
1551481589 0
1551481590 0
1551481591 0
1551481592 0
1551481593 0
1551481594 0
1551481595 0
1551481596 0
1551481597 0
1551481598 0
1551481599 0
1551481600 0
1551481601 0
1551481602 0
1551481603 0
1551481604 0
1551481605 0
1551481606 0
1551481607 0
1551481608 0
1551481609 0
1551481610 0
1551481611 0
1551481612 0
1551481613 0
1551481614 0
1551481615 0
1551481616 0
1551481617 0
1551481618 0
1551481619 0
1551481620 0
1551481621 0
1551481622 0
1551481623 0
1551481624 0
1551481625 0
1551481626 0
1551481627 0
1551481628 0
1551481629 0
1551481630 0
1551481631 0
1551481632 0
1551481633 0
1551481634 0
1551481635 0
1551481636 0
1551481637 0
1551481638 0
1551481639 0
1551481640 0
1551481641 0
1551481642 0
1551481643 0
1551481644 0
1551481645 0
1551481646 0
1551481647 0
1551481648 0
1551481649 0
1551481650 0
1551481651 0
1551481652 0
1551481653 0
1551481654 0
1551481655 0
1551481656 0
1551481657 0
1551481658 0
1551481659 0
1551481660 0
1551481661 0
1551481662 0
1551481663 0
1551481664 0
1551481665 0
1551481666 0
1551481667 0
1551481668 0
1551481669 0
1551481670 0
1551481671 0
1551481672 0
1551481673 0
1551481674 0
1551481675 0
1551481676 0
1551481677 0
1551481678 0
1551481679 0
1551481680 0
1551481681 0
1551481682 0
1551481683 0
1551481684 0
1551481685 0
1551481686 0
1551481687 0
1551481688 0
1551481689 0
1551481690 0
1551481691 0
1551481692 0
1551481693 0
1551481694 0
1551481695 0
1551481696 0
1551481697 0
1551481698 0
1551481699 0
1551481700 0
1551481701 0
1551481702 0
1551481703 0
1551481704 0
1551481705 0
1551481706 0
1551481707 0
1551481708 0
1551481709 0
1551481710 0
1551481711 0
1551481712 0
1551481713 0
1551481714 0
1551481715 0
1551481716 0
1551481717 0
1551481718 0
1551481719 0
1551481720 0
1551481721 0
1551481722 0
1551481723 0
1551481724 0
1551481725 0
1551481726 0
1551481727 0
1551481728 0
1551481729 0
1551481730 0
1551481731 0
1551481732 0
1551481733 0
1551481734 0
1551481735 0
1551481736 0
1551481737 0
1551481738 0
1551481739 0
1551481740 0
1551481741 0
1551481742 0
1551481743 0
1551481744 0
1551481745 0
1551481746 0
1551481747 0
1551481748 0
1551481749 0
1551481750 0
1551481751 0
1551481752 0
1551481753 0
1551481754 0
1551481755 0
1551481756 0
1551481757 0
1551481758 0
1551481759 0
1551481760 0
1551481761 0
1551481762 0
1551481763 0
1551481764 0
1551481765 0
1551481766 0
1551481767 0
1551481768 0
1551481769 0
1551481770 0
1551481771 0
1551481772 0
1551481773 0
1551481774 0
1551481775 0
1551481776 0
1551481777 0
1551481778 0
1551481779 0
1551481780 0
1551481781 0
1551481782 0
1551481783 0
1551481784 0
1551481785 0
1551481786 0
1551481787 0
1551481788 0
1551481789 0
1551481790 0
1551481791 0
1551481792 0
1551481793 0
1551481794 0
1551481795 0
1551481796 0
1551481797 0
1551481798 0
1551481799 0
1551481800 0
1551481801 0
1551481802 0
1551481803 0
1551481804 0
1551481805 0
1551481806 0
1551481807 0
1551481808 0
1551481809 0
1551481810 0
1551481811 0
1551481812 0
1551481813 0
1551481814 0
1551481815 0
1551481816 0
1551481817 0
1551481818 0
1551481819 0
1551481820 0
1551481821 0
1551481822 0
1551481823 0
1551481824 0
1551481825 0
1551481826 0
1551481827 0
1551481828 0
1551481829 0
1551481830 0
1551481831 0
1551481832 0
1551481833 0
1551481834 0
1551481835 0
1551481836 0
1551481837 0
1551481838 0
1551481839 0
1551481840 0
1551481841 0
1551481842 0
1551481843 0
1551481844 0
1551481845 0
1551481846 0
1551481847 0
1551481848 0
1551481849 0
1551481850 0
1551481851 0
1551481852 0
1551481853 0
1551481854 0
1551481855 0
1551481856 0
1551481857 0
1551481858 0
1551481859 0
1551481860 0
1551481861 0
1551481862 0
1551481863 0
1551481864 0
1551481865 0
1551481866 0
1551481867 0
1551481868 0
1551481869 0
1551481870 0
1551481871 0
1551481872 0
1551481873 0
1551481874 0
1551481875 0
1551481876 0
1551481877 0
1551481878 0
1551481879 0
1551481880 0
1551481881 0
1551481882 0
1551481883 0
1551481884 0
1551481885 0
1551481886 0
1551481887 0
1551481888 0
1551481889 0
1551481890 0
1551481891 0
1551481892 0
1551481893 0
1551481894 0
1551481895 0
1551481896 0
1551481897 0
1551481898 0
1551481899 0
1551481900 0
1551481901 0
1551481902 0
1551481903 0
1551481904 0
1551481905 0
1551481906 0
1551481907 0
1551481908 0
1551481909 0
1551481910 0
1551481911 0
1551481912 0
1551481913 0
1551481914 0
1551481915 0
1551481916 0
1551481917 0
1551481918 0
1551481919 0
1551481920 0
1551481921 0
1551481922 0
1551481923 0
1551481924 0
1551481925 0
1551481926 0
1551481927 0
1551481928 0
1551481929 0
1551481930 0
1551481931 0
1551481932 0
1551481933 0
1551481934 0
1551481935 0
1551481936 0
1551481937 0
1551481938 0
1551481939 0
1551481940 0
1551481941 0
1551481942 0
1551481943 0
1551481944 0
1551481945 0
1551481946 0
1551481947 0
1551481948 0
1551481949 0
1551481950 0
1551481951 0
1551481952 0
1551481953 0
1551481954 0
1551481955 0
1551481956 0
1551481957 0
1551481958 0
1551481959 0
1551481960 0
1551481961 0
1551481962 0
1551481963 0
1551481964 0
1551481965 0
1551481966 0
1551481967 0
1551481968 0
1551481969 0
1551481970 0
1551481971 0
1551481972 0
1551481973 0
1551481974 0
1551481975 0
1551481976 0
1551481977 0
1551481978 0
1551481979 0
1551481980 0
1551481981 0
1551481982 0
1551481983 0
1551481984 0
1551481985 0
1551481986 0
1551481987 0
1551481988 0
1551481989 0
1551481990 0
1551481991 0
1551481992 0
1551481993 0
1551481994 0
1551481995 0
1551481996 0
1551481997 0
1551481998 0
1551481999 0
1551482000 0
1551482001 0
1551482002 0
1551482003 0
1551482004 0
1551482005 0
1551482006 0
1551482007 0
1551482008 0
1551482009 0
1551482010 0
1551482011 0
1551482012 0
1551482013 0
1551482014 0
1551482015 0
1551482016 0
1551482017 0
1551482018 0
1551482019 0
1551482020 0
1551482021 0
1551482022 0
1551482023 0
1551482024 0
1551482025 0
1551482026 0
1551482027 0
1551482028 0
1551482029 0
1551482030 0
1551482031 0
1551482032 0
1551482033 0
1551482034 0
1551482035 0
1551482036 0
1551482037 0
1551482038 0
1551482039 0
1551482040 0
1551482041 0
1551482042 0
1551482043 0
1551482044 0
1551482045 0
1551482046 0
1551482047 0
1551482048 0
1551482049 0
1551482050 0
1551482051 0
1551482052 0
1551482053 0
1551482054 0
1551482055 0
1551482056 0
1551482057 0
1551482058 0
1551482059 0
1551482060 0
1551482061 0
1551482062 0
1551482063 0
1551482064 0
1551482065 0
1551482066 0
1551482067 0
1551482068 0
1551482069 0
1551482070 0
1551482071 0
1551482072 0
1551482073 0
1551482074 0
1551482075 0
1551482076 0
1551482077 0
1551482078 0
1551482079 0
1551482080 0
1551482081 0
1551482082 0
1551482083 0
1551482084 0
1551482085 0
1551482086 0
1551482087 0
1551482088 0
1551482089 0
1551482090 0
1551482091 0
1551482092 0
1551482093 0
1551482094 0
1551482095 0
1551482096 0
1551482097 0
1551482098 0
1551482099 0
1551482100 0
1551482101 0
1551482102 0
1551482103 0
1551482104 0
1551482105 0
1551482106 0
1551482107 0
1551482108 0
1551482109 0
1551482110 0
1551482111 0
1551482112 0
1551482113 0
1551482114 0
1551482115 0
1551482116 0
1551482117 0
1551482118 0
1551482119 0
1551482120 0
1551482121 0
1551482122 0
1551482123 0
1551482124 0
1551482125 0
1551482126 0
1551482127 0
1551482128 0
1551482129 0
1551482130 0
1551482131 0
1551482132 0
1551482133 0
1551482134 0
1551482135 0
1551482136 0
1551482137 0
1551482138 0
1551482139 0
1551482140 0
1551482141 0
1551482142 0
1551482143 0
1551482144 0
1551482145 0
1551482146 0
1551482147 0
1551482148 0
1551482149 0
1551482150 0
1551482151 0
1551482152 0
1551482153 0
1551482154 0
1551482155 0
1551482156 0
1551482157 0
1551482158 0
1551482159 0
1551482160 0
1551482161 0
1551482162 0
1551482163 0
1551482164 0
1551482165 0
1551482166 0
1551482167 0
1551482168 0
1551482169 0
1551482170 0
1551482171 0
1551482172 0
1551482173 0
1551482174 0
1551482175 0
1551482176 0
1551482177 0
1551482178 0
1551482179 0
1551482180 0
1551482181 0
1551482182 0
1551482183 0
1551482184 0
1551482185 0
1551482186 0
1551482187 0
1551482188 0
1551482189 0
1551482190 0
1551482191 0
1551482192 0
1551482193 0
1551482194 0
1551482195 0
1551482196 0
1551482197 0
1551482198 0
1551482199 0
1551482200 0
1551482201 0
1551482202 0
1551482203 0
1551482204 0
1551482205 0
1551482206 0
1551482207 0
1551482208 0
1551482209 0
1551482210 0
1551482211 0
1551482212 0
1551482213 0
1551482214 0
1551482215 0
1551482216 0
1551482217 0
1551482218 0
1551482219 0
1551482220 0
1551482221 0
1551482222 0
1551482223 0
1551482224 0
1551482225 0
1551482226 0
1551482227 0
1551482228 0
1551482229 0
1551482230 0
1551482231 0
1551482232 0
1551482233 0
1551482234 0
1551482235 0
1551482236 0
1551482237 0
1551482238 0
1551482239 0
1551482240 0
1551482241 0
1551482242 0
1551482243 0
1551482244 0
1551482245 0
1551482246 0
1551482247 0
1551482248 0
1551482249 0
1551482250 0
1551482251 0
1551482252 0
1551482253 0
1551482254 0
1551482255 0
1551482256 0
1551482257 0
1551482258 0
1551482259 0
1551482260 0
1551482261 0
1551482262 0
1551482263 0
1551482264 0
1551482265 0
1551482266 0
1551482267 0
1551482268 0
1551482269 0
1551482270 0
1551482271 0
1551482272 0
1551482273 0
1551482274 0
1551482275 0
1551482276 0
1551482277 0
1551482278 0
1551482279 0
1551482280 0
1551482281 0
1551482282 0
1551482283 0
1551482284 0
1551482285 0
1551482286 0
1551482287 0
1551482288 0
1551482289 0
1551482290 0
1551482291 0
1551482292 0
1551482293 0
1551482294 0
1551482295 0
1551482296 0
1551482297 0
1551482298 0
1551482299 0
1551482300 0
1551482301 0
1551482302 0
1551482303 0
1551482304 0
1551482305 0
1551482306 0
1551482307 0
1551482308 0
1551482309 0
1551482310 0
1551482311 0
1551482312 0
1551482313 0
1551482314 0
1551482315 0
1551482316 0
1551482317 0
1551482318 0
1551482319 0
1551482320 0
1551482321 0
1551482322 0
1551482323 0
1551482324 0
1551482325 0
1551482326 0
1551482327 0
1551482328 0
1551482329 0
1551482330 15
1551482331 0
1551482332 4
1551482333 0
1551482334 0
1551482335 0
1551482336 0
1551482337 0
1551482338 6
1551482339 0
1551482340 6
1551482341 14
1551482342 0
1551482343 0
1551482344 0
1551482345 0
1551482346 0
1551482347 0
1551482348 32
1551482349 2
1551482350 0
1551482351 7
1551482352 0
1551482353 4
1551482354 0
1551482355 0
1551482356 0
1551482357 2
1551482358 0
1551482359 5
1551482360 55
1551482361 0
1551482362 0
1551482363 0
1551482364 0
1551482365 0
1551482366 0
1551482367 0
1551482368 9
1551482369 50
1551482370 3
1551482371 0
1551482372 10
1551482373 0
1551482374 1
1551482375 0
1551482376 0
1551482377 0
1551482378 0
1551482379 0
1551482380 17
1551482381 0
1551482382 0
1551482383 0
1551482384 0
1551482385 0
1551482386 18
1551482387 0
1551482388 0
1551482389 0
1551482390 0
1551482391 0
1551482392 0
1551482393 0
1551482394 0
1551482395 0
1551482396 3
1551482397 4
1551482398 0
1551482399 10
1551482400 0
1551482401 48
1551482402 0
1551482403 0
1551482404 0
1551482405 0
1551482406 44
1551482407 14
1551482408 0
1551482409 0
1551482410 0
1551482411 6
1551482412 12
1551482413 0
1551482414 1
1551482415 0
1551482416 0
1551482417 4
1551482418 2
1551482419 0
1551482420 0
1551482421 0
1551482422 0
1551482423 33
1551482424 0
1551482425 7
1551482426 0
1551482427 0
1551482428 7
1551482429 39
1551482430 1
1551482431 0
1551482432 0
1551482433 28
1551482434 0
1551482435 0
1551482436 0
1551482437 0
1551482438 0
1551482439 0
1551482440 0
1551482441 0
1551482442 5
1551482443 0
1551482444 0
1551482445 12
1551482446 7
1551482447 19
1551482448 3
1551482449 18
1551482450 40
1551482451 27
1551482452 0
1551482453 32
1551482454 0
1551482455 0
1551482456 9
1551482457 0
1551482458 0
1551482459 3
1551482460 0
1551482461 10
1551482462 1
1551482463 15
1551482464 0
1551482465 41
1551482466 0
1551482467 3
1551482468 0
1551482469 0
1551482470 0
1551482471 0
1551482472 0
1551482473 0
1551482474 0
1551482475 0
1551482476 0
1551482477 0
1551482478 0
1551482479 0
1551482480 0
1551482481 17
1551482482 23
1551482483 0
1551482484 58
1551482485 0
1551482486 0
1551482487 0
1551482488 0
1551482489 0
1551482490 11
1551482491 0
1551482492 0
1551482493 6
1551482494 0
1551482495 0
1551482496 0
1551482497 0
1551482498 0
1551482499 0
1551482500 0
1551482501 22
1551482502 9
1551482503 0
1551482504 0
1551482505 28
1551482506 26
1551482507 78
1551482508 0
1551482509 0
1551482510 0
1551482511 0
1551482512 1
1551482513 22
1551482514 0
1551482515 5
1551482516 0
1551482517 0
1551482518 0
1551482519 0
1551482520 24
1551482521 3
1551482522 0
1551482523 0
1551482524 0
1551482525 0
1551482526 9
1551482527 1
1551482528 0
1551482529 92
1551482530 0
1551482531 0
1551482532 18
1551482533 0
1551482534 8
1551482535 36
1551482536 0
1551482537 10
1551482538 0
1551482539 4
1551482540 0
1551482541 18
1551482542 0
1551482543 0
1551482544 0
1551482545 8
1551482546 0
1551482547 0
1551482548 0
1551482549 0
1551482550 8
1551482551 11
1551482552 0
1551482553 0
1551482554 0
1551482555 0
1551482556 0
1551482557 1
1551482558 6
1551482559 8
1551482560 0
1551482561 0
1551482562 0
1551482563 8
1551482564 4
1551482565 11
1551482566 0
1551482567 0
1551482568 13
1551482569 0
1551482570 20
1551482571 0
1551482572 3
1551482573 0
1551482574 0
1551482575 0
1551482576 0
1551482577 2
1551482578 0
1551482579 3
1551482580 7
1551482581 25
1551482582 0
1551482583 0
1551482584 0
1551482585 13
1551482586 0
1551482587 0
1551482588 0
1551482589 0
1551482590 51
1551482591 19
1551482592 0
1551482593 43
1551482594 0
1551482595 0
1551482596 3
1551482597 12
1551482598 0
1551482599 0
1551482600 10
1551482601 0
1551482602 0
1551482603 0
1551482604 14
1551482605 14
1551482606 4
1551482607 68
1551482608 0
1551482609 51
1551482610 0
1551482611 0
1551482612 0
1551482613 0
1551482614 0
1551482615 12
1551482616 0
1551482617 0
1551482618 0
1551482619 0
1551482620 0
1551482621 10
1551482622 0
1551482623 3
1551482624 51
1551482625 0
1551482626 68
1551482627 0
1551482628 0
1551482629 31
1551482630 3
1551482631 76
1551482632 0
1551482633 0
1551482634 0
1551482635 0
1551482636 0
1551482637 0
1551482638 29
1551482639 46
1551482640 0
1551482641 0
1551482642 0
1551482643 0
1551482644 8
1551482645 0
1551482646 0
1551482647 0
1551482648 0
1551482649 0
1551482650 6
1551482651 0
1551482652 0
1551482653 0
1551482654 0
1551482655 0
1551482656 0
1551482657 7
1551482658 0
1551482659 1
1551482660 0
1551482661 14
1551482662 0
1551482663 11
1551482664 1
1551482665 0
1551482666 0
1551482667 0
1551482668 0
1551482669 65
1551482670 119
1551482671 0
1551482672 0
1551482673 0
1551482674 19
1551482675 1
1551482676 2
1551482677 0
1551482678 0
1551482679 0
1551482680 0
1551482681 0
1551482682 64
1551482683 0
1551482684 0
1551482685 0
1551482686 7
1551482687 27
1551482688 43
1551482689 23
1551482690 48
1551482691 0
1551482692 0
1551482693 0
1551482694 2
1551482695 0
1551482696 13
1551482697 3
1551482698 0
1551482699 55
1551482700 3
1551482701 19
1551482702 2
1551482703 4
1551482704 10
1551482705 0
1551482706 0
1551482707 0
1551482708 0
1551482709 4
1551482710 0
1551482711 11
1551482712 0
1551482713 7
1551482714 0
1551482715 11
1551482716 12
1551482717 0
1551482718 13
1551482719 9
1551482720 0
1551482721 0
1551482722 0
1551482723 3
1551482724 2
1551482725 15
1551482726 0
1551482727 0
1551482728 8
1551482729 0
1551482730 1
1551482731 0
1551482732 0
1551482733 0
1551482734 0
1551482735 25
1551482736 84
1551482737 2
1551482738 0
1551482739 9
1551482740 0
1551482741 4
1551482742 4
1551482743 7
1551482744 0
1551482745 0
1551482746 0
1551482747 27
1551482748 0
1551482749 5
1551482750 0
1551482751 0
1551482752 8
1551482753 0
1551482754 11
1551482755 0
1551482756 0
1551482757 0
1551482758 0
1551482759 8
1551482760 3
1551482761 20
1551482762 0
1551482763 0
1551482764 0
1551482765 39
1551482766 0
1551482767 0
1551482768 6
1551482769 0
1551482770 0
1551482771 33
1551482772 0
1551482773 0
1551482774 0
1551482775 0
1551482776 0
1551482777 0
1551482778 0
1551482779 7
1551482780 0
1551482781 0
1551482782 0
1551482783 0
1551482784 0
1551482785 0
1551482786 0
1551482787 0
1551482788 5
1551482789 0
1551482790 11
1551482791 2
1551482792 3
1551482793 22
1551482794 40
1551482795 0
1551482796 0
1551482797 0
1551482798 0
1551482799 0
1551482800 0
1551482801 21
1551482802 0
1551482803 0
1551482804 0
1551482805 0
1551482806 0
1551482807 2
1551482808 0
1551482809 2
1551482810 0
1551482811 1
1551482812 0
1551482813 0
1551482814 0
1551482815 2
1551482816 0
1551482817 0
1551482818 0
1551482819 4
1551482820 0
1551482821 0
1551482822 31
1551482823 0
1551482824 36
1551482825 0
1551482826 5
1551482827 14
1551482828 0
1551482829 0
1551482830 35
1551482831 0
1551482832 0
1551482833 5
1551482834 0
1551482835 7
1551482836 0
1551482837 0
1551482838 0
1551482839 0
1551482840 0
1551482841 0
1551482842 0
1551482843 0
1551482844 0
1551482845 0
1551482846 0
1551482847 0
1551482848 0
1551482849 0
1551482850 0
1551482851 0
1551482852 1
1551482853 0
1551482854 0
1551482855 0
1551482856 8
1551482857 0
1551482858 0
1551482859 0
1551482860 23
1551482861 6
1551482862 0
1551482863 0
1551482864 1
1551482865 0
1551482866 27
1551482867 0
1551482868 0
1551482869 26
1551482870 8
1551482871 35
1551482872 0
1551482873 33
1551482874 1
1551482875 47
1551482876 0
1551482877 0
1551482878 0
1551482879 17
1551482880 38
1551482881 0
1551482882 13
1551482883 30
1551482884 0
1551482885 0
1551482886 0
1551482887 0
1551482888 8
1551482889 0
1551482890 0
1551482891 3
1551482892 65
1551482893 0
1551482894 7
1551482895 0
1551482896 0
1551482897 9
1551482898 0
1551482899 0
1551482900 0
1551482901 23
1551482902 0
1551482903 0
1551482904 35
1551482905 0
1551482906 11
1551482907 0
1551482908 0
1551482909 0
1551482910 0
1551482911 27
1551482912 14
1551482913 0
1551482914 0
1551482915 0
1551482916 5
1551482917 0
1551482918 10
1551482919 1
1551482920 0
1551482921 0
1551482922 0
1551482923 15
1551482924 12
1551482925 0
1551482926 0
1551482927 33
1551482928 0
1551482929 21
1551482930 0
1551482931 0
1551482932 0
1551482933 0
1551482934 0
1551482935 0
1551482936 1
1551482937 0
1551482938 0
1551482939 0
1551482940 0
1551482941 0
1551482942 0
1551482943 0
1551482944 0
1551482945 0
1551482946 0
1551482947 0
1551482948 17
1551482949 0
1551482950 0
1551482951 6
1551482952 0
1551482953 7
1551482954 0
1551482955 30
1551482956 0
1551482957 0
1551482958 8
1551482959 0
1551482960 47
1551482961 0
1551482962 17
1551482963 16
1551482964 0
1551482965 0
1551482966 6
1551482967 0
1551482968 0
1551482969 0
1551482970 20
1551482971 92
1551482972 0
1551482973 35
1551482974 7
1551482975 0
1551482976 0
1551482977 0
1551482978 0
1551482979 0
1551482980 5
1551482981 3
1551482982 31
1551482983 13
1551482984 0
1551482985 0
1551482986 0
1551482987 0
1551482988 0
1551482989 13
1551482990 0
1551482991 0
1551482992 0
1551482993 0
1551482994 4
1551482995 13
1551482996 2
1551482997 0
1551482998 34
1551482999 5
1551483000 0
1551483001 0
1551483002 0
1551483003 0
1551483004 21
1551483005 0
1551483006 0
1551483007 0
1551483008 16
1551483009 0
1551483010 0
1551483011 1
1551483012 0
1551483013 0
1551483014 8
1551483015 0
1551483016 0
1551483017 0
1551483018 1
1551483019 0
1551483020 0
1551483021 26
1551483022 0
1551483023 0
1551483024 12
1551483025 16
1551483026 0
1551483027 0
1551483028 0
1551483029 57
1551483030 0
1551483031 0
1551483032 0
1551483033 0
1551483034 0
1551483035 0
1551483036 0
1551483037 0
1551483038 1
1551483039 0
1551483040 0
1551483041 0
1551483042 2
1551483043 0
1551483044 0
1551483045 0
1551483046 0
1551483047 0
1551483048 0
1551483049 9
1551483050 35
1551483051 0
1551483052 0
1551483053 1
1551483054 0
1551483055 3
1551483056 16
1551483057 0
1551483058 7
1551483059 0
1551483060 0
1551483061 0
1551483062 5
1551483063 30
1551483064 1
1551483065 0
1551483066 29
1551483067 0
1551483068 0
1551483069 0
1551483070 0
1551483071 5
1551483072 0
1551483073 8
1551483074 9
1551483075 0
1551483076 12
1551483077 5
1551483078 12
1551483079 0
1551483080 22
1551483081 16
1551483082 0
1551483083 0
1551483084 35
1551483085 13
1551483086 0
1551483087 11
1551483088 3
1551483089 0
1551483090 0
1551483091 0
1551483092 0
1551483093 0
1551483094 0
1551483095 0
1551483096 0
1551483097 0
1551483098 17
1551483099 0
1551483100 0
1551483101 0
1551483102 34
1551483103 7
1551483104 0
1551483105 4
1551483106 0
1551483107 6
1551483108 0
1551483109 0
1551483110 0
1551483111 0
1551483112 13
1551483113 21
1551483114 0
1551483115 10
1551483116 0
1551483117 0
1551483118 13
1551483119 7
1551483120 0
1551483121 0
1551483122 29
1551483123 0
1551483124 0
1551483125 25
1551483126 1
1551483127 0
1551483128 0
1551483129 54
1551483130 19
1551483131 21
1551483132 0
1551483133 0
1551483134 0
1551483135 0
1551483136 1
1551483137 16
1551483138 7
1551483139 0
1551483140 30
1551483141 0
1551483142 17
1551483143 0
1551483144 14
1551483145 0
1551483146 0
1551483147 0
1551483148 0
1551483149 0
1551483150 41
1551483151 0
1551483152 0
1551483153 0
1551483154 39
1551483155 86
1551483156 0
1551483157 0
1551483158 0
1551483159 0
1551483160 0
1551483161 2
1551483162 11
1551483163 6
1551483164 0
1551483165 70
1551483166 16
1551483167 0
1551483168 0
1551483169 19
1551483170 0
1551483171 14
1551483172 0
1551483173 21
1551483174 6
1551483175 0
1551483176 0
1551483177 0
1551483178 24
1551483179 0
1551483180 0
1551483181 0
1551483182 0
1551483183 28
1551483184 12
1551483185 36
1551483186 11
1551483187 0
1551483188 7
1551483189 5
1551483190 22
1551483191 1
1551483192 31
1551483193 53
1551483194 1
1551483195 3
1551483196 0
1551483197 0
1551483198 0
1551483199 0
1551483200 6
1551483201 0
1551483202 0
1551483203 0
1551483204 26
1551483205 0
1551483206 3
1551483207 0
1551483208 33
1551483209 0
1551483210 10
1551483211 6
1551483212 0
1551483213 11
1551483214 3
1551483215 14
1551483216 14
1551483217 0
1551483218 33
1551483219 0
1551483220 0
1551483221 0
1551483222 0
1551483223 0
1551483224 0
1551483225 0
1551483226 6
1551483227 0
1551483228 0
1551483229 0
1551483230 15
1551483231 0
1551483232 21
1551483233 7
1551483234 0
1551483235 0
1551483236 0
1551483237 0
1551483238 20
1551483239 7
1551483240 14
1551483241 0
1551483242 0
1551483243 3
1551483244 0
1551483245 3
1551483246 4
1551483247 0
1551483248 0
1551483249 0
1551483250 25
1551483251 29
1551483252 0
1551483253 0
1551483254 56
1551483255 0
1551483256 0
1551483257 0
1551483258 7
1551483259 0
1551483260 0
1551483261 0
1551483262 0
1551483263 54
1551483264 0
1551483265 29
1551483266 0
1551483267 6
1551483268 0
1551483269 15
1551483270 0
1551483271 4
1551483272 14
1551483273 0
1551483274 2
1551483275 0
1551483276 0
1551483277 0
1551483278 0
1551483279 0
1551483280 0
1551483281 0
1551483282 0
1551483283 0
1551483284 0
1551483285 0
1551483286 0
1551483287 0
1551483288 0
1551483289 1
1551483290 0
1551483291 0
1551483292 0
1551483293 0
1551483294 16
1551483295 0
1551483296 1
1551483297 23
1551483298 0
1551483299 0
1551483300 0
1551483301 0
1551483302 48
1551483303 19
1551483304 0
1551483305 4
1551483306 0
1551483307 0
1551483308 45
1551483309 18
1551483310 0
1551483311 1
1551483312 19
1551483313 0
1551483314 0
1551483315 0
1551483316 0
1551483317 0
1551483318 0
1551483319 8
1551483320 0
1551483321 0
1551483322 6
1551483323 0
1551483324 0
1551483325 0
1551483326 0
1551483327 18
1551483328 0
1551483329 74
1551483330 0
1551483331 0
1551483332 2
1551483333 24
1551483334 0
1551483335 0
1551483336 10
1551483337 0
1551483338 0
1551483339 4
1551483340 26
1551483341 0
1551483342 0
1551483343 0
1551483344 42
1551483345 0
1551483346 15
1551483347 0
1551483348 9
1551483349 0
1551483350 0
1551483351 0
1551483352 38
1551483353 0
1551483354 0
1551483355 0
1551483356 14
1551483357 22
1551483358 0
1551483359 10
1551483360 18
1551483361 5
1551483362 0
1551483363 9
1551483364 7
1551483365 0
1551483366 6
1551483367 0
1551483368 0
1551483369 0
1551483370 0
1551483371 0
1551483372 0
1551483373 0
1551483374 0
1551483375 0
1551483376 0
1551483377 5
1551483378 34
1551483379 79
1551483380 4
1551483381 0
1551483382 0
1551483383 15
1551483384 0
1551483385 0
1551483386 0
1551483387 47
1551483388 26
1551483389 0
1551483390 0
1551483391 0
1551483392 7
1551483393 14
1551483394 0
1551483395 95
1551483396 0
1551483397 37
1551483398 0
1551483399 0
1551483400 24
1551483401 0
1551483402 11
1551483403 51
1551483404 0
1551483405 0
1551483406 0
1551483407 5
1551483408 25
1551483409 0
1551483410 1
1551483411 29
1551483412 0
1551483413 1
1551483414 0
1551483415 13
1551483416 20
1551483417 12
1551483418 0
1551483419 20
1551483420 2
1551483421 0
1551483422 0
1551483423 5
1551483424 13
1551483425 1
1551483426 28
1551483427 0
1551483428 0
1551483429 0
1551483430 0
1551483431 125
1551483432 0
1551483433 0
1551483434 8
1551483435 0
1551483436 0
1551483437 0
1551483438 23
1551483439 0
1551483440 0
1551483441 0
1551483442 0
1551483443 0
1551483444 10
1551483445 8
1551483446 3
1551483447 5
1551483448 0
1551483449 0
1551483450 22
1551483451 0
1551483452 0
1551483453 0
1551483454 2
1551483455 0
1551483456 9
1551483457 7
1551483458 82
1551483459 0
1551483460 0
1551483461 0
1551483462 15
1551483463 3
1551483464 0
1551483465 0
1551483466 0
1551483467 0
1551483468 10
1551483469 0
1551483470 16
1551483471 16
1551483472 0
1551483473 0
1551483474 11
1551483475 0
1551483476 0
1551483477 41
1551483478 0
1551483479 0
1551483480 0
1551483481 0
1551483482 0
1551483483 1
1551483484 3
1551483485 4
1551483486 0
1551483487 0
1551483488 0
1551483489 24
1551483490 0
1551483491 0
1551483492 33
1551483493 21
1551483494 0
1551483495 0
1551483496 0
1551483497 9
1551483498 0
1551483499 11
1551483500 0
1551483501 0
1551483502 4
1551483503 0
1551483504 1
1551483505 24
1551483506 108
1551483507 42
1551483508 0
1551483509 0
1551483510 1
1551483511 0
1551483512 0
1551483513 7
1551483514 0
1551483515 0
1551483516 0
1551483517 0
1551483518 4
1551483519 46
1551483520 9
1551483521 32
1551483522 0
1551483523 0
1551483524 0
1551483525 7
1551483526 0
1551483527 0
1551483528 50
1551483529 15
1551483530 0
1551483531 4
1551483532 26
1551483533 0
1551483534 0
1551483535 0
1551483536 29
1551483537 0
1551483538 0
1551483539 0
1551483540 0
1551483541 0
1551483542 0
1551483543 0
1551483544 48
1551483545 0
1551483546 0
1551483547 0
1551483548 0
1551483549 11
1551483550 0
1551483551 0
1551483552 9
1551483553 1
1551483554 37
1551483555 0
1551483556 0
1551483557 9
1551483558 15
1551483559 21
1551483560 0
1551483561 0
1551483562 0
1551483563 0
1551483564 12
1551483565 7
1551483566 0
1551483567 0
1551483568 0
1551483569 23
1551483570 0
1551483571 0
1551483572 0
1551483573 0
1551483574 0
1551483575 0
1551483576 0
1551483577 1
1551483578 0
1551483579 0
1551483580 39
1551483581 0
1551483582 14
1551483583 31
1551483584 24
1551483585 1
1551483586 0
1551483587 9
1551483588 0
1551483589 16
1551483590 143
1551483591 0
1551483592 9
1551483593 19
1551483594 28
1551483595 0
1551483596 48
1551483597 0
1551483598 0
1551483599 0
1551483600 0
1551483601 60
1551483602 0
1551483603 0
1551483604 0
1551483605 25
1551483606 11
1551483607 10
1551483608 0
1551483609 0
1551483610 0
1551483611 10
1551483612 25
1551483613 18
1551483614 0
1551483615 0
1551483616 66
1551483617 4
1551483618 4
1551483619 0
1551483620 0
1551483621 0
1551483622 4
1551483623 5
1551483624 0
1551483625 0
1551483626 0
1551483627 0
1551483628 1
1551483629 0
1551483630 0
1551483631 0
1551483632 3
1551483633 0
1551483634 0
1551483635 0
1551483636 0
1551483637 0
1551483638 0
1551483639 0
1551483640 0
1551483641 3
1551483642 1
1551483643 6
1551483644 5
1551483645 4
1551483646 1
1551483647 9
1551483648 0
1551483649 0
1551483650 53
1551483651 14
1551483652 0
1551483653 0
1551483654 0
1551483655 0
1551483656 24
1551483657 0
1551483658 7
1551483659 3
1551483660 3
1551483661 0
1551483662 4
1551483663 0
1551483664 27
1551483665 0
1551483666 8
1551483667 0
1551483668 0
1551483669 36
1551483670 12
1551483671 0
1551483672 29
1551483673 0
1551483674 0
1551483675 36
1551483676 0
1551483677 16
1551483678 0
1551483679 7
1551483680 0
1551483681 0
1551483682 19
1551483683 5
1551483684 0
1551483685 13
1551483686 0
1551483687 0
1551483688 0
1551483689 16
1551483690 0
1551483691 0
1551483692 10
1551483693 0
1551483694 0
1551483695 18
1551483696 0
1551483697 7
1551483698 0
1551483699 0
1551483700 4
1551483701 0
1551483702 0
1551483703 49
1551483704 0
1551483705 0
1551483706 0
1551483707 0
1551483708 0
1551483709 0
1551483710 3
1551483711 0
1551483712 0
1551483713 0
1551483714 10
1551483715 0
1551483716 0
1551483717 0
1551483718 0
1551483719 23
1551483720 29
1551483721 0
1551483722 0
1551483723 0
1551483724 75
1551483725 0
1551483726 0
1551483727 0
1551483728 0
1551483729 6
1551483730 0
1551483731 0
1551483732 0
1551483733 0
1551483734 25
1551483735 0
1551483736 0
1551483737 0
1551483738 34
1551483739 4
1551483740 0
1551483741 0
1551483742 16
1551483743 2
1551483744 0
1551483745 15
1551483746 0
1551483747 0
1551483748 0
1551483749 23
1551483750 0
1551483751 0
1551483752 0
1551483753 0
1551483754 60
1551483755 22
1551483756 0
1551483757 0
1551483758 14
1551483759 0
1551483760 0
1551483761 0
1551483762 30
1551483763 0
1551483764 0
1551483765 0
1551483766 22
1551483767 0
1551483768 0
1551483769 0
1551483770 0
1551483771 0
1551483772 5
1551483773 27
1551483774 0
1551483775 0
1551483776 10
1551483777 4
1551483778 0
1551483779 5
1551483780 0
1551483781 0
1551483782 0
1551483783 0
1551483784 0
1551483785 16
1551483786 0
1551483787 52
1551483788 0
1551483789 72
1551483790 4
1551483791 0
1551483792 50
1551483793 0
1551483794 0
1551483795 0
1551483796 0
1551483797 27
1551483798 0
1551483799 0
1551483800 3
1551483801 0
1551483802 26
1551483803 32
1551483804 0
1551483805 68
1551483806 20
1551483807 0
1551483808 0
1551483809 0
1551483810 0
1551483811 0
1551483812 5
1551483813 0
1551483814 0
1551483815 0
1551483816 29
1551483817 0
1551483818 2
1551483819 3
1551483820 8
1551483821 0
1551483822 0
1551483823 0
1551483824 0
1551483825 0
1551483826 0
1551483827 0
1551483828 1
1551483829 0
1551483830 0
1551483831 9
1551483832 0
1551483833 6
1551483834 37
1551483835 7
1551483836 0
1551483837 0
1551483838 0
1551483839 0
1551483840 0
1551483841 49
1551483842 0
1551483843 36
1551483844 0
1551483845 0
1551483846 0
1551483847 47
1551483848 0
1551483849 36
1551483850 0
1551483851 0
1551483852 0
1551483853 0
1551483854 12
1551483855 0
1551483856 0
1551483857 9
1551483858 0
1551483859 20
1551483860 0
1551483861 73
1551483862 0
1551483863 0
1551483864 9
1551483865 0
1551483866 0
1551483867 0
1551483868 0
1551483869 0
1551483870 0
1551483871 20
1551483872 0
1551483873 0
1551483874 1
1551483875 1
1551483876 3
1551483877 7
1551483878 14
1551483879 0
1551483880 7
1551483881 8
1551483882 3
1551483883 0
1551483884 0
1551483885 6
1551483886 0
1551483887 6
1551483888 3
1551483889 0
1551483890 0
1551483891 0
1551483892 8
1551483893 37
1551483894 20
1551483895 4
1551483896 0
1551483897 3
1551483898 2
1551483899 11
1551483900 5
1551483901 0
1551483902 1
1551483903 1
1551483904 4
1551483905 6
1551483906 19
1551483907 1
1551483908 7
1551483909 0
1551483910 3
1551483911 0
1551483912 0
1551483913 3
1551483914 3
1551483915 4
1551483916 0
1551483917 2
1551483918 0
1551483919 6
1551483920 0
1551483921 3
1551483922 0
1551483923 7
1551483924 0
1551483925 7
1551483926 0
1551483927 5
1551483928 5
1551483929 1
1551483930 1
1551483931 0
1551483932 6
1551483933 9
1551483934 8
1551483935 7
1551483936 3
1551483937 5
1551483938 4
1551483939 0
1551483940 2
1551483941 8
1551483942 0
1551483943 0
1551483944 8
1551483945 7
1551483946 11
1551483947 0
1551483948 1
1551483949 0
1551483950 1
1551483951 12
1551483952 3
1551483953 8
1551483954 0
1551483955 3
1551483956 0
1551483957 11
1551483958 2
1551483959 0
1551483960 0
1551483961 0
1551483962 2
1551483963 2
1551483964 4
1551483965 14
1551483966 6
1551483967 5
1551483968 3
1551483969 0
1551483970 2
1551483971 8
1551483972 0
1551483973 8
1551483974 3
1551483975 1
1551483976 3
1551483977 3
1551483978 0
1551483979 2
1551483980 1
1551483981 0
1551483982 0
1551483983 3
1551483984 5
1551483985 9
1551483986 4
1551483987 0
1551483988 3
1551483989 0
1551483990 1
1551483991 1
1551483992 4
1551483993 0
1551483994 0
1551483995 0
1551483996 4
1551483997 0
1551483998 3
1551483999 10
1551484000 3
1551484001 4
1551484002 0
1551484003 0
1551484004 9
1551484005 2
1551484006 0
1551484007 3
1551484008 4
1551484009 3
1551484010 5
1551484011 3
1551484012 0
1551484013 1
1551484014 19
1551484015 0
1551484016 24
1551484017 4
1551484018 3
1551484019 4
1551484020 1
1551484021 0
1551484022 3
1551484023 5
1551484024 8
1551484025 1
1551484026 3
1551484027 0
1551484028 9
1551484029 0
1551484030 8
1551484031 1
1551484032 18
1551484033 3
1551484034 7
1551484035 10
1551484036 1
1551484037 17
1551484038 5
1551484039 7
1551484040 0
1551484041 0
1551484042 14
1551484043 18
1551484044 2
1551484045 2
1551484046 0
1551484047 7
1551484048 0
1551484049 22
1551484050 6
1551484051 2
1551484052 0
1551484053 11
1551484054 0
1551484055 1
1551484056 1
1551484057 1
1551484058 8
1551484059 3
1551484060 10
1551484061 4
1551484062 10
1551484063 3
1551484064 1
1551484065 0
1551484066 17
1551484067 0
1551484068 16
1551484069 13
1551484070 0
1551484071 26
1551484072 0
1551484073 9
1551484074 1
1551484075 4
1551484076 9
1551484077 0
1551484078 1
1551484079 0
1551484080 5
1551484081 1
1551484082 11
1551484083 1
1551484084 0
1551484085 3
1551484086 2
1551484087 5
1551484088 5
1551484089 5
1551484090 9
1551484091 2
1551484092 1
1551484093 11
1551484094 14
1551484095 3
1551484096 0
1551484097 9
1551484098 0
1551484099 9
1551484100 2
1551484101 2
1551484102 2
1551484103 6
1551484104 6
1551484105 0
1551484106 9
1551484107 0
1551484108 10
1551484109 0
1551484110 2
1551484111 2
1551484112 0
1551484113 8
1551484114 12
1551484115 0
1551484116 4
1551484117 1
1551484118 4
1551484119 10
1551484120 1
1551484121 6
1551484122 0
1551484123 0
1551484124 2
1551484125 4
1551484126 0
1551484127 5
1551484128 5
1551484129 2
1551484130 0
1551484131 5
1551484132 0
1551484133 2
1551484134 1
1551484135 2
1551484136 13
1551484137 17
1551484138 3
1551484139 17
1551484140 18
1551484141 8
1551484142 24
1551484143 1
1551484144 10
1551484145 0
1551484146 0
1551484147 4
1551484148 39
1551484149 6
1551484150 7
1551484151 4
1551484152 0
1551484153 9
1551484154 1
1551484155 3
1551484156 6
1551484157 4
1551484158 0
1551484159 11
1551484160 4
1551484161 1
1551484162 0
1551484163 0
1551484164 5
1551484165 5
1551484166 0
1551484167 0
1551484168 3
1551484169 1
1551484170 0
1551484171 1
1551484172 4
1551484173 15
1551484174 3
1551484175 3
1551484176 18
1551484177 0
1551484178 0
1551484179 3
1551484180 13
1551484181 9
1551484182 6
1551484183 3
1551484184 1
1551484185 0
1551484186 38
1551484187 2
1551484188 0
1551484189 2
1551484190 7
1551484191 33
1551484192 0
1551484193 0
1551484194 2
1551484195 0
1551484196 2
1551484197 19
1551484198 24
1551484199 13
1551484200 5
1551484201 5
1551484202 0
1551484203 3
1551484204 4
1551484205 3
1551484206 0
1551484207 5
1551484208 0
1551484209 19
1551484210 0
1551484211 0
1551484212 0
1551484213 11
1551484214 0
1551484215 2
1551484216 10
1551484217 6
1551484218 3
1551484219 0
1551484220 2
1551484221 1
1551484222 0
1551484223 0
1551484224 2
1551484225 6
1551484226 3
1551484227 0
1551484228 0
1551484229 0
1551484230 2
1551484231 3
1551484232 5
1551484233 0
1551484234 0
1551484235 19
1551484236 7
1551484237 6
1551484238 3
1551484239 1
1551484240 0
1551484241 1
1551484242 17
1551484243 0
1551484244 0
1551484245 9
1551484246 0
1551484247 6
1551484248 7
1551484249 9
1551484250 8
1551484251 2
1551484252 0
1551484253 4
1551484254 5
1551484255 0
1551484256 7
1551484257 0
1551484258 6
1551484259 9
1551484260 2
1551484261 4
1551484262 0
1551484263 1
1551484264 1
1551484265 0
1551484266 0
1551484267 0
1551484268 2
1551484269 1
1551484270 22
1551484271 3
1551484272 29
1551484273 10
1551484274 6
1551484275 0
1551484276 5
1551484277 0
1551484278 8
1551484279 0
1551484280 4
1551484281 0
1551484282 1
1551484283 1
1551484284 6
1551484285 0
1551484286 0
1551484287 12
1551484288 5
1551484289 0
1551484290 0
1551484291 1
1551484292 0
1551484293 0
1551484294 29
1551484295 7
1551484296 1
1551484297 1
1551484298 0
1551484299 2
1551484300 4
1551484301 8
1551484302 4
1551484303 0
1551484304 6
1551484305 8
1551484306 0
1551484307 15
1551484308 2
1551484309 0
1551484310 0
1551484311 0
1551484312 0
1551484313 0
1551484314 5
1551484315 2
1551484316 4
1551484317 17
1551484318 4
1551484319 0
1551484320 10
1551484321 0
1551484322 1
1551484323 1
1551484324 1
1551484325 37
1551484326 1
1551484327 0
1551484328 8
1551484329 3
1551484330 8
1551484331 8
1551484332 4
1551484333 7
1551484334 5
1551484335 0
1551484336 2
1551484337 0
1551484338 0
1551484339 0
1551484340 11
1551484341 1
1551484342 1
1551484343 0
1551484344 0
1551484345 11
1551484346 0
1551484347 1
1551484348 5
1551484349 1
1551484350 2
1551484351 25
1551484352 0
1551484353 6
1551484354 0
1551484355 0
1551484356 0
1551484357 3
1551484358 2
1551484359 0
1551484360 0
1551484361 0
1551484362 0
1551484363 1
1551484364 0
1551484365 7
1551484366 13
1551484367 0
1551484368 7
1551484369 2
1551484370 0
1551484371 1
1551484372 0
1551484373 7
1551484374 0
1551484375 6
1551484376 26
1551484377 3
1551484378 0
1551484379 5
1551484380 0
1551484381 1
1551484382 7
1551484383 3
1551484384 0
1551484385 5
1551484386 2
1551484387 8
1551484388 0
1551484389 0
1551484390 4
1551484391 10
1551484392 0
1551484393 1
1551484394 0
1551484395 10
1551484396 1
1551484397 4
1551484398 3
1551484399 3
1551484400 0
1551484401 1
1551484402 0
1551484403 2
1551484404 0
1551484405 0
1551484406 5
1551484407 2
1551484408 0
1551484409 2
1551484410 7
1551484411 5
1551484412 5
1551484413 3
1551484414 13
1551484415 0
1551484416 4
1551484417 3
1551484418 2
1551484419 5
1551484420 0
1551484421 10
1551484422 0
1551484423 0
1551484424 6
1551484425 2
1551484426 3
1551484427 4
1551484428 15
1551484429 0
1551484430 4
1551484431 6
1551484432 8
1551484433 2
1551484434 0
1551484435 0
1551484436 3
1551484437 0
1551484438 4
1551484439 4
1551484440 0
1551484441 4
1551484442 8
1551484443 2
1551484444 5
1551484445 2
1551484446 0
1551484447 3
1551484448 5
1551484449 8
1551484450 0
1551484451 0
1551484452 1
1551484453 15
1551484454 7
1551484455 4
1551484456 2
1551484457 0
1551484458 1
1551484459 9
1551484460 9
1551484461 31
1551484462 0
1551484463 0
1551484464 14
1551484465 9
1551484466 13
1551484467 0
1551484468 5
1551484469 4
1551484470 5
1551484471 4
1551484472 0
1551484473 5
1551484474 23
1551484475 5
1551484476 2
1551484477 26
1551484478 0
1551484479 0
1551484480 1
1551484481 0
1551484482 0
1551484483 0
1551484484 1
1551484485 0
1551484486 0
1551484487 0
1551484488 0
1551484489 3
1551484490 4
1551484491 9
1551484492 0
1551484493 4
1551484494 8
1551484495 4
1551484496 8
1551484497 1
1551484498 8
1551484499 4
1551484500 2
1551484501 0
1551484502 0
1551484503 0
1551484504 10
1551484505 0
1551484506 0
1551484507 0
1551484508 3
1551484509 3
1551484510 11
1551484511 2
1551484512 11
1551484513 7
1551484514 1
1551484515 1
1551484516 2
1551484517 0
1551484518 0
1551484519 0
1551484520 10
1551484521 6
1551484522 0
1551484523 2
1551484524 12
1551484525 5
1551484526 1
1551484527 0
1551484528 3
1551484529 3
1551484530 0
1551484531 10
1551484532 0
1551484533 0
1551484534 0
1551484535 2
1551484536 1
1551484537 7
1551484538 1
1551484539 7
1551484540 8
1551484541 14
1551484542 7
1551484543 4
1551484544 0
1551484545 13
1551484546 4
1551484547 14
1551484548 0
1551484549 2
1551484550 0
1551484551 2
1551484552 3
1551484553 3
1551484554 7
1551484555 4
1551484556 3
1551484557 9
1551484558 7
1551484559 0
1551484560 2
1551484561 0
1551484562 11
1551484563 9
1551484564 0
1551484565 18
1551484566 2
1551484567 2
1551484568 18
1551484569 1
1551484570 0
1551484571 2
1551484572 0
1551484573 3
1551484574 2
1551484575 5
1551484576 4
1551484577 16
1551484578 2
1551484579 0
1551484580 6
1551484581 4
1551484582 3
1551484583 0
1551484584 1
1551484585 1
1551484586 9
1551484587 0
1551484588 12
1551484589 0
1551484590 10
1551484591 0
1551484592 4
1551484593 6
1551484594 0
1551484595 0
1551484596 0
1551484597 2
1551484598 2
1551484599 0
1551484600 0
1551484601 0
1551484602 0
1551484603 11
1551484604 0
1551484605 12
1551484606 5
1551484607 2
1551484608 5
1551484609 3
1551484610 23
1551484611 0
1551484612 0
1551484613 0
1551484614 0
1551484615 4
1551484616 4
1551484617 0
1551484618 9
1551484619 8
1551484620 1
1551484621 3
1551484622 10
1551484623 15
1551484624 4
1551484625 2
1551484626 0
1551484627 8
1551484628 10
1551484629 1
1551484630 0
1551484631 2
1551484632 10
1551484633 0
1551484634 13
1551484635 0
1551484636 8
1551484637 14
1551484638 3
1551484639 0
1551484640 0
1551484641 0
1551484642 0
1551484643 0
1551484644 0
1551484645 0
1551484646 0
1551484647 0
1551484648 0
1551484649 0
1551484650 0
1551484651 0
1551484652 0
1551484653 0
1551484654 0
1551484655 0
1551484656 0
1551484657 0
1551484658 0
1551484659 0
1551484660 0
1551484661 0
1551484662 0
1551484663 0
1551484664 0
1551484665 0
1551484666 0
1551484667 0
1551484668 0
1551484669 0
1551484670 0
1551484671 0
1551484672 0
1551484673 0
1551484674 0
1551484675 0
1551484676 0
1551484677 0
1551484678 0
1551484679 0
1551484680 0
1551484681 0
1551484682 0
1551484683 0
1551484684 0
1551484685 0
1551484686 0
1551484687 0
1551484688 0
1551484689 0
1551484690 0
1551484691 0
1551484692 0
1551484693 0
1551484694 0
1551484695 0
1551484696 0
1551484697 0
1551484698 0
1551484699 0
1551484700 0
1551484701 0
1551484702 0
1551484703 0
1551484704 0
1551484705 0
1551484706 0
1551484707 0
1551484708 0
1551484709 0
1551484710 0
1551484711 0
1551484712 0
1551484713 0
1551484714 0
1551484715 0
1551484716 0
1551484717 0
1551484718 0
1551484719 0
1551484720 0
1551484721 0
1551484722 0
1551484723 0
1551484724 0
1551484725 0
1551484726 0
1551484727 0
1551484728 0
1551484729 0
1551484730 0
1551484731 0
1551484732 0
1551484733 0
1551484734 0
1551484735 0
1551484736 0
1551484737 0
1551484738 0
1551484739 0
1551484740 0
1551484741 0
1551484742 0
1551484743 0
1551484744 0
1551484745 0
1551484746 0
1551484747 0
1551484748 0
1551484749 0
1551484750 0
1551484751 0
1551484752 0
1551484753 0
1551484754 0
1551484755 0
1551484756 0
1551484757 0
1551484758 0
1551484759 0
1551484760 0
1551484761 0
1551484762 0
1551484763 0
1551484764 0
1551484765 0
1551484766 0
1551484767 0
1551484768 0
1551484769 0
1551484770 0
1551484771 0
1551484772 0
1551484773 0
1551484774 0
1551484775 0
1551484776 0
1551484777 0
1551484778 0
1551484779 0
1551484780 0
1551484781 0
1551484782 0
1551484783 0
1551484784 0
1551484785 0
1551484786 0
1551484787 0
1551484788 0
1551484789 0
1551484790 0
1551484791 0
1551484792 0
1551484793 0
1551484794 0
1551484795 0
1551484796 0
1551484797 0
1551484798 0
1551484799 0
