1548979200 0
1548979201 0
1548979202 0
1548979203 0
1548979204 0
1548979205 0
1548979206 0
1548979207 0
1548979208 0
1548979209 0
1548979210 0
1548979211 0
1548979212 0
1548979213 0
1548979214 0
1548979215 0
1548979216 0
1548979217 0
1548979218 0
1548979219 0
1548979220 0
1548979221 0
1548979222 0
1548979223 0
1548979224 0
1548979225 0
1548979226 0
1548979227 0
1548979228 0
1548979229 0
1548979230 0
1548979231 0
1548979232 0
1548979233 0
1548979234 0
1548979235 0
1548979236 0
1548979237 0
1548979238 0
1548979239 0
1548979240 0
1548979241 0
1548979242 0
1548979243 0
1548979244 0
1548979245 0
1548979246 0
1548979247 0
1548979248 0
1548979249 0
1548979250 0
1548979251 0
1548979252 0
1548979253 0
1548979254 0
1548979255 0
1548979256 0
1548979257 0
1548979258 0
1548979259 0
1548979260 0
1548979261 0
1548979262 0
1548979263 0
1548979264 0
1548979265 0
1548979266 0
1548979267 0
1548979268 0
1548979269 0
1548979270 0
1548979271 0
1548979272 0
1548979273 0
1548979274 0
1548979275 0
1548979276 0
1548979277 0
1548979278 0
1548979279 0
1548979280 0
1548979281 0
1548979282 0
1548979283 0
1548979284 0
1548979285 0
1548979286 0
1548979287 0
1548979288 0
1548979289 0
1548979290 0
1548979291 0
1548979292 0
1548979293 0
1548979294 0
1548979295 0
1548979296 0
1548979297 0
1548979298 0
1548979299 0
1548979300 0
1548979301 0
1548979302 0
1548979303 0
1548979304 0
1548979305 0
1548979306 0
1548979307 0
1548979308 0
1548979309 0
1548979310 0
1548979311 0
1548979312 0
1548979313 0
1548979314 0
1548979315 0
1548979316 0
1548979317 0
1548979318 0
1548979319 0
1548979320 0
1548979321 0
1548979322 0
1548979323 0
1548979324 0
1548979325 0
1548979326 0
1548979327 0
1548979328 0
1548979329 0
1548979330 0
1548979331 0
1548979332 0
1548979333 0
1548979334 0
1548979335 0
1548979336 0
1548979337 0
1548979338 0
1548979339 0
1548979340 0
1548979341 0
1548979342 0
1548979343 0
1548979344 0
1548979345 0
1548979346 0
1548979347 0
1548979348 0
1548979349 0
1548979350 0
1548979351 0
1548979352 0
1548979353 0
1548979354 0
1548979355 0
1548979356 0
1548979357 0
1548979358 0
1548979359 0
1548979360 0
1548979361 0
1548979362 0
1548979363 0
1548979364 0
1548979365 0
1548979366 0
1548979367 0
1548979368 0
1548979369 0
1548979370 0
1548979371 0
1548979372 0
1548979373 0
1548979374 0
1548979375 0
1548979376 0
1548979377 0
1548979378 0
1548979379 0
1548979380 0
1548979381 0
1548979382 0
1548979383 0
1548979384 0
1548979385 0
1548979386 0
1548979387 0
1548979388 0
1548979389 0
1548979390 0
1548979391 0
1548979392 0
1548979393 0
1548979394 0
1548979395 0
1548979396 0
1548979397 0
1548979398 0
1548979399 0
1548979400 0
1548979401 0
1548979402 0
1548979403 0
1548979404 0
1548979405 0
1548979406 0
1548979407 0
1548979408 0
1548979409 0
1548979410 0
1548979411 0
1548979412 0
1548979413 0
1548979414 0
1548979415 0
1548979416 0
1548979417 0
1548979418 0
1548979419 0
1548979420 0
1548979421 0
1548979422 0
1548979423 0
1548979424 0
1548979425 0
1548979426 0
1548979427 0
1548979428 0
1548979429 0
1548979430 0
1548979431 0
1548979432 0
1548979433 0
1548979434 0
1548979435 0
1548979436 0
1548979437 0
1548979438 0
1548979439 0
1548979440 0
1548979441 0
1548979442 0
1548979443 0
1548979444 0
1548979445 0
1548979446 0
1548979447 0
1548979448 0
1548979449 0
1548979450 0
1548979451 0
1548979452 0
1548979453 0
1548979454 0
1548979455 0
1548979456 0
1548979457 0
1548979458 0
1548979459 0
1548979460 0
1548979461 0
1548979462 0
1548979463 0
1548979464 0
1548979465 0
1548979466 0
1548979467 0
1548979468 0
1548979469 0
1548979470 0
1548979471 0
1548979472 0
1548979473 0
1548979474 0
1548979475 0
1548979476 0
1548979477 0
1548979478 0
1548979479 0
1548979480 0
1548979481 0
1548979482 0
1548979483 0
1548979484 0
1548979485 0
1548979486 0
1548979487 0
1548979488 0
1548979489 0
1548979490 0
1548979491 0
1548979492 0
1548979493 0
1548979494 0
1548979495 0
1548979496 0
1548979497 0
1548979498 0
1548979499 0
1548979500 0
1548979501 0
1548979502 0
1548979503 0
1548979504 0
1548979505 0
1548979506 0
1548979507 0
1548979508 0
1548979509 0
1548979510 0
1548979511 0
1548979512 0
1548979513 0
1548979514 0
1548979515 0
1548979516 0
1548979517 0
1548979518 0
1548979519 0
1548979520 0
1548979521 0
1548979522 0
1548979523 0
1548979524 0
1548979525 0
1548979526 0
1548979527 0
1548979528 0
1548979529 0
1548979530 0
1548979531 0
1548979532 0
1548979533 0
1548979534 0
1548979535 0
1548979536 0
1548979537 0
1548979538 0
1548979539 0
1548979540 0
1548979541 0
1548979542 0
1548979543 0
1548979544 0
1548979545 0
1548979546 0
1548979547 0
1548979548 0
1548979549 0
1548979550 0
1548979551 0
1548979552 0
1548979553 0
1548979554 0
1548979555 0
1548979556 0
1548979557 0
1548979558 0
1548979559 0
1548979560 0
1548979561 0
1548979562 0
1548979563 0
1548979564 0
1548979565 0
1548979566 0
1548979567 0
1548979568 0
1548979569 0
1548979570 0
1548979571 0
1548979572 0
1548979573 0
1548979574 0
1548979575 0
1548979576 0
1548979577 0
1548979578 0
1548979579 0
1548979580 0
1548979581 0
1548979582 0
1548979583 0
1548979584 0
1548979585 0
1548979586 0
1548979587 0
1548979588 0
1548979589 0
1548979590 0
1548979591 0
1548979592 0
1548979593 0
1548979594 0
1548979595 0
1548979596 0
1548979597 0
1548979598 0
1548979599 0
1548979600 0
1548979601 0
1548979602 0
1548979603 0
1548979604 0
1548979605 0
1548979606 0
1548979607 0
1548979608 0
1548979609 0
1548979610 0
1548979611 0
1548979612 0
1548979613 0
1548979614 0
1548979615 0
1548979616 0
1548979617 0
1548979618 0
1548979619 0
1548979620 0
1548979621 0
1548979622 0
1548979623 0
1548979624 0
1548979625 0
1548979626 0
1548979627 0
1548979628 0
1548979629 0
1548979630 0
1548979631 0
1548979632 0
1548979633 0
1548979634 0
1548979635 0
1548979636 0
1548979637 0
1548979638 0
1548979639 0
1548979640 0
1548979641 0
1548979642 0
1548979643 0
1548979644 0
1548979645 0
1548979646 0
1548979647 0
1548979648 0
1548979649 0
1548979650 0
1548979651 0
1548979652 0
1548979653 0
1548979654 0
1548979655 0
1548979656 0
1548979657 0
1548979658 0
1548979659 0
1548979660 0
1548979661 0
1548979662 0
1548979663 0
1548979664 0
1548979665 0
1548979666 0
1548979667 0
1548979668 0
1548979669 0
1548979670 0
1548979671 0
1548979672 0
1548979673 0
1548979674 0
1548979675 0
1548979676 0
1548979677 0
1548979678 0
1548979679 0
1548979680 0
1548979681 0
1548979682 0
1548979683 0
1548979684 0
1548979685 0
1548979686 0
1548979687 0
1548979688 0
1548979689 0
1548979690 0
1548979691 0
1548979692 0
1548979693 0
1548979694 0
1548979695 0
1548979696 0
1548979697 0
1548979698 0
1548979699 0
1548979700 0
1548979701 0
1548979702 0
1548979703 0
1548979704 0
1548979705 0
1548979706 0
1548979707 0
1548979708 0
1548979709 0
1548979710 0
1548979711 0
1548979712 0
1548979713 0
1548979714 0
1548979715 0
1548979716 0
1548979717 0
1548979718 0
1548979719 0
1548979720 0
1548979721 0
1548979722 0
1548979723 0
1548979724 0
1548979725 0
1548979726 0
1548979727 0
1548979728 0
1548979729 0
1548979730 0
1548979731 0
1548979732 0
1548979733 0
1548979734 0
1548979735 0
1548979736 0
1548979737 0
1548979738 0
1548979739 0
1548979740 0
1548979741 0
1548979742 0
1548979743 0
1548979744 0
1548979745 0
1548979746 0
1548979747 0
1548979748 0
1548979749 0
1548979750 0
1548979751 0
1548979752 0
1548979753 0
1548979754 0
1548979755 0
1548979756 0
1548979757 0
1548979758 0
1548979759 0
1548979760 0
1548979761 0
1548979762 0
1548979763 0
1548979764 0
1548979765 0
1548979766 0
1548979767 0
1548979768 0
1548979769 0
1548979770 0
1548979771 0
1548979772 0
1548979773 0
1548979774 0
1548979775 0
1548979776 0
1548979777 0
1548979778 0
1548979779 0
1548979780 0
1548979781 0
1548979782 0
1548979783 0
1548979784 0
1548979785 0
1548979786 0
1548979787 0
1548979788 0
1548979789 0
1548979790 0
1548979791 0
1548979792 0
1548979793 0
1548979794 0
1548979795 0
1548979796 0
1548979797 0
1548979798 0
1548979799 0
1548979800 0
1548979801 0
1548979802 0
1548979803 0
1548979804 0
1548979805 0
1548979806 0
1548979807 0
1548979808 0
1548979809 0
1548979810 0
1548979811 0
1548979812 0
1548979813 0
1548979814 0
1548979815 0
1548979816 0
1548979817 0
1548979818 0
1548979819 0
1548979820 0
1548979821 0
1548979822 0
1548979823 0
1548979824 0
1548979825 0
1548979826 0
1548979827 0
1548979828 0
1548979829 0
1548979830 0
1548979831 0
1548979832 0
1548979833 0
1548979834 0
1548979835 0
1548979836 0
1548979837 0
1548979838 0
1548979839 0
1548979840 0
1548979841 0
1548979842 0
1548979843 0
1548979844 0
1548979845 0
1548979846 0
1548979847 0
1548979848 0
1548979849 0
1548979850 0
1548979851 0
1548979852 0
1548979853 0
1548979854 0
1548979855 0
1548979856 0
1548979857 0
1548979858 0
1548979859 0
1548979860 0
1548979861 0
1548979862 0
1548979863 0
1548979864 0
1548979865 0
1548979866 0
1548979867 0
1548979868 0
1548979869 0
1548979870 0
1548979871 0
1548979872 0
1548979873 0
1548979874 0
1548979875 0
1548979876 0
1548979877 0
1548979878 0
1548979879 0
1548979880 0
1548979881 0
1548979882 0
1548979883 0
1548979884 0
1548979885 0
1548979886 0
1548979887 0
1548979888 0
1548979889 0
1548979890 0
1548979891 0
1548979892 0
1548979893 0
1548979894 0
1548979895 0
1548979896 0
1548979897 0
1548979898 0
1548979899 0
1548979900 0
1548979901 0
1548979902 0
1548979903 0
1548979904 0
1548979905 0
1548979906 0
1548979907 0
1548979908 0
1548979909 0
1548979910 0
1548979911 0
1548979912 0
1548979913 0
1548979914 0
1548979915 0
1548979916 0
1548979917 0
1548979918 0
1548979919 0
1548979920 0
1548979921 0
1548979922 0
1548979923 0
1548979924 0
1548979925 0
1548979926 0
1548979927 0
1548979928 0
1548979929 0
1548979930 0
1548979931 0
1548979932 0
1548979933 0
1548979934 0
1548979935 0
1548979936 0
1548979937 0
1548979938 0
1548979939 0
1548979940 0
1548979941 0
1548979942 0
1548979943 0
1548979944 0
1548979945 0
1548979946 0
1548979947 0
1548979948 0
1548979949 0
1548979950 0
1548979951 0
1548979952 0
1548979953 0
1548979954 0
1548979955 0
1548979956 0
1548979957 0
1548979958 0
1548979959 0
1548979960 0
1548979961 0
1548979962 0
1548979963 0
1548979964 0
1548979965 0
1548979966 0
1548979967 0
1548979968 0
1548979969 0
1548979970 0
1548979971 0
1548979972 0
1548979973 0
1548979974 0
1548979975 0
1548979976 0
1548979977 0
1548979978 0
1548979979 0
1548979980 0
1548979981 0
1548979982 0
1548979983 0
1548979984 0
1548979985 0
1548979986 0
1548979987 0
1548979988 0
1548979989 0
1548979990 0
1548979991 0
1548979992 0
1548979993 0
1548979994 0
1548979995 0
1548979996 0
1548979997 0
1548979998 0
1548979999 0
1548980000 0
1548980001 0
1548980002 0
1548980003 0
1548980004 0
1548980005 0
1548980006 0
1548980007 0
1548980008 0
1548980009 0
1548980010 0
1548980011 0
1548980012 0
1548980013 0
1548980014 0
1548980015 0
1548980016 0
1548980017 0
1548980018 0
1548980019 0
1548980020 0
1548980021 0
1548980022 0
1548980023 0
1548980024 0
1548980025 0
1548980026 0
1548980027 0
1548980028 0
1548980029 0
1548980030 0
1548980031 0
1548980032 0
1548980033 0
1548980034 0
1548980035 0
1548980036 0
1548980037 0
1548980038 0
1548980039 0
1548980040 0
1548980041 0
1548980042 0
1548980043 0
1548980044 0
1548980045 0
1548980046 0
1548980047 0
1548980048 0
1548980049 0
1548980050 0
1548980051 0
1548980052 0
1548980053 0
1548980054 0
1548980055 0
1548980056 0
1548980057 0
1548980058 0
1548980059 0
1548980060 0
1548980061 0
1548980062 0
1548980063 0
1548980064 0
1548980065 0
1548980066 0
1548980067 0
1548980068 0
1548980069 0
1548980070 0
1548980071 0
1548980072 0
1548980073 0
1548980074 0
1548980075 0
1548980076 0
1548980077 0
1548980078 0
1548980079 0
1548980080 0
1548980081 0
1548980082 0
1548980083 0
1548980084 0
1548980085 0
1548980086 0
1548980087 0
1548980088 0
1548980089 0
1548980090 0
1548980091 0
1548980092 0
1548980093 0
1548980094 0
1548980095 0
1548980096 0
1548980097 0
1548980098 0
1548980099 0
1548980100 0
1548980101 0
1548980102 0
1548980103 0
1548980104 0
1548980105 0
1548980106 0
1548980107 0
1548980108 0
1548980109 0
1548980110 0
1548980111 0
1548980112 0
1548980113 0
1548980114 0
1548980115 0
1548980116 0
1548980117 0
1548980118 0
1548980119 0
1548980120 0
1548980121 0
1548980122 0
1548980123 0
1548980124 0
1548980125 0
1548980126 0
1548980127 0
1548980128 0
1548980129 0
1548980130 0
1548980131 0
1548980132 0
1548980133 0
1548980134 0
1548980135 0
1548980136 0
1548980137 0
1548980138 0
1548980139 0
1548980140 0
1548980141 0
1548980142 0
1548980143 0
1548980144 0
1548980145 0
1548980146 0
1548980147 0
1548980148 0
1548980149 0
1548980150 0
1548980151 0
1548980152 0
1548980153 0
1548980154 0
1548980155 0
1548980156 0
1548980157 0
1548980158 0
1548980159 0
1548980160 0
1548980161 0
1548980162 0
1548980163 0
1548980164 0
1548980165 0
1548980166 0
1548980167 0
1548980168 0
1548980169 0
1548980170 0
1548980171 0
1548980172 0
1548980173 0
1548980174 0
1548980175 0
1548980176 0
1548980177 0
1548980178 0
1548980179 0
1548980180 0
1548980181 0
1548980182 0
1548980183 0
1548980184 0
1548980185 0
1548980186 0
1548980187 0
1548980188 0
1548980189 0
1548980190 0
1548980191 0
1548980192 0
1548980193 0
1548980194 0
1548980195 0
1548980196 0
1548980197 0
1548980198 0
1548980199 0
1548980200 0
1548980201 0
1548980202 0
1548980203 0
1548980204 0
1548980205 0
1548980206 0
1548980207 0
1548980208 0
1548980209 0
1548980210 0
1548980211 0
1548980212 0
1548980213 0
1548980214 0
1548980215 0
1548980216 0
1548980217 0
1548980218 0
1548980219 0
1548980220 0
1548980221 0
1548980222 0
1548980223 0
1548980224 0
1548980225 0
1548980226 0
1548980227 0
1548980228 0
1548980229 0
1548980230 0
1548980231 0
1548980232 0
1548980233 0
1548980234 0
1548980235 0
1548980236 0
1548980237 0
1548980238 0
1548980239 0
1548980240 0
1548980241 0
1548980242 0
1548980243 0
1548980244 0
1548980245 0
1548980246 0
1548980247 0
1548980248 0
1548980249 0
1548980250 0
1548980251 0
1548980252 0
1548980253 0
1548980254 0
1548980255 0
1548980256 0
1548980257 0
1548980258 0
1548980259 0
1548980260 0
1548980261 0
1548980262 0
1548980263 0
1548980264 0
1548980265 0
1548980266 0
1548980267 0
1548980268 0
1548980269 0
1548980270 0
1548980271 0
1548980272 0
1548980273 0
1548980274 0
1548980275 0
1548980276 0
1548980277 0
1548980278 0
1548980279 0
1548980280 0
1548980281 0
1548980282 0
1548980283 0
1548980284 0
1548980285 0
1548980286 0
1548980287 0
1548980288 0
1548980289 0
1548980290 0
1548980291 0
1548980292 0
1548980293 0
1548980294 0
1548980295 0
1548980296 0
1548980297 0
1548980298 0
1548980299 0
1548980300 0
1548980301 0
1548980302 0
1548980303 0
1548980304 0
1548980305 0
1548980306 0
1548980307 0
1548980308 0
1548980309 0
1548980310 0
1548980311 0
1548980312 0
1548980313 0
1548980314 0
1548980315 0
1548980316 0
1548980317 0
1548980318 0
1548980319 0
1548980320 0
1548980321 0
1548980322 0
1548980323 0
1548980324 0
1548980325 0
1548980326 0
1548980327 0
1548980328 0
1548980329 0
1548980330 0
1548980331 0
1548980332 0
1548980333 0
1548980334 0
1548980335 0
1548980336 0
1548980337 0
1548980338 0
1548980339 0
1548980340 0
1548980341 0
1548980342 0
1548980343 0
1548980344 0
1548980345 0
1548980346 0
1548980347 0
1548980348 0
1548980349 0
1548980350 0
1548980351 0
1548980352 0
1548980353 0
1548980354 0
1548980355 0
1548980356 0
1548980357 0
1548980358 0
1548980359 0
1548980360 0
1548980361 0
1548980362 0
1548980363 0
1548980364 0
1548980365 0
1548980366 0
1548980367 0
1548980368 0
1548980369 0
1548980370 0
1548980371 0
1548980372 0
1548980373 0
1548980374 0
1548980375 0
1548980376 0
1548980377 0
1548980378 0
1548980379 0
1548980380 0
1548980381 0
1548980382 0
1548980383 0
1548980384 0
1548980385 0
1548980386 0
1548980387 0
1548980388 0
1548980389 0
1548980390 0
1548980391 0
1548980392 0
1548980393 0
1548980394 0
1548980395 0
1548980396 0
1548980397 0
1548980398 0
1548980399 0
1548980400 0
1548980401 0
1548980402 0
1548980403 0
1548980404 0
1548980405 0
1548980406 0
1548980407 0
1548980408 0
1548980409 0
1548980410 0
1548980411 0
1548980412 0
1548980413 0
1548980414 0
1548980415 0
1548980416 0
1548980417 0
1548980418 0
1548980419 0
1548980420 0
1548980421 0
1548980422 0
1548980423 0
1548980424 0
1548980425 0
1548980426 0
1548980427 0
1548980428 0
1548980429 0
1548980430 0
1548980431 0
1548980432 0
1548980433 0
1548980434 0
1548980435 0
1548980436 0
1548980437 0
1548980438 0
1548980439 0
1548980440 0
1548980441 0
1548980442 0
1548980443 0
1548980444 0
1548980445 0
1548980446 0
1548980447 0
1548980448 0
1548980449 0
1548980450 0
1548980451 0
1548980452 0
1548980453 0
1548980454 0
1548980455 0
1548980456 0
1548980457 0
1548980458 0
1548980459 0
1548980460 0
1548980461 0
1548980462 0
1548980463 0
1548980464 0
1548980465 0
1548980466 0
1548980467 0
1548980468 0
1548980469 0
1548980470 0
1548980471 0
1548980472 0
1548980473 0
1548980474 0
1548980475 0
1548980476 0
1548980477 0
1548980478 0
1548980479 0
1548980480 0
1548980481 0
1548980482 0
1548980483 0
1548980484 0
1548980485 0
1548980486 0
1548980487 0
1548980488 0
1548980489 0
1548980490 0
1548980491 0
1548980492 0
1548980493 0
1548980494 0
1548980495 0
1548980496 0
1548980497 0
1548980498 0
1548980499 0
1548980500 0
1548980501 0
1548980502 0
1548980503 0
1548980504 0
1548980505 0
1548980506 0
1548980507 0
1548980508 0
1548980509 0
1548980510 0
1548980511 0
1548980512 0
1548980513 0
1548980514 0
1548980515 0
1548980516 0
1548980517 0
1548980518 0
1548980519 0
1548980520 0
1548980521 0
1548980522 0
1548980523 0
1548980524 0
1548980525 0
1548980526 0
1548980527 0
1548980528 0
1548980529 0
1548980530 0
1548980531 0
1548980532 0
1548980533 0
1548980534 0
1548980535 0
1548980536 0
1548980537 0
1548980538 0
1548980539 0
1548980540 0
1548980541 0
1548980542 0
1548980543 0
1548980544 0
1548980545 0
1548980546 0
1548980547 0
1548980548 0
1548980549 0
1548980550 0
1548980551 0
1548980552 0
1548980553 0
1548980554 0
1548980555 0
1548980556 0
1548980557 0
1548980558 0
1548980559 0
1548980560 0
1548980561 0
1548980562 0
1548980563 0
1548980564 0
1548980565 0
1548980566 0
1548980567 0
1548980568 0
1548980569 0
1548980570 0
1548980571 0
1548980572 0
1548980573 0
1548980574 0
1548980575 0
1548980576 0
1548980577 0
1548980578 0
1548980579 0
1548980580 0
1548980581 0
1548980582 0
1548980583 0
1548980584 0
1548980585 0
1548980586 0
1548980587 0
1548980588 0
1548980589 0
1548980590 0
1548980591 0
1548980592 0
1548980593 0
1548980594 0
1548980595 0
1548980596 0
1548980597 0
1548980598 0
1548980599 0
1548980600 0
1548980601 0
1548980602 0
1548980603 0
1548980604 0
1548980605 0
1548980606 0
1548980607 0
1548980608 0
1548980609 0
1548980610 0
1548980611 0
1548980612 0
1548980613 0
1548980614 0
1548980615 0
1548980616 0
1548980617 0
1548980618 0
1548980619 0
1548980620 0
1548980621 0
1548980622 0
1548980623 0
1548980624 0
1548980625 0
1548980626 0
1548980627 0
1548980628 0
1548980629 0
1548980630 0
1548980631 0
1548980632 0
1548980633 0
1548980634 0
1548980635 0
1548980636 0
1548980637 0
1548980638 0
1548980639 0
1548980640 0
1548980641 0
1548980642 0
1548980643 0
1548980644 0
1548980645 0
1548980646 0
1548980647 0
1548980648 0
1548980649 0
1548980650 0
1548980651 0
1548980652 0
1548980653 0
1548980654 0
1548980655 0
1548980656 0
1548980657 0
1548980658 0
1548980659 0
1548980660 0
1548980661 0
1548980662 0
1548980663 0
1548980664 0
1548980665 0
1548980666 0
1548980667 0
1548980668 0
1548980669 0
1548980670 0
1548980671 0
1548980672 0
1548980673 0
1548980674 0
1548980675 0
1548980676 0
1548980677 0
1548980678 0
1548980679 0
1548980680 0
1548980681 0
1548980682 0
1548980683 0
1548980684 0
1548980685 0
1548980686 0
1548980687 0
1548980688 0
1548980689 0
1548980690 0
1548980691 0
1548980692 0
1548980693 0
1548980694 0
1548980695 0
1548980696 0
1548980697 0
1548980698 0
1548980699 0
1548980700 0
1548980701 0
1548980702 0
1548980703 0
1548980704 0
1548980705 0
1548980706 0
1548980707 0
1548980708 0
1548980709 0
1548980710 0
1548980711 0
1548980712 0
1548980713 0
1548980714 0
1548980715 0
1548980716 0
1548980717 0
1548980718 0
1548980719 0
1548980720 0
1548980721 0
1548980722 0
1548980723 0
1548980724 0
1548980725 0
1548980726 0
1548980727 0
1548980728 0
1548980729 0
1548980730 0
1548980731 0
1548980732 0
1548980733 0
1548980734 0
1548980735 0
1548980736 0
1548980737 0
1548980738 0
1548980739 0
1548980740 0
1548980741 0
1548980742 0
1548980743 0
1548980744 0
1548980745 0
1548980746 0
1548980747 0
1548980748 0
1548980749 0
1548980750 0
1548980751 0
1548980752 0
1548980753 0
1548980754 0
1548980755 0
1548980756 0
1548980757 0
1548980758 0
1548980759 0
1548980760 0
1548980761 0
1548980762 0
1548980763 0
1548980764 0
1548980765 0
1548980766 0
1548980767 0
1548980768 0
1548980769 0
1548980770 0
1548980771 0
1548980772 0
1548980773 0
1548980774 0
1548980775 0
1548980776 0
1548980777 0
1548980778 0
1548980779 0
1548980780 0
1548980781 0
1548980782 0
1548980783 0
1548980784 0
1548980785 0
1548980786 0
1548980787 0
1548980788 0
1548980789 0
1548980790 0
1548980791 0
1548980792 0
1548980793 0
1548980794 0
1548980795 0
1548980796 0
1548980797 0
1548980798 0
1548980799 0
1548980800 0
1548980801 0
1548980802 0
1548980803 0
1548980804 0
1548980805 0
1548980806 0
1548980807 0
1548980808 0
1548980809 0
1548980810 0
1548980811 0
1548980812 0
1548980813 0
1548980814 0
1548980815 0
1548980816 0
1548980817 0
1548980818 0
1548980819 0
1548980820 0
1548980821 0
1548980822 0
1548980823 0
1548980824 0
1548980825 0
1548980826 0
1548980827 0
1548980828 0
1548980829 0
1548980830 0
1548980831 0
1548980832 0
1548980833 0
1548980834 0
1548980835 0
1548980836 0
1548980837 0
1548980838 0
1548980839 0
1548980840 0
1548980841 0
1548980842 0
1548980843 0
1548980844 0
1548980845 0
1548980846 0
1548980847 0
1548980848 0
1548980849 0
1548980850 0
1548980851 0
1548980852 0
1548980853 0
1548980854 0
1548980855 0
1548980856 0
1548980857 0
1548980858 0
1548980859 0
1548980860 0
1548980861 0
1548980862 0
1548980863 0
1548980864 0
1548980865 0
1548980866 0
1548980867 0
1548980868 0
1548980869 0
1548980870 0
1548980871 0
1548980872 0
1548980873 0
1548980874 0
1548980875 0
1548980876 0
1548980877 0
1548980878 0
1548980879 0
1548980880 0
1548980881 0
1548980882 0
1548980883 0
1548980884 0
1548980885 0
1548980886 0
1548980887 0
1548980888 0
1548980889 0
1548980890 0
1548980891 0
1548980892 0
1548980893 0
1548980894 0
1548980895 0
1548980896 0
1548980897 0
1548980898 0
1548980899 0
1548980900 0
1548980901 0
1548980902 0
1548980903 0
1548980904 0
1548980905 0
1548980906 0
1548980907 0
1548980908 0
1548980909 0
1548980910 0
1548980911 0
1548980912 0
1548980913 0
1548980914 0
1548980915 0
1548980916 0
1548980917 0
1548980918 0
1548980919 0
1548980920 0
1548980921 0
1548980922 0
1548980923 0
1548980924 0
1548980925 0
1548980926 0
1548980927 0
1548980928 0
1548980929 0
1548980930 0
1548980931 0
1548980932 0
1548980933 0
1548980934 0
1548980935 0
1548980936 0
1548980937 0
1548980938 0
1548980939 0
1548980940 0
1548980941 0
1548980942 0
1548980943 0
1548980944 0
1548980945 0
1548980946 0
1548980947 0
1548980948 0
1548980949 0
1548980950 0
1548980951 0
1548980952 0
1548980953 0
1548980954 0
1548980955 0
1548980956 0
1548980957 0
1548980958 0
1548980959 0
1548980960 0
1548980961 0
1548980962 0
1548980963 0
1548980964 0
1548980965 0
1548980966 0
1548980967 0
1548980968 0
1548980969 0
1548980970 0
1548980971 0
1548980972 0
1548980973 0
1548980974 0
1548980975 0
1548980976 0
1548980977 0
1548980978 0
1548980979 0
1548980980 0
1548980981 0
1548980982 0
1548980983 0
1548980984 0
1548980985 0
1548980986 0
1548980987 0
1548980988 0
1548980989 0
1548980990 0
1548980991 0
1548980992 0
1548980993 0
1548980994 0
1548980995 0
1548980996 0
1548980997 0
1548980998 0
1548980999 0
1548981000 0
1548981001 0
1548981002 0
1548981003 0
1548981004 0
1548981005 0
1548981006 0
1548981007 0
1548981008 0
1548981009 0
1548981010 0
1548981011 0
1548981012 0
1548981013 0
1548981014 0
1548981015 0
1548981016 0
1548981017 0
1548981018 0
1548981019 0
1548981020 0
1548981021 0
1548981022 0
1548981023 0
1548981024 0
1548981025 0
1548981026 0
1548981027 0
1548981028 0
1548981029 0
1548981030 0
1548981031 0
1548981032 0
1548981033 0
1548981034 0
1548981035 0
1548981036 0
1548981037 0
1548981038 0
1548981039 0
1548981040 0
1548981041 0
1548981042 0
1548981043 0
1548981044 0
1548981045 0
1548981046 0
1548981047 0
1548981048 0
1548981049 0
1548981050 0
1548981051 0
1548981052 0
1548981053 0
1548981054 0
1548981055 0
1548981056 0
1548981057 0
1548981058 0
1548981059 0
1548981060 0
1548981061 0
1548981062 0
1548981063 0
1548981064 0
1548981065 0
1548981066 0
1548981067 0
1548981068 0
1548981069 0
1548981070 0
1548981071 0
1548981072 0
1548981073 0
1548981074 0
1548981075 0
1548981076 0
1548981077 0
1548981078 0
1548981079 0
1548981080 0
1548981081 0
1548981082 0
1548981083 0
1548981084 0
1548981085 0
1548981086 0
1548981087 0
1548981088 0
1548981089 0
1548981090 0
1548981091 0
1548981092 0
1548981093 0
1548981094 0
1548981095 0
1548981096 0
1548981097 0
1548981098 0
1548981099 0
1548981100 0
1548981101 0
1548981102 0
1548981103 0
1548981104 0
1548981105 0
1548981106 0
1548981107 0
1548981108 0
1548981109 0
1548981110 0
1548981111 0
1548981112 0
1548981113 0
1548981114 0
1548981115 0
1548981116 0
1548981117 0
1548981118 0
1548981119 0
1548981120 0
1548981121 0
1548981122 0
1548981123 0
1548981124 0
1548981125 0
1548981126 0
1548981127 0
1548981128 0
1548981129 0
1548981130 0
1548981131 0
1548981132 0
1548981133 0
1548981134 0
1548981135 0
1548981136 0
1548981137 0
1548981138 0
1548981139 0
1548981140 0
1548981141 0
1548981142 0
1548981143 0
1548981144 0
1548981145 0
1548981146 0
1548981147 0
1548981148 0
1548981149 0
1548981150 0
1548981151 0
1548981152 0
1548981153 0
1548981154 0
1548981155 0
1548981156 0
1548981157 0
1548981158 0
1548981159 0
1548981160 0
1548981161 0
1548981162 0
1548981163 0
1548981164 0
1548981165 0
1548981166 0
1548981167 0
1548981168 0
1548981169 0
1548981170 0
1548981171 0
1548981172 0
1548981173 0
1548981174 0
1548981175 0
1548981176 0
1548981177 0
1548981178 0
1548981179 0
1548981180 0
1548981181 0
1548981182 0
1548981183 0
1548981184 0
1548981185 0
1548981186 0
1548981187 0
1548981188 0
1548981189 0
1548981190 0
1548981191 0
1548981192 0
1548981193 0
1548981194 0
1548981195 0
1548981196 0
1548981197 0
1548981198 0
1548981199 0
1548981200 0
1548981201 0
1548981202 0
1548981203 0
1548981204 0
1548981205 0
1548981206 0
1548981207 0
1548981208 0
1548981209 0
1548981210 0
1548981211 0
1548981212 0
1548981213 0
1548981214 0
1548981215 0
1548981216 0
1548981217 0
1548981218 0
1548981219 0
1548981220 0
1548981221 0
1548981222 0
1548981223 0
1548981224 0
1548981225 0
1548981226 0
1548981227 0
1548981228 0
1548981229 0
1548981230 0
1548981231 0
1548981232 0
1548981233 0
1548981234 0
1548981235 0
1548981236 0
1548981237 0
1548981238 0
1548981239 0
1548981240 0
1548981241 0
1548981242 0
1548981243 0
1548981244 0
1548981245 0
1548981246 0
1548981247 0
1548981248 0
1548981249 0
1548981250 0
1548981251 0
1548981252 0
1548981253 0
1548981254 0
1548981255 0
1548981256 0
1548981257 0
1548981258 0
1548981259 0
1548981260 0
1548981261 0
1548981262 0
1548981263 0
1548981264 0
1548981265 0
1548981266 0
1548981267 0
1548981268 0
1548981269 0
1548981270 0
1548981271 0
1548981272 0
1548981273 0
1548981274 0
1548981275 0
1548981276 0
1548981277 0
1548981278 0
1548981279 0
1548981280 0
1548981281 0
1548981282 0
1548981283 0
1548981284 0
1548981285 0
1548981286 0
1548981287 0
1548981288 0
1548981289 0
1548981290 0
1548981291 0
1548981292 0
1548981293 0
1548981294 0
1548981295 0
1548981296 0
1548981297 0
1548981298 0
1548981299 0
1548981300 0
1548981301 0
1548981302 0
1548981303 0
1548981304 0
1548981305 0
1548981306 0
1548981307 0
1548981308 0
1548981309 0
1548981310 0
1548981311 0
1548981312 0
1548981313 0
1548981314 0
1548981315 0
1548981316 0
1548981317 0
1548981318 0
1548981319 0
1548981320 0
1548981321 0
1548981322 0
1548981323 0
1548981324 0
1548981325 0
1548981326 0
1548981327 0
1548981328 0
1548981329 0
1548981330 0
1548981331 0
1548981332 0
1548981333 0
1548981334 0
1548981335 0
1548981336 0
1548981337 0
1548981338 0
1548981339 0
1548981340 0
1548981341 0
1548981342 0
1548981343 0
1548981344 0
1548981345 0
1548981346 0
1548981347 0
1548981348 0
1548981349 0
1548981350 0
1548981351 0
1548981352 0
1548981353 0
1548981354 0
1548981355 0
1548981356 0
1548981357 0
1548981358 0
1548981359 0
1548981360 0
1548981361 0
1548981362 0
1548981363 0
1548981364 0
1548981365 0
1548981366 0
1548981367 0
1548981368 0
1548981369 0
1548981370 0
1548981371 0
1548981372 0
1548981373 0
1548981374 0
1548981375 0
1548981376 0
1548981377 0
1548981378 0
1548981379 0
1548981380 0
1548981381 0
1548981382 0
1548981383 0
1548981384 0
1548981385 0
1548981386 0
1548981387 0
1548981388 0
1548981389 0
1548981390 0
1548981391 0
1548981392 0
1548981393 0
1548981394 0
1548981395 0
1548981396 0
1548981397 0
1548981398 0
1548981399 0
1548981400 0
1548981401 0
1548981402 0
1548981403 0
1548981404 0
1548981405 0
1548981406 0
1548981407 0
1548981408 0
1548981409 0
1548981410 0
1548981411 0
1548981412 0
1548981413 0
1548981414 0
1548981415 0
1548981416 0
1548981417 0
1548981418 0
1548981419 0
1548981420 0
1548981421 0
1548981422 0
1548981423 0
1548981424 0
1548981425 0
1548981426 0
1548981427 0
1548981428 0
1548981429 0
1548981430 0
1548981431 0
1548981432 0
1548981433 0
1548981434 0
1548981435 0
1548981436 0
1548981437 0
1548981438 0
1548981439 0
1548981440 0
1548981441 0
1548981442 0
1548981443 0
1548981444 0
1548981445 0
1548981446 0
1548981447 0
1548981448 0
1548981449 0
1548981450 0
1548981451 0
1548981452 0
1548981453 0
1548981454 0
1548981455 0
1548981456 0
1548981457 0
1548981458 0
1548981459 0
1548981460 0
1548981461 0
1548981462 0
1548981463 0
1548981464 0
1548981465 0
1548981466 0
1548981467 0
1548981468 0
1548981469 0
1548981470 0
1548981471 0
1548981472 0
1548981473 0
1548981474 0
1548981475 0
1548981476 0
1548981477 0
1548981478 0
1548981479 0
1548981480 0
1548981481 0
1548981482 0
1548981483 0
1548981484 0
1548981485 0
1548981486 0
1548981487 0
1548981488 0
1548981489 0
1548981490 0
1548981491 0
1548981492 0
1548981493 0
1548981494 0
1548981495 0
1548981496 0
1548981497 0
1548981498 0
1548981499 0
1548981500 0
1548981501 0
1548981502 0
1548981503 0
1548981504 0
1548981505 0
1548981506 0
1548981507 0
1548981508 0
1548981509 0
1548981510 0
1548981511 0
1548981512 0
1548981513 0
1548981514 0
1548981515 0
1548981516 0
1548981517 0
1548981518 0
1548981519 0
1548981520 0
1548981521 0
1548981522 0
1548981523 0
1548981524 0
1548981525 0
1548981526 0
1548981527 0
1548981528 0
1548981529 0
1548981530 0
1548981531 0
1548981532 0
1548981533 0
1548981534 0
1548981535 0
1548981536 0
1548981537 0
1548981538 0
1548981539 0
1548981540 0
1548981541 0
1548981542 0
1548981543 0
1548981544 0
1548981545 0
1548981546 0
1548981547 0
1548981548 0
1548981549 0
1548981550 0
1548981551 0
1548981552 0
1548981553 0
1548981554 0
1548981555 0
1548981556 0
1548981557 0
1548981558 0
1548981559 0
1548981560 0
1548981561 0
1548981562 0
1548981563 0
1548981564 0
1548981565 0
1548981566 0
1548981567 0
1548981568 0
1548981569 0
1548981570 0
1548981571 0
1548981572 0
1548981573 0
1548981574 0
1548981575 0
1548981576 0
1548981577 0
1548981578 0
1548981579 0
1548981580 0
1548981581 0
1548981582 0
1548981583 0
1548981584 0
1548981585 0
1548981586 0
1548981587 0
1548981588 0
1548981589 0
1548981590 0
1548981591 0
1548981592 0
1548981593 0
1548981594 0
1548981595 0
1548981596 0
1548981597 0
1548981598 0
1548981599 0
1548981600 0
1548981601 0
1548981602 0
1548981603 0
1548981604 0
1548981605 0
1548981606 0
1548981607 0
1548981608 0
1548981609 0
1548981610 0
1548981611 0
1548981612 0
1548981613 0
1548981614 0
1548981615 0
1548981616 0
1548981617 0
1548981618 0
1548981619 0
1548981620 0
1548981621 0
1548981622 0
1548981623 0
1548981624 0
1548981625 0
1548981626 0
1548981627 0
1548981628 0
1548981629 0
1548981630 0
1548981631 0
1548981632 0
1548981633 0
1548981634 0
1548981635 0
1548981636 0
1548981637 0
1548981638 0
1548981639 0
1548981640 0
1548981641 0
1548981642 0
1548981643 0
1548981644 0
1548981645 0
1548981646 0
1548981647 0
1548981648 0
1548981649 0
1548981650 0
1548981651 0
1548981652 0
1548981653 0
1548981654 0
1548981655 0
1548981656 0
1548981657 0
1548981658 0
1548981659 0
1548981660 0
1548981661 0
1548981662 0
1548981663 0
1548981664 0
1548981665 0
1548981666 0
1548981667 0
1548981668 0
1548981669 0
1548981670 0
1548981671 0
1548981672 0
1548981673 0
1548981674 0
1548981675 0
1548981676 0
1548981677 0
1548981678 0
1548981679 0
1548981680 0
1548981681 0
1548981682 0
1548981683 0
1548981684 0
1548981685 0
1548981686 0
1548981687 0
1548981688 0
1548981689 0
1548981690 0
1548981691 0
1548981692 0
1548981693 0
1548981694 0
1548981695 0
1548981696 0
1548981697 0
1548981698 0
1548981699 0
1548981700 0
1548981701 0
1548981702 0
1548981703 0
1548981704 0
1548981705 0
1548981706 0
1548981707 0
1548981708 0
1548981709 0
1548981710 0
1548981711 0
1548981712 0
1548981713 0
1548981714 0
1548981715 0
1548981716 0
1548981717 0
1548981718 0
1548981719 0
1548981720 0
1548981721 0
1548981722 0
1548981723 0
1548981724 0
1548981725 0
1548981726 0
1548981727 0
1548981728 0
1548981729 0
1548981730 0
1548981731 0
1548981732 0
1548981733 0
1548981734 0
1548981735 0
1548981736 0
1548981737 0
1548981738 0
1548981739 0
1548981740 0
1548981741 0
1548981742 0
1548981743 0
1548981744 0
1548981745 0
1548981746 0
1548981747 0
1548981748 0
1548981749 0
1548981750 0
1548981751 0
1548981752 0
1548981753 0
1548981754 0
1548981755 0
1548981756 0
1548981757 0
1548981758 0
1548981759 0
1548981760 0
1548981761 0
1548981762 0
1548981763 0
1548981764 0
1548981765 0
1548981766 0
1548981767 0
1548981768 0
1548981769 0
1548981770 0
1548981771 0
1548981772 0
1548981773 0
1548981774 0
1548981775 0
1548981776 0
1548981777 0
1548981778 0
1548981779 0
1548981780 0
1548981781 0
1548981782 0
1548981783 0
1548981784 0
1548981785 0
1548981786 0
1548981787 0
1548981788 0
1548981789 0
1548981790 0
1548981791 0
1548981792 0
1548981793 0
1548981794 0
1548981795 0
1548981796 0
1548981797 0
1548981798 0
1548981799 0
1548981800 0
1548981801 0
1548981802 0
1548981803 0
1548981804 0
1548981805 0
1548981806 0
1548981807 0
1548981808 0
1548981809 0
1548981810 0
1548981811 0
1548981812 0
1548981813 0
1548981814 0
1548981815 0
1548981816 0
1548981817 0
1548981818 0
1548981819 0
1548981820 0
1548981821 0
1548981822 0
1548981823 0
1548981824 0
1548981825 0
1548981826 0
1548981827 0
1548981828 0
1548981829 0
1548981830 0
1548981831 0
1548981832 0
1548981833 0
1548981834 0
1548981835 0
1548981836 0
1548981837 0
1548981838 0
1548981839 0
1548981840 0
1548981841 0
1548981842 0
1548981843 0
1548981844 0
1548981845 0
1548981846 0
1548981847 0
1548981848 0
1548981849 0
1548981850 0
1548981851 0
1548981852 0
1548981853 0
1548981854 0
1548981855 0
1548981856 0
1548981857 0
1548981858 0
1548981859 0
1548981860 0
1548981861 0
1548981862 0
1548981863 0
1548981864 0
1548981865 0
1548981866 0
1548981867 0
1548981868 0
1548981869 0
1548981870 0
1548981871 0
1548981872 0
1548981873 0
1548981874 0
1548981875 0
1548981876 0
1548981877 0
1548981878 0
1548981879 0
1548981880 0
1548981881 0
1548981882 0
1548981883 0
1548981884 0
1548981885 0
1548981886 0
1548981887 0
1548981888 0
1548981889 0
1548981890 0
1548981891 0
1548981892 0
1548981893 0
1548981894 0
1548981895 0
1548981896 0
1548981897 0
1548981898 0
1548981899 0
1548981900 0
1548981901 0
1548981902 0
1548981903 0
1548981904 0
1548981905 0
1548981906 0
1548981907 0
1548981908 0
1548981909 0
1548981910 0
1548981911 0
1548981912 0
1548981913 0
1548981914 0
1548981915 0
1548981916 0
1548981917 0
1548981918 0
1548981919 0
1548981920 0
1548981921 0
1548981922 0
1548981923 0
1548981924 0
1548981925 0
1548981926 0
1548981927 0
1548981928 0
1548981929 0
1548981930 0
1548981931 0
1548981932 0
1548981933 0
1548981934 0
1548981935 0
1548981936 0
1548981937 0
1548981938 0
1548981939 0
1548981940 0
1548981941 0
1548981942 0
1548981943 0
1548981944 0
1548981945 0
1548981946 0
1548981947 0
1548981948 0
1548981949 0
1548981950 0
1548981951 0
1548981952 0
1548981953 0
1548981954 0
1548981955 0
1548981956 0
1548981957 0
1548981958 0
1548981959 0
1548981960 0
1548981961 0
1548981962 0
1548981963 0
1548981964 0
1548981965 0
1548981966 0
1548981967 0
1548981968 0
1548981969 0
1548981970 0
1548981971 0
1548981972 0
1548981973 0
1548981974 0
1548981975 0
1548981976 0
1548981977 0
1548981978 0
1548981979 0
1548981980 0
1548981981 0
1548981982 0
1548981983 0
1548981984 0
1548981985 0
1548981986 0
1548981987 0
1548981988 0
1548981989 0
1548981990 0
1548981991 0
1548981992 0
1548981993 0
1548981994 0
1548981995 0
1548981996 0
1548981997 0
1548981998 0
1548981999 0
1548982000 0
1548982001 0
1548982002 0
1548982003 0
1548982004 0
1548982005 0
1548982006 0
1548982007 0
1548982008 0
1548982009 0
1548982010 0
1548982011 0
1548982012 0
1548982013 0
1548982014 0
1548982015 0
1548982016 0
1548982017 0
1548982018 0
1548982019 0
1548982020 0
1548982021 0
1548982022 0
1548982023 0
1548982024 0
1548982025 0
1548982026 0
1548982027 0
1548982028 0
1548982029 0
1548982030 0
1548982031 0
1548982032 0
1548982033 0
1548982034 0
1548982035 0
1548982036 0
1548982037 0
1548982038 0
1548982039 0
1548982040 0
1548982041 0
1548982042 0
1548982043 0
1548982044 0
1548982045 0
1548982046 0
1548982047 0
1548982048 0
1548982049 0
1548982050 0
1548982051 0
1548982052 0
1548982053 0
1548982054 0
1548982055 0
1548982056 0
1548982057 0
1548982058 0
1548982059 0
1548982060 0
1548982061 0
1548982062 0
1548982063 0
1548982064 0
1548982065 0
1548982066 0
1548982067 0
1548982068 0
1548982069 0
1548982070 0
1548982071 0
1548982072 0
1548982073 0
1548982074 0
1548982075 0
1548982076 0
1548982077 0
1548982078 0
1548982079 0
1548982080 0
1548982081 0
1548982082 0
1548982083 0
1548982084 0
1548982085 0
1548982086 0
1548982087 0
1548982088 0
1548982089 0
1548982090 0
1548982091 0
1548982092 0
1548982093 0
1548982094 0
1548982095 0
1548982096 0
1548982097 0
1548982098 0
1548982099 0
1548982100 0
1548982101 0
1548982102 0
1548982103 0
1548982104 0
1548982105 0
1548982106 0
1548982107 0
1548982108 0
1548982109 0
1548982110 0
1548982111 0
1548982112 0
1548982113 0
1548982114 0
1548982115 0
1548982116 0
1548982117 0
1548982118 0
1548982119 0
1548982120 0
1548982121 0
1548982122 0
1548982123 0
1548982124 0
1548982125 0
1548982126 0
1548982127 0
1548982128 0
1548982129 0
1548982130 0
1548982131 0
1548982132 0
1548982133 0
1548982134 0
1548982135 0
1548982136 0
1548982137 0
1548982138 0
1548982139 0
1548982140 0
1548982141 0
1548982142 0
1548982143 0
1548982144 0
1548982145 0
1548982146 0
1548982147 0
1548982148 0
1548982149 0
1548982150 0
1548982151 0
1548982152 0
1548982153 0
1548982154 0
1548982155 0
1548982156 0
1548982157 0
1548982158 0
1548982159 0
1548982160 0
1548982161 0
1548982162 0
1548982163 0
1548982164 0
1548982165 0
1548982166 0
1548982167 0
1548982168 0
1548982169 0
1548982170 0
1548982171 0
1548982172 0
1548982173 0
1548982174 0
1548982175 0
1548982176 0
1548982177 0
1548982178 0
1548982179 0
1548982180 0
1548982181 0
1548982182 0
1548982183 0
1548982184 0
1548982185 0
1548982186 0
1548982187 0
1548982188 0
1548982189 0
1548982190 0
1548982191 0
1548982192 0
1548982193 0
1548982194 0
1548982195 0
1548982196 0
1548982197 0
1548982198 0
1548982199 0
1548982200 0
1548982201 0
1548982202 0
1548982203 0
1548982204 0
1548982205 0
1548982206 0
1548982207 0
1548982208 0
1548982209 0
1548982210 0
1548982211 0
1548982212 0
1548982213 0
1548982214 0
1548982215 0
1548982216 0
1548982217 0
1548982218 0
1548982219 0
1548982220 0
1548982221 0
1548982222 0
1548982223 0
1548982224 0
1548982225 0
1548982226 0
1548982227 0
1548982228 0
1548982229 0
1548982230 0
1548982231 0
1548982232 0
1548982233 0
1548982234 0
1548982235 0
1548982236 0
1548982237 0
1548982238 0
1548982239 0
1548982240 0
1548982241 0
1548982242 0
1548982243 0
1548982244 0
1548982245 0
1548982246 0
1548982247 0
1548982248 0
1548982249 0
1548982250 0
1548982251 0
1548982252 0
1548982253 0
1548982254 0
1548982255 0
1548982256 0
1548982257 0
1548982258 0
1548982259 0
1548982260 0
1548982261 0
1548982262 0
1548982263 0
1548982264 0
1548982265 0
1548982266 0
1548982267 0
1548982268 0
1548982269 0
1548982270 0
1548982271 0
1548982272 0
1548982273 0
1548982274 0
1548982275 0
1548982276 0
1548982277 0
1548982278 0
1548982279 0
1548982280 0
1548982281 0
1548982282 0
1548982283 0
1548982284 0
1548982285 0
1548982286 0
1548982287 0
1548982288 0
1548982289 0
1548982290 0
1548982291 0
1548982292 0
1548982293 0
1548982294 0
1548982295 0
1548982296 0
1548982297 0
1548982298 0
1548982299 0
1548982300 0
1548982301 0
1548982302 0
1548982303 0
1548982304 0
1548982305 0
1548982306 0
1548982307 0
1548982308 0
1548982309 0
1548982310 0
1548982311 0
1548982312 0
1548982313 0
1548982314 0
1548982315 0
1548982316 0
1548982317 0
1548982318 0
1548982319 0
1548982320 0
1548982321 0
1548982322 0
1548982323 0
1548982324 0
1548982325 0
1548982326 0
1548982327 0
1548982328 0
1548982329 0
1548982330 0
1548982331 0
1548982332 0
1548982333 0
1548982334 0
1548982335 0
1548982336 0
1548982337 0
1548982338 0
1548982339 0
1548982340 0
1548982341 0
1548982342 0
1548982343 0
1548982344 0
1548982345 0
1548982346 0
1548982347 0
1548982348 0
1548982349 0
1548982350 0
1548982351 0
1548982352 0
1548982353 0
1548982354 0
1548982355 0
1548982356 0
1548982357 0
1548982358 0
1548982359 0
1548982360 0
1548982361 0
1548982362 0
1548982363 0
1548982364 0
1548982365 0
1548982366 0
1548982367 0
1548982368 0
1548982369 0
1548982370 0
1548982371 0
1548982372 0
1548982373 0
1548982374 0
1548982375 0
1548982376 0
1548982377 0
1548982378 0
1548982379 0
1548982380 0
1548982381 0
1548982382 0
1548982383 0
1548982384 0
1548982385 0
1548982386 0
1548982387 0
1548982388 0
1548982389 0
1548982390 0
1548982391 0
1548982392 0
1548982393 0
1548982394 0
1548982395 0
1548982396 0
1548982397 0
1548982398 0
1548982399 0
1548982400 0
1548982401 0
1548982402 0
1548982403 0
1548982404 0
1548982405 0
1548982406 0
1548982407 0
1548982408 0
1548982409 0
1548982410 0
1548982411 0
1548982412 0
1548982413 0
1548982414 0
1548982415 0
1548982416 0
1548982417 0
1548982418 0
1548982419 0
1548982420 0
1548982421 0
1548982422 0
1548982423 0
1548982424 0
1548982425 0
1548982426 0
1548982427 0
1548982428 0
1548982429 0
1548982430 0
1548982431 0
1548982432 0
1548982433 0
1548982434 0
1548982435 0
1548982436 0
1548982437 0
1548982438 0
1548982439 0
1548982440 0
1548982441 0
1548982442 0
1548982443 0
1548982444 0
1548982445 0
1548982446 0
1548982447 0
1548982448 0
1548982449 0
1548982450 0
1548982451 0
1548982452 0
1548982453 0
1548982454 0
1548982455 0
1548982456 0
1548982457 0
1548982458 0
1548982459 0
1548982460 0
1548982461 0
1548982462 0
1548982463 0
1548982464 0
1548982465 0
1548982466 0
1548982467 0
1548982468 0
1548982469 0
1548982470 0
1548982471 0
1548982472 0
1548982473 0
1548982474 0
1548982475 0
1548982476 0
1548982477 0
1548982478 0
1548982479 0
1548982480 0
1548982481 0
1548982482 0
1548982483 0
1548982484 0
1548982485 0
1548982486 0
1548982487 0
1548982488 0
1548982489 0
1548982490 0
1548982491 0
1548982492 0
1548982493 0
1548982494 0
1548982495 0
1548982496 0
1548982497 0
1548982498 0
1548982499 0
1548982500 0
1548982501 0
1548982502 0
1548982503 0
1548982504 0
1548982505 0
1548982506 0
1548982507 0
1548982508 0
1548982509 0
1548982510 0
1548982511 0
1548982512 0
1548982513 0
1548982514 0
1548982515 0
1548982516 0
1548982517 0
1548982518 0
1548982519 0
1548982520 0
1548982521 0
1548982522 0
1548982523 0
1548982524 0
1548982525 0
1548982526 0
1548982527 0
1548982528 0
1548982529 0
1548982530 0
1548982531 0
1548982532 0
1548982533 0
1548982534 0
1548982535 0
1548982536 0
1548982537 0
1548982538 0
1548982539 0
1548982540 0
1548982541 0
1548982542 0
1548982543 0
1548982544 0
1548982545 0
1548982546 0
1548982547 0
1548982548 0
1548982549 0
1548982550 0
1548982551 0
1548982552 0
1548982553 0
1548982554 0
1548982555 0
1548982556 0
1548982557 0
1548982558 0
1548982559 0
1548982560 0
1548982561 0
1548982562 0
1548982563 0
1548982564 0
1548982565 0
1548982566 0
1548982567 0
1548982568 0
1548982569 0
1548982570 0
1548982571 0
1548982572 0
1548982573 0
1548982574 0
1548982575 0
1548982576 0
1548982577 0
1548982578 0
1548982579 0
1548982580 0
1548982581 0
1548982582 0
1548982583 0
1548982584 0
1548982585 0
1548982586 0
1548982587 0
1548982588 0
1548982589 0
1548982590 0
1548982591 0
1548982592 0
1548982593 0
1548982594 0
1548982595 0
1548982596 0
1548982597 0
1548982598 0
1548982599 0
1548982600 0
1548982601 0
1548982602 0
1548982603 0
1548982604 0
1548982605 0
1548982606 0
1548982607 0
1548982608 0
1548982609 0
1548982610 0
1548982611 0
1548982612 0
1548982613 0
1548982614 0
1548982615 0
1548982616 0
1548982617 0
1548982618 0
1548982619 0
1548982620 0
1548982621 0
1548982622 0
1548982623 0
1548982624 0
1548982625 0
1548982626 0
1548982627 0
1548982628 0
1548982629 0
1548982630 0
1548982631 0
1548982632 0
1548982633 0
1548982634 0
1548982635 0
1548982636 0
1548982637 0
1548982638 0
1548982639 0
1548982640 0
1548982641 0
1548982642 0
1548982643 0
1548982644 0
1548982645 0
1548982646 0
1548982647 0
1548982648 0
1548982649 0
1548982650 0
1548982651 0
1548982652 0
1548982653 0
1548982654 0
1548982655 0
1548982656 0
1548982657 0
1548982658 0
1548982659 0
1548982660 0
1548982661 0
1548982662 0
1548982663 0
1548982664 0
1548982665 0
1548982666 0
1548982667 0
1548982668 0
1548982669 0
1548982670 0
1548982671 0
1548982672 0
1548982673 0
1548982674 0
1548982675 0
1548982676 0
1548982677 0
1548982678 0
1548982679 0
1548982680 0
1548982681 0
1548982682 0
1548982683 0
1548982684 0
1548982685 0
1548982686 0
1548982687 0
1548982688 0
1548982689 0
1548982690 0
1548982691 0
1548982692 0
1548982693 0
1548982694 0
1548982695 0
1548982696 0
1548982697 0
1548982698 0
1548982699 0
1548982700 0
1548982701 0
1548982702 0
1548982703 0
1548982704 0
1548982705 0
1548982706 0
1548982707 0
1548982708 0
1548982709 0
1548982710 0
1548982711 0
1548982712 0
1548982713 0
1548982714 0
1548982715 0
1548982716 0
1548982717 0
1548982718 0
1548982719 0
1548982720 0
1548982721 0
1548982722 0
1548982723 0
1548982724 0
1548982725 0
1548982726 0
1548982727 0
1548982728 0
1548982729 0
1548982730 0
1548982731 0
1548982732 0
1548982733 0
1548982734 0
1548982735 0
1548982736 0
1548982737 0
1548982738 0
1548982739 0
1548982740 0
1548982741 0
1548982742 0
1548982743 0
1548982744 0
1548982745 0
1548982746 0
1548982747 0
1548982748 0
1548982749 0
1548982750 0
1548982751 0
1548982752 0
1548982753 0
1548982754 0
1548982755 0
1548982756 0
1548982757 0
1548982758 0
1548982759 0
1548982760 0
1548982761 0
1548982762 0
1548982763 0
1548982764 0
1548982765 0
1548982766 0
1548982767 0
1548982768 0
1548982769 0
1548982770 0
1548982771 0
1548982772 0
1548982773 0
1548982774 0
1548982775 0
1548982776 0
1548982777 0
1548982778 0
1548982779 0
1548982780 0
1548982781 0
1548982782 0
1548982783 0
1548982784 0
1548982785 0
1548982786 0
1548982787 0
1548982788 0
1548982789 0
1548982790 0
1548982791 0
1548982792 0
1548982793 0
1548982794 0
1548982795 0
1548982796 0
1548982797 0
1548982798 0
1548982799 0
1548982800 0
1548982801 0
1548982802 0
1548982803 0
1548982804 0
1548982805 0
1548982806 0
1548982807 0
1548982808 0
1548982809 0
1548982810 0
1548982811 0
1548982812 0
1548982813 0
1548982814 0
1548982815 0
1548982816 0
1548982817 0
1548982818 0
1548982819 0
1548982820 0
1548982821 0
1548982822 0
1548982823 0
1548982824 0
1548982825 0
1548982826 0
1548982827 0
1548982828 0
1548982829 0
1548982830 0
1548982831 0
1548982832 0
1548982833 0
1548982834 0
1548982835 0
1548982836 0
1548982837 0
1548982838 0
1548982839 0
1548982840 0
1548982841 0
1548982842 0
1548982843 0
1548982844 0
1548982845 0
1548982846 0
1548982847 0
1548982848 0
1548982849 0
1548982850 0
1548982851 0
1548982852 0
1548982853 0
1548982854 0
1548982855 0
1548982856 0
1548982857 0
1548982858 0
1548982859 0
1548982860 0
1548982861 0
1548982862 0
1548982863 0
1548982864 0
1548982865 0
1548982866 0
1548982867 0
1548982868 0
1548982869 0
1548982870 0
1548982871 0
1548982872 0
1548982873 0
1548982874 0
1548982875 0
1548982876 0
1548982877 0
1548982878 0
1548982879 0
1548982880 0
1548982881 0
1548982882 0
1548982883 0
1548982884 0
1548982885 0
1548982886 0
1548982887 0
1548982888 0
1548982889 0
1548982890 0
1548982891 0
1548982892 0
1548982893 0
1548982894 0
1548982895 0
1548982896 0
1548982897 0
1548982898 0
1548982899 0
1548982900 0
1548982901 0
1548982902 0
1548982903 0
1548982904 0
1548982905 0
1548982906 0
1548982907 0
1548982908 0
1548982909 0
1548982910 0
1548982911 0
1548982912 0
1548982913 0
1548982914 0
1548982915 0
1548982916 0
1548982917 0
1548982918 0
1548982919 0
1548982920 0
1548982921 0
1548982922 0
1548982923 0
1548982924 0
1548982925 0
1548982926 0
1548982927 0
1548982928 0
1548982929 0
1548982930 0
1548982931 0
1548982932 0
1548982933 0
1548982934 0
1548982935 0
1548982936 0
1548982937 0
1548982938 0
1548982939 0
1548982940 0
1548982941 0
1548982942 0
1548982943 0
1548982944 0
1548982945 0
1548982946 0
1548982947 0
1548982948 0
1548982949 0
1548982950 0
1548982951 0
1548982952 0
1548982953 0
1548982954 0
1548982955 0
1548982956 0
1548982957 0
1548982958 0
1548982959 0
1548982960 0
1548982961 0
1548982962 0
1548982963 0
1548982964 0
1548982965 0
1548982966 0
1548982967 0
1548982968 0
1548982969 0
1548982970 0
1548982971 0
1548982972 0
1548982973 0
1548982974 0
1548982975 0
1548982976 0
1548982977 0
1548982978 0
1548982979 0
1548982980 0
1548982981 0
1548982982 0
1548982983 0
1548982984 0
1548982985 0
1548982986 0
1548982987 0
1548982988 0
1548982989 0
1548982990 0
1548982991 0
1548982992 0
1548982993 0
1548982994 0
1548982995 0
1548982996 0
1548982997 0
1548982998 0
1548982999 0
1548983000 0
1548983001 0
1548983002 0
1548983003 0
1548983004 0
1548983005 0
1548983006 0
1548983007 0
1548983008 0
1548983009 0
1548983010 0
1548983011 0
1548983012 0
1548983013 0
1548983014 0
1548983015 0
1548983016 0
1548983017 0
1548983018 0
1548983019 0
1548983020 0
1548983021 0
1548983022 0
1548983023 0
1548983024 0
1548983025 0
1548983026 0
1548983027 0
1548983028 0
1548983029 0
1548983030 0
1548983031 0
1548983032 0
1548983033 0
1548983034 0
1548983035 0
1548983036 0
1548983037 0
1548983038 0
1548983039 0
1548983040 0
1548983041 0
1548983042 0
1548983043 0
1548983044 0
1548983045 0
1548983046 0
1548983047 0
1548983048 0
1548983049 0
1548983050 0
1548983051 0
1548983052 0
1548983053 0
1548983054 0
1548983055 0
1548983056 0
1548983057 0
1548983058 0
1548983059 0
1548983060 0
1548983061 0
1548983062 0
1548983063 0
1548983064 0
1548983065 0
1548983066 0
1548983067 0
1548983068 0
1548983069 0
1548983070 0
1548983071 0
1548983072 0
1548983073 0
1548983074 0
1548983075 0
1548983076 0
1548983077 0
1548983078 0
1548983079 0
1548983080 0
1548983081 0
1548983082 0
1548983083 0
1548983084 0
1548983085 0
1548983086 0
1548983087 0
1548983088 0
1548983089 0
1548983090 0
1548983091 0
1548983092 0
1548983093 0
1548983094 0
1548983095 0
1548983096 0
1548983097 0
1548983098 0
1548983099 0
1548983100 0
1548983101 0
1548983102 0
1548983103 0
1548983104 0
1548983105 0
1548983106 0
1548983107 0
1548983108 0
1548983109 0
1548983110 0
1548983111 0
1548983112 0
1548983113 0
1548983114 0
1548983115 0
1548983116 0
1548983117 0
1548983118 0
1548983119 0
1548983120 0
1548983121 0
1548983122 0
1548983123 0
1548983124 0
1548983125 0
1548983126 0
1548983127 0
1548983128 0
1548983129 0
1548983130 0
1548983131 0
1548983132 0
1548983133 0
1548983134 0
1548983135 0
1548983136 0
1548983137 0
1548983138 0
1548983139 0
1548983140 0
1548983141 0
1548983142 0
1548983143 0
1548983144 0
1548983145 0
1548983146 0
1548983147 0
1548983148 0
1548983149 0
1548983150 0
1548983151 0
1548983152 0
1548983153 0
1548983154 0
1548983155 0
1548983156 0
1548983157 0
1548983158 0
1548983159 0
1548983160 0
1548983161 0
1548983162 0
1548983163 0
1548983164 0
1548983165 0
1548983166 0
1548983167 0
1548983168 0
1548983169 0
1548983170 0
1548983171 0
1548983172 0
1548983173 0
1548983174 0
1548983175 0
1548983176 0
1548983177 0
1548983178 0
1548983179 0
1548983180 0
1548983181 0
1548983182 0
1548983183 0
1548983184 0
1548983185 0
1548983186 0
1548983187 0
1548983188 0
1548983189 0
1548983190 0
1548983191 0
1548983192 0
1548983193 0
1548983194 0
1548983195 0
1548983196 0
1548983197 0
1548983198 0
1548983199 0
1548983200 0
1548983201 0
1548983202 0
1548983203 0
1548983204 0
1548983205 0
1548983206 0
1548983207 0
1548983208 0
1548983209 0
1548983210 0
1548983211 0
1548983212 0
1548983213 0
1548983214 0
1548983215 0
1548983216 0
1548983217 0
1548983218 0
1548983219 0
1548983220 0
1548983221 0
1548983222 0
1548983223 0
1548983224 0
1548983225 0
1548983226 0
1548983227 0
1548983228 0
1548983229 0
1548983230 0
1548983231 0
1548983232 0
1548983233 0
1548983234 0
1548983235 0
1548983236 0
1548983237 0
1548983238 0
1548983239 0
1548983240 0
1548983241 0
1548983242 0
1548983243 0
1548983244 0
1548983245 0
1548983246 0
1548983247 0
1548983248 0
1548983249 0
1548983250 0
1548983251 0
1548983252 0
1548983253 0
1548983254 0
1548983255 0
1548983256 0
1548983257 0
1548983258 0
1548983259 0
1548983260 0
1548983261 0
1548983262 0
1548983263 0
1548983264 0
1548983265 0
1548983266 0
1548983267 0
1548983268 0
1548983269 0
1548983270 0
1548983271 0
1548983272 0
1548983273 0
1548983274 0
1548983275 0
1548983276 0
1548983277 0
1548983278 0
1548983279 0
1548983280 0
1548983281 0
1548983282 0
1548983283 0
1548983284 0
1548983285 0
1548983286 0
1548983287 0
1548983288 0
1548983289 0
1548983290 0
1548983291 0
1548983292 0
1548983293 0
1548983294 0
1548983295 0
1548983296 0
1548983297 0
1548983298 0
1548983299 0
1548983300 0
1548983301 0
1548983302 0
1548983303 0
1548983304 0
1548983305 0
1548983306 0
1548983307 0
1548983308 0
1548983309 0
1548983310 0
1548983311 0
1548983312 0
1548983313 0
1548983314 0
1548983315 0
1548983316 0
1548983317 0
1548983318 0
1548983319 0
1548983320 0
1548983321 0
1548983322 0
1548983323 0
1548983324 0
1548983325 0
1548983326 0
1548983327 0
1548983328 0
1548983329 0
1548983330 0
1548983331 0
1548983332 0
1548983333 0
1548983334 0
1548983335 0
1548983336 0
1548983337 0
1548983338 0
1548983339 0
1548983340 0
1548983341 0
1548983342 0
1548983343 0
1548983344 0
1548983345 0
1548983346 0
1548983347 0
1548983348 0
1548983349 0
1548983350 0
1548983351 0
1548983352 0
1548983353 0
1548983354 0
1548983355 0
1548983356 0
1548983357 0
1548983358 0
1548983359 0
1548983360 0
1548983361 0
1548983362 0
1548983363 0
1548983364 0
1548983365 0
1548983366 0
1548983367 0
1548983368 0
1548983369 0
1548983370 0
1548983371 0
1548983372 0
1548983373 0
1548983374 0
1548983375 0
1548983376 0
1548983377 0
1548983378 0
1548983379 0
1548983380 0
1548983381 0
1548983382 0
1548983383 0
1548983384 0
1548983385 0
1548983386 0
1548983387 0
1548983388 0
1548983389 0
1548983390 0
1548983391 0
1548983392 0
1548983393 0
1548983394 0
1548983395 0
1548983396 0
1548983397 0
1548983398 0
1548983399 0
1548983400 0
1548983401 0
1548983402 0
1548983403 0
1548983404 0
1548983405 0
1548983406 0
1548983407 0
1548983408 0
1548983409 0
1548983410 0
1548983411 0
1548983412 0
1548983413 0
1548983414 0
1548983415 0
1548983416 0
1548983417 0
1548983418 0
1548983419 0
1548983420 0
1548983421 0
1548983422 0
1548983423 0
1548983424 0
1548983425 0
1548983426 0
1548983427 0
1548983428 0
1548983429 0
1548983430 0
1548983431 0
1548983432 0
1548983433 0
1548983434 0
1548983435 0
1548983436 0
1548983437 0
1548983438 0
1548983439 0
1548983440 0
1548983441 0
1548983442 0
1548983443 0
1548983444 0
1548983445 0
1548983446 0
1548983447 0
1548983448 0
1548983449 0
1548983450 0
1548983451 0
1548983452 0
1548983453 0
1548983454 0
1548983455 0
1548983456 0
1548983457 0
1548983458 0
1548983459 0
1548983460 0
1548983461 0
1548983462 0
1548983463 0
1548983464 0
1548983465 0
1548983466 0
1548983467 0
1548983468 0
1548983469 0
1548983470 0
1548983471 0
1548983472 0
1548983473 0
1548983474 0
1548983475 0
1548983476 0
1548983477 0
1548983478 0
1548983479 0
1548983480 0
1548983481 0
1548983482 0
1548983483 0
1548983484 0
1548983485 0
1548983486 0
1548983487 0
1548983488 0
1548983489 0
1548983490 0
1548983491 0
1548983492 0
1548983493 0
1548983494 0
1548983495 0
1548983496 0
1548983497 0
1548983498 0
1548983499 0
1548983500 0
1548983501 0
1548983502 0
1548983503 0
1548983504 0
1548983505 0
1548983506 0
1548983507 0
1548983508 0
1548983509 0
1548983510 0
1548983511 0
1548983512 0
1548983513 0
1548983514 0
1548983515 0
1548983516 0
1548983517 0
1548983518 0
1548983519 0
1548983520 0
1548983521 0
1548983522 0
1548983523 0
1548983524 0
1548983525 0
1548983526 0
1548983527 0
1548983528 0
1548983529 0
1548983530 0
1548983531 0
1548983532 0
1548983533 0
1548983534 0
1548983535 0
1548983536 0
1548983537 0
1548983538 0
1548983539 0
1548983540 0
1548983541 0
1548983542 0
1548983543 0
1548983544 0
1548983545 0
1548983546 0
1548983547 0
1548983548 0
1548983549 0
1548983550 0
1548983551 0
1548983552 0
1548983553 0
1548983554 0
1548983555 0
1548983556 0
1548983557 0
1548983558 0
1548983559 0
1548983560 0
1548983561 0
1548983562 0
1548983563 0
1548983564 0
1548983565 0
1548983566 0
1548983567 0
1548983568 0
1548983569 0
1548983570 0
1548983571 0
1548983572 0
1548983573 0
1548983574 0
1548983575 0
1548983576 0
1548983577 0
1548983578 0
1548983579 0
1548983580 0
1548983581 0
1548983582 0
1548983583 0
1548983584 0
1548983585 0
1548983586 0
1548983587 0
1548983588 0
1548983589 0
1548983590 0
1548983591 0
1548983592 0
1548983593 0
1548983594 0
1548983595 0
1548983596 0
1548983597 0
1548983598 0
1548983599 0
1548983600 0
1548983601 0
1548983602 0
1548983603 0
1548983604 0
1548983605 0
1548983606 0
1548983607 0
1548983608 0
1548983609 0
1548983610 0
1548983611 0
1548983612 0
1548983613 0
1548983614 0
1548983615 0
1548983616 0
1548983617 0
1548983618 0
1548983619 0
1548983620 0
1548983621 0
1548983622 0
1548983623 0
1548983624 0
1548983625 0
1548983626 0
1548983627 0
1548983628 0
1548983629 0
1548983630 0
1548983631 0
1548983632 0
1548983633 0
1548983634 0
1548983635 0
1548983636 0
1548983637 0
1548983638 0
1548983639 0
1548983640 0
1548983641 0
1548983642 0
1548983643 0
1548983644 0
1548983645 0
1548983646 0
1548983647 0
1548983648 0
1548983649 0
1548983650 0
1548983651 0
1548983652 0
1548983653 0
1548983654 0
1548983655 0
1548983656 0
1548983657 0
1548983658 0
1548983659 0
1548983660 0
1548983661 0
1548983662 0
1548983663 0
1548983664 0
1548983665 0
1548983666 0
1548983667 0
1548983668 0
1548983669 0
1548983670 0
1548983671 0
1548983672 0
1548983673 0
1548983674 0
1548983675 0
1548983676 0
1548983677 0
1548983678 0
1548983679 0
1548983680 0
1548983681 0
1548983682 0
1548983683 0
1548983684 0
1548983685 0
1548983686 0
1548983687 0
1548983688 0
1548983689 0
1548983690 0
1548983691 0
1548983692 0
1548983693 0
1548983694 0
1548983695 0
1548983696 0
1548983697 0
1548983698 0
1548983699 0
1548983700 0
1548983701 0
1548983702 0
1548983703 0
1548983704 0
1548983705 0
1548983706 0
1548983707 0
1548983708 0
1548983709 0
1548983710 0
1548983711 0
1548983712 0
1548983713 0
1548983714 0
1548983715 0
1548983716 0
1548983717 0
1548983718 0
1548983719 0
1548983720 0
1548983721 0
1548983722 0
1548983723 0
1548983724 0
1548983725 0
1548983726 0
1548983727 0
1548983728 0
1548983729 0
1548983730 0
1548983731 0
1548983732 0
1548983733 0
1548983734 0
1548983735 0
1548983736 0
1548983737 0
1548983738 0
1548983739 0
1548983740 0
1548983741 0
1548983742 0
1548983743 0
1548983744 0
1548983745 0
1548983746 0
1548983747 0
1548983748 0
1548983749 0
1548983750 0
1548983751 0
1548983752 0
1548983753 0
1548983754 0
1548983755 0
1548983756 0
1548983757 0
1548983758 0
1548983759 0
1548983760 0
1548983761 0
1548983762 0
1548983763 0
1548983764 0
1548983765 0
1548983766 0
1548983767 0
1548983768 0
1548983769 0
1548983770 0
1548983771 0
1548983772 0
1548983773 0
1548983774 0
1548983775 0
1548983776 0
1548983777 0
1548983778 0
1548983779 0
1548983780 0
1548983781 0
1548983782 0
1548983783 0
1548983784 0
1548983785 0
1548983786 0
1548983787 0
1548983788 0
1548983789 0
1548983790 0
1548983791 0
1548983792 0
1548983793 0
1548983794 0
1548983795 0
1548983796 0
1548983797 0
1548983798 0
1548983799 0
1548983800 0
1548983801 0
1548983802 0
1548983803 0
1548983804 0
1548983805 0
1548983806 0
1548983807 0
1548983808 0
1548983809 0
1548983810 0
1548983811 0
1548983812 0
1548983813 0
1548983814 0
1548983815 0
1548983816 0
1548983817 0
1548983818 0
1548983819 0
1548983820 0
1548983821 0
1548983822 0
1548983823 0
1548983824 0
1548983825 0
1548983826 0
1548983827 0
1548983828 0
1548983829 0
1548983830 0
1548983831 0
1548983832 0
1548983833 0
1548983834 0
1548983835 0
1548983836 0
1548983837 0
1548983838 0
1548983839 0
1548983840 0
1548983841 0
1548983842 0
1548983843 0
1548983844 0
1548983845 0
1548983846 0
1548983847 0
1548983848 0
1548983849 0
1548983850 0
1548983851 0
1548983852 0
1548983853 0
1548983854 0
1548983855 0
1548983856 0
1548983857 0
1548983858 0
1548983859 0
1548983860 0
1548983861 0
1548983862 0
1548983863 0
1548983864 0
1548983865 0
1548983866 0
1548983867 0
1548983868 0
1548983869 0
1548983870 0
1548983871 0
1548983872 0
1548983873 0
1548983874 0
1548983875 0
1548983876 0
1548983877 0
1548983878 0
1548983879 0
1548983880 0
1548983881 0
1548983882 0
1548983883 0
1548983884 0
1548983885 0
1548983886 0
1548983887 0
1548983888 0
1548983889 0
1548983890 0
1548983891 0
1548983892 0
1548983893 0
1548983894 0
1548983895 0
1548983896 0
1548983897 0
1548983898 0
1548983899 0
1548983900 0
1548983901 0
1548983902 0
1548983903 0
1548983904 0
1548983905 0
1548983906 0
1548983907 0
1548983908 0
1548983909 0
1548983910 0
1548983911 0
1548983912 0
1548983913 0
1548983914 0
1548983915 0
1548983916 0
1548983917 0
1548983918 0
1548983919 0
1548983920 0
1548983921 0
1548983922 0
1548983923 0
1548983924 0
1548983925 0
1548983926 0
1548983927 0
1548983928 0
1548983929 0
1548983930 0
1548983931 0
1548983932 0
1548983933 0
1548983934 0
1548983935 0
1548983936 0
1548983937 0
1548983938 0
1548983939 0
1548983940 0
1548983941 0
1548983942 0
1548983943 0
1548983944 0
1548983945 0
1548983946 0
1548983947 0
1548983948 0
1548983949 0
1548983950 0
1548983951 0
1548983952 0
1548983953 0
1548983954 0
1548983955 0
1548983956 0
1548983957 0
1548983958 0
1548983959 0
1548983960 0
1548983961 0
1548983962 0
1548983963 0
1548983964 0
1548983965 0
1548983966 0
1548983967 0
1548983968 0
1548983969 0
1548983970 0
1548983971 0
1548983972 0
1548983973 0
1548983974 0
1548983975 0
1548983976 0
1548983977 0
1548983978 0
1548983979 0
1548983980 0
1548983981 0
1548983982 0
1548983983 0
1548983984 0
1548983985 0
1548983986 0
1548983987 0
1548983988 0
1548983989 0
1548983990 0
1548983991 0
1548983992 0
1548983993 0
1548983994 0
1548983995 0
1548983996 0
1548983997 0
1548983998 0
1548983999 0
1548984000 0
1548984001 0
1548984002 0
1548984003 0
1548984004 0
1548984005 0
1548984006 0
1548984007 0
1548984008 0
1548984009 0
1548984010 0
1548984011 0
1548984012 0
1548984013 0
1548984014 0
1548984015 0
1548984016 0
1548984017 0
1548984018 0
1548984019 0
1548984020 0
1548984021 0
1548984022 0
1548984023 0
1548984024 0
1548984025 0
1548984026 0
1548984027 0
1548984028 0
1548984029 0
1548984030 0
1548984031 0
1548984032 0
1548984033 0
1548984034 0
1548984035 0
1548984036 0
1548984037 0
1548984038 0
1548984039 0
1548984040 0
1548984041 0
1548984042 0
1548984043 0
1548984044 0
1548984045 0
1548984046 0
1548984047 0
1548984048 0
1548984049 0
1548984050 0
1548984051 0
1548984052 0
1548984053 0
1548984054 0
1548984055 0
1548984056 0
1548984057 0
1548984058 0
1548984059 0
1548984060 0
1548984061 0
1548984062 0
1548984063 0
1548984064 0
1548984065 0
1548984066 0
1548984067 0
1548984068 0
1548984069 0
1548984070 0
1548984071 0
1548984072 0
1548984073 0
1548984074 0
1548984075 0
1548984076 0
1548984077 0
1548984078 0
1548984079 0
1548984080 0
1548984081 0
1548984082 0
1548984083 0
1548984084 0
1548984085 0
1548984086 0
1548984087 0
1548984088 0
1548984089 0
1548984090 0
1548984091 0
1548984092 0
1548984093 0
1548984094 0
1548984095 0
1548984096 0
1548984097 0
1548984098 0
1548984099 0
1548984100 0
1548984101 0
1548984102 0
1548984103 0
1548984104 0
1548984105 0
1548984106 0
1548984107 0
1548984108 0
1548984109 0
1548984110 0
1548984111 0
1548984112 0
1548984113 0
1548984114 0
1548984115 0
1548984116 0
1548984117 0
1548984118 0
1548984119 0
1548984120 0
1548984121 0
1548984122 0
1548984123 0
1548984124 0
1548984125 0
1548984126 0
1548984127 0
1548984128 0
1548984129 0
1548984130 0
1548984131 0
1548984132 0
1548984133 0
1548984134 0
1548984135 0
1548984136 0
1548984137 0
1548984138 0
1548984139 0
1548984140 0
1548984141 0
1548984142 0
1548984143 0
1548984144 0
1548984145 0
1548984146 0
1548984147 0
1548984148 0
1548984149 0
1548984150 0
1548984151 0
1548984152 0
1548984153 0
1548984154 0
1548984155 0
1548984156 0
1548984157 0
1548984158 0
1548984159 0
1548984160 0
1548984161 0
1548984162 0
1548984163 0
1548984164 0
1548984165 0
1548984166 0
1548984167 0
1548984168 0
1548984169 0
1548984170 0
1548984171 0
1548984172 0
1548984173 0
1548984174 0
1548984175 0
1548984176 0
1548984177 0
1548984178 0
1548984179 0
1548984180 0
1548984181 0
1548984182 0
1548984183 0
1548984184 0
1548984185 0
1548984186 0
1548984187 0
1548984188 0
1548984189 0
1548984190 0
1548984191 0
1548984192 0
1548984193 0
1548984194 0
1548984195 0
1548984196 0
1548984197 0
1548984198 0
1548984199 0
1548984200 0
1548984201 0
1548984202 0
1548984203 0
1548984204 0
1548984205 0
1548984206 0
1548984207 0
1548984208 0
1548984209 0
1548984210 0
1548984211 0
1548984212 0
1548984213 0
1548984214 0
1548984215 0
1548984216 0
1548984217 0
1548984218 0
1548984219 0
1548984220 0
1548984221 0
1548984222 0
1548984223 0
1548984224 0
1548984225 0
1548984226 0
1548984227 0
1548984228 0
1548984229 0
1548984230 0
1548984231 0
1548984232 0
1548984233 0
1548984234 0
1548984235 0
1548984236 0
1548984237 0
1548984238 0
1548984239 0
1548984240 0
1548984241 0
1548984242 0
1548984243 0
1548984244 0
1548984245 0
1548984246 0
1548984247 0
1548984248 0
1548984249 0
1548984250 0
1548984251 0
1548984252 0
1548984253 0
1548984254 0
1548984255 0
1548984256 0
1548984257 0
1548984258 0
1548984259 0
1548984260 0
1548984261 0
1548984262 0
1548984263 0
1548984264 0
1548984265 0
1548984266 0
1548984267 0
1548984268 0
1548984269 0
1548984270 0
1548984271 0
1548984272 0
1548984273 0
1548984274 0
1548984275 0
1548984276 0
1548984277 0
1548984278 0
1548984279 0
1548984280 0
1548984281 0
1548984282 0
1548984283 0
1548984284 0
1548984285 0
1548984286 0
1548984287 0
1548984288 0
1548984289 0
1548984290 0
1548984291 0
1548984292 0
1548984293 0
1548984294 0
1548984295 0
1548984296 0
1548984297 0
1548984298 0
1548984299 0
1548984300 0
1548984301 0
1548984302 0
1548984303 0
1548984304 0
1548984305 0
1548984306 0
1548984307 0
1548984308 0
1548984309 0
1548984310 0
1548984311 0
1548984312 0
1548984313 0
1548984314 0
1548984315 0
1548984316 0
1548984317 0
1548984318 0
1548984319 0
1548984320 0
1548984321 0
1548984322 0
1548984323 0
1548984324 0
1548984325 0
1548984326 0
1548984327 0
1548984328 0
1548984329 0
1548984330 0
1548984331 0
1548984332 0
1548984333 0
1548984334 0
1548984335 0
1548984336 0
1548984337 0
1548984338 0
1548984339 0
1548984340 0
1548984341 0
1548984342 0
1548984343 0
1548984344 0
1548984345 0
1548984346 0
1548984347 0
1548984348 0
1548984349 0
1548984350 0
1548984351 0
1548984352 0
1548984353 0
1548984354 0
1548984355 0
1548984356 0
1548984357 0
1548984358 0
1548984359 0
1548984360 0
1548984361 0
1548984362 0
1548984363 0
1548984364 0
1548984365 0
1548984366 0
1548984367 0
1548984368 0
1548984369 0
1548984370 0
1548984371 0
1548984372 0
1548984373 0
1548984374 0
1548984375 0
1548984376 0
1548984377 0
1548984378 0
1548984379 0
1548984380 0
1548984381 0
1548984382 0
1548984383 0
1548984384 0
1548984385 0
1548984386 0
1548984387 0
1548984388 0
1548984389 0
1548984390 0
1548984391 0
1548984392 0
1548984393 0
1548984394 0
1548984395 0
1548984396 0
1548984397 0
1548984398 0
1548984399 0
1548984400 0
1548984401 0
1548984402 0
1548984403 0
1548984404 0
1548984405 0
1548984406 0
1548984407 0
1548984408 0
1548984409 0
1548984410 0
1548984411 0
1548984412 0
1548984413 0
1548984414 0
1548984415 0
1548984416 0
1548984417 0
1548984418 0
1548984419 0
1548984420 0
1548984421 0
1548984422 0
1548984423 0
1548984424 0
1548984425 0
1548984426 0
1548984427 0
1548984428 0
1548984429 0
1548984430 0
1548984431 0
1548984432 0
1548984433 0
1548984434 0
1548984435 0
1548984436 0
1548984437 0
1548984438 0
1548984439 0
1548984440 0
1548984441 0
1548984442 0
1548984443 0
1548984444 0
1548984445 0
1548984446 0
1548984447 0
1548984448 0
1548984449 0
1548984450 0
1548984451 0
1548984452 0
1548984453 0
1548984454 0
1548984455 0
1548984456 0
1548984457 0
1548984458 0
1548984459 0
1548984460 0
1548984461 0
1548984462 0
1548984463 0
1548984464 0
1548984465 0
1548984466 0
1548984467 0
1548984468 0
1548984469 0
1548984470 0
1548984471 0
1548984472 0
1548984473 0
1548984474 0
1548984475 0
1548984476 0
1548984477 0
1548984478 0
1548984479 0
1548984480 0
1548984481 0
1548984482 0
1548984483 0
1548984484 0
1548984485 0
1548984486 0
1548984487 0
1548984488 0
1548984489 0
1548984490 0
1548984491 0
1548984492 0
1548984493 0
1548984494 0
1548984495 0
1548984496 0
1548984497 0
1548984498 0
1548984499 0
1548984500 0
1548984501 0
1548984502 0
1548984503 0
1548984504 0
1548984505 0
1548984506 0
1548984507 0
1548984508 0
1548984509 0
1548984510 0
1548984511 0
1548984512 0
1548984513 0
1548984514 0
1548984515 0
1548984516 0
1548984517 0
1548984518 0
1548984519 0
1548984520 0
1548984521 0
1548984522 0
1548984523 0
1548984524 0
1548984525 0
1548984526 0
1548984527 0
1548984528 0
1548984529 0
1548984530 0
1548984531 0
1548984532 0
1548984533 0
1548984534 0
1548984535 0
1548984536 0
1548984537 0
1548984538 0
1548984539 0
1548984540 0
1548984541 0
1548984542 0
1548984543 0
1548984544 0
1548984545 0
1548984546 0
1548984547 0
1548984548 0
1548984549 0
1548984550 0
1548984551 0
1548984552 0
1548984553 0
1548984554 0
1548984555 0
1548984556 0
1548984557 0
1548984558 0
1548984559 0
1548984560 0
1548984561 0
1548984562 0
1548984563 0
1548984564 0
1548984565 0
1548984566 0
1548984567 0
1548984568 0
1548984569 0
1548984570 0
1548984571 0
1548984572 0
1548984573 0
1548984574 0
1548984575 0
1548984576 0
1548984577 0
1548984578 0
1548984579 0
1548984580 0
1548984581 0
1548984582 0
1548984583 0
1548984584 0
1548984585 0
1548984586 0
1548984587 0
1548984588 0
1548984589 0
1548984590 0
1548984591 0
1548984592 0
1548984593 0
1548984594 0
1548984595 0
1548984596 0
1548984597 0
1548984598 0
1548984599 0
1548984600 0
1548984601 0
1548984602 0
1548984603 0
1548984604 0
1548984605 0
1548984606 0
1548984607 0
1548984608 0
1548984609 0
1548984610 0
1548984611 0
1548984612 0
1548984613 0
1548984614 0
1548984615 0
1548984616 0
1548984617 0
1548984618 0
1548984619 0
1548984620 0
1548984621 0
1548984622 0
1548984623 0
1548984624 0
1548984625 0
1548984626 0
1548984627 0
1548984628 0
1548984629 0
1548984630 0
1548984631 0
1548984632 0
1548984633 0
1548984634 0
1548984635 0
1548984636 0
1548984637 0
1548984638 0
1548984639 0
1548984640 0
1548984641 0
1548984642 0
1548984643 0
1548984644 0
1548984645 0
1548984646 0
1548984647 0
1548984648 0
1548984649 0
1548984650 0
1548984651 0
1548984652 0
1548984653 0
1548984654 0
1548984655 0
1548984656 0
1548984657 0
1548984658 0
1548984659 0
1548984660 0
1548984661 0
1548984662 0
1548984663 0
1548984664 0
1548984665 0
1548984666 0
1548984667 0
1548984668 0
1548984669 0
1548984670 0
1548984671 0
1548984672 0
1548984673 0
1548984674 0
1548984675 0
1548984676 0
1548984677 0
1548984678 0
1548984679 0
1548984680 0
1548984681 0
1548984682 0
1548984683 0
1548984684 0
1548984685 0
1548984686 0
1548984687 0
1548984688 0
1548984689 0
1548984690 0
1548984691 0
1548984692 0
1548984693 0
1548984694 0
1548984695 0
1548984696 0
1548984697 0
1548984698 0
1548984699 0
1548984700 0
1548984701 0
1548984702 0
1548984703 0
1548984704 0
1548984705 0
1548984706 0
1548984707 0
1548984708 0
1548984709 0
1548984710 0
1548984711 0
1548984712 0
1548984713 0
1548984714 0
1548984715 0
1548984716 0
1548984717 0
1548984718 0
1548984719 0
1548984720 0
1548984721 0
1548984722 0
1548984723 0
1548984724 0
1548984725 0
1548984726 0
1548984727 0
1548984728 0
1548984729 0
1548984730 0
1548984731 0
1548984732 0
1548984733 0
1548984734 0
1548984735 0
1548984736 0
1548984737 0
1548984738 0
1548984739 0
1548984740 0
1548984741 0
1548984742 0
1548984743 0
1548984744 0
1548984745 0
1548984746 0
1548984747 0
1548984748 0
1548984749 0
1548984750 0
1548984751 0
1548984752 0
1548984753 0
1548984754 0
1548984755 0
1548984756 0
1548984757 0
1548984758 0
1548984759 0
1548984760 0
1548984761 0
1548984762 0
1548984763 0
1548984764 0
1548984765 0
1548984766 0
1548984767 0
1548984768 0
1548984769 0
1548984770 0
1548984771 0
1548984772 0
1548984773 0
1548984774 0
1548984775 0
1548984776 0
1548984777 0
1548984778 0
1548984779 0
1548984780 0
1548984781 0
1548984782 0
1548984783 0
1548984784 0
1548984785 0
1548984786 0
1548984787 0
1548984788 0
1548984789 0
1548984790 0
1548984791 0
1548984792 0
1548984793 0
1548984794 0
1548984795 0
1548984796 0
1548984797 0
1548984798 0
1548984799 0
1548984800 0
1548984801 0
1548984802 0
1548984803 0
1548984804 0
1548984805 0
1548984806 0
1548984807 0
1548984808 0
1548984809 0
1548984810 0
1548984811 0
1548984812 0
1548984813 0
1548984814 0
1548984815 0
1548984816 0
1548984817 0
1548984818 0
1548984819 0
1548984820 0
1548984821 0
1548984822 0
1548984823 0
1548984824 0
1548984825 0
1548984826 0
1548984827 0
1548984828 0
1548984829 0
1548984830 0
1548984831 0
1548984832 0
1548984833 0
1548984834 0
1548984835 0
1548984836 0
1548984837 0
1548984838 0
1548984839 0
1548984840 0
1548984841 0
1548984842 0
1548984843 0
1548984844 0
1548984845 0
1548984846 0
1548984847 0
1548984848 0
1548984849 0
1548984850 0
1548984851 0
1548984852 0
1548984853 0
1548984854 0
1548984855 0
1548984856 0
1548984857 0
1548984858 0
1548984859 0
1548984860 0
1548984861 0
1548984862 0
1548984863 0
1548984864 0
1548984865 0
1548984866 0
1548984867 0
1548984868 0
1548984869 0
1548984870 0
1548984871 0
1548984872 0
1548984873 0
1548984874 0
1548984875 0
1548984876 0
1548984877 0
1548984878 0
1548984879 0
1548984880 0
1548984881 0
1548984882 0
1548984883 0
1548984884 0
1548984885 0
1548984886 0
1548984887 0
1548984888 0
1548984889 0
1548984890 0
1548984891 0
1548984892 0
1548984893 0
1548984894 0
1548984895 0
1548984896 0
1548984897 0
1548984898 0
1548984899 0
1548984900 0
1548984901 0
1548984902 0
1548984903 0
1548984904 0
1548984905 0
1548984906 0
1548984907 0
1548984908 0
1548984909 0
1548984910 0
1548984911 0
1548984912 0
1548984913 0
1548984914 0
1548984915 0
1548984916 0
1548984917 0
1548984918 0
1548984919 0
1548984920 0
1548984921 0
1548984922 0
1548984923 0
1548984924 0
1548984925 0
1548984926 0
1548984927 0
1548984928 0
1548984929 0
1548984930 0
1548984931 0
1548984932 0
1548984933 0
1548984934 0
1548984935 0
1548984936 0
1548984937 0
1548984938 0
1548984939 0
1548984940 0
1548984941 0
1548984942 0
1548984943 0
1548984944 0
1548984945 0
1548984946 0
1548984947 0
1548984948 0
1548984949 0
1548984950 0
1548984951 0
1548984952 0
1548984953 0
1548984954 0
1548984955 0
1548984956 0
1548984957 0
1548984958 0
1548984959 0
1548984960 0
1548984961 0
1548984962 0
1548984963 0
1548984964 0
1548984965 0
1548984966 0
1548984967 0
1548984968 0
1548984969 0
1548984970 0
1548984971 0
1548984972 0
1548984973 0
1548984974 0
1548984975 0
1548984976 0
1548984977 0
1548984978 0
1548984979 0
1548984980 0
1548984981 0
1548984982 0
1548984983 0
1548984984 0
1548984985 0
1548984986 0
1548984987 0
1548984988 0
1548984989 0
1548984990 0
1548984991 0
1548984992 0
1548984993 0
1548984994 0
1548984995 0
1548984996 0
1548984997 0
1548984998 0
1548984999 0
1548985000 0
1548985001 0
1548985002 0
1548985003 0
1548985004 0
1548985005 0
1548985006 0
1548985007 0
1548985008 0
1548985009 0
1548985010 0
1548985011 0
1548985012 0
1548985013 0
1548985014 0
1548985015 0
1548985016 0
1548985017 0
1548985018 0
1548985019 0
1548985020 0
1548985021 0
1548985022 0
1548985023 0
1548985024 0
1548985025 0
1548985026 0
1548985027 0
1548985028 0
1548985029 0
1548985030 0
1548985031 0
1548985032 0
1548985033 0
1548985034 0
1548985035 0
1548985036 0
1548985037 0
1548985038 0
1548985039 0
1548985040 0
1548985041 0
1548985042 0
1548985043 0
1548985044 0
1548985045 0
1548985046 0
1548985047 0
1548985048 0
1548985049 0
1548985050 0
1548985051 0
1548985052 0
1548985053 0
1548985054 0
1548985055 0
1548985056 0
1548985057 0
1548985058 0
1548985059 0
1548985060 0
1548985061 0
1548985062 0
1548985063 0
1548985064 0
1548985065 0
1548985066 0
1548985067 0
1548985068 0
1548985069 0
1548985070 0
1548985071 0
1548985072 0
1548985073 0
1548985074 0
1548985075 0
1548985076 0
1548985077 0
1548985078 0
1548985079 0
1548985080 0
1548985081 0
1548985082 0
1548985083 0
1548985084 0
1548985085 0
1548985086 0
1548985087 0
1548985088 0
1548985089 0
1548985090 0
1548985091 0
1548985092 0
1548985093 0
1548985094 0
1548985095 0
1548985096 0
1548985097 0
1548985098 0
1548985099 0
1548985100 0
1548985101 0
1548985102 0
1548985103 0
1548985104 0
1548985105 0
1548985106 0
1548985107 0
1548985108 0
1548985109 0
1548985110 0
1548985111 0
1548985112 0
1548985113 0
1548985114 0
1548985115 0
1548985116 0
1548985117 0
1548985118 0
1548985119 0
1548985120 0
1548985121 0
1548985122 0
1548985123 0
1548985124 0
1548985125 0
1548985126 0
1548985127 0
1548985128 0
1548985129 0
1548985130 0
1548985131 0
1548985132 0
1548985133 0
1548985134 0
1548985135 0
1548985136 0
1548985137 0
1548985138 0
1548985139 0
1548985140 0
1548985141 0
1548985142 0
1548985143 0
1548985144 0
1548985145 0
1548985146 0
1548985147 0
1548985148 0
1548985149 0
1548985150 0
1548985151 0
1548985152 0
1548985153 0
1548985154 0
1548985155 0
1548985156 0
1548985157 0
1548985158 0
1548985159 0
1548985160 0
1548985161 0
1548985162 0
1548985163 0
1548985164 0
1548985165 0
1548985166 0
1548985167 0
1548985168 0
1548985169 0
1548985170 0
1548985171 0
1548985172 0
1548985173 0
1548985174 0
1548985175 0
1548985176 0
1548985177 0
1548985178 0
1548985179 0
1548985180 0
1548985181 0
1548985182 0
1548985183 0
1548985184 0
1548985185 0
1548985186 0
1548985187 0
1548985188 0
1548985189 0
1548985190 0
1548985191 0
1548985192 0
1548985193 0
1548985194 0
1548985195 0
1548985196 0
1548985197 0
1548985198 0
1548985199 0
1548985200 0
1548985201 0
1548985202 0
1548985203 0
1548985204 0
1548985205 0
1548985206 0
1548985207 0
1548985208 0
1548985209 0
1548985210 0
1548985211 0
1548985212 0
1548985213 0
1548985214 0
1548985215 0
1548985216 0
1548985217 0
1548985218 0
1548985219 0
1548985220 0
1548985221 0
1548985222 0
1548985223 0
1548985224 0
1548985225 0
1548985226 0
1548985227 0
1548985228 0
1548985229 0
1548985230 0
1548985231 0
1548985232 0
1548985233 0
1548985234 0
1548985235 0
1548985236 0
1548985237 0
1548985238 0
1548985239 0
1548985240 0
1548985241 0
1548985242 0
1548985243 0
1548985244 0
1548985245 0
1548985246 0
1548985247 0
1548985248 0
1548985249 0
1548985250 0
1548985251 0
1548985252 0
1548985253 0
1548985254 0
1548985255 0
1548985256 0
1548985257 0
1548985258 0
1548985259 0
1548985260 0
1548985261 0
1548985262 0
1548985263 0
1548985264 0
1548985265 0
1548985266 0
1548985267 0
1548985268 0
1548985269 0
1548985270 0
1548985271 0
1548985272 0
1548985273 0
1548985274 0
1548985275 0
1548985276 0
1548985277 0
1548985278 0
1548985279 0
1548985280 0
1548985281 0
1548985282 0
1548985283 0
1548985284 0
1548985285 0
1548985286 0
1548985287 0
1548985288 0
1548985289 0
1548985290 0
1548985291 0
1548985292 0
1548985293 0
1548985294 0
1548985295 0
1548985296 0
1548985297 0
1548985298 0
1548985299 0
1548985300 0
1548985301 0
1548985302 0
1548985303 0
1548985304 0
1548985305 0
1548985306 0
1548985307 0
1548985308 0
1548985309 0
1548985310 0
1548985311 0
1548985312 0
1548985313 0
1548985314 0
1548985315 0
1548985316 0
1548985317 0
1548985318 0
1548985319 0
1548985320 0
1548985321 0
1548985322 0
1548985323 0
1548985324 0
1548985325 0
1548985326 0
1548985327 0
1548985328 0
1548985329 0
1548985330 0
1548985331 0
1548985332 0
1548985333 0
1548985334 0
1548985335 0
1548985336 0
1548985337 0
1548985338 0
1548985339 0
1548985340 0
1548985341 0
1548985342 0
1548985343 0
1548985344 0
1548985345 0
1548985346 0
1548985347 0
1548985348 0
1548985349 0
1548985350 0
1548985351 0
1548985352 0
1548985353 0
1548985354 0
1548985355 0
1548985356 0
1548985357 0
1548985358 0
1548985359 0
1548985360 0
1548985361 0
1548985362 0
1548985363 0
1548985364 0
1548985365 0
1548985366 0
1548985367 0
1548985368 0
1548985369 0
1548985370 0
1548985371 0
1548985372 0
1548985373 0
1548985374 0
1548985375 0
1548985376 0
1548985377 0
1548985378 0
1548985379 0
1548985380 0
1548985381 0
1548985382 0
1548985383 0
1548985384 0
1548985385 0
1548985386 0
1548985387 0
1548985388 0
1548985389 0
1548985390 0
1548985391 0
1548985392 0
1548985393 0
1548985394 0
1548985395 0
1548985396 0
1548985397 0
1548985398 0
1548985399 0
1548985400 0
1548985401 0
1548985402 0
1548985403 0
1548985404 0
1548985405 0
1548985406 0
1548985407 0
1548985408 0
1548985409 0
1548985410 0
1548985411 0
1548985412 0
1548985413 0
1548985414 0
1548985415 0
1548985416 0
1548985417 0
1548985418 0
1548985419 0
1548985420 0
1548985421 0
1548985422 0
1548985423 0
1548985424 0
1548985425 0
1548985426 0
1548985427 0
1548985428 0
1548985429 0
1548985430 0
1548985431 0
1548985432 0
1548985433 0
1548985434 0
1548985435 0
1548985436 0
1548985437 0
1548985438 0
1548985439 0
1548985440 0
1548985441 0
1548985442 0
1548985443 0
1548985444 0
1548985445 0
1548985446 0
1548985447 0
1548985448 0
1548985449 0
1548985450 0
1548985451 0
1548985452 0
1548985453 0
1548985454 0
1548985455 0
1548985456 0
1548985457 0
1548985458 0
1548985459 0
1548985460 0
1548985461 0
1548985462 0
1548985463 0
1548985464 0
1548985465 0
1548985466 0
1548985467 0
1548985468 0
1548985469 0
1548985470 0
1548985471 0
1548985472 0
1548985473 0
1548985474 0
1548985475 0
1548985476 0
1548985477 0
1548985478 0
1548985479 0
1548985480 0
1548985481 0
1548985482 0
1548985483 0
1548985484 0
1548985485 0
1548985486 0
1548985487 0
1548985488 0
1548985489 0
1548985490 0
1548985491 0
1548985492 0
1548985493 0
1548985494 0
1548985495 0
1548985496 0
1548985497 0
1548985498 0
1548985499 0
1548985500 0
1548985501 0
1548985502 0
1548985503 0
1548985504 0
1548985505 0
1548985506 0
1548985507 0
1548985508 0
1548985509 0
1548985510 0
1548985511 0
1548985512 0
1548985513 0
1548985514 0
1548985515 0
1548985516 0
1548985517 0
1548985518 0
1548985519 0
1548985520 0
1548985521 0
1548985522 0
1548985523 0
1548985524 0
1548985525 0
1548985526 0
1548985527 0
1548985528 0
1548985529 0
1548985530 0
1548985531 0
1548985532 0
1548985533 0
1548985534 0
1548985535 0
1548985536 0
1548985537 0
1548985538 0
1548985539 0
1548985540 0
1548985541 0
1548985542 0
1548985543 0
1548985544 0
1548985545 0
1548985546 0
1548985547 0
1548985548 0
1548985549 0
1548985550 0
1548985551 0
1548985552 0
1548985553 0
1548985554 0
1548985555 0
1548985556 0
1548985557 0
1548985558 0
1548985559 0
1548985560 0
1548985561 0
1548985562 0
1548985563 0
1548985564 0
1548985565 0
1548985566 0
1548985567 0
1548985568 0
1548985569 0
1548985570 0
1548985571 0
1548985572 0
1548985573 0
1548985574 0
1548985575 0
1548985576 0
1548985577 0
1548985578 0
1548985579 0
1548985580 0
1548985581 0
1548985582 0
1548985583 0
1548985584 0
1548985585 0
1548985586 0
1548985587 0
1548985588 0
1548985589 0
1548985590 0
1548985591 0
1548985592 0
1548985593 0
1548985594 0
1548985595 0
1548985596 0
1548985597 0
1548985598 0
1548985599 0
1548985600 0
1548985601 0
1548985602 0
1548985603 0
1548985604 0
1548985605 0
1548985606 0
1548985607 0
1548985608 0
1548985609 0
1548985610 0
1548985611 0
1548985612 0
1548985613 0
1548985614 0
1548985615 0
1548985616 0
1548985617 0
1548985618 0
1548985619 0
1548985620 0
1548985621 0
1548985622 0
1548985623 0
1548985624 0
1548985625 0
1548985626 0
1548985627 0
1548985628 0
1548985629 0
1548985630 0
1548985631 0
1548985632 0
1548985633 0
1548985634 0
1548985635 0
1548985636 0
1548985637 0
1548985638 0
1548985639 0
1548985640 0
1548985641 0
1548985642 0
1548985643 0
1548985644 0
1548985645 0
1548985646 0
1548985647 0
1548985648 0
1548985649 0
1548985650 0
1548985651 0
1548985652 0
1548985653 0
1548985654 0
1548985655 0
1548985656 0
1548985657 0
1548985658 0
1548985659 0
1548985660 0
1548985661 0
1548985662 0
1548985663 0
1548985664 0
1548985665 0
1548985666 0
1548985667 0
1548985668 0
1548985669 0
1548985670 0
1548985671 0
1548985672 0
1548985673 0
1548985674 0
1548985675 0
1548985676 0
1548985677 0
1548985678 0
1548985679 0
1548985680 0
1548985681 0
1548985682 0
1548985683 0
1548985684 0
1548985685 0
1548985686 0
1548985687 0
1548985688 0
1548985689 0
1548985690 0
1548985691 0
1548985692 0
1548985693 0
1548985694 0
1548985695 0
1548985696 0
1548985697 0
1548985698 0
1548985699 0
1548985700 0
1548985701 0
1548985702 0
1548985703 0
1548985704 0
1548985705 0
1548985706 0
1548985707 0
1548985708 0
1548985709 0
1548985710 0
1548985711 0
1548985712 0
1548985713 0
1548985714 0
1548985715 0
1548985716 0
1548985717 0
1548985718 0
1548985719 0
1548985720 0
1548985721 0
1548985722 0
1548985723 0
1548985724 0
1548985725 0
1548985726 0
1548985727 0
1548985728 0
1548985729 0
1548985730 0
1548985731 0
1548985732 0
1548985733 0
1548985734 0
1548985735 0
1548985736 0
1548985737 0
1548985738 0
1548985739 0
1548985740 0
1548985741 0
1548985742 0
1548985743 0
1548985744 0
1548985745 0
1548985746 0
1548985747 0
1548985748 0
1548985749 0
1548985750 0
1548985751 0
1548985752 0
1548985753 0
1548985754 0
1548985755 0
1548985756 0
1548985757 0
1548985758 0
1548985759 0
1548985760 0
1548985761 0
1548985762 0
1548985763 0
1548985764 0
1548985765 0
1548985766 0
1548985767 0
1548985768 0
1548985769 0
1548985770 0
1548985771 0
1548985772 0
1548985773 0
1548985774 0
1548985775 0
1548985776 0
1548985777 0
1548985778 0
1548985779 0
1548985780 0
1548985781 0
1548985782 0
1548985783 0
1548985784 0
1548985785 0
1548985786 0
1548985787 0
1548985788 0
1548985789 0
1548985790 0
1548985791 0
1548985792 0
1548985793 0
1548985794 0
1548985795 0
1548985796 0
1548985797 0
1548985798 0
1548985799 0
1548985800 0
1548985801 0
1548985802 0
1548985803 0
1548985804 0
1548985805 0
1548985806 0
1548985807 0
1548985808 0
1548985809 0
1548985810 0
1548985811 0
1548985812 0
1548985813 0
1548985814 0
1548985815 0
1548985816 0
1548985817 0
1548985818 0
1548985819 0
1548985820 0
1548985821 0
1548985822 0
1548985823 0
1548985824 0
1548985825 0
1548985826 0
1548985827 0
1548985828 0
1548985829 0
1548985830 0
1548985831 0
1548985832 0
1548985833 0
1548985834 0
1548985835 0
1548985836 0
1548985837 0
1548985838 0
1548985839 0
1548985840 0
1548985841 0
1548985842 0
1548985843 0
1548985844 0
1548985845 0
1548985846 0
1548985847 0
1548985848 0
1548985849 0
1548985850 0
1548985851 0
1548985852 0
1548985853 0
1548985854 0
1548985855 0
1548985856 0
1548985857 0
1548985858 0
1548985859 0
1548985860 0
1548985861 0
1548985862 0
1548985863 0
1548985864 0
1548985865 0
1548985866 0
1548985867 0
1548985868 0
1548985869 0
1548985870 0
1548985871 0
1548985872 0
1548985873 0
1548985874 0
1548985875 0
1548985876 0
1548985877 0
1548985878 0
1548985879 0
1548985880 0
1548985881 0
1548985882 0
1548985883 0
1548985884 0
1548985885 0
1548985886 0
1548985887 0
1548985888 0
1548985889 0
1548985890 0
1548985891 0
1548985892 0
1548985893 0
1548985894 0
1548985895 0
1548985896 0
1548985897 0
1548985898 0
1548985899 0
1548985900 0
1548985901 0
1548985902 0
1548985903 0
1548985904 0
1548985905 0
1548985906 0
1548985907 0
1548985908 0
1548985909 0
1548985910 0
1548985911 0
1548985912 0
1548985913 0
1548985914 0
1548985915 0
1548985916 0
1548985917 0
1548985918 0
1548985919 0
1548985920 0
1548985921 0
1548985922 0
1548985923 0
1548985924 0
1548985925 0
1548985926 0
1548985927 0
1548985928 0
1548985929 0
1548985930 0
1548985931 0
1548985932 0
1548985933 0
1548985934 0
1548985935 0
1548985936 0
1548985937 0
1548985938 0
1548985939 0
1548985940 0
1548985941 0
1548985942 0
1548985943 0
1548985944 0
1548985945 0
1548985946 0
1548985947 0
1548985948 0
1548985949 0
1548985950 0
1548985951 0
1548985952 0
1548985953 0
1548985954 0
1548985955 0
1548985956 0
1548985957 0
1548985958 0
1548985959 0
1548985960 0
1548985961 0
1548985962 0
1548985963 0
1548985964 0
1548985965 0
1548985966 0
1548985967 0
1548985968 0
1548985969 0
1548985970 0
1548985971 0
1548985972 0
1548985973 0
1548985974 0
1548985975 0
1548985976 0
1548985977 0
1548985978 0
1548985979 0
1548985980 0
1548985981 0
1548985982 0
1548985983 0
1548985984 0
1548985985 0
1548985986 0
1548985987 0
1548985988 0
1548985989 0
1548985990 0
1548985991 0
1548985992 0
1548985993 0
1548985994 0
1548985995 0
1548985996 0
1548985997 0
1548985998 0
1548985999 0
1548986000 0
1548986001 0
1548986002 0
1548986003 0
1548986004 0
1548986005 0
1548986006 0
1548986007 0
1548986008 0
1548986009 0
1548986010 0
1548986011 0
1548986012 0
1548986013 0
1548986014 0
1548986015 0
1548986016 0
1548986017 0
1548986018 0
1548986019 0
1548986020 0
1548986021 0
1548986022 0
1548986023 0
1548986024 0
1548986025 0
1548986026 0
1548986027 0
1548986028 0
1548986029 0
1548986030 0
1548986031 0
1548986032 0
1548986033 0
1548986034 0
1548986035 0
1548986036 0
1548986037 0
1548986038 0
1548986039 0
1548986040 0
1548986041 0
1548986042 0
1548986043 0
1548986044 0
1548986045 0
1548986046 0
1548986047 0
1548986048 0
1548986049 0
1548986050 0
1548986051 0
1548986052 0
1548986053 0
1548986054 0
1548986055 0
1548986056 0
1548986057 0
1548986058 0
1548986059 0
1548986060 0
1548986061 0
1548986062 0
1548986063 0
1548986064 0
1548986065 0
1548986066 0
1548986067 0
1548986068 0
1548986069 0
1548986070 0
1548986071 0
1548986072 0
1548986073 0
1548986074 0
1548986075 0
1548986076 0
1548986077 0
1548986078 0
1548986079 0
1548986080 0
1548986081 0
1548986082 0
1548986083 0
1548986084 0
1548986085 0
1548986086 0
1548986087 0
1548986088 0
1548986089 0
1548986090 0
1548986091 0
1548986092 0
1548986093 0
1548986094 0
1548986095 0
1548986096 0
1548986097 0
1548986098 0
1548986099 0
1548986100 0
1548986101 0
1548986102 0
1548986103 0
1548986104 0
1548986105 0
1548986106 0
1548986107 0
1548986108 0
1548986109 0
1548986110 0
1548986111 0
1548986112 0
1548986113 0
1548986114 0
1548986115 0
1548986116 0
1548986117 0
1548986118 0
1548986119 0
1548986120 0
1548986121 0
1548986122 0
1548986123 0
1548986124 0
1548986125 0
1548986126 0
1548986127 0
1548986128 0
1548986129 0
1548986130 0
1548986131 0
1548986132 0
1548986133 0
1548986134 0
1548986135 0
1548986136 0
1548986137 0
1548986138 0
1548986139 0
1548986140 0
1548986141 0
1548986142 0
1548986143 0
1548986144 0
1548986145 0
1548986146 0
1548986147 0
1548986148 0
1548986149 0
1548986150 0
1548986151 0
1548986152 0
1548986153 0
1548986154 0
1548986155 0
1548986156 0
1548986157 0
1548986158 0
1548986159 0
1548986160 0
1548986161 0
1548986162 0
1548986163 0
1548986164 0
1548986165 0
1548986166 0
1548986167 0
1548986168 0
1548986169 0
1548986170 0
1548986171 0
1548986172 0
1548986173 0
1548986174 0
1548986175 0
1548986176 0
1548986177 0
1548986178 0
1548986179 0
1548986180 0
1548986181 0
1548986182 0
1548986183 0
1548986184 0
1548986185 0
1548986186 0
1548986187 0
1548986188 0
1548986189 0
1548986190 0
1548986191 0
1548986192 0
1548986193 0
1548986194 0
1548986195 0
1548986196 0
1548986197 0
1548986198 0
1548986199 0
1548986200 0
1548986201 0
1548986202 0
1548986203 0
1548986204 0
1548986205 0
1548986206 0
1548986207 0
1548986208 0
1548986209 0
1548986210 0
1548986211 0
1548986212 0
1548986213 0
1548986214 0
1548986215 0
1548986216 0
1548986217 0
1548986218 0
1548986219 0
1548986220 0
1548986221 0
1548986222 0
1548986223 0
1548986224 0
1548986225 0
1548986226 0
1548986227 0
1548986228 0
1548986229 0
1548986230 0
1548986231 0
1548986232 0
1548986233 0
1548986234 0
1548986235 0
1548986236 0
1548986237 0
1548986238 0
1548986239 0
1548986240 0
1548986241 0
1548986242 0
1548986243 0
1548986244 0
1548986245 0
1548986246 0
1548986247 0
1548986248 0
1548986249 0
1548986250 0
1548986251 0
1548986252 0
1548986253 0
1548986254 0
1548986255 0
1548986256 0
1548986257 0
1548986258 0
1548986259 0
1548986260 0
1548986261 0
1548986262 0
1548986263 0
1548986264 0
1548986265 0
1548986266 0
1548986267 0
1548986268 0
1548986269 0
1548986270 0
1548986271 0
1548986272 0
1548986273 0
1548986274 0
1548986275 0
1548986276 0
1548986277 0
1548986278 0
1548986279 0
1548986280 0
1548986281 0
1548986282 0
1548986283 0
1548986284 0
1548986285 0
1548986286 0
1548986287 0
1548986288 0
1548986289 0
1548986290 0
1548986291 0
1548986292 0
1548986293 0
1548986294 0
1548986295 0
1548986296 0
1548986297 0
1548986298 0
1548986299 0
1548986300 0
1548986301 0
1548986302 0
1548986303 0
1548986304 0
1548986305 0
1548986306 0
1548986307 0
1548986308 0
1548986309 0
1548986310 0
1548986311 0
1548986312 0
1548986313 0
1548986314 0
1548986315 0
1548986316 0
1548986317 0
1548986318 0
1548986319 0
1548986320 0
1548986321 0
1548986322 0
1548986323 0
1548986324 0
1548986325 0
1548986326 0
1548986327 0
1548986328 0
1548986329 0
1548986330 0
1548986331 0
1548986332 0
1548986333 0
1548986334 0
1548986335 0
1548986336 0
1548986337 0
1548986338 0
1548986339 0
1548986340 0
1548986341 0
1548986342 0
1548986343 0
1548986344 0
1548986345 0
1548986346 0
1548986347 0
1548986348 0
1548986349 0
1548986350 0
1548986351 0
1548986352 0
1548986353 0
1548986354 0
1548986355 0
1548986356 0
1548986357 0
1548986358 0
1548986359 0
1548986360 0
1548986361 0
1548986362 0
1548986363 0
1548986364 0
1548986365 0
1548986366 0
1548986367 0
1548986368 0
1548986369 0
1548986370 0
1548986371 0
1548986372 0
1548986373 0
1548986374 0
1548986375 0
1548986376 0
1548986377 0
1548986378 0
1548986379 0
1548986380 0
1548986381 0
1548986382 0
1548986383 0
1548986384 0
1548986385 0
1548986386 0
1548986387 0
1548986388 0
1548986389 0
1548986390 0
1548986391 0
1548986392 0
1548986393 0
1548986394 0
1548986395 0
1548986396 0
1548986397 0
1548986398 0
1548986399 0
1548986400 0
1548986401 0
1548986402 0
1548986403 0
1548986404 0
1548986405 0
1548986406 0
1548986407 0
1548986408 0
1548986409 0
1548986410 0
1548986411 0
1548986412 0
1548986413 0
1548986414 0
1548986415 0
1548986416 0
1548986417 0
1548986418 0
1548986419 0
1548986420 0
1548986421 0
1548986422 0
1548986423 0
1548986424 0
1548986425 0
1548986426 0
1548986427 0
1548986428 0
1548986429 0
1548986430 0
1548986431 0
1548986432 0
1548986433 0
1548986434 0
1548986435 0
1548986436 0
1548986437 0
1548986438 0
1548986439 0
1548986440 0
1548986441 0
1548986442 0
1548986443 0
1548986444 0
1548986445 0
1548986446 0
1548986447 0
1548986448 0
1548986449 0
1548986450 0
1548986451 0
1548986452 0
1548986453 0
1548986454 0
1548986455 0
1548986456 0
1548986457 0
1548986458 0
1548986459 0
1548986460 0
1548986461 0
1548986462 0
1548986463 0
1548986464 0
1548986465 0
1548986466 0
1548986467 0
1548986468 0
1548986469 0
1548986470 0
1548986471 0
1548986472 0
1548986473 0
1548986474 0
1548986475 0
1548986476 0
1548986477 0
1548986478 0
1548986479 0
1548986480 0
1548986481 0
1548986482 0
1548986483 0
1548986484 0
1548986485 0
1548986486 0
1548986487 0
1548986488 0
1548986489 0
1548986490 0
1548986491 0
1548986492 0
1548986493 0
1548986494 0
1548986495 0
1548986496 0
1548986497 0
1548986498 0
1548986499 0
1548986500 0
1548986501 0
1548986502 0
1548986503 0
1548986504 0
1548986505 0
1548986506 0
1548986507 0
1548986508 0
1548986509 0
1548986510 0
1548986511 0
1548986512 0
1548986513 0
1548986514 0
1548986515 0
1548986516 0
1548986517 0
1548986518 0
1548986519 0
1548986520 0
1548986521 0
1548986522 0
1548986523 0
1548986524 0
1548986525 0
1548986526 0
1548986527 0
1548986528 0
1548986529 0
1548986530 0
1548986531 0
1548986532 0
1548986533 0
1548986534 0
1548986535 0
1548986536 0
1548986537 0
1548986538 0
1548986539 0
1548986540 0
1548986541 0
1548986542 0
1548986543 0
1548986544 0
1548986545 0
1548986546 0
1548986547 0
1548986548 0
1548986549 0
1548986550 0
1548986551 0
1548986552 0
1548986553 0
1548986554 0
1548986555 0
1548986556 0
1548986557 0
1548986558 0
1548986559 0
1548986560 0
1548986561 0
1548986562 0
1548986563 0
1548986564 0
1548986565 0
1548986566 0
1548986567 0
1548986568 0
1548986569 0
1548986570 0
1548986571 0
1548986572 0
1548986573 0
1548986574 0
1548986575 0
1548986576 0
1548986577 0
1548986578 0
1548986579 0
1548986580 0
1548986581 0
1548986582 0
1548986583 0
1548986584 0
1548986585 0
1548986586 0
1548986587 0
1548986588 0
1548986589 0
1548986590 0
1548986591 0
1548986592 0
1548986593 0
1548986594 0
1548986595 0
1548986596 0
1548986597 0
1548986598 0
1548986599 0
1548986600 0
1548986601 0
1548986602 0
1548986603 0
1548986604 0
1548986605 0
1548986606 0
1548986607 0
1548986608 0
1548986609 0
1548986610 0
1548986611 0
1548986612 0
1548986613 0
1548986614 0
1548986615 0
1548986616 0
1548986617 0
1548986618 0
1548986619 0
1548986620 0
1548986621 0
1548986622 0
1548986623 0
1548986624 0
1548986625 0
1548986626 0
1548986627 0
1548986628 0
1548986629 0
1548986630 0
1548986631 0
1548986632 0
1548986633 0
1548986634 0
1548986635 0
1548986636 0
1548986637 0
1548986638 0
1548986639 0
1548986640 0
1548986641 0
1548986642 0
1548986643 0
1548986644 0
1548986645 0
1548986646 0
1548986647 0
1548986648 0
1548986649 0
1548986650 0
1548986651 0
1548986652 0
1548986653 0
1548986654 0
1548986655 0
1548986656 0
1548986657 0
1548986658 0
1548986659 0
1548986660 0
1548986661 0
1548986662 0
1548986663 0
1548986664 0
1548986665 0
1548986666 0
1548986667 0
1548986668 0
1548986669 0
1548986670 0
1548986671 0
1548986672 0
1548986673 0
1548986674 0
1548986675 0
1548986676 0
1548986677 0
1548986678 0
1548986679 0
1548986680 0
1548986681 0
1548986682 0
1548986683 0
1548986684 0
1548986685 0
1548986686 0
1548986687 0
1548986688 0
1548986689 0
1548986690 0
1548986691 0
1548986692 0
1548986693 0
1548986694 0
1548986695 0
1548986696 0
1548986697 0
1548986698 0
1548986699 0
1548986700 0
1548986701 0
1548986702 0
1548986703 0
1548986704 0
1548986705 0
1548986706 0
1548986707 0
1548986708 0
1548986709 0
1548986710 0
1548986711 0
1548986712 0
1548986713 0
1548986714 0
1548986715 0
1548986716 0
1548986717 0
1548986718 0
1548986719 0
1548986720 0
1548986721 0
1548986722 0
1548986723 0
1548986724 0
1548986725 0
1548986726 0
1548986727 0
1548986728 0
1548986729 0
1548986730 0
1548986731 0
1548986732 0
1548986733 0
1548986734 0
1548986735 0
1548986736 0
1548986737 0
1548986738 0
1548986739 0
1548986740 0
1548986741 0
1548986742 0
1548986743 0
1548986744 0
1548986745 0
1548986746 0
1548986747 0
1548986748 0
1548986749 0
1548986750 0
1548986751 0
1548986752 0
1548986753 0
1548986754 0
1548986755 0
1548986756 0
1548986757 0
1548986758 0
1548986759 0
1548986760 0
1548986761 0
1548986762 0
1548986763 0
1548986764 0
1548986765 0
1548986766 0
1548986767 0
1548986768 0
1548986769 0
1548986770 0
1548986771 0
1548986772 0
1548986773 0
1548986774 0
1548986775 0
1548986776 0
1548986777 0
1548986778 0
1548986779 0
1548986780 0
1548986781 0
1548986782 0
1548986783 0
1548986784 0
1548986785 0
1548986786 0
1548986787 0
1548986788 0
1548986789 0
1548986790 0
1548986791 0
1548986792 0
1548986793 0
1548986794 0
1548986795 0
1548986796 0
1548986797 0
1548986798 0
1548986799 0
1548986800 0
1548986801 0
1548986802 0
1548986803 0
1548986804 0
1548986805 0
1548986806 0
1548986807 0
1548986808 0
1548986809 0
1548986810 0
1548986811 0
1548986812 0
1548986813 0
1548986814 0
1548986815 0
1548986816 0
1548986817 0
1548986818 0
1548986819 0
1548986820 0
1548986821 0
1548986822 0
1548986823 0
1548986824 0
1548986825 0
1548986826 0
1548986827 0
1548986828 0
1548986829 0
1548986830 0
1548986831 0
1548986832 0
1548986833 0
1548986834 0
1548986835 0
1548986836 0
1548986837 0
1548986838 0
1548986839 0
1548986840 0
1548986841 0
1548986842 0
1548986843 0
1548986844 0
1548986845 0
1548986846 0
1548986847 0
1548986848 0
1548986849 0
1548986850 0
1548986851 0
1548986852 0
1548986853 0
1548986854 0
1548986855 0
1548986856 0
1548986857 0
1548986858 0
1548986859 0
1548986860 0
1548986861 0
1548986862 0
1548986863 0
1548986864 0
1548986865 0
1548986866 0
1548986867 0
1548986868 0
1548986869 0
1548986870 0
1548986871 0
1548986872 0
1548986873 0
1548986874 0
1548986875 0
1548986876 0
1548986877 0
1548986878 0
1548986879 0
1548986880 0
1548986881 0
1548986882 0
1548986883 0
1548986884 0
1548986885 0
1548986886 0
1548986887 0
1548986888 0
1548986889 0
1548986890 0
1548986891 0
1548986892 0
1548986893 0
1548986894 0
1548986895 0
1548986896 0
1548986897 0
1548986898 0
1548986899 0
1548986900 0
1548986901 0
1548986902 0
1548986903 0
1548986904 0
1548986905 0
1548986906 0
1548986907 0
1548986908 0
1548986909 0
1548986910 0
1548986911 0
1548986912 0
1548986913 0
1548986914 0
1548986915 0
1548986916 0
1548986917 0
1548986918 0
1548986919 0
1548986920 0
1548986921 0
1548986922 0
1548986923 0
1548986924 0
1548986925 0
1548986926 0
1548986927 0
1548986928 0
1548986929 0
1548986930 0
1548986931 0
1548986932 0
1548986933 0
1548986934 0
1548986935 0
1548986936 0
1548986937 0
1548986938 0
1548986939 0
1548986940 0
1548986941 0
1548986942 0
1548986943 0
1548986944 0
1548986945 0
1548986946 0
1548986947 0
1548986948 0
1548986949 0
1548986950 0
1548986951 0
1548986952 0
1548986953 0
1548986954 0
1548986955 0
1548986956 0
1548986957 0
1548986958 0
1548986959 0
1548986960 0
1548986961 0
1548986962 0
1548986963 0
1548986964 0
1548986965 0
1548986966 0
1548986967 0
1548986968 0
1548986969 0
1548986970 0
1548986971 0
1548986972 0
1548986973 0
1548986974 0
1548986975 0
1548986976 0
1548986977 0
1548986978 0
1548986979 0
1548986980 0
1548986981 0
1548986982 0
1548986983 0
1548986984 0
1548986985 0
1548986986 0
1548986987 0
1548986988 0
1548986989 0
1548986990 0
1548986991 0
1548986992 0
1548986993 0
1548986994 0
1548986995 0
1548986996 0
1548986997 0
1548986998 0
1548986999 0
1548987000 0
1548987001 0
1548987002 0
1548987003 0
1548987004 0
1548987005 0
1548987006 0
1548987007 0
1548987008 0
1548987009 0
1548987010 0
1548987011 0
1548987012 0
1548987013 0
1548987014 0
1548987015 0
1548987016 0
1548987017 0
1548987018 0
1548987019 0
1548987020 0
1548987021 0
1548987022 0
1548987023 0
1548987024 0
1548987025 0
1548987026 0
1548987027 0
1548987028 0
1548987029 0
1548987030 0
1548987031 0
1548987032 0
1548987033 0
1548987034 0
1548987035 0
1548987036 0
1548987037 0
1548987038 0
1548987039 0
1548987040 0
1548987041 0
1548987042 0
1548987043 0
1548987044 0
1548987045 0
1548987046 0
1548987047 0
1548987048 0
1548987049 0
1548987050 0
1548987051 0
1548987052 0
1548987053 0
1548987054 0
1548987055 0
1548987056 0
1548987057 0
1548987058 0
1548987059 0
1548987060 0
1548987061 0
1548987062 0
1548987063 0
1548987064 0
1548987065 0
1548987066 0
1548987067 0
1548987068 0
1548987069 0
1548987070 0
1548987071 0
1548987072 0
1548987073 0
1548987074 0
1548987075 0
1548987076 0
1548987077 0
1548987078 0
1548987079 0
1548987080 0
1548987081 0
1548987082 0
1548987083 0
1548987084 0
1548987085 0
1548987086 0
1548987087 0
1548987088 0
1548987089 0
1548987090 0
1548987091 0
1548987092 0
1548987093 0
1548987094 0
1548987095 0
1548987096 0
1548987097 0
1548987098 0
1548987099 0
1548987100 0
1548987101 0
1548987102 0
1548987103 0
1548987104 0
1548987105 0
1548987106 0
1548987107 0
1548987108 0
1548987109 0
1548987110 0
1548987111 0
1548987112 0
1548987113 0
1548987114 0
1548987115 0
1548987116 0
1548987117 0
1548987118 0
1548987119 0
1548987120 0
1548987121 0
1548987122 0
1548987123 0
1548987124 0
1548987125 0
1548987126 0
1548987127 0
1548987128 0
1548987129 0
1548987130 0
1548987131 0
1548987132 0
1548987133 0
1548987134 0
1548987135 0
1548987136 0
1548987137 0
1548987138 0
1548987139 0
1548987140 0
1548987141 0
1548987142 0
1548987143 0
1548987144 0
1548987145 0
1548987146 0
1548987147 0
1548987148 0
1548987149 0
1548987150 0
1548987151 0
1548987152 0
1548987153 0
1548987154 0
1548987155 0
1548987156 0
1548987157 0
1548987158 0
1548987159 0
1548987160 0
1548987161 0
1548987162 0
1548987163 0
1548987164 0
1548987165 0
1548987166 0
1548987167 0
1548987168 0
1548987169 0
1548987170 0
1548987171 0
1548987172 0
1548987173 0
1548987174 0
1548987175 0
1548987176 0
1548987177 0
1548987178 0
1548987179 0
1548987180 0
1548987181 0
1548987182 0
1548987183 0
1548987184 0
1548987185 0
1548987186 0
1548987187 0
1548987188 0
1548987189 0
1548987190 0
1548987191 0
1548987192 0
1548987193 0
1548987194 0
1548987195 0
1548987196 0
1548987197 0
1548987198 0
1548987199 0
1548987200 0
1548987201 0
1548987202 0
1548987203 0
1548987204 0
1548987205 0
1548987206 0
1548987207 0
1548987208 0
1548987209 0
1548987210 0
1548987211 0
1548987212 0
1548987213 0
1548987214 0
1548987215 0
1548987216 0
1548987217 0
1548987218 0
1548987219 0
1548987220 0
1548987221 0
1548987222 0
1548987223 0
1548987224 0
1548987225 0
1548987226 0
1548987227 0
1548987228 0
1548987229 0
1548987230 0
1548987231 0
1548987232 0
1548987233 0
1548987234 0
1548987235 0
1548987236 0
1548987237 0
1548987238 0
1548987239 0
1548987240 0
1548987241 0
1548987242 0
1548987243 0
1548987244 0
1548987245 0
1548987246 0
1548987247 0
1548987248 0
1548987249 0
1548987250 0
1548987251 0
1548987252 0
1548987253 0
1548987254 0
1548987255 0
1548987256 0
1548987257 0
1548987258 0
1548987259 0
1548987260 0
1548987261 0
1548987262 0
1548987263 0
1548987264 0
1548987265 0
1548987266 0
1548987267 0
1548987268 0
1548987269 0
1548987270 0
1548987271 0
1548987272 0
1548987273 0
1548987274 0
1548987275 0
1548987276 0
1548987277 0
1548987278 0
1548987279 0
1548987280 0
1548987281 0
1548987282 0
1548987283 0
1548987284 0
1548987285 0
1548987286 0
1548987287 0
1548987288 0
1548987289 0
1548987290 0
1548987291 0
1548987292 0
1548987293 0
1548987294 0
1548987295 0
1548987296 0
1548987297 0
1548987298 0
1548987299 0
1548987300 0
1548987301 0
1548987302 0
1548987303 0
1548987304 0
1548987305 0
1548987306 0
1548987307 0
1548987308 0
1548987309 0
1548987310 0
1548987311 0
1548987312 0
1548987313 0
1548987314 0
1548987315 0
1548987316 0
1548987317 0
1548987318 0
1548987319 0
1548987320 0
1548987321 0
1548987322 0
1548987323 0
1548987324 0
1548987325 0
1548987326 0
1548987327 0
1548987328 0
1548987329 0
1548987330 0
1548987331 0
1548987332 0
1548987333 0
1548987334 0
1548987335 0
1548987336 0
1548987337 0
1548987338 0
1548987339 0
1548987340 0
1548987341 0
1548987342 0
1548987343 0
1548987344 0
1548987345 0
1548987346 0
1548987347 0
1548987348 0
1548987349 0
1548987350 0
1548987351 0
1548987352 0
1548987353 0
1548987354 0
1548987355 0
1548987356 0
1548987357 0
1548987358 0
1548987359 0
1548987360 0
1548987361 0
1548987362 0
1548987363 0
1548987364 0
1548987365 0
1548987366 0
1548987367 0
1548987368 0
1548987369 0
1548987370 0
1548987371 0
1548987372 0
1548987373 0
1548987374 0
1548987375 0
1548987376 0
1548987377 0
1548987378 0
1548987379 0
1548987380 0
1548987381 0
1548987382 0
1548987383 0
1548987384 0
1548987385 0
1548987386 0
1548987387 0
1548987388 0
1548987389 0
1548987390 0
1548987391 0
1548987392 0
1548987393 0
1548987394 0
1548987395 0
1548987396 0
1548987397 0
1548987398 0
1548987399 0
1548987400 0
1548987401 0
1548987402 0
1548987403 0
1548987404 0
1548987405 0
1548987406 0
1548987407 0
1548987408 0
1548987409 0
1548987410 0
1548987411 0
1548987412 0
1548987413 0
1548987414 0
1548987415 0
1548987416 0
1548987417 0
1548987418 0
1548987419 0
1548987420 0
1548987421 0
1548987422 0
1548987423 0
1548987424 0
1548987425 0
1548987426 0
1548987427 0
1548987428 0
1548987429 0
1548987430 0
1548987431 0
1548987432 0
1548987433 0
1548987434 0
1548987435 0
1548987436 0
1548987437 0
1548987438 0
1548987439 0
1548987440 0
1548987441 0
1548987442 0
1548987443 0
1548987444 0
1548987445 0
1548987446 0
1548987447 0
1548987448 0
1548987449 0
1548987450 0
1548987451 0
1548987452 0
1548987453 0
1548987454 0
1548987455 0
1548987456 0
1548987457 0
1548987458 0
1548987459 0
1548987460 0
1548987461 0
1548987462 0
1548987463 0
1548987464 0
1548987465 0
1548987466 0
1548987467 0
1548987468 0
1548987469 0
1548987470 0
1548987471 0
1548987472 0
1548987473 0
1548987474 0
1548987475 0
1548987476 0
1548987477 0
1548987478 0
1548987479 0
1548987480 0
1548987481 0
1548987482 0
1548987483 0
1548987484 0
1548987485 0
1548987486 0
1548987487 0
1548987488 0
1548987489 0
1548987490 0
1548987491 0
1548987492 0
1548987493 0
1548987494 0
1548987495 0
1548987496 0
1548987497 0
1548987498 0
1548987499 0
1548987500 0
1548987501 0
1548987502 0
1548987503 0
1548987504 0
1548987505 0
1548987506 0
1548987507 0
1548987508 0
1548987509 0
1548987510 0
1548987511 0
1548987512 0
1548987513 0
1548987514 0
1548987515 0
1548987516 0
1548987517 0
1548987518 0
1548987519 0
1548987520 0
1548987521 0
1548987522 0
1548987523 0
1548987524 0
1548987525 0
1548987526 0
1548987527 0
1548987528 0
1548987529 0
1548987530 0
1548987531 0
1548987532 0
1548987533 0
1548987534 0
1548987535 0
1548987536 0
1548987537 0
1548987538 0
1548987539 0
1548987540 0
1548987541 0
1548987542 0
1548987543 0
1548987544 0
1548987545 0
1548987546 0
1548987547 0
1548987548 0
1548987549 0
1548987550 0
1548987551 0
1548987552 0
1548987553 0
1548987554 0
1548987555 0
1548987556 0
1548987557 0
1548987558 0
1548987559 0
1548987560 0
1548987561 0
1548987562 0
1548987563 0
1548987564 0
1548987565 0
1548987566 0
1548987567 0
1548987568 0
1548987569 0
1548987570 0
1548987571 0
1548987572 0
1548987573 0
1548987574 0
1548987575 0
1548987576 0
1548987577 0
1548987578 0
1548987579 0
1548987580 0
1548987581 0
1548987582 0
1548987583 0
1548987584 0
1548987585 0
1548987586 0
1548987587 0
1548987588 0
1548987589 0
1548987590 0
1548987591 0
1548987592 0
1548987593 0
1548987594 0
1548987595 0
1548987596 0
1548987597 0
1548987598 0
1548987599 0
1548987600 0
1548987601 0
1548987602 0
1548987603 0
1548987604 0
1548987605 0
1548987606 0
1548987607 0
1548987608 0
1548987609 0
1548987610 0
1548987611 0
1548987612 0
1548987613 0
1548987614 0
1548987615 0
1548987616 0
1548987617 0
1548987618 0
1548987619 0
1548987620 0
1548987621 0
1548987622 0
1548987623 0
1548987624 0
1548987625 0
1548987626 0
1548987627 0
1548987628 0
1548987629 0
1548987630 0
1548987631 0
1548987632 0
1548987633 0
1548987634 0
1548987635 0
1548987636 0
1548987637 0
1548987638 0
1548987639 0
1548987640 0
1548987641 0
1548987642 0
1548987643 0
1548987644 0
1548987645 0
1548987646 0
1548987647 0
1548987648 0
1548987649 0
1548987650 0
1548987651 0
1548987652 0
1548987653 0
1548987654 0
1548987655 0
1548987656 0
1548987657 0
1548987658 0
1548987659 0
1548987660 0
1548987661 0
1548987662 0
1548987663 0
1548987664 0
1548987665 0
1548987666 0
1548987667 0
1548987668 0
1548987669 0
1548987670 0
1548987671 0
1548987672 0
1548987673 0
1548987674 0
1548987675 0
1548987676 0
1548987677 0
1548987678 0
1548987679 0
1548987680 0
1548987681 0
1548987682 0
1548987683 0
1548987684 0
1548987685 0
1548987686 0
1548987687 0
1548987688 0
1548987689 0
1548987690 0
1548987691 0
1548987692 0
1548987693 0
1548987694 0
1548987695 0
1548987696 0
1548987697 0
1548987698 0
1548987699 0
1548987700 0
1548987701 0
1548987702 0
1548987703 0
1548987704 0
1548987705 0
1548987706 0
1548987707 0
1548987708 0
1548987709 0
1548987710 0
1548987711 0
1548987712 0
1548987713 0
1548987714 0
1548987715 0
1548987716 0
1548987717 0
1548987718 0
1548987719 0
1548987720 0
1548987721 0
1548987722 0
1548987723 0
1548987724 0
1548987725 0
1548987726 0
1548987727 0
1548987728 0
1548987729 0
1548987730 0
1548987731 0
1548987732 0
1548987733 0
1548987734 0
1548987735 0
1548987736 0
1548987737 0
1548987738 0
1548987739 0
1548987740 0
1548987741 0
1548987742 0
1548987743 0
1548987744 0
1548987745 0
1548987746 0
1548987747 0
1548987748 0
1548987749 0
1548987750 0
1548987751 0
1548987752 0
1548987753 0
1548987754 0
1548987755 0
1548987756 0
1548987757 0
1548987758 0
1548987759 0
1548987760 0
1548987761 0
1548987762 0
1548987763 0
1548987764 0
1548987765 0
1548987766 0
1548987767 0
1548987768 0
1548987769 0
1548987770 0
1548987771 0
1548987772 0
1548987773 0
1548987774 0
1548987775 0
1548987776 0
1548987777 0
1548987778 0
1548987779 0
1548987780 0
1548987781 0
1548987782 0
1548987783 0
1548987784 0
1548987785 0
1548987786 0
1548987787 0
1548987788 0
1548987789 0
1548987790 0
1548987791 0
1548987792 0
1548987793 0
1548987794 0
1548987795 0
1548987796 0
1548987797 0
1548987798 0
1548987799 0
1548987800 0
1548987801 0
1548987802 0
1548987803 0
1548987804 0
1548987805 0
1548987806 0
1548987807 0
1548987808 0
1548987809 0
1548987810 0
1548987811 0
1548987812 0
1548987813 0
1548987814 0
1548987815 0
1548987816 0
1548987817 0
1548987818 0
1548987819 0
1548987820 0
1548987821 0
1548987822 0
1548987823 0
1548987824 0
1548987825 0
1548987826 0
1548987827 0
1548987828 0
1548987829 0
1548987830 0
1548987831 0
1548987832 0
1548987833 0
1548987834 0
1548987835 0
1548987836 0
1548987837 0
1548987838 0
1548987839 0
1548987840 0
1548987841 0
1548987842 0
1548987843 0
1548987844 0
1548987845 0
1548987846 0
1548987847 0
1548987848 0
1548987849 0
1548987850 0
1548987851 0
1548987852 0
1548987853 0
1548987854 0
1548987855 0
1548987856 0
1548987857 0
1548987858 0
1548987859 0
1548987860 0
1548987861 0
1548987862 0
1548987863 0
1548987864 0
1548987865 0
1548987866 0
1548987867 0
1548987868 0
1548987869 0
1548987870 0
1548987871 0
1548987872 0
1548987873 0
1548987874 0
1548987875 0
1548987876 0
1548987877 0
1548987878 0
1548987879 0
1548987880 0
1548987881 0
1548987882 0
1548987883 0
1548987884 0
1548987885 0
1548987886 0
1548987887 0
1548987888 0
1548987889 0
1548987890 0
1548987891 0
1548987892 0
1548987893 0
1548987894 0
1548987895 0
1548987896 0
1548987897 0
1548987898 0
1548987899 0
1548987900 0
1548987901 0
1548987902 0
1548987903 0
1548987904 0
1548987905 0
1548987906 0
1548987907 0
1548987908 0
1548987909 0
1548987910 0
1548987911 0
1548987912 0
1548987913 0
1548987914 0
1548987915 0
1548987916 0
1548987917 0
1548987918 0
1548987919 0
1548987920 0
1548987921 0
1548987922 0
1548987923 0
1548987924 0
1548987925 0
1548987926 0
1548987927 0
1548987928 0
1548987929 0
1548987930 0
1548987931 0
1548987932 0
1548987933 0
1548987934 0
1548987935 0
1548987936 0
1548987937 0
1548987938 0
1548987939 0
1548987940 0
1548987941 0
1548987942 0
1548987943 0
1548987944 0
1548987945 0
1548987946 0
1548987947 0
1548987948 0
1548987949 0
1548987950 0
1548987951 0
1548987952 0
1548987953 0
1548987954 0
1548987955 0
1548987956 0
1548987957 0
1548987958 0
1548987959 0
1548987960 0
1548987961 0
1548987962 0
1548987963 0
1548987964 0
1548987965 0
1548987966 0
1548987967 0
1548987968 0
1548987969 0
1548987970 0
1548987971 0
1548987972 0
1548987973 0
1548987974 0
1548987975 0
1548987976 0
1548987977 0
1548987978 0
1548987979 0
1548987980 0
1548987981 0
1548987982 0
1548987983 0
1548987984 0
1548987985 0
1548987986 0
1548987987 0
1548987988 0
1548987989 0
1548987990 0
1548987991 0
1548987992 0
1548987993 0
1548987994 0
1548987995 0
1548987996 0
1548987997 0
1548987998 0
1548987999 0
1548988000 0
1548988001 0
1548988002 0
1548988003 0
1548988004 0
1548988005 0
1548988006 0
1548988007 0
1548988008 0
1548988009 0
1548988010 0
1548988011 0
1548988012 0
1548988013 0
1548988014 0
1548988015 0
1548988016 0
1548988017 0
1548988018 0
1548988019 0
1548988020 0
1548988021 0
1548988022 0
1548988023 0
1548988024 0
1548988025 0
1548988026 0
1548988027 0
1548988028 0
1548988029 0
1548988030 0
1548988031 0
1548988032 0
1548988033 0
1548988034 0
1548988035 0
1548988036 0
1548988037 0
1548988038 0
1548988039 0
1548988040 0
1548988041 0
1548988042 0
1548988043 0
1548988044 0
1548988045 0
1548988046 0
1548988047 0
1548988048 0
1548988049 0
1548988050 0
1548988051 0
1548988052 0
1548988053 0
1548988054 0
1548988055 0
1548988056 0
1548988057 0
1548988058 0
1548988059 0
1548988060 0
1548988061 0
1548988062 0
1548988063 0
1548988064 0
1548988065 0
1548988066 0
1548988067 0
1548988068 0
1548988069 0
1548988070 0
1548988071 0
1548988072 0
1548988073 0
1548988074 0
1548988075 0
1548988076 0
1548988077 0
1548988078 0
1548988079 0
1548988080 0
1548988081 0
1548988082 0
1548988083 0
1548988084 0
1548988085 0
1548988086 0
1548988087 0
1548988088 0
1548988089 0
1548988090 0
1548988091 0
1548988092 0
1548988093 0
1548988094 0
1548988095 0
1548988096 0
1548988097 0
1548988098 0
1548988099 0
1548988100 0
1548988101 0
1548988102 0
1548988103 0
1548988104 0
1548988105 0
1548988106 0
1548988107 0
1548988108 0
1548988109 0
1548988110 0
1548988111 0
1548988112 0
1548988113 0
1548988114 0
1548988115 0
1548988116 0
1548988117 0
1548988118 0
1548988119 0
1548988120 0
1548988121 0
1548988122 0
1548988123 0
1548988124 0
1548988125 0
1548988126 0
1548988127 0
1548988128 0
1548988129 0
1548988130 0
1548988131 0
1548988132 0
1548988133 0
1548988134 0
1548988135 0
1548988136 0
1548988137 0
1548988138 0
1548988139 0
1548988140 0
1548988141 0
1548988142 0
1548988143 0
1548988144 0
1548988145 0
1548988146 0
1548988147 0
1548988148 0
1548988149 0
1548988150 0
1548988151 0
1548988152 0
1548988153 0
1548988154 0
1548988155 0
1548988156 0
1548988157 0
1548988158 0
1548988159 0
1548988160 0
1548988161 0
1548988162 0
1548988163 0
1548988164 0
1548988165 0
1548988166 0
1548988167 0
1548988168 0
1548988169 0
1548988170 0
1548988171 0
1548988172 0
1548988173 0
1548988174 0
1548988175 0
1548988176 0
1548988177 0
1548988178 0
1548988179 0
1548988180 0
1548988181 0
1548988182 0
1548988183 0
1548988184 0
1548988185 0
1548988186 0
1548988187 0
1548988188 0
1548988189 0
1548988190 0
1548988191 0
1548988192 0
1548988193 0
1548988194 0
1548988195 0
1548988196 0
1548988197 0
1548988198 0
1548988199 0
1548988200 0
1548988201 0
1548988202 0
1548988203 0
1548988204 0
1548988205 0
1548988206 0
1548988207 0
1548988208 0
1548988209 0
1548988210 0
1548988211 0
1548988212 0
1548988213 0
1548988214 0
1548988215 0
1548988216 0
1548988217 0
1548988218 0
1548988219 0
1548988220 0
1548988221 0
1548988222 0
1548988223 0
1548988224 0
1548988225 0
1548988226 0
1548988227 0
1548988228 0
1548988229 0
1548988230 0
1548988231 0
1548988232 0
1548988233 0
1548988234 0
1548988235 0
1548988236 0
1548988237 0
1548988238 0
1548988239 0
1548988240 0
1548988241 0
1548988242 0
1548988243 0
1548988244 0
1548988245 0
1548988246 0
1548988247 0
1548988248 0
1548988249 0
1548988250 0
1548988251 0
1548988252 0
1548988253 0
1548988254 0
1548988255 0
1548988256 0
1548988257 0
1548988258 0
1548988259 0
1548988260 0
1548988261 0
1548988262 0
1548988263 0
1548988264 0
1548988265 0
1548988266 0
1548988267 0
1548988268 0
1548988269 0
1548988270 0
1548988271 0
1548988272 0
1548988273 0
1548988274 0
1548988275 0
1548988276 0
1548988277 0
1548988278 0
1548988279 0
1548988280 0
1548988281 0
1548988282 0
1548988283 0
1548988284 0
1548988285 0
1548988286 0
1548988287 0
1548988288 0
1548988289 0
1548988290 0
1548988291 0
1548988292 0
1548988293 0
1548988294 0
1548988295 0
1548988296 0
1548988297 0
1548988298 0
1548988299 0
1548988300 0
1548988301 0
1548988302 0
1548988303 0
1548988304 0
1548988305 0
1548988306 0
1548988307 0
1548988308 0
1548988309 0
1548988310 0
1548988311 0
1548988312 0
1548988313 0
1548988314 0
1548988315 0
1548988316 0
1548988317 0
1548988318 0
1548988319 0
1548988320 0
1548988321 0
1548988322 0
1548988323 0
1548988324 0
1548988325 0
1548988326 0
1548988327 0
1548988328 0
1548988329 0
1548988330 0
1548988331 0
1548988332 0
1548988333 0
1548988334 0
1548988335 0
1548988336 0
1548988337 0
1548988338 0
1548988339 0
1548988340 0
1548988341 0
1548988342 0
1548988343 0
1548988344 0
1548988345 0
1548988346 0
1548988347 0
1548988348 0
1548988349 0
1548988350 0
1548988351 0
1548988352 0
1548988353 0
1548988354 0
1548988355 0
1548988356 0
1548988357 0
1548988358 0
1548988359 0
1548988360 0
1548988361 0
1548988362 0
1548988363 0
1548988364 0
1548988365 0
1548988366 0
1548988367 0
1548988368 0
1548988369 0
1548988370 0
1548988371 0
1548988372 0
1548988373 0
1548988374 0
1548988375 0
1548988376 0
1548988377 0
1548988378 0
1548988379 0
1548988380 0
1548988381 0
1548988382 0
1548988383 0
1548988384 0
1548988385 0
1548988386 0
1548988387 0
1548988388 0
1548988389 0
1548988390 0
1548988391 0
1548988392 0
1548988393 0
1548988394 0
1548988395 0
1548988396 0
1548988397 0
1548988398 0
1548988399 0
1548988400 0
1548988401 0
1548988402 0
1548988403 0
1548988404 0
1548988405 0
1548988406 0
1548988407 0
1548988408 0
1548988409 0
1548988410 0
1548988411 0
1548988412 0
1548988413 0
1548988414 0
1548988415 0
1548988416 0
1548988417 0
1548988418 0
1548988419 0
1548988420 0
1548988421 0
1548988422 0
1548988423 0
1548988424 0
1548988425 0
1548988426 0
1548988427 0
1548988428 0
1548988429 0
1548988430 0
1548988431 0
1548988432 0
1548988433 0
1548988434 0
1548988435 0
1548988436 0
1548988437 0
1548988438 0
1548988439 0
1548988440 0
1548988441 0
1548988442 0
1548988443 0
1548988444 0
1548988445 0
1548988446 0
1548988447 0
1548988448 0
1548988449 0
1548988450 0
1548988451 0
1548988452 0
1548988453 0
1548988454 0
1548988455 0
1548988456 0
1548988457 0
1548988458 0
1548988459 0
1548988460 0
1548988461 0
1548988462 0
1548988463 0
1548988464 0
1548988465 0
1548988466 0
1548988467 0
1548988468 0
1548988469 0
1548988470 0
1548988471 0
1548988472 0
1548988473 0
1548988474 0
1548988475 0
1548988476 0
1548988477 0
1548988478 0
1548988479 0
1548988480 0
1548988481 0
1548988482 0
1548988483 0
1548988484 0
1548988485 0
1548988486 0
1548988487 0
1548988488 0
1548988489 0
1548988490 0
1548988491 0
1548988492 0
1548988493 0
1548988494 0
1548988495 0
1548988496 0
1548988497 0
1548988498 0
1548988499 0
1548988500 0
1548988501 0
1548988502 0
1548988503 0
1548988504 0
1548988505 0
1548988506 0
1548988507 0
1548988508 0
1548988509 0
1548988510 0
1548988511 0
1548988512 0
1548988513 0
1548988514 0
1548988515 0
1548988516 0
1548988517 0
1548988518 0
1548988519 0
1548988520 0
1548988521 0
1548988522 0
1548988523 0
1548988524 0
1548988525 0
1548988526 0
1548988527 0
1548988528 0
1548988529 0
1548988530 0
1548988531 0
1548988532 0
1548988533 0
1548988534 0
1548988535 0
1548988536 0
1548988537 0
1548988538 0
1548988539 0
1548988540 0
1548988541 0
1548988542 0
1548988543 0
1548988544 0
1548988545 0
1548988546 0
1548988547 0
1548988548 0
1548988549 0
1548988550 0
1548988551 0
1548988552 0
1548988553 0
1548988554 0
1548988555 0
1548988556 0
1548988557 0
1548988558 0
1548988559 0
1548988560 0
1548988561 0
1548988562 0
1548988563 0
1548988564 0
1548988565 0
1548988566 0
1548988567 0
1548988568 0
1548988569 0
1548988570 0
1548988571 0
1548988572 0
1548988573 0
1548988574 0
1548988575 0
1548988576 0
1548988577 0
1548988578 0
1548988579 0
1548988580 0
1548988581 0
1548988582 0
1548988583 0
1548988584 0
1548988585 0
1548988586 0
1548988587 0
1548988588 0
1548988589 0
1548988590 0
1548988591 0
1548988592 0
1548988593 0
1548988594 0
1548988595 0
1548988596 0
1548988597 0
1548988598 0
1548988599 0
1548988600 0
1548988601 0
1548988602 0
1548988603 0
1548988604 0
1548988605 0
1548988606 0
1548988607 0
1548988608 0
1548988609 0
1548988610 0
1548988611 0
1548988612 0
1548988613 0
1548988614 0
1548988615 0
1548988616 0
1548988617 0
1548988618 0
1548988619 0
1548988620 0
1548988621 0
1548988622 0
1548988623 0
1548988624 0
1548988625 0
1548988626 0
1548988627 0
1548988628 0
1548988629 0
1548988630 0
1548988631 0
1548988632 0
1548988633 0
1548988634 0
1548988635 0
1548988636 0
1548988637 0
1548988638 0
1548988639 0
1548988640 0
1548988641 0
1548988642 0
1548988643 0
1548988644 0
1548988645 0
1548988646 0
1548988647 0
1548988648 0
1548988649 0
1548988650 0
1548988651 0
1548988652 0
1548988653 0
1548988654 0
1548988655 0
1548988656 0
1548988657 0
1548988658 0
1548988659 0
1548988660 0
1548988661 0
1548988662 0
1548988663 0
1548988664 0
1548988665 0
1548988666 0
1548988667 0
1548988668 0
1548988669 0
1548988670 0
1548988671 0
1548988672 0
1548988673 0
1548988674 0
1548988675 0
1548988676 0
1548988677 0
1548988678 0
1548988679 0
1548988680 0
1548988681 0
1548988682 0
1548988683 0
1548988684 0
1548988685 0
1548988686 0
1548988687 0
1548988688 0
1548988689 0
1548988690 0
1548988691 0
1548988692 0
1548988693 0
1548988694 0
1548988695 0
1548988696 0
1548988697 0
1548988698 0
1548988699 0
1548988700 0
1548988701 0
1548988702 0
1548988703 0
1548988704 0
1548988705 0
1548988706 0
1548988707 0
1548988708 0
1548988709 0
1548988710 0
1548988711 0
1548988712 0
1548988713 0
1548988714 0
1548988715 0
1548988716 0
1548988717 0
1548988718 0
1548988719 0
1548988720 0
1548988721 0
1548988722 0
1548988723 0
1548988724 0
1548988725 0
1548988726 0
1548988727 0
1548988728 0
1548988729 0
1548988730 0
1548988731 0
1548988732 0
1548988733 0
1548988734 0
1548988735 0
1548988736 0
1548988737 0
1548988738 0
1548988739 0
1548988740 0
1548988741 0
1548988742 0
1548988743 0
1548988744 0
1548988745 0
1548988746 0
1548988747 0
1548988748 0
1548988749 0
1548988750 0
1548988751 0
1548988752 0
1548988753 0
1548988754 0
1548988755 0
1548988756 0
1548988757 0
1548988758 0
1548988759 0
1548988760 0
1548988761 0
1548988762 0
1548988763 0
1548988764 0
1548988765 0
1548988766 0
1548988767 0
1548988768 0
1548988769 0
1548988770 0
1548988771 0
1548988772 0
1548988773 0
1548988774 0
1548988775 0
1548988776 0
1548988777 0
1548988778 0
1548988779 0
1548988780 0
1548988781 0
1548988782 0
1548988783 0
1548988784 0
1548988785 0
1548988786 0
1548988787 0
1548988788 0
1548988789 0
1548988790 0
1548988791 0
1548988792 0
1548988793 0
1548988794 0
1548988795 0
1548988796 0
1548988797 0
1548988798 0
1548988799 0
1548988800 0
1548988801 0
1548988802 0
1548988803 0
1548988804 0
1548988805 0
1548988806 0
1548988807 0
1548988808 0
1548988809 0
1548988810 0
1548988811 0
1548988812 0
1548988813 0
1548988814 0
1548988815 0
1548988816 0
1548988817 0
1548988818 0
1548988819 0
1548988820 0
1548988821 0
1548988822 0
1548988823 0
1548988824 0
1548988825 0
1548988826 0
1548988827 0
1548988828 0
1548988829 0
1548988830 0
1548988831 0
1548988832 0
1548988833 0
1548988834 0
1548988835 0
1548988836 0
1548988837 0
1548988838 0
1548988839 0
1548988840 0
1548988841 0
1548988842 0
1548988843 0
1548988844 0
1548988845 0
1548988846 0
1548988847 0
1548988848 0
1548988849 0
1548988850 0
1548988851 0
1548988852 0
1548988853 0
1548988854 0
1548988855 0
1548988856 0
1548988857 0
1548988858 0
1548988859 0
1548988860 0
1548988861 0
1548988862 0
1548988863 0
1548988864 0
1548988865 0
1548988866 0
1548988867 0
1548988868 0
1548988869 0
1548988870 0
1548988871 0
1548988872 0
1548988873 0
1548988874 0
1548988875 0
1548988876 0
1548988877 0
1548988878 0
1548988879 0
1548988880 0
1548988881 0
1548988882 0
1548988883 0
1548988884 0
1548988885 0
1548988886 0
1548988887 0
1548988888 0
1548988889 0
1548988890 0
1548988891 0
1548988892 0
1548988893 0
1548988894 0
1548988895 0
1548988896 0
1548988897 0
1548988898 0
1548988899 0
1548988900 0
1548988901 0
1548988902 0
1548988903 0
1548988904 0
1548988905 0
1548988906 0
1548988907 0
1548988908 0
1548988909 0
1548988910 0
1548988911 0
1548988912 0
1548988913 0
1548988914 0
1548988915 0
1548988916 0
1548988917 0
1548988918 0
1548988919 0
1548988920 0
1548988921 0
1548988922 0
1548988923 0
1548988924 0
1548988925 0
1548988926 0
1548988927 0
1548988928 0
1548988929 0
1548988930 0
1548988931 0
1548988932 0
1548988933 0
1548988934 0
1548988935 0
1548988936 0
1548988937 0
1548988938 0
1548988939 0
1548988940 0
1548988941 0
1548988942 0
1548988943 0
1548988944 0
1548988945 0
1548988946 0
1548988947 0
1548988948 0
1548988949 0
1548988950 0
1548988951 0
1548988952 0
1548988953 0
1548988954 0
1548988955 0
1548988956 0
1548988957 0
1548988958 0
1548988959 0
1548988960 0
1548988961 0
1548988962 0
1548988963 0
1548988964 0
1548988965 0
1548988966 0
1548988967 0
1548988968 0
1548988969 0
1548988970 0
1548988971 0
1548988972 0
1548988973 0
1548988974 0
1548988975 0
1548988976 0
1548988977 0
1548988978 0
1548988979 0
1548988980 0
1548988981 0
1548988982 0
1548988983 0
1548988984 0
1548988985 0
1548988986 0
1548988987 0
1548988988 0
1548988989 0
1548988990 0
1548988991 0
1548988992 0
1548988993 0
1548988994 0
1548988995 0
1548988996 0
1548988997 0
1548988998 0
1548988999 0
1548989000 0
1548989001 0
1548989002 0
1548989003 0
1548989004 0
1548989005 0
1548989006 0
1548989007 0
1548989008 0
1548989009 0
1548989010 0
1548989011 0
1548989012 0
1548989013 0
1548989014 0
1548989015 0
1548989016 0
1548989017 0
1548989018 0
1548989019 0
1548989020 0
1548989021 0
1548989022 0
1548989023 0
1548989024 0
1548989025 0
1548989026 0
1548989027 0
1548989028 0
1548989029 0
1548989030 0
1548989031 0
1548989032 0
1548989033 0
1548989034 0
1548989035 0
1548989036 0
1548989037 0
1548989038 0
1548989039 0
1548989040 0
1548989041 0
1548989042 0
1548989043 0
1548989044 0
1548989045 0
1548989046 0
1548989047 0
1548989048 0
1548989049 0
1548989050 0
1548989051 0
1548989052 0
1548989053 0
1548989054 0
1548989055 0
1548989056 0
1548989057 0
1548989058 0
1548989059 0
1548989060 0
1548989061 0
1548989062 0
1548989063 0
1548989064 0
1548989065 0
1548989066 0
1548989067 0
1548989068 0
1548989069 0
1548989070 0
1548989071 0
1548989072 0
1548989073 0
1548989074 0
1548989075 0
1548989076 0
1548989077 0
1548989078 0
1548989079 0
1548989080 0
1548989081 0
1548989082 0
1548989083 0
1548989084 0
1548989085 0
1548989086 0
1548989087 0
1548989088 0
1548989089 0
1548989090 0
1548989091 0
1548989092 0
1548989093 0
1548989094 0
1548989095 0
1548989096 0
1548989097 0
1548989098 0
1548989099 0
1548989100 0
1548989101 0
1548989102 0
1548989103 0
1548989104 0
1548989105 0
1548989106 0
1548989107 0
1548989108 0
1548989109 0
1548989110 0
1548989111 0
1548989112 0
1548989113 0
1548989114 0
1548989115 0
1548989116 0
1548989117 0
1548989118 0
1548989119 0
1548989120 0
1548989121 0
1548989122 0
1548989123 0
1548989124 0
1548989125 0
1548989126 0
1548989127 0
1548989128 0
1548989129 0
1548989130 0
1548989131 0
1548989132 0
1548989133 0
1548989134 0
1548989135 0
1548989136 0
1548989137 0
1548989138 0
1548989139 0
1548989140 0
1548989141 0
1548989142 0
1548989143 0
1548989144 0
1548989145 0
1548989146 0
1548989147 0
1548989148 0
1548989149 0
1548989150 0
1548989151 0
1548989152 0
1548989153 0
1548989154 0
1548989155 0
1548989156 0
1548989157 0
1548989158 0
1548989159 0
1548989160 0
1548989161 0
1548989162 0
1548989163 0
1548989164 0
1548989165 0
1548989166 0
1548989167 0
1548989168 0
1548989169 0
1548989170 0
1548989171 0
1548989172 0
1548989173 0
1548989174 0
1548989175 0
1548989176 0
1548989177 0
1548989178 0
1548989179 0
1548989180 0
1548989181 0
1548989182 0
1548989183 0
1548989184 0
1548989185 0
1548989186 0
1548989187 0
1548989188 0
1548989189 0
1548989190 0
1548989191 0
1548989192 0
1548989193 0
1548989194 0
1548989195 0
1548989196 0
1548989197 0
1548989198 0
1548989199 0
1548989200 0
1548989201 0
1548989202 0
1548989203 0
1548989204 0
1548989205 0
1548989206 0
1548989207 0
1548989208 0
1548989209 0
1548989210 0
1548989211 0
1548989212 0
1548989213 0
1548989214 0
1548989215 0
1548989216 0
1548989217 0
1548989218 0
1548989219 0
1548989220 0
1548989221 0
1548989222 0
1548989223 0
1548989224 0
1548989225 0
1548989226 0
1548989227 0
1548989228 0
1548989229 0
1548989230 0
1548989231 0
1548989232 0
1548989233 0
1548989234 0
1548989235 0
1548989236 0
1548989237 0
1548989238 0
1548989239 0
1548989240 0
1548989241 0
1548989242 0
1548989243 0
1548989244 0
1548989245 0
1548989246 0
1548989247 0
1548989248 0
1548989249 0
1548989250 0
1548989251 0
1548989252 0
1548989253 0
1548989254 0
1548989255 0
1548989256 0
1548989257 0
1548989258 0
1548989259 0
1548989260 0
1548989261 0
1548989262 0
1548989263 0
1548989264 0
1548989265 0
1548989266 0
1548989267 0
1548989268 0
1548989269 0
1548989270 0
1548989271 0
1548989272 0
1548989273 0
1548989274 0
1548989275 0
1548989276 0
1548989277 0
1548989278 0
1548989279 0
1548989280 0
1548989281 0
1548989282 0
1548989283 0
1548989284 0
1548989285 0
1548989286 0
1548989287 0
1548989288 0
1548989289 0
1548989290 0
1548989291 0
1548989292 0
1548989293 0
1548989294 0
1548989295 0
1548989296 0
1548989297 0
1548989298 0
1548989299 0
1548989300 0
1548989301 0
1548989302 0
1548989303 0
1548989304 0
1548989305 0
1548989306 0
1548989307 0
1548989308 0
1548989309 0
1548989310 0
1548989311 0
1548989312 0
1548989313 0
1548989314 0
1548989315 0
1548989316 0
1548989317 0
1548989318 0
1548989319 0
1548989320 0
1548989321 0
1548989322 0
1548989323 0
1548989324 0
1548989325 0
1548989326 0
1548989327 0
1548989328 0
1548989329 0
1548989330 0
1548989331 0
1548989332 0
1548989333 0
1548989334 0
1548989335 0
1548989336 0
1548989337 0
1548989338 0
1548989339 0
1548989340 0
1548989341 0
1548989342 0
1548989343 0
1548989344 0
1548989345 0
1548989346 0
1548989347 0
1548989348 0
1548989349 0
1548989350 0
1548989351 0
1548989352 0
1548989353 0
1548989354 0
1548989355 0
1548989356 0
1548989357 0
1548989358 0
1548989359 0
1548989360 0
1548989361 0
1548989362 0
1548989363 0
1548989364 0
1548989365 0
1548989366 0
1548989367 0
1548989368 0
1548989369 0
1548989370 0
1548989371 0
1548989372 0
1548989373 0
1548989374 0
1548989375 0
1548989376 0
1548989377 0
1548989378 0
1548989379 0
1548989380 0
1548989381 0
1548989382 0
1548989383 0
1548989384 0
1548989385 0
1548989386 0
1548989387 0
1548989388 0
1548989389 0
1548989390 0
1548989391 0
1548989392 0
1548989393 0
1548989394 0
1548989395 0
1548989396 0
1548989397 0
1548989398 0
1548989399 0
1548989400 0
1548989401 0
1548989402 0
1548989403 0
1548989404 0
1548989405 0
1548989406 0
1548989407 0
1548989408 0
1548989409 0
1548989410 0
1548989411 0
1548989412 0
1548989413 0
1548989414 0
1548989415 0
1548989416 0
1548989417 0
1548989418 0
1548989419 0
1548989420 0
1548989421 0
1548989422 0
1548989423 0
1548989424 0
1548989425 0
1548989426 0
1548989427 0
1548989428 0
1548989429 0
1548989430 0
1548989431 0
1548989432 0
1548989433 0
1548989434 0
1548989435 0
1548989436 0
1548989437 0
1548989438 0
1548989439 0
1548989440 0
1548989441 0
1548989442 0
1548989443 0
1548989444 0
1548989445 0
1548989446 0
1548989447 0
1548989448 0
1548989449 0
1548989450 0
1548989451 0
1548989452 0
1548989453 0
1548989454 0
1548989455 0
1548989456 0
1548989457 0
1548989458 0
1548989459 0
1548989460 0
1548989461 0
1548989462 0
1548989463 0
1548989464 0
1548989465 0
1548989466 0
1548989467 0
1548989468 0
1548989469 0
1548989470 0
1548989471 0
1548989472 0
1548989473 0
1548989474 0
1548989475 0
1548989476 0
1548989477 0
1548989478 0
1548989479 0
1548989480 0
1548989481 0
1548989482 0
1548989483 0
1548989484 0
1548989485 0
1548989486 0
1548989487 0
1548989488 0
1548989489 0
1548989490 0
1548989491 0
1548989492 0
1548989493 0
1548989494 0
1548989495 0
1548989496 0
1548989497 0
1548989498 0
1548989499 0
1548989500 0
1548989501 0
1548989502 0
1548989503 0
1548989504 0
1548989505 0
1548989506 0
1548989507 0
1548989508 0
1548989509 0
1548989510 0
1548989511 0
1548989512 0
1548989513 0
1548989514 0
1548989515 0
1548989516 0
1548989517 0
1548989518 0
1548989519 0
1548989520 0
1548989521 0
1548989522 0
1548989523 0
1548989524 0
1548989525 0
1548989526 0
1548989527 0
1548989528 0
1548989529 0
1548989530 0
1548989531 0
1548989532 0
1548989533 0
1548989534 0
1548989535 0
1548989536 0
1548989537 0
1548989538 0
1548989539 0
1548989540 0
1548989541 0
1548989542 0
1548989543 0
1548989544 0
1548989545 0
1548989546 0
1548989547 0
1548989548 0
1548989549 0
1548989550 0
1548989551 0
1548989552 0
1548989553 0
1548989554 0
1548989555 0
1548989556 0
1548989557 0
1548989558 0
1548989559 0
1548989560 0
1548989561 0
1548989562 0
1548989563 0
1548989564 0
1548989565 0
1548989566 0
1548989567 0
1548989568 0
1548989569 0
1548989570 0
1548989571 0
1548989572 0
1548989573 0
1548989574 0
1548989575 0
1548989576 0
1548989577 0
1548989578 0
1548989579 0
1548989580 0
1548989581 0
1548989582 0
1548989583 0
1548989584 0
1548989585 0
1548989586 0
1548989587 0
1548989588 0
1548989589 0
1548989590 0
1548989591 0
1548989592 0
1548989593 0
1548989594 0
1548989595 0
1548989596 0
1548989597 0
1548989598 0
1548989599 0
1548989600 0
1548989601 0
1548989602 0
1548989603 0
1548989604 0
1548989605 0
1548989606 0
1548989607 0
1548989608 0
1548989609 0
1548989610 0
1548989611 0
1548989612 0
1548989613 0
1548989614 0
1548989615 0
1548989616 0
1548989617 0
1548989618 0
1548989619 0
1548989620 0
1548989621 0
1548989622 0
1548989623 0
1548989624 0
1548989625 0
1548989626 0
1548989627 0
1548989628 0
1548989629 0
1548989630 0
1548989631 0
1548989632 0
1548989633 0
1548989634 0
1548989635 0
1548989636 0
1548989637 0
1548989638 0
1548989639 0
1548989640 0
1548989641 0
1548989642 0
1548989643 0
1548989644 0
1548989645 0
1548989646 0
1548989647 0
1548989648 0
1548989649 0
1548989650 0
1548989651 0
1548989652 0
1548989653 0
1548989654 0
1548989655 0
1548989656 0
1548989657 0
1548989658 0
1548989659 0
1548989660 0
1548989661 0
1548989662 0
1548989663 0
1548989664 0
1548989665 0
1548989666 0
1548989667 0
1548989668 0
1548989669 0
1548989670 0
1548989671 0
1548989672 0
1548989673 0
1548989674 0
1548989675 0
1548989676 0
1548989677 0
1548989678 0
1548989679 0
1548989680 0
1548989681 0
1548989682 0
1548989683 0
1548989684 0
1548989685 0
1548989686 0
1548989687 0
1548989688 0
1548989689 0
1548989690 0
1548989691 0
1548989692 0
1548989693 0
1548989694 0
1548989695 0
1548989696 0
1548989697 0
1548989698 0
1548989699 0
1548989700 0
1548989701 0
1548989702 0
1548989703 0
1548989704 0
1548989705 0
1548989706 0
1548989707 0
1548989708 0
1548989709 0
1548989710 0
1548989711 0
1548989712 0
1548989713 0
1548989714 0
1548989715 0
1548989716 0
1548989717 0
1548989718 0
1548989719 0
1548989720 0
1548989721 0
1548989722 0
1548989723 0
1548989724 0
1548989725 0
1548989726 0
1548989727 0
1548989728 0
1548989729 0
1548989730 0
1548989731 0
1548989732 0
1548989733 0
1548989734 0
1548989735 0
1548989736 0
1548989737 0
1548989738 0
1548989739 0
1548989740 0
1548989741 0
1548989742 0
1548989743 0
1548989744 0
1548989745 0
1548989746 0
1548989747 0
1548989748 0
1548989749 0
1548989750 0
1548989751 0
1548989752 0
1548989753 0
1548989754 0
1548989755 0
1548989756 0
1548989757 0
1548989758 0
1548989759 0
1548989760 0
1548989761 0
1548989762 0
1548989763 0
1548989764 0
1548989765 0
1548989766 0
1548989767 0
1548989768 0
1548989769 0
1548989770 0
1548989771 0
1548989772 0
1548989773 0
1548989774 0
1548989775 0
1548989776 0
1548989777 0
1548989778 0
1548989779 0
1548989780 0
1548989781 0
1548989782 0
1548989783 0
1548989784 0
1548989785 0
1548989786 0
1548989787 0
1548989788 0
1548989789 0
1548989790 0
1548989791 0
1548989792 0
1548989793 0
1548989794 0
1548989795 0
1548989796 0
1548989797 0
1548989798 0
1548989799 0
1548989800 0
1548989801 0
1548989802 0
1548989803 0
1548989804 0
1548989805 0
1548989806 0
1548989807 0
1548989808 0
1548989809 0
1548989810 0
1548989811 0
1548989812 0
1548989813 0
1548989814 0
1548989815 0
1548989816 0
1548989817 0
1548989818 0
1548989819 0
1548989820 0
1548989821 0
1548989822 0
1548989823 0
1548989824 0
1548989825 0
1548989826 0
1548989827 0
1548989828 0
1548989829 0
1548989830 0
1548989831 0
1548989832 0
1548989833 0
1548989834 0
1548989835 0
1548989836 0
1548989837 0
1548989838 0
1548989839 0
1548989840 0
1548989841 0
1548989842 0
1548989843 0
1548989844 0
1548989845 0
1548989846 0
1548989847 0
1548989848 0
1548989849 0
1548989850 0
1548989851 0
1548989852 0
1548989853 0
1548989854 0
1548989855 0
1548989856 0
1548989857 0
1548989858 0
1548989859 0
1548989860 0
1548989861 0
1548989862 0
1548989863 0
1548989864 0
1548989865 0
1548989866 0
1548989867 0
1548989868 0
1548989869 0
1548989870 0
1548989871 0
1548989872 0
1548989873 0
1548989874 0
1548989875 0
1548989876 0
1548989877 0
1548989878 0
1548989879 0
1548989880 0
1548989881 0
1548989882 0
1548989883 0
1548989884 0
1548989885 0
1548989886 0
1548989887 0
1548989888 0
1548989889 0
1548989890 0
1548989891 0
1548989892 0
1548989893 0
1548989894 0
1548989895 0
1548989896 0
1548989897 0
1548989898 0
1548989899 0
1548989900 0
1548989901 0
1548989902 0
1548989903 0
1548989904 0
1548989905 0
1548989906 0
1548989907 0
1548989908 0
1548989909 0
1548989910 0
1548989911 0
1548989912 0
1548989913 0
1548989914 0
1548989915 0
1548989916 0
1548989917 0
1548989918 0
1548989919 0
1548989920 0
1548989921 0
1548989922 0
1548989923 0
1548989924 0
1548989925 0
1548989926 0
1548989927 0
1548989928 0
1548989929 0
1548989930 0
1548989931 0
1548989932 0
1548989933 0
1548989934 0
1548989935 0
1548989936 0
1548989937 0
1548989938 0
1548989939 0
1548989940 0
1548989941 0
1548989942 0
1548989943 0
1548989944 0
1548989945 0
1548989946 0
1548989947 0
1548989948 0
1548989949 0
1548989950 0
1548989951 0
1548989952 0
1548989953 0
1548989954 0
1548989955 0
1548989956 0
1548989957 0
1548989958 0
1548989959 0
1548989960 0
1548989961 0
1548989962 0
1548989963 0
1548989964 0
1548989965 0
1548989966 0
1548989967 0
1548989968 0
1548989969 0
1548989970 0
1548989971 0
1548989972 0
1548989973 0
1548989974 0
1548989975 0
1548989976 0
1548989977 0
1548989978 0
1548989979 0
1548989980 0
1548989981 0
1548989982 0
1548989983 0
1548989984 0
1548989985 0
1548989986 0
1548989987 0
1548989988 0
1548989989 0
1548989990 0
1548989991 0
1548989992 0
1548989993 0
1548989994 0
1548989995 0
1548989996 0
1548989997 0
1548989998 0
1548989999 0
1548990000 0
1548990001 0
1548990002 0
1548990003 0
1548990004 0
1548990005 0
1548990006 0
1548990007 0
1548990008 0
1548990009 0
1548990010 0
1548990011 0
1548990012 0
1548990013 0
1548990014 0
1548990015 0
1548990016 0
1548990017 0
1548990018 0
1548990019 0
1548990020 0
1548990021 0
1548990022 0
1548990023 0
1548990024 0
1548990025 0
1548990026 0
1548990027 0
1548990028 0
1548990029 0
1548990030 0
1548990031 0
1548990032 0
1548990033 0
1548990034 0
1548990035 0
1548990036 0
1548990037 0
1548990038 0
1548990039 0
1548990040 0
1548990041 0
1548990042 0
1548990043 0
1548990044 0
1548990045 0
1548990046 0
1548990047 0
1548990048 0
1548990049 0
1548990050 0
1548990051 0
1548990052 0
1548990053 0
1548990054 0
1548990055 0
1548990056 0
1548990057 0
1548990058 0
1548990059 0
1548990060 0
1548990061 0
1548990062 0
1548990063 0
1548990064 0
1548990065 0
1548990066 0
1548990067 0
1548990068 0
1548990069 0
1548990070 0
1548990071 0
1548990072 0
1548990073 0
1548990074 0
1548990075 0
1548990076 0
1548990077 0
1548990078 0
1548990079 0
1548990080 0
1548990081 0
1548990082 0
1548990083 0
1548990084 0
1548990085 0
1548990086 0
1548990087 0
1548990088 0
1548990089 0
1548990090 0
1548990091 0
1548990092 0
1548990093 0
1548990094 0
1548990095 0
1548990096 0
1548990097 0
1548990098 0
1548990099 0
1548990100 0
1548990101 0
1548990102 0
1548990103 0
1548990104 0
1548990105 0
1548990106 0
1548990107 0
1548990108 0
1548990109 0
1548990110 0
1548990111 0
1548990112 0
1548990113 0
1548990114 0
1548990115 0
1548990116 0
1548990117 0
1548990118 0
1548990119 0
1548990120 0
1548990121 0
1548990122 0
1548990123 0
1548990124 0
1548990125 0
1548990126 0
1548990127 0
1548990128 0
1548990129 0
1548990130 0
1548990131 0
1548990132 0
1548990133 0
1548990134 0
1548990135 0
1548990136 0
1548990137 0
1548990138 0
1548990139 0
1548990140 0
1548990141 0
1548990142 0
1548990143 0
1548990144 0
1548990145 0
1548990146 0
1548990147 0
1548990148 0
1548990149 0
1548990150 0
1548990151 0
1548990152 0
1548990153 0
1548990154 0
1548990155 0
1548990156 0
1548990157 0
1548990158 0
1548990159 0
1548990160 0
1548990161 0
1548990162 0
1548990163 0
1548990164 0
1548990165 0
1548990166 0
1548990167 0
1548990168 0
1548990169 0
1548990170 0
1548990171 0
1548990172 0
1548990173 0
1548990174 0
1548990175 0
1548990176 0
1548990177 0
1548990178 0
1548990179 0
1548990180 0
1548990181 0
1548990182 0
1548990183 0
1548990184 0
1548990185 0
1548990186 0
1548990187 0
1548990188 0
1548990189 0
1548990190 0
1548990191 0
1548990192 0
1548990193 0
1548990194 0
1548990195 0
1548990196 0
1548990197 0
1548990198 0
1548990199 0
1548990200 0
1548990201 0
1548990202 0
1548990203 0
1548990204 0
1548990205 0
1548990206 0
1548990207 0
1548990208 0
1548990209 0
1548990210 0
1548990211 0
1548990212 0
1548990213 0
1548990214 0
1548990215 0
1548990216 0
1548990217 0
1548990218 0
1548990219 0
1548990220 0
1548990221 0
1548990222 0
1548990223 0
1548990224 0
1548990225 0
1548990226 0
1548990227 0
1548990228 0
1548990229 0
1548990230 0
1548990231 0
1548990232 0
1548990233 0
1548990234 0
1548990235 0
1548990236 0
1548990237 0
1548990238 0
1548990239 0
1548990240 0
1548990241 0
1548990242 0
1548990243 0
1548990244 0
1548990245 0
1548990246 0
1548990247 0
1548990248 0
1548990249 0
1548990250 0
1548990251 0
1548990252 0
1548990253 0
1548990254 0
1548990255 0
1548990256 0
1548990257 0
1548990258 0
1548990259 0
1548990260 0
1548990261 0
1548990262 0
1548990263 0
1548990264 0
1548990265 0
1548990266 0
1548990267 0
1548990268 0
1548990269 0
1548990270 0
1548990271 0
1548990272 0
1548990273 0
1548990274 0
1548990275 0
1548990276 0
1548990277 0
1548990278 0
1548990279 0
1548990280 0
1548990281 0
1548990282 0
1548990283 0
1548990284 0
1548990285 0
1548990286 0
1548990287 0
1548990288 0
1548990289 0
1548990290 0
1548990291 0
1548990292 0
1548990293 0
1548990294 0
1548990295 0
1548990296 0
1548990297 0
1548990298 0
1548990299 0
1548990300 0
1548990301 0
1548990302 0
1548990303 0
1548990304 0
1548990305 0
1548990306 0
1548990307 0
1548990308 0
1548990309 0
1548990310 0
1548990311 0
1548990312 0
1548990313 0
1548990314 0
1548990315 0
1548990316 0
1548990317 0
1548990318 0
1548990319 0
1548990320 0
1548990321 0
1548990322 0
1548990323 0
1548990324 0
1548990325 0
1548990326 0
1548990327 0
1548990328 0
1548990329 0
1548990330 0
1548990331 0
1548990332 0
1548990333 0
1548990334 0
1548990335 0
1548990336 0
1548990337 0
1548990338 0
1548990339 0
1548990340 0
1548990341 0
1548990342 0
1548990343 0
1548990344 0
1548990345 0
1548990346 0
1548990347 0
1548990348 0
1548990349 0
1548990350 0
1548990351 0
1548990352 0
1548990353 0
1548990354 0
1548990355 0
1548990356 0
1548990357 0
1548990358 0
1548990359 0
1548990360 0
1548990361 0
1548990362 0
1548990363 0
1548990364 0
1548990365 0
1548990366 0
1548990367 0
1548990368 0
1548990369 0
1548990370 0
1548990371 0
1548990372 0
1548990373 0
1548990374 0
1548990375 0
1548990376 0
1548990377 0
1548990378 0
1548990379 0
1548990380 0
1548990381 0
1548990382 0
1548990383 0
1548990384 0
1548990385 0
1548990386 0
1548990387 0
1548990388 0
1548990389 0
1548990390 0
1548990391 0
1548990392 0
1548990393 0
1548990394 0
1548990395 0
1548990396 0
1548990397 0
1548990398 0
1548990399 0
1548990400 0
1548990401 0
1548990402 0
1548990403 0
1548990404 0
1548990405 0
1548990406 0
1548990407 0
1548990408 0
1548990409 0
1548990410 0
1548990411 0
1548990412 0
1548990413 0
1548990414 0
1548990415 0
1548990416 0
1548990417 0
1548990418 0
1548990419 0
1548990420 0
1548990421 0
1548990422 0
1548990423 0
1548990424 0
1548990425 0
1548990426 0
1548990427 0
1548990428 0
1548990429 0
1548990430 0
1548990431 0
1548990432 0
1548990433 0
1548990434 0
1548990435 0
1548990436 0
1548990437 0
1548990438 0
1548990439 0
1548990440 0
1548990441 0
1548990442 0
1548990443 0
1548990444 0
1548990445 0
1548990446 0
1548990447 0
1548990448 0
1548990449 0
1548990450 0
1548990451 0
1548990452 0
1548990453 0
1548990454 0
1548990455 0
1548990456 0
1548990457 0
1548990458 0
1548990459 0
1548990460 0
1548990461 0
1548990462 0
1548990463 0
1548990464 0
1548990465 0
1548990466 0
1548990467 0
1548990468 0
1548990469 0
1548990470 0
1548990471 0
1548990472 0
1548990473 0
1548990474 0
1548990475 0
1548990476 0
1548990477 0
1548990478 0
1548990479 0
1548990480 0
1548990481 0
1548990482 0
1548990483 0
1548990484 0
1548990485 0
1548990486 0
1548990487 0
1548990488 0
1548990489 0
1548990490 0
1548990491 0
1548990492 0
1548990493 0
1548990494 0
1548990495 0
1548990496 0
1548990497 0
1548990498 0
1548990499 0
1548990500 0
1548990501 0
1548990502 0
1548990503 0
1548990504 0
1548990505 0
1548990506 0
1548990507 0
1548990508 0
1548990509 0
1548990510 0
1548990511 0
1548990512 0
1548990513 0
1548990514 0
1548990515 0
1548990516 0
1548990517 0
1548990518 0
1548990519 0
1548990520 0
1548990521 0
1548990522 0
1548990523 0
1548990524 0
1548990525 0
1548990526 0
1548990527 0
1548990528 0
1548990529 0
1548990530 0
1548990531 0
1548990532 0
1548990533 0
1548990534 0
1548990535 0
1548990536 0
1548990537 0
1548990538 0
1548990539 0
1548990540 0
1548990541 0
1548990542 0
1548990543 0
1548990544 0
1548990545 0
1548990546 0
1548990547 0
1548990548 0
1548990549 0
1548990550 0
1548990551 0
1548990552 0
1548990553 0
1548990554 0
1548990555 0
1548990556 0
1548990557 0
1548990558 0
1548990559 0
1548990560 0
1548990561 0
1548990562 0
1548990563 0
1548990564 0
1548990565 0
1548990566 0
1548990567 0
1548990568 0
1548990569 0
1548990570 0
1548990571 0
1548990572 0
1548990573 0
1548990574 0
1548990575 0
1548990576 0
1548990577 0
1548990578 0
1548990579 0
1548990580 0
1548990581 0
1548990582 0
1548990583 0
1548990584 0
1548990585 0
1548990586 0
1548990587 0
1548990588 0
1548990589 0
1548990590 0
1548990591 0
1548990592 0
1548990593 0
1548990594 0
1548990595 0
1548990596 0
1548990597 0
1548990598 0
1548990599 0
1548990600 0
1548990601 0
1548990602 0
1548990603 0
1548990604 0
1548990605 0
1548990606 0
1548990607 0
1548990608 0
1548990609 0
1548990610 0
1548990611 0
1548990612 0
1548990613 0
1548990614 0
1548990615 0
1548990616 0
1548990617 0
1548990618 0
1548990619 0
1548990620 0
1548990621 0
1548990622 0
1548990623 0
1548990624 0
1548990625 0
1548990626 0
1548990627 0
1548990628 0
1548990629 0
1548990630 0
1548990631 0
1548990632 0
1548990633 0
1548990634 0
1548990635 0
1548990636 0
1548990637 0
1548990638 0
1548990639 0
1548990640 0
1548990641 0
1548990642 0
1548990643 0
1548990644 0
1548990645 0
1548990646 0
1548990647 0
1548990648 0
1548990649 0
1548990650 0
1548990651 0
1548990652 0
1548990653 0
1548990654 0
1548990655 0
1548990656 0
1548990657 0
1548990658 0
1548990659 0
1548990660 0
1548990661 0
1548990662 0
1548990663 0
1548990664 0
1548990665 0
1548990666 0
1548990667 0
1548990668 0
1548990669 0
1548990670 0
1548990671 0
1548990672 0
1548990673 0
1548990674 0
1548990675 0
1548990676 0
1548990677 0
1548990678 0
1548990679 0
1548990680 0
1548990681 0
1548990682 0
1548990683 0
1548990684 0
1548990685 0
1548990686 0
1548990687 0
1548990688 0
1548990689 0
1548990690 0
1548990691 0
1548990692 0
1548990693 0
1548990694 0
1548990695 0
1548990696 0
1548990697 0
1548990698 0
1548990699 0
1548990700 0
1548990701 0
1548990702 0
1548990703 0
1548990704 0
1548990705 0
1548990706 0
1548990707 0
1548990708 0
1548990709 0
1548990710 0
1548990711 0
1548990712 0
1548990713 0
1548990714 0
1548990715 0
1548990716 0
1548990717 0
1548990718 0
1548990719 0
1548990720 0
1548990721 0
1548990722 0
1548990723 0
1548990724 0
1548990725 0
1548990726 0
1548990727 0
1548990728 0
1548990729 0
1548990730 0
1548990731 0
1548990732 0
1548990733 0
1548990734 0
1548990735 0
1548990736 0
1548990737 0
1548990738 0
1548990739 0
1548990740 0
1548990741 0
1548990742 0
1548990743 0
1548990744 0
1548990745 0
1548990746 0
1548990747 0
1548990748 0
1548990749 0
1548990750 0
1548990751 0
1548990752 0
1548990753 0
1548990754 0
1548990755 0
1548990756 0
1548990757 0
1548990758 0
1548990759 0
1548990760 0
1548990761 0
1548990762 0
1548990763 0
1548990764 0
1548990765 0
1548990766 0
1548990767 0
1548990768 0
1548990769 0
1548990770 0
1548990771 0
1548990772 0
1548990773 0
1548990774 0
1548990775 0
1548990776 0
1548990777 0
1548990778 0
1548990779 0
1548990780 0
1548990781 0
1548990782 0
1548990783 0
1548990784 0
1548990785 0
1548990786 0
1548990787 0
1548990788 0
1548990789 0
1548990790 0
1548990791 0
1548990792 0
1548990793 0
1548990794 0
1548990795 0
1548990796 0
1548990797 0
1548990798 0
1548990799 0
1548990800 0
1548990801 0
1548990802 0
1548990803 0
1548990804 0
1548990805 0
1548990806 0
1548990807 0
1548990808 0
1548990809 0
1548990810 0
1548990811 0
1548990812 0
1548990813 0
1548990814 0
1548990815 0
1548990816 0
1548990817 0
1548990818 0
1548990819 0
1548990820 0
1548990821 0
1548990822 0
1548990823 0
1548990824 0
1548990825 0
1548990826 0
1548990827 0
1548990828 0
1548990829 0
1548990830 0
1548990831 0
1548990832 0
1548990833 0
1548990834 0
1548990835 0
1548990836 0
1548990837 0
1548990838 0
1548990839 0
1548990840 0
1548990841 0
1548990842 0
1548990843 0
1548990844 0
1548990845 0
1548990846 0
1548990847 0
1548990848 0
1548990849 0
1548990850 0
1548990851 0
1548990852 0
1548990853 0
1548990854 0
1548990855 0
1548990856 0
1548990857 0
1548990858 0
1548990859 0
1548990860 0
1548990861 0
1548990862 0
1548990863 0
1548990864 0
1548990865 0
1548990866 0
1548990867 0
1548990868 0
1548990869 0
1548990870 0
1548990871 0
1548990872 0
1548990873 0
1548990874 0
1548990875 0
1548990876 0
1548990877 0
1548990878 0
1548990879 0
1548990880 0
1548990881 0
1548990882 0
1548990883 0
1548990884 0
1548990885 0
1548990886 0
1548990887 0
1548990888 0
1548990889 0
1548990890 0
1548990891 0
1548990892 0
1548990893 0
1548990894 0
1548990895 0
1548990896 0
1548990897 0
1548990898 0
1548990899 0
1548990900 0
1548990901 0
1548990902 0
1548990903 0
1548990904 0
1548990905 0
1548990906 0
1548990907 0
1548990908 0
1548990909 0
1548990910 0
1548990911 0
1548990912 0
1548990913 0
1548990914 0
1548990915 0
1548990916 0
1548990917 0
1548990918 0
1548990919 0
1548990920 0
1548990921 0
1548990922 0
1548990923 0
1548990924 0
1548990925 0
1548990926 0
1548990927 0
1548990928 0
1548990929 0
1548990930 0
1548990931 0
1548990932 0
1548990933 0
1548990934 0
1548990935 0
1548990936 0
1548990937 0
1548990938 0
1548990939 0
1548990940 0
1548990941 0
1548990942 0
1548990943 0
1548990944 0
1548990945 0
1548990946 0
1548990947 0
1548990948 0
1548990949 0
1548990950 0
1548990951 0
1548990952 0
1548990953 0
1548990954 0
1548990955 0
1548990956 0
1548990957 0
1548990958 0
1548990959 0
1548990960 0
1548990961 0
1548990962 0
1548990963 0
1548990964 0
1548990965 0
1548990966 0
1548990967 0
1548990968 0
1548990969 0
1548990970 0
1548990971 0
1548990972 0
1548990973 0
1548990974 0
1548990975 0
1548990976 0
1548990977 0
1548990978 0
1548990979 0
1548990980 0
1548990981 0
1548990982 0
1548990983 0
1548990984 0
1548990985 0
1548990986 0
1548990987 0
1548990988 0
1548990989 0
1548990990 0
1548990991 0
1548990992 0
1548990993 0
1548990994 0
1548990995 0
1548990996 0
1548990997 0
1548990998 0
1548990999 0
1548991000 0
1548991001 0
1548991002 0
1548991003 0
1548991004 0
1548991005 0
1548991006 0
1548991007 0
1548991008 0
1548991009 0
1548991010 0
1548991011 0
1548991012 0
1548991013 0
1548991014 0
1548991015 0
1548991016 0
1548991017 0
1548991018 0
1548991019 0
1548991020 0
1548991021 0
1548991022 0
1548991023 0
1548991024 0
1548991025 0
1548991026 0
1548991027 0
1548991028 0
1548991029 0
1548991030 0
1548991031 0
1548991032 0
1548991033 0
1548991034 0
1548991035 0
1548991036 0
1548991037 0
1548991038 0
1548991039 0
1548991040 0
1548991041 0
1548991042 0
1548991043 0
1548991044 0
1548991045 0
1548991046 0
1548991047 0
1548991048 0
1548991049 0
1548991050 0
1548991051 0
1548991052 0
1548991053 0
1548991054 0
1548991055 0
1548991056 0
1548991057 0
1548991058 0
1548991059 0
1548991060 0
1548991061 0
1548991062 0
1548991063 0
1548991064 0
1548991065 0
1548991066 0
1548991067 0
1548991068 0
1548991069 0
1548991070 0
1548991071 0
1548991072 0
1548991073 0
1548991074 0
1548991075 0
1548991076 0
1548991077 0
1548991078 0
1548991079 0
1548991080 0
1548991081 0
1548991082 0
1548991083 0
1548991084 0
1548991085 0
1548991086 0
1548991087 0
1548991088 0
1548991089 0
1548991090 0
1548991091 0
1548991092 0
1548991093 0
1548991094 0
1548991095 0
1548991096 0
1548991097 0
1548991098 0
1548991099 0
1548991100 0
1548991101 0
1548991102 0
1548991103 0
1548991104 0
1548991105 0
1548991106 0
1548991107 0
1548991108 0
1548991109 0
1548991110 0
1548991111 0
1548991112 0
1548991113 0
1548991114 0
1548991115 0
1548991116 0
1548991117 0
1548991118 0
1548991119 0
1548991120 0
1548991121 0
1548991122 0
1548991123 0
1548991124 0
1548991125 0
1548991126 0
1548991127 0
1548991128 0
1548991129 0
1548991130 0
1548991131 0
1548991132 0
1548991133 0
1548991134 0
1548991135 0
1548991136 0
1548991137 0
1548991138 0
1548991139 0
1548991140 0
1548991141 0
1548991142 0
1548991143 0
1548991144 0
1548991145 0
1548991146 0
1548991147 0
1548991148 0
1548991149 0
1548991150 0
1548991151 0
1548991152 0
1548991153 0
1548991154 0
1548991155 0
1548991156 0
1548991157 0
1548991158 0
1548991159 0
1548991160 0
1548991161 0
1548991162 0
1548991163 0
1548991164 0
1548991165 0
1548991166 0
1548991167 0
1548991168 0
1548991169 0
1548991170 0
1548991171 0
1548991172 0
1548991173 0
1548991174 0
1548991175 0
1548991176 0
1548991177 0
1548991178 0
1548991179 0
1548991180 0
1548991181 0
1548991182 0
1548991183 0
1548991184 0
1548991185 0
1548991186 0
1548991187 0
1548991188 0
1548991189 0
1548991190 0
1548991191 0
1548991192 0
1548991193 0
1548991194 0
1548991195 0
1548991196 0
1548991197 0
1548991198 0
1548991199 0
1548991200 0
1548991201 0
1548991202 0
1548991203 0
1548991204 0
1548991205 0
1548991206 0
1548991207 0
1548991208 0
1548991209 0
1548991210 0
1548991211 0
1548991212 0
1548991213 0
1548991214 0
1548991215 0
1548991216 0
1548991217 0
1548991218 0
1548991219 0
1548991220 0
1548991221 0
1548991222 0
1548991223 0
1548991224 0
1548991225 0
1548991226 0
1548991227 0
1548991228 0
1548991229 0
1548991230 0
1548991231 0
1548991232 0
1548991233 0
1548991234 0
1548991235 0
1548991236 0
1548991237 0
1548991238 0
1548991239 0
1548991240 0
1548991241 0
1548991242 0
1548991243 0
1548991244 0
1548991245 0
1548991246 0
1548991247 0
1548991248 0
1548991249 0
1548991250 0
1548991251 0
1548991252 0
1548991253 0
1548991254 0
1548991255 0
1548991256 0
1548991257 0
1548991258 0
1548991259 0
1548991260 0
1548991261 0
1548991262 0
1548991263 0
1548991264 0
1548991265 0
1548991266 0
1548991267 0
1548991268 0
1548991269 0
1548991270 0
1548991271 0
1548991272 0
1548991273 0
1548991274 0
1548991275 0
1548991276 0
1548991277 0
1548991278 0
1548991279 0
1548991280 0
1548991281 0
1548991282 0
1548991283 0
1548991284 0
1548991285 0
1548991286 0
1548991287 0
1548991288 0
1548991289 0
1548991290 0
1548991291 0
1548991292 0
1548991293 0
1548991294 0
1548991295 0
1548991296 0
1548991297 0
1548991298 0
1548991299 0
1548991300 0
1548991301 0
1548991302 0
1548991303 0
1548991304 0
1548991305 0
1548991306 0
1548991307 0
1548991308 0
1548991309 0
1548991310 0
1548991311 0
1548991312 0
1548991313 0
1548991314 0
1548991315 0
1548991316 0
1548991317 0
1548991318 0
1548991319 0
1548991320 0
1548991321 0
1548991322 0
1548991323 0
1548991324 0
1548991325 0
1548991326 0
1548991327 0
1548991328 0
1548991329 0
1548991330 0
1548991331 0
1548991332 0
1548991333 0
1548991334 0
1548991335 0
1548991336 0
1548991337 0
1548991338 0
1548991339 0
1548991340 0
1548991341 0
1548991342 0
1548991343 0
1548991344 0
1548991345 0
1548991346 0
1548991347 0
1548991348 0
1548991349 0
1548991350 0
1548991351 0
1548991352 0
1548991353 0
1548991354 0
1548991355 0
1548991356 0
1548991357 0
1548991358 0
1548991359 0
1548991360 0
1548991361 0
1548991362 0
1548991363 0
1548991364 0
1548991365 0
1548991366 0
1548991367 0
1548991368 0
1548991369 0
1548991370 0
1548991371 0
1548991372 0
1548991373 0
1548991374 0
1548991375 0
1548991376 0
1548991377 0
1548991378 0
1548991379 0
1548991380 0
1548991381 0
1548991382 0
1548991383 0
1548991384 0
1548991385 0
1548991386 0
1548991387 0
1548991388 0
1548991389 0
1548991390 0
1548991391 0
1548991392 0
1548991393 0
1548991394 0
1548991395 0
1548991396 0
1548991397 0
1548991398 0
1548991399 0
1548991400 0
1548991401 0
1548991402 0
1548991403 0
1548991404 0
1548991405 0
1548991406 0
1548991407 0
1548991408 0
1548991409 0
1548991410 0
1548991411 0
1548991412 0
1548991413 0
1548991414 0
1548991415 0
1548991416 0
1548991417 0
1548991418 0
1548991419 0
1548991420 0
1548991421 0
1548991422 0
1548991423 0
1548991424 0
1548991425 0
1548991426 0
1548991427 0
1548991428 0
1548991429 0
1548991430 0
1548991431 0
1548991432 0
1548991433 0
1548991434 0
1548991435 0
1548991436 0
1548991437 0
1548991438 0
1548991439 0
1548991440 0
1548991441 0
1548991442 0
1548991443 0
1548991444 0
1548991445 0
1548991446 0
1548991447 0
1548991448 0
1548991449 0
1548991450 0
1548991451 0
1548991452 0
1548991453 0
1548991454 0
1548991455 0
1548991456 0
1548991457 0
1548991458 0
1548991459 0
1548991460 0
1548991461 0
1548991462 0
1548991463 0
1548991464 0
1548991465 0
1548991466 0
1548991467 0
1548991468 0
1548991469 0
1548991470 0
1548991471 0
1548991472 0
1548991473 0
1548991474 0
1548991475 0
1548991476 0
1548991477 0
1548991478 0
1548991479 0
1548991480 0
1548991481 0
1548991482 0
1548991483 0
1548991484 0
1548991485 0
1548991486 0
1548991487 0
1548991488 0
1548991489 0
1548991490 0
1548991491 0
1548991492 0
1548991493 0
1548991494 0
1548991495 0
1548991496 0
1548991497 0
1548991498 0
1548991499 0
1548991500 0
1548991501 0
1548991502 0
1548991503 0
1548991504 0
1548991505 0
1548991506 0
1548991507 0
1548991508 0
1548991509 0
1548991510 0
1548991511 0
1548991512 0
1548991513 0
1548991514 0
1548991515 0
1548991516 0
1548991517 0
1548991518 0
1548991519 0
1548991520 0
1548991521 0
1548991522 0
1548991523 0
1548991524 0
1548991525 0
1548991526 0
1548991527 0
1548991528 0
1548991529 0
1548991530 9
1548991531 0
1548991532 0
1548991533 0
1548991534 0
1548991535 0
1548991536 0
1548991537 0
1548991538 0
1548991539 0
1548991540 0
1548991541 0
1548991542 0
1548991543 0
1548991544 0
1548991545 0
1548991546 0
1548991547 0
1548991548 0
1548991549 0
1548991550 0
1548991551 0
1548991552 0
1548991553 0
1548991554 0
1548991555 0
1548991556 0
1548991557 0
1548991558 0
1548991559 0
1548991560 0
1548991561 0
1548991562 0
1548991563 0
1548991564 0
1548991565 0
1548991566 0
1548991567 0
1548991568 0
1548991569 0
1548991570 0
1548991571 0
1548991572 0
1548991573 0
1548991574 0
1548991575 0
1548991576 0
1548991577 0
1548991578 39
1548991579 0
1548991580 0
1548991581 0
1548991582 0
1548991583 0
1548991584 0
1548991585 44
1548991586 1
1548991587 0
1548991588 0
1548991589 0
1548991590 0
1548991591 0
1548991592 0
1548991593 0
1548991594 0
1548991595 0
1548991596 28
1548991597 0
1548991598 0
1548991599 1
1548991600 0
1548991601 0
1548991602 0
1548991603 0
1548991604 0
1548991605 19
1548991606 0
1548991607 0
1548991608 0
1548991609 0
1548991610 0
1548991611 0
1548991612 0
1548991613 0
1548991614 1
1548991615 0
1548991616 0
1548991617 0
1548991618 0
1548991619 0
1548991620 40
1548991621 0
1548991622 0
1548991623 0
1548991624 0
1548991625 0
1548991626 0
1548991627 0
1548991628 0
1548991629 0
1548991630 0
1548991631 0
1548991632 57
1548991633 30
1548991634 0
1548991635 0
1548991636 0
1548991637 0
1548991638 26
1548991639 0
1548991640 0
1548991641 0
1548991642 0
1548991643 0
1548991644 0
1548991645 0
1548991646 0
1548991647 0
1548991648 0
1548991649 0
1548991650 0
1548991651 0
1548991652 0
1548991653 0
1548991654 0
1548991655 0
1548991656 0
1548991657 0
1548991658 53
1548991659 0
1548991660 0
1548991661 0
1548991662 0
1548991663 0
1548991664 0
1548991665 0
1548991666 0
1548991667 0
1548991668 0
1548991669 0
1548991670 0
1548991671 0
1548991672 0
1548991673 0
1548991674 0
1548991675 0
1548991676 0
1548991677 51
1548991678 0
1548991679 0
1548991680 0
1548991681 0
1548991682 0
1548991683 0
1548991684 43
1548991685 0
1548991686 0
1548991687 0
1548991688 0
1548991689 0
1548991690 0
1548991691 0
1548991692 30
1548991693 0
1548991694 0
1548991695 0
1548991696 0
1548991697 0
1548991698 0
1548991699 44
1548991700 0
1548991701 0
1548991702 0
1548991703 0
1548991704 0
1548991705 0
1548991706 16
1548991707 0
1548991708 0
1548991709 0
1548991710 0
1548991711 0
1548991712 0
1548991713 0
1548991714 0
1548991715 0
1548991716 0
1548991717 0
1548991718 0
1548991719 0
1548991720 0
1548991721 0
1548991722 0
1548991723 0
1548991724 0
1548991725 0
1548991726 0
1548991727 0
1548991728 0
1548991729 0
1548991730 0
1548991731 0
1548991732 0
1548991733 0
1548991734 0
1548991735 0
1548991736 0
1548991737 0
1548991738 0
1548991739 0
1548991740 0
1548991741 0
1548991742 0
1548991743 0
1548991744 0
1548991745 0
1548991746 0
1548991747 0
1548991748 0
1548991749 0
1548991750 58
1548991751 0
1548991752 0
1548991753 0
1548991754 0
1548991755 0
1548991756 0
1548991757 0
1548991758 0
1548991759 0
1548991760 0
1548991761 0
1548991762 0
1548991763 0
1548991764 0
1548991765 0
1548991766 0
1548991767 0
1548991768 0
1548991769 8
1548991770 0
1548991771 0
1548991772 5
1548991773 0
1548991774 0
1548991775 0
1548991776 15
1548991777 0
1548991778 0
1548991779 0
1548991780 0
1548991781 0
1548991782 147
1548991783 0
1548991784 0
1548991785 0
1548991786 0
1548991787 44
1548991788 0
1548991789 0
1548991790 0
1548991791 0
1548991792 0
1548991793 0
1548991794 22
1548991795 0
1548991796 0
1548991797 0
1548991798 0
1548991799 0
1548991800 0
1548991801 0
1548991802 0
1548991803 0
1548991804 0
1548991805 0
1548991806 0
1548991807 0
1548991808 1
1548991809 0
1548991810 0
1548991811 23
1548991812 0
1548991813 66
1548991814 0
1548991815 0
1548991816 0
1548991817 0
1548991818 0
1548991819 0
1548991820 0
1548991821 0
1548991822 0
1548991823 0
1548991824 0
1548991825 0
1548991826 0
1548991827 0
1548991828 0
1548991829 0
1548991830 0
1548991831 0
1548991832 0
1548991833 0
1548991834 0
1548991835 0
1548991836 0
1548991837 0
1548991838 0
1548991839 0
1548991840 0
1548991841 0
1548991842 0
1548991843 0
1548991844 0
1548991845 0
1548991846 0
1548991847 0
1548991848 0
1548991849 0
1548991850 0
1548991851 6
1548991852 0
1548991853 0
1548991854 0
1548991855 0
1548991856 9
1548991857 0
1548991858 0
1548991859 0
1548991860 0
1548991861 0
1548991862 0
1548991863 0
1548991864 0
1548991865 117
1548991866 0
1548991867 0
1548991868 0
1548991869 18
1548991870 0
1548991871 0
1548991872 0
1548991873 0
1548991874 0
1548991875 0
1548991876 0
1548991877 0
1548991878 0
1548991879 0
1548991880 0
1548991881 81
1548991882 0
1548991883 0
1548991884 0
1548991885 0
1548991886 0
1548991887 0
1548991888 0
1548991889 0
1548991890 40
1548991891 0
1548991892 0
1548991893 0
1548991894 0
1548991895 0
1548991896 0
1548991897 0
1548991898 0
1548991899 0
1548991900 0
1548991901 0
1548991902 0
1548991903 0
1548991904 22
1548991905 0
1548991906 0
1548991907 0
1548991908 37
1548991909 0
1548991910 0
1548991911 0
1548991912 0
1548991913 0
1548991914 0
1548991915 15
1548991916 0
1548991917 0
1548991918 0
1548991919 0
1548991920 0
1548991921 0
1548991922 0
1548991923 0
1548991924 0
1548991925 0
1548991926 0
1548991927 49
1548991928 0
1548991929 0
1548991930 0
1548991931 0
1548991932 0
1548991933 0
1548991934 0
1548991935 0
1548991936 0
1548991937 0
1548991938 0
1548991939 0
1548991940 0
1548991941 0
1548991942 0
1548991943 0
1548991944 16
1548991945 0
1548991946 0
1548991947 0
1548991948 0
1548991949 0
1548991950 0
1548991951 8
1548991952 0
1548991953 0
1548991954 0
1548991955 0
1548991956 0
1548991957 0
1548991958 18
1548991959 0
1548991960 0
1548991961 107
1548991962 0
1548991963 0
1548991964 0
1548991965 0
1548991966 0
1548991967 0
1548991968 0
1548991969 0
1548991970 0
1548991971 0
1548991972 0
1548991973 0
1548991974 0
1548991975 0
1548991976 0
1548991977 0
1548991978 0
1548991979 0
1548991980 0
1548991981 0
1548991982 0
1548991983 0
1548991984 0
1548991985 0
1548991986 0
1548991987 0
1548991988 0
1548991989 0
1548991990 40
1548991991 0
1548991992 0
1548991993 69
1548991994 0
1548991995 0
1548991996 0
1548991997 0
1548991998 0
1548991999 0
1548992000 0
1548992001 0
1548992002 0
1548992003 0
1548992004 0
1548992005 0
1548992006 0
1548992007 0
1548992008 0
1548992009 0
1548992010 0
1548992011 0
1548992012 0
1548992013 0
1548992014 0
1548992015 0
1548992016 0
1548992017 0
1548992018 0
1548992019 0
1548992020 0
1548992021 0
1548992022 0
1548992023 0
1548992024 0
1548992025 0
1548992026 0
1548992027 0
1548992028 0
1548992029 17
1548992030 0
1548992031 0
1548992032 0
1548992033 0
1548992034 0
1548992035 0
1548992036 0
1548992037 0
1548992038 0
1548992039 0
1548992040 0
1548992041 0
1548992042 0
1548992043 0
1548992044 0
1548992045 0
1548992046 0
1548992047 0
1548992048 0
1548992049 0
1548992050 0
1548992051 5
1548992052 0
1548992053 0
1548992054 0
1548992055 0
1548992056 0
1548992057 0
1548992058 0
1548992059 0
1548992060 17
1548992061 0
1548992062 15
1548992063 0
1548992064 0
1548992065 0
1548992066 0
1548992067 0
1548992068 0
1548992069 0
1548992070 0
1548992071 0
1548992072 0
1548992073 0
1548992074 0
1548992075 0
1548992076 16
1548992077 17
1548992078 0
1548992079 0
1548992080 4
1548992081 0
1548992082 0
1548992083 0
1548992084 0
1548992085 0
1548992086 41
1548992087 0
1548992088 0
1548992089 0
1548992090 0
1548992091 0
1548992092 0
1548992093 0
1548992094 0
1548992095 0
1548992096 0
1548992097 0
1548992098 0
1548992099 0
1548992100 0
1548992101 0
1548992102 0
1548992103 0
1548992104 0
1548992105 0
1548992106 0
1548992107 0
1548992108 0
1548992109 0
1548992110 0
1548992111 0
1548992112 0
1548992113 0
1548992114 0
1548992115 0
1548992116 0
1548992117 0
1548992118 0
1548992119 0
1548992120 0
1548992121 69
1548992122 0
1548992123 0
1548992124 0
1548992125 0
1548992126 0
1548992127 0
1548992128 0
1548992129 0
1548992130 0
1548992131 0
1548992132 0
1548992133 0
1548992134 0
1548992135 0
1548992136 0
1548992137 9
1548992138 0
1548992139 0
1548992140 0
1548992141 0
1548992142 0
1548992143 0
1548992144 0
1548992145 0
1548992146 0
1548992147 0
1548992148 0
1548992149 0
1548992150 0
1548992151 0
1548992152 0
1548992153 0
1548992154 0
1548992155 0
1548992156 0
1548992157 0
1548992158 0
1548992159 0
1548992160 0
1548992161 0
1548992162 0
1548992163 0
1548992164 0
1548992165 0
1548992166 8
1548992167 0
1548992168 0
1548992169 0
1548992170 0
1548992171 0
1548992172 0
1548992173 0
1548992174 0
1548992175 0
1548992176 0
1548992177 0
1548992178 0
1548992179 0
1548992180 0
1548992181 0
1548992182 0
1548992183 0
1548992184 0
1548992185 0
1548992186 0
1548992187 0
1548992188 0
1548992189 25
1548992190 0
1548992191 0
1548992192 0
1548992193 0
1548992194 0
1548992195 0
1548992196 0
1548992197 0
1548992198 0
1548992199 38
1548992200 0
1548992201 0
1548992202 0
1548992203 0
1548992204 0
1548992205 0
1548992206 0
1548992207 0
1548992208 0
1548992209 0
1548992210 0
1548992211 0
1548992212 47
1548992213 0
1548992214 0
1548992215 0
1548992216 0
1548992217 0
1548992218 0
1548992219 0
1548992220 0
1548992221 0
1548992222 0
1548992223 0
1548992224 0
1548992225 0
1548992226 0
1548992227 0
1548992228 0
1548992229 0
1548992230 0
1548992231 0
1548992232 0
1548992233 0
1548992234 0
1548992235 0
1548992236 0
1548992237 0
1548992238 0
1548992239 0
1548992240 0
1548992241 0
1548992242 0
1548992243 15
1548992244 0
1548992245 0
1548992246 0
1548992247 0
1548992248 0
1548992249 0
1548992250 0
1548992251 0
1548992252 0
1548992253 0
1548992254 0
1548992255 0
1548992256 0
1548992257 0
1548992258 0
1548992259 0
1548992260 0
1548992261 0
1548992262 0
1548992263 0
1548992264 0
1548992265 0
1548992266 0
1548992267 0
1548992268 0
1548992269 0
1548992270 0
1548992271 0
1548992272 0
1548992273 0
1548992274 0
1548992275 0
1548992276 0
1548992277 0
1548992278 0
1548992279 0
1548992280 0
1548992281 0
1548992282 0
1548992283 0
1548992284 0
1548992285 11
1548992286 0
1548992287 0
1548992288 0
1548992289 0
1548992290 0
1548992291 0
1548992292 0
1548992293 0
1548992294 0
1548992295 0
1548992296 0
1548992297 0
1548992298 0
1548992299 0
1548992300 0
1548992301 0
1548992302 0
1548992303 0
1548992304 0
1548992305 0
1548992306 0
1548992307 0
1548992308 0
1548992309 0
1548992310 0
1548992311 0
1548992312 0
1548992313 0
1548992314 0
1548992315 0
1548992316 0
1548992317 0
1548992318 0
1548992319 0
1548992320 0
1548992321 0
1548992322 0
1548992323 0
1548992324 0
1548992325 0
1548992326 0
1548992327 0
1548992328 0
1548992329 0
1548992330 0
1548992331 0
1548992332 0
1548992333 0
1548992334 0
1548992335 0
1548992336 0
1548992337 0
1548992338 0
1548992339 0
1548992340 0
1548992341 0
1548992342 0
1548992343 0
1548992344 0
1548992345 0
1548992346 0
1548992347 0
1548992348 0
1548992349 0
1548992350 0
1548992351 0
1548992352 0
1548992353 0
1548992354 0
1548992355 0
1548992356 0
1548992357 0
1548992358 0
1548992359 0
1548992360 0
1548992361 0
1548992362 0
1548992363 0
1548992364 0
1548992365 0
1548992366 0
1548992367 0
1548992368 0
1548992369 0
1548992370 0
1548992371 0
1548992372 0
1548992373 0
1548992374 0
1548992375 0
1548992376 0
1548992377 0
1548992378 0
1548992379 0
1548992380 0
1548992381 0
1548992382 0
1548992383 0
1548992384 0
1548992385 0
1548992386 0
1548992387 0
1548992388 0
1548992389 0
1548992390 0
1548992391 0
1548992392 0
1548992393 0
1548992394 0
1548992395 0
1548992396 0
1548992397 0
1548992398 0
1548992399 0
1548992400 0
1548992401 0
1548992402 0
1548992403 0
1548992404 0
1548992405 0
1548992406 0
1548992407 0
1548992408 0
1548992409 0
1548992410 0
1548992411 0
1548992412 0
1548992413 0
1548992414 0
1548992415 0
1548992416 0
1548992417 0
1548992418 0
1548992419 0
1548992420 0
1548992421 0
1548992422 0
1548992423 0
1548992424 0
1548992425 0
1548992426 0
1548992427 0
1548992428 0
1548992429 0
1548992430 0
1548992431 0
1548992432 0
1548992433 0
1548992434 0
1548992435 0
1548992436 0
1548992437 0
1548992438 0
1548992439 0
1548992440 0
1548992441 0
1548992442 0
1548992443 0
1548992444 0
1548992445 0
1548992446 0
1548992447 0
1548992448 0
1548992449 0
1548992450 0
1548992451 0
1548992452 0
1548992453 0
1548992454 0
1548992455 0
1548992456 0
1548992457 0
1548992458 0
1548992459 0
1548992460 0
1548992461 0
1548992462 0
1548992463 0
1548992464 0
1548992465 0
1548992466 0
1548992467 0
1548992468 0
1548992469 0
1548992470 0
1548992471 0
1548992472 0
1548992473 0
1548992474 0
1548992475 0
1548992476 0
1548992477 0
1548992478 0
1548992479 0
1548992480 0
1548992481 0
1548992482 0
1548992483 0
1548992484 0
1548992485 0
1548992486 0
1548992487 0
1548992488 0
1548992489 0
1548992490 0
1548992491 0
1548992492 0
1548992493 0
1548992494 0
1548992495 0
1548992496 0
1548992497 0
1548992498 0
1548992499 0
1548992500 0
1548992501 0
1548992502 0
1548992503 0
1548992504 0
1548992505 0
1548992506 0
1548992507 0
1548992508 0
1548992509 0
1548992510 0
1548992511 0
1548992512 0
1548992513 0
1548992514 0
1548992515 0
1548992516 0
1548992517 0
1548992518 0
1548992519 0
1548992520 0
1548992521 0
1548992522 0
1548992523 0
1548992524 0
1548992525 0
1548992526 0
1548992527 0
1548992528 0
1548992529 0
1548992530 0
1548992531 0
1548992532 0
1548992533 0
1548992534 0
1548992535 0
1548992536 0
1548992537 0
1548992538 0
1548992539 0
1548992540 0
1548992541 0
1548992542 0
1548992543 0
1548992544 0
1548992545 0
1548992546 0
1548992547 0
1548992548 0
1548992549 0
1548992550 0
1548992551 0
1548992552 0
1548992553 0
1548992554 0
1548992555 0
1548992556 0
1548992557 0
1548992558 0
1548992559 0
1548992560 0
1548992561 0
1548992562 0
1548992563 0
1548992564 0
1548992565 0
1548992566 0
1548992567 0
1548992568 0
1548992569 0
1548992570 0
1548992571 0
1548992572 0
1548992573 0
1548992574 0
1548992575 0
1548992576 0
1548992577 0
1548992578 0
1548992579 0
1548992580 0
1548992581 0
1548992582 0
1548992583 0
1548992584 0
1548992585 0
1548992586 0
1548992587 0
1548992588 0
1548992589 0
1548992590 0
1548992591 0
1548992592 0
1548992593 0
1548992594 0
1548992595 0
1548992596 0
1548992597 0
1548992598 0
1548992599 0
1548992600 0
1548992601 0
1548992602 0
1548992603 0
1548992604 0
1548992605 0
1548992606 0
1548992607 0
1548992608 0
1548992609 0
1548992610 0
1548992611 0
1548992612 0
1548992613 0
1548992614 0
1548992615 0
1548992616 0
1548992617 0
1548992618 0
1548992619 0
1548992620 0
1548992621 0
1548992622 0
1548992623 0
1548992624 0
1548992625 0
1548992626 0
1548992627 0
1548992628 0
1548992629 0
1548992630 0
1548992631 0
1548992632 0
1548992633 0
1548992634 0
1548992635 0
1548992636 0
1548992637 0
1548992638 0
1548992639 0
1548992640 0
1548992641 0
1548992642 0
1548992643 0
1548992644 0
1548992645 0
1548992646 0
1548992647 0
1548992648 0
1548992649 0
1548992650 0
1548992651 0
1548992652 0
1548992653 0
1548992654 0
1548992655 0
1548992656 0
1548992657 0
1548992658 0
1548992659 0
1548992660 0
1548992661 0
1548992662 0
1548992663 0
1548992664 0
1548992665 0
1548992666 0
1548992667 0
1548992668 0
1548992669 0
1548992670 0
1548992671 0
1548992672 0
1548992673 0
1548992674 0
1548992675 0
1548992676 0
1548992677 0
1548992678 0
1548992679 0
1548992680 0
1548992681 0
1548992682 0
1548992683 0
1548992684 0
1548992685 0
1548992686 0
1548992687 0
1548992688 0
1548992689 0
1548992690 0
1548992691 0
1548992692 0
1548992693 0
1548992694 0
1548992695 0
1548992696 0
1548992697 0
1548992698 0
1548992699 0
1548992700 0
1548992701 0
1548992702 0
1548992703 0
1548992704 0
1548992705 0
1548992706 0
1548992707 0
1548992708 0
1548992709 0
1548992710 0
1548992711 0
1548992712 0
1548992713 0
1548992714 0
1548992715 0
1548992716 0
1548992717 0
1548992718 0
1548992719 0
1548992720 0
1548992721 0
1548992722 0
1548992723 0
1548992724 0
1548992725 0
1548992726 0
1548992727 0
1548992728 0
1548992729 0
1548992730 0
1548992731 0
1548992732 0
1548992733 0
1548992734 0
1548992735 0
1548992736 0
1548992737 0
1548992738 0
1548992739 0
1548992740 0
1548992741 0
1548992742 0
1548992743 0
1548992744 0
1548992745 0
1548992746 0
1548992747 0
1548992748 0
1548992749 0
1548992750 0
1548992751 0
1548992752 0
1548992753 0
1548992754 0
1548992755 0
1548992756 0
1548992757 0
1548992758 0
1548992759 0
1548992760 0
1548992761 0
1548992762 0
1548992763 0
1548992764 0
1548992765 0
1548992766 0
1548992767 0
1548992768 0
1548992769 0
1548992770 0
1548992771 0
1548992772 0
1548992773 0
1548992774 0
1548992775 0
1548992776 0
1548992777 0
1548992778 0
1548992779 0
1548992780 0
1548992781 0
1548992782 0
1548992783 0
1548992784 0
1548992785 0
1548992786 0
1548992787 0
1548992788 0
1548992789 0
1548992790 0
1548992791 0
1548992792 0
1548992793 0
1548992794 0
1548992795 0
1548992796 0
1548992797 0
1548992798 0
1548992799 0
1548992800 0
1548992801 0
1548992802 0
1548992803 0
1548992804 0
1548992805 0
1548992806 0
1548992807 0
1548992808 0
1548992809 0
1548992810 0
1548992811 0
1548992812 0
1548992813 0
1548992814 0
1548992815 0
1548992816 0
1548992817 0
1548992818 0
1548992819 0
1548992820 0
1548992821 0
1548992822 0
1548992823 0
1548992824 0
1548992825 0
1548992826 0
1548992827 0
1548992828 0
1548992829 0
1548992830 0
1548992831 0
1548992832 0
1548992833 0
1548992834 0
1548992835 0
1548992836 0
1548992837 0
1548992838 0
1548992839 0
1548992840 0
1548992841 0
1548992842 0
1548992843 0
1548992844 0
1548992845 0
1548992846 0
1548992847 0
1548992848 0
1548992849 0
1548992850 0
1548992851 0
1548992852 0
1548992853 0
1548992854 0
1548992855 0
1548992856 0
1548992857 0
1548992858 0
1548992859 0
1548992860 0
1548992861 0
1548992862 0
1548992863 0
1548992864 0
1548992865 0
1548992866 0
1548992867 0
1548992868 0
1548992869 0
1548992870 0
1548992871 0
1548992872 0
1548992873 0
1548992874 0
1548992875 0
1548992876 0
1548992877 0
1548992878 0
1548992879 0
1548992880 0
1548992881 0
1548992882 0
1548992883 0
1548992884 0
1548992885 0
1548992886 0
1548992887 0
1548992888 0
1548992889 0
1548992890 0
1548992891 0
1548992892 0
1548992893 0
1548992894 0
1548992895 0
1548992896 0
1548992897 0
1548992898 0
1548992899 0
1548992900 0
1548992901 0
1548992902 0
1548992903 0
1548992904 0
1548992905 0
1548992906 0
1548992907 0
1548992908 0
1548992909 0
1548992910 0
1548992911 0
1548992912 0
1548992913 0
1548992914 0
1548992915 0
1548992916 0
1548992917 0
1548992918 0
1548992919 0
1548992920 0
1548992921 0
1548992922 0
1548992923 0
1548992924 0
1548992925 0
1548992926 0
1548992927 0
1548992928 0
1548992929 0
1548992930 0
1548992931 0
1548992932 0
1548992933 0
1548992934 0
1548992935 0
1548992936 0
1548992937 0
1548992938 0
1548992939 0
1548992940 0
1548992941 0
1548992942 0
1548992943 0
1548992944 0
1548992945 0
1548992946 0
1548992947 0
1548992948 0
1548992949 0
1548992950 0
1548992951 0
1548992952 0
1548992953 0
1548992954 0
1548992955 0
1548992956 0
1548992957 0
1548992958 0
1548992959 0
1548992960 0
1548992961 0
1548992962 0
1548992963 0
1548992964 0
1548992965 0
1548992966 0
1548992967 0
1548992968 0
1548992969 0
1548992970 0
1548992971 0
1548992972 0
1548992973 0
1548992974 0
1548992975 0
1548992976 0
1548992977 0
1548992978 0
1548992979 0
1548992980 0
1548992981 0
1548992982 0
1548992983 0
1548992984 0
1548992985 0
1548992986 0
1548992987 0
1548992988 0
1548992989 0
1548992990 0
1548992991 0
1548992992 0
1548992993 0
1548992994 0
1548992995 0
1548992996 0
1548992997 0
1548992998 0
1548992999 0
1548993000 0
1548993001 0
1548993002 0
1548993003 0
1548993004 0
1548993005 0
1548993006 0
1548993007 0
1548993008 0
1548993009 0
1548993010 0
1548993011 0
1548993012 0
1548993013 0
1548993014 0
1548993015 0
1548993016 0
1548993017 0
1548993018 0
1548993019 0
1548993020 0
1548993021 0
1548993022 0
1548993023 0
1548993024 0
1548993025 0
1548993026 0
1548993027 0
1548993028 0
1548993029 0
1548993030 0
1548993031 0
1548993032 0
1548993033 0
1548993034 0
1548993035 0
1548993036 0
1548993037 0
1548993038 0
1548993039 0
1548993040 0
1548993041 0
1548993042 0
1548993043 0
1548993044 0
1548993045 0
1548993046 0
1548993047 0
1548993048 0
1548993049 0
1548993050 0
1548993051 0
1548993052 0
1548993053 0
1548993054 0
1548993055 0
1548993056 0
1548993057 0
1548993058 0
1548993059 0
1548993060 0
1548993061 0
1548993062 0
1548993063 0
1548993064 0
1548993065 0
1548993066 0
1548993067 0
1548993068 0
1548993069 0
1548993070 0
1548993071 0
1548993072 0
1548993073 0
1548993074 0
1548993075 0
1548993076 0
1548993077 0
1548993078 0
1548993079 0
1548993080 0
1548993081 0
1548993082 0
1548993083 0
1548993084 0
1548993085 0
1548993086 0
1548993087 0
1548993088 0
1548993089 0
1548993090 0
1548993091 0
1548993092 0
1548993093 0
1548993094 0
1548993095 0
1548993096 0
1548993097 0
1548993098 0
1548993099 0
1548993100 0
1548993101 0
1548993102 0
1548993103 0
1548993104 0
1548993105 0
1548993106 0
1548993107 0
1548993108 0
1548993109 0
1548993110 0
1548993111 0
1548993112 0
1548993113 0
1548993114 0
1548993115 0
1548993116 0
1548993117 0
1548993118 0
1548993119 0
1548993120 0
1548993121 0
1548993122 0
1548993123 0
1548993124 0
1548993125 0
1548993126 0
1548993127 0
1548993128 0
1548993129 0
1548993130 0
1548993131 0
1548993132 0
1548993133 0
1548993134 0
1548993135 0
1548993136 0
1548993137 0
1548993138 0
1548993139 0
1548993140 0
1548993141 0
1548993142 0
1548993143 0
1548993144 0
1548993145 0
1548993146 0
1548993147 0
1548993148 0
1548993149 0
1548993150 0
1548993151 0
1548993152 0
1548993153 0
1548993154 0
1548993155 0
1548993156 0
1548993157 0
1548993158 0
1548993159 0
1548993160 0
1548993161 0
1548993162 0
1548993163 0
1548993164 0
1548993165 0
1548993166 0
1548993167 0
1548993168 0
1548993169 0
1548993170 0
1548993171 0
1548993172 0
1548993173 0
1548993174 0
1548993175 0
1548993176 0
1548993177 0
1548993178 0
1548993179 0
1548993180 0
1548993181 0
1548993182 0
1548993183 0
1548993184 0
1548993185 0
1548993186 0
1548993187 0
1548993188 0
1548993189 0
1548993190 0
1548993191 0
1548993192 0
1548993193 0
1548993194 0
1548993195 0
1548993196 0
1548993197 0
1548993198 0
1548993199 0
1548993200 0
1548993201 0
1548993202 0
1548993203 0
1548993204 0
1548993205 0
1548993206 0
1548993207 0
1548993208 0
1548993209 0
1548993210 0
1548993211 0
1548993212 0
1548993213 0
1548993214 0
1548993215 0
1548993216 0
1548993217 0
1548993218 0
1548993219 0
1548993220 0
1548993221 0
1548993222 0
1548993223 0
1548993224 0
1548993225 0
1548993226 0
1548993227 0
1548993228 0
1548993229 0
1548993230 0
1548993231 0
1548993232 0
1548993233 0
1548993234 0
1548993235 0
1548993236 0
1548993237 0
1548993238 0
1548993239 0
1548993240 0
1548993241 0
1548993242 0
1548993243 0
1548993244 0
1548993245 0
1548993246 0
1548993247 0
1548993248 0
1548993249 0
1548993250 0
1548993251 0
1548993252 0
1548993253 0
1548993254 0
1548993255 0
1548993256 0
1548993257 0
1548993258 0
1548993259 0
1548993260 0
1548993261 0
1548993262 0
1548993263 0
1548993264 0
1548993265 0
1548993266 0
1548993267 0
1548993268 0
1548993269 0
1548993270 0
1548993271 0
1548993272 0
1548993273 0
1548993274 0
1548993275 0
1548993276 0
1548993277 0
1548993278 0
1548993279 0
1548993280 0
1548993281 0
1548993282 0
1548993283 0
1548993284 0
1548993285 0
1548993286 0
1548993287 0
1548993288 0
1548993289 0
1548993290 0
1548993291 0
1548993292 0
1548993293 0
1548993294 0
1548993295 0
1548993296 0
1548993297 0
1548993298 0
1548993299 0
1548993300 0
1548993301 0
1548993302 0
1548993303 0
1548993304 0
1548993305 0
1548993306 0
1548993307 0
1548993308 0
1548993309 0
1548993310 0
1548993311 0
1548993312 0
1548993313 0
1548993314 0
1548993315 0
1548993316 0
1548993317 0
1548993318 0
1548993319 0
1548993320 0
1548993321 0
1548993322 0
1548993323 0
1548993324 0
1548993325 0
1548993326 0
1548993327 0
1548993328 0
1548993329 0
1548993330 0
1548993331 0
1548993332 0
1548993333 0
1548993334 0
1548993335 0
1548993336 0
1548993337 0
1548993338 0
1548993339 0
1548993340 0
1548993341 0
1548993342 0
1548993343 0
1548993344 0
1548993345 0
1548993346 0
1548993347 0
1548993348 0
1548993349 0
1548993350 0
1548993351 0
1548993352 0
1548993353 0
1548993354 0
1548993355 0
1548993356 0
1548993357 0
1548993358 0
1548993359 0
1548993360 0
1548993361 0
1548993362 0
1548993363 0
1548993364 0
1548993365 0
1548993366 0
1548993367 0
1548993368 0
1548993369 0
1548993370 0
1548993371 0
1548993372 0
1548993373 0
1548993374 0
1548993375 0
1548993376 0
1548993377 0
1548993378 0
1548993379 0
1548993380 0
1548993381 0
1548993382 0
1548993383 0
1548993384 0
1548993385 0
1548993386 0
1548993387 0
1548993388 0
1548993389 0
1548993390 0
1548993391 0
1548993392 0
1548993393 0
1548993394 0
1548993395 0
1548993396 0
1548993397 0
1548993398 0
1548993399 0
1548993400 0
1548993401 0
1548993402 0
1548993403 0
1548993404 0
1548993405 0
1548993406 0
1548993407 0
1548993408 0
1548993409 0
1548993410 0
1548993411 0
1548993412 0
1548993413 0
1548993414 0
1548993415 0
1548993416 0
1548993417 0
1548993418 0
1548993419 0
1548993420 0
1548993421 0
1548993422 0
1548993423 0
1548993424 0
1548993425 0
1548993426 0
1548993427 0
1548993428 0
1548993429 0
1548993430 0
1548993431 0
1548993432 0
1548993433 0
1548993434 0
1548993435 0
1548993436 0
1548993437 0
1548993438 0
1548993439 0
1548993440 0
1548993441 0
1548993442 0
1548993443 0
1548993444 0
1548993445 0
1548993446 0
1548993447 0
1548993448 0
1548993449 0
1548993450 0
1548993451 0
1548993452 0
1548993453 0
1548993454 0
1548993455 0
1548993456 0
1548993457 0
1548993458 0
1548993459 0
1548993460 0
1548993461 0
1548993462 0
1548993463 0
1548993464 0
1548993465 0
1548993466 0
1548993467 0
1548993468 0
1548993469 0
1548993470 0
1548993471 0
1548993472 0
1548993473 0
1548993474 0
1548993475 0
1548993476 0
1548993477 0
1548993478 0
1548993479 0
1548993480 0
1548993481 0
1548993482 0
1548993483 0
1548993484 0
1548993485 0
1548993486 0
1548993487 0
1548993488 0
1548993489 0
1548993490 0
1548993491 0
1548993492 0
1548993493 0
1548993494 0
1548993495 0
1548993496 0
1548993497 0
1548993498 0
1548993499 0
1548993500 0
1548993501 0
1548993502 0
1548993503 0
1548993504 0
1548993505 0
1548993506 0
1548993507 0
1548993508 0
1548993509 0
1548993510 0
1548993511 0
1548993512 0
1548993513 0
1548993514 0
1548993515 0
1548993516 0
1548993517 0
1548993518 0
1548993519 0
1548993520 0
1548993521 0
1548993522 0
1548993523 0
1548993524 0
1548993525 0
1548993526 0
1548993527 0
1548993528 0
1548993529 0
1548993530 0
1548993531 0
1548993532 0
1548993533 0
1548993534 0
1548993535 0
1548993536 0
1548993537 0
1548993538 0
1548993539 0
1548993540 0
1548993541 0
1548993542 0
1548993543 0
1548993544 0
1548993545 0
1548993546 0
1548993547 0
1548993548 0
1548993549 0
1548993550 0
1548993551 0
1548993552 0
1548993553 0
1548993554 0
1548993555 0
1548993556 0
1548993557 0
1548993558 0
1548993559 0
1548993560 0
1548993561 0
1548993562 0
1548993563 0
1548993564 0
1548993565 0
1548993566 0
1548993567 0
1548993568 0
1548993569 0
1548993570 0
1548993571 0
1548993572 0
1548993573 0
1548993574 0
1548993575 0
1548993576 0
1548993577 0
1548993578 0
1548993579 0
1548993580 0
1548993581 0
1548993582 0
1548993583 0
1548993584 0
1548993585 0
1548993586 0
1548993587 0
1548993588 0
1548993589 0
1548993590 0
1548993591 0
1548993592 0
1548993593 0
1548993594 0
1548993595 0
1548993596 0
1548993597 0
1548993598 0
1548993599 0
1548993600 0
1548993601 0
1548993602 0
1548993603 0
1548993604 0
1548993605 0
1548993606 0
1548993607 0
1548993608 0
1548993609 0
1548993610 0
1548993611 0
1548993612 0
1548993613 0
1548993614 0
1548993615 0
1548993616 0
1548993617 0
1548993618 0
1548993619 0
1548993620 0
1548993621 0
1548993622 0
1548993623 0
1548993624 0
1548993625 0
1548993626 0
1548993627 0
1548993628 0
1548993629 0
1548993630 0
1548993631 0
1548993632 0
1548993633 0
1548993634 0
1548993635 0
1548993636 0
1548993637 0
1548993638 0
1548993639 0
1548993640 0
1548993641 0
1548993642 0
1548993643 0
1548993644 0
1548993645 0
1548993646 0
1548993647 0
1548993648 0
1548993649 0
1548993650 0
1548993651 0
1548993652 0
1548993653 0
1548993654 0
1548993655 0
1548993656 0
1548993657 0
1548993658 0
1548993659 0
1548993660 0
1548993661 0
1548993662 0
1548993663 0
1548993664 0
1548993665 0
1548993666 0
1548993667 0
1548993668 0
1548993669 0
1548993670 0
1548993671 0
1548993672 0
1548993673 0
1548993674 0
1548993675 0
1548993676 0
1548993677 0
1548993678 0
1548993679 0
1548993680 0
1548993681 0
1548993682 0
1548993683 0
1548993684 0
1548993685 0
1548993686 0
1548993687 0
1548993688 0
1548993689 0
1548993690 0
1548993691 0
1548993692 0
1548993693 0
1548993694 0
1548993695 0
1548993696 0
1548993697 0
1548993698 0
1548993699 0
1548993700 0
1548993701 0
1548993702 0
1548993703 0
1548993704 0
1548993705 0
1548993706 0
1548993707 0
1548993708 0
1548993709 0
1548993710 0
1548993711 0
1548993712 0
1548993713 0
1548993714 0
1548993715 0
1548993716 0
1548993717 0
1548993718 0
1548993719 0
1548993720 0
1548993721 0
1548993722 0
1548993723 0
1548993724 0
1548993725 0
1548993726 0
1548993727 0
1548993728 0
1548993729 0
1548993730 0
1548993731 0
1548993732 0
1548993733 0
1548993734 0
1548993735 0
1548993736 0
1548993737 0
1548993738 0
1548993739 0
1548993740 0
1548993741 0
1548993742 0
1548993743 0
1548993744 0
1548993745 0
1548993746 0
1548993747 0
1548993748 0
1548993749 0
1548993750 0
1548993751 0
1548993752 0
1548993753 0
1548993754 0
1548993755 0
1548993756 0
1548993757 0
1548993758 0
1548993759 0
1548993760 0
1548993761 0
1548993762 0
1548993763 0
1548993764 0
1548993765 0
1548993766 0
1548993767 0
1548993768 0
1548993769 0
1548993770 0
1548993771 0
1548993772 0
1548993773 0
1548993774 0
1548993775 0
1548993776 0
1548993777 0
1548993778 0
1548993779 0
1548993780 0
1548993781 0
1548993782 0
1548993783 0
1548993784 0
1548993785 0
1548993786 0
1548993787 0
1548993788 0
1548993789 0
1548993790 0
1548993791 0
1548993792 0
1548993793 0
1548993794 0
1548993795 0
1548993796 0
1548993797 0
1548993798 0
1548993799 0
1548993800 0
1548993801 0
1548993802 0
1548993803 0
1548993804 0
1548993805 0
1548993806 0
1548993807 0
1548993808 0
1548993809 0
1548993810 0
1548993811 0
1548993812 0
1548993813 0
1548993814 0
1548993815 0
1548993816 0
1548993817 0
1548993818 0
1548993819 0
1548993820 0
1548993821 0
1548993822 0
1548993823 0
1548993824 0
1548993825 0
1548993826 0
1548993827 0
1548993828 0
1548993829 0
1548993830 0
1548993831 0
1548993832 0
1548993833 0
1548993834 0
1548993835 0
1548993836 0
1548993837 0
1548993838 0
1548993839 0
1548993840 0
1548993841 0
1548993842 0
1548993843 0
1548993844 0
1548993845 0
1548993846 0
1548993847 0
1548993848 0
1548993849 0
1548993850 0
1548993851 0
1548993852 0
1548993853 0
1548993854 0
1548993855 0
1548993856 0
1548993857 0
1548993858 0
1548993859 0
1548993860 0
1548993861 0
1548993862 0
1548993863 0
1548993864 0
1548993865 0
1548993866 0
1548993867 0
1548993868 0
1548993869 0
1548993870 0
1548993871 0
1548993872 0
1548993873 0
1548993874 0
1548993875 0
1548993876 0
1548993877 0
1548993878 0
1548993879 0
1548993880 0
1548993881 0
1548993882 0
1548993883 0
1548993884 0
1548993885 0
1548993886 0
1548993887 0
1548993888 0
1548993889 0
1548993890 0
1548993891 0
1548993892 0
1548993893 0
1548993894 0
1548993895 0
1548993896 0
1548993897 0
1548993898 0
1548993899 0
1548993900 0
1548993901 0
1548993902 0
1548993903 0
1548993904 0
1548993905 0
1548993906 0
1548993907 0
1548993908 0
1548993909 0
1548993910 0
1548993911 0
1548993912 0
1548993913 0
1548993914 0
1548993915 0
1548993916 0
1548993917 0
1548993918 0
1548993919 0
1548993920 0
1548993921 0
1548993922 0
1548993923 0
1548993924 0
1548993925 0
1548993926 0
1548993927 0
1548993928 0
1548993929 0
1548993930 0
1548993931 0
1548993932 0
1548993933 0
1548993934 0
1548993935 0
1548993936 0
1548993937 0
1548993938 0
1548993939 0
1548993940 0
1548993941 0
1548993942 0
1548993943 0
1548993944 0
1548993945 0
1548993946 0
1548993947 0
1548993948 0
1548993949 0
1548993950 0
1548993951 0
1548993952 0
1548993953 0
1548993954 0
1548993955 0
1548993956 0
1548993957 0
1548993958 0
1548993959 0
1548993960 0
1548993961 0
1548993962 0
1548993963 0
1548993964 0
1548993965 0
1548993966 0
1548993967 0
1548993968 0
1548993969 0
1548993970 0
1548993971 0
1548993972 0
1548993973 0
1548993974 0
1548993975 0
1548993976 0
1548993977 0
1548993978 0
1548993979 0
1548993980 0
1548993981 0
1548993982 0
1548993983 0
1548993984 0
1548993985 0
1548993986 0
1548993987 0
1548993988 0
1548993989 0
1548993990 0
1548993991 0
1548993992 0
1548993993 0
1548993994 0
1548993995 0
1548993996 0
1548993997 0
1548993998 0
1548993999 0
1548994000 0
1548994001 0
1548994002 0
1548994003 0
1548994004 0
1548994005 0
1548994006 0
1548994007 0
1548994008 0
1548994009 0
1548994010 0
1548994011 0
1548994012 0
1548994013 0
1548994014 0
1548994015 0
1548994016 0
1548994017 0
1548994018 0
1548994019 0
1548994020 0
1548994021 0
1548994022 0
1548994023 0
1548994024 0
1548994025 0
1548994026 0
1548994027 0
1548994028 0
1548994029 0
1548994030 0
1548994031 0
1548994032 0
1548994033 0
1548994034 0
1548994035 0
1548994036 0
1548994037 0
1548994038 0
1548994039 0
1548994040 0
1548994041 0
1548994042 0
1548994043 0
1548994044 0
1548994045 0
1548994046 0
1548994047 0
1548994048 0
1548994049 0
1548994050 0
1548994051 0
1548994052 0
1548994053 0
1548994054 0
1548994055 0
1548994056 0
1548994057 0
1548994058 0
1548994059 0
1548994060 0
1548994061 0
1548994062 0
1548994063 0
1548994064 0
1548994065 0
1548994066 0
1548994067 0
1548994068 0
1548994069 0
1548994070 0
1548994071 0
1548994072 0
1548994073 0
1548994074 0
1548994075 0
1548994076 0
1548994077 0
1548994078 0
1548994079 0
1548994080 0
1548994081 0
1548994082 0
1548994083 0
1548994084 0
1548994085 0
1548994086 0
1548994087 0
1548994088 0
1548994089 0
1548994090 0
1548994091 0
1548994092 0
1548994093 0
1548994094 0
1548994095 0
1548994096 0
1548994097 0
1548994098 0
1548994099 0
1548994100 0
1548994101 0
1548994102 0
1548994103 0
1548994104 0
1548994105 0
1548994106 0
1548994107 0
1548994108 0
1548994109 0
1548994110 0
1548994111 0
1548994112 0
1548994113 0
1548994114 0
1548994115 0
1548994116 0
1548994117 0
1548994118 0
1548994119 0
1548994120 0
1548994121 0
1548994122 0
1548994123 0
1548994124 0
1548994125 0
1548994126 0
1548994127 0
1548994128 0
1548994129 0
1548994130 0
1548994131 0
1548994132 0
1548994133 0
1548994134 0
1548994135 0
1548994136 0
1548994137 0
1548994138 0
1548994139 0
1548994140 0
1548994141 0
1548994142 0
1548994143 0
1548994144 0
1548994145 0
1548994146 0
1548994147 0
1548994148 0
1548994149 0
1548994150 0
1548994151 0
1548994152 0
1548994153 0
1548994154 0
1548994155 0
1548994156 0
1548994157 0
1548994158 0
1548994159 0
1548994160 0
1548994161 0
1548994162 0
1548994163 0
1548994164 0
1548994165 0
1548994166 0
1548994167 0
1548994168 0
1548994169 0
1548994170 0
1548994171 0
1548994172 0
1548994173 0
1548994174 0
1548994175 0
1548994176 0
1548994177 0
1548994178 0
1548994179 0
1548994180 0
1548994181 0
1548994182 0
1548994183 0
1548994184 0
1548994185 0
1548994186 0
1548994187 0
1548994188 0
1548994189 0
1548994190 0
1548994191 0
1548994192 0
1548994193 0
1548994194 0
1548994195 0
1548994196 0
1548994197 0
1548994198 0
1548994199 0
1548994200 0
1548994201 0
1548994202 0
1548994203 0
1548994204 0
1548994205 0
1548994206 0
1548994207 0
1548994208 0
1548994209 0
1548994210 0
1548994211 0
1548994212 0
1548994213 0
1548994214 0
1548994215 0
1548994216 0
1548994217 0
1548994218 0
1548994219 0
1548994220 0
1548994221 0
1548994222 0
1548994223 0
1548994224 0
1548994225 0
1548994226 0
1548994227 0
1548994228 0
1548994229 0
1548994230 0
1548994231 0
1548994232 0
1548994233 0
1548994234 0
1548994235 0
1548994236 0
1548994237 0
1548994238 0
1548994239 0
1548994240 0
1548994241 0
1548994242 0
1548994243 0
1548994244 0
1548994245 0
1548994246 0
1548994247 0
1548994248 0
1548994249 0
1548994250 0
1548994251 0
1548994252 0
1548994253 0
1548994254 0
1548994255 0
1548994256 0
1548994257 0
1548994258 0
1548994259 0
1548994260 0
1548994261 0
1548994262 0
1548994263 0
1548994264 0
1548994265 0
1548994266 0
1548994267 0
1548994268 0
1548994269 0
1548994270 0
1548994271 0
1548994272 0
1548994273 0
1548994274 0
1548994275 0
1548994276 0
1548994277 0
1548994278 0
1548994279 0
1548994280 0
1548994281 0
1548994282 0
1548994283 0
1548994284 0
1548994285 0
1548994286 0
1548994287 0
1548994288 0
1548994289 0
1548994290 0
1548994291 0
1548994292 0
1548994293 0
1548994294 0
1548994295 0
1548994296 0
1548994297 0
1548994298 0
1548994299 0
1548994300 0
1548994301 0
1548994302 0
1548994303 0
1548994304 0
1548994305 0
1548994306 0
1548994307 0
1548994308 0
1548994309 0
1548994310 0
1548994311 0
1548994312 0
1548994313 0
1548994314 0
1548994315 0
1548994316 0
1548994317 0
1548994318 0
1548994319 0
1548994320 0
1548994321 0
1548994322 0
1548994323 0
1548994324 0
1548994325 0
1548994326 0
1548994327 0
1548994328 0
1548994329 0
1548994330 0
1548994331 0
1548994332 0
1548994333 0
1548994334 0
1548994335 0
1548994336 0
1548994337 0
1548994338 0
1548994339 0
1548994340 0
1548994341 0
1548994342 0
1548994343 0
1548994344 0
1548994345 0
1548994346 0
1548994347 0
1548994348 0
1548994349 0
1548994350 0
1548994351 0
1548994352 0
1548994353 0
1548994354 0
1548994355 0
1548994356 0
1548994357 0
1548994358 0
1548994359 0
1548994360 0
1548994361 0
1548994362 0
1548994363 0
1548994364 0
1548994365 0
1548994366 0
1548994367 0
1548994368 0
1548994369 0
1548994370 0
1548994371 0
1548994372 0
1548994373 0
1548994374 0
1548994375 0
1548994376 0
1548994377 0
1548994378 0
1548994379 0
1548994380 0
1548994381 0
1548994382 0
1548994383 0
1548994384 0
1548994385 0
1548994386 0
1548994387 0
1548994388 0
1548994389 0
1548994390 0
1548994391 0
1548994392 0
1548994393 0
1548994394 0
1548994395 0
1548994396 0
1548994397 0
1548994398 0
1548994399 0
1548994400 0
1548994401 0
1548994402 0
1548994403 0
1548994404 0
1548994405 0
1548994406 0
1548994407 0
1548994408 0
1548994409 0
1548994410 0
1548994411 0
1548994412 0
1548994413 0
1548994414 0
1548994415 0
1548994416 0
1548994417 0
1548994418 0
1548994419 0
1548994420 0
1548994421 0
1548994422 0
1548994423 0
1548994424 0
1548994425 0
1548994426 0
1548994427 0
1548994428 0
1548994429 0
1548994430 0
1548994431 0
1548994432 0
1548994433 0
1548994434 0
1548994435 0
1548994436 0
1548994437 0
1548994438 0
1548994439 0
1548994440 0
1548994441 0
1548994442 0
1548994443 0
1548994444 0
1548994445 0
1548994446 0
1548994447 0
1548994448 0
1548994449 0
1548994450 0
1548994451 0
1548994452 0
1548994453 0
1548994454 0
1548994455 0
1548994456 0
1548994457 0
1548994458 0
1548994459 0
1548994460 0
1548994461 0
1548994462 0
1548994463 0
1548994464 0
1548994465 0
1548994466 0
1548994467 0
1548994468 0
1548994469 0
1548994470 0
1548994471 0
1548994472 0
1548994473 0
1548994474 0
1548994475 0
1548994476 0
1548994477 0
1548994478 0
1548994479 0
1548994480 0
1548994481 0
1548994482 0
1548994483 0
1548994484 0
1548994485 0
1548994486 0
1548994487 0
1548994488 0
1548994489 0
1548994490 0
1548994491 0
1548994492 0
1548994493 0
1548994494 0
1548994495 0
1548994496 0
1548994497 0
1548994498 0
1548994499 0
1548994500 0
1548994501 0
1548994502 0
1548994503 0
1548994504 0
1548994505 0
1548994506 0
1548994507 0
1548994508 0
1548994509 0
1548994510 0
1548994511 0
1548994512 0
1548994513 0
1548994514 0
1548994515 0
1548994516 0
1548994517 0
1548994518 0
1548994519 0
1548994520 0
1548994521 0
1548994522 0
1548994523 0
1548994524 0
1548994525 0
1548994526 0
1548994527 0
1548994528 0
1548994529 0
1548994530 0
1548994531 0
1548994532 0
1548994533 0
1548994534 0
1548994535 0
1548994536 0
1548994537 0
1548994538 0
1548994539 0
1548994540 0
1548994541 0
1548994542 0
1548994543 0
1548994544 0
1548994545 0
1548994546 0
1548994547 0
1548994548 0
1548994549 0
1548994550 0
1548994551 0
1548994552 0
1548994553 0
1548994554 0
1548994555 0
1548994556 0
1548994557 0
1548994558 0
1548994559 0
1548994560 0
1548994561 0
1548994562 0
1548994563 0
1548994564 0
1548994565 0
1548994566 0
1548994567 0
1548994568 0
1548994569 0
1548994570 0
1548994571 0
1548994572 0
1548994573 0
1548994574 0
1548994575 0
1548994576 0
1548994577 0
1548994578 0
1548994579 0
1548994580 0
1548994581 0
1548994582 0
1548994583 0
1548994584 0
1548994585 0
1548994586 0
1548994587 0
1548994588 0
1548994589 0
1548994590 0
1548994591 0
1548994592 0
1548994593 0
1548994594 0
1548994595 0
1548994596 0
1548994597 0
1548994598 0
1548994599 0
1548994600 0
1548994601 4
1548994602 2
1548994603 0
1548994604 1
1548994605 5
1548994606 3
1548994607 0
1548994608 0
1548994609 0
1548994610 3
1548994611 1
1548994612 3
1548994613 1
1548994614 0
1548994615 0
1548994616 0
1548994617 1
1548994618 1
1548994619 1
1548994620 0
1548994621 7
1548994622 4
1548994623 4
1548994624 2
1548994625 3
1548994626 1
1548994627 0
1548994628 2
1548994629 1
1548994630 1
1548994631 2
1548994632 0
1548994633 1
1548994634 8
1548994635 1
1548994636 1
1548994637 0
1548994638 7
1548994639 4
1548994640 7
1548994641 1
1548994642 0
1548994643 1
1548994644 2
1548994645 0
1548994646 1
1548994647 2
1548994648 4
1548994649 0
1548994650 0
1548994651 1
1548994652 0
1548994653 1
1548994654 2
1548994655 0
1548994656 3
1548994657 1
1548994658 2
1548994659 0
1548994660 1
1548994661 0
1548994662 2
1548994663 2
1548994664 0
1548994665 2
1548994666 5
1548994667 0
1548994668 0
1548994669 2
1548994670 0
1548994671 2
1548994672 7
1548994673 0
1548994674 0
1548994675 0
1548994676 0
1548994677 0
1548994678 0
1548994679 1
1548994680 5
1548994681 0
1548994682 0
1548994683 1
1548994684 1
1548994685 0
1548994686 3
1548994687 0
1548994688 4
1548994689 3
1548994690 1
1548994691 4
1548994692 2
1548994693 8
1548994694 0
1548994695 4
1548994696 0
1548994697 1
1548994698 0
1548994699 0
1548994700 1
1548994701 0
1548994702 1
1548994703 1
1548994704 3
1548994705 0
1548994706 0
1548994707 1
1548994708 3
1548994709 0
1548994710 1
1548994711 0
1548994712 0
1548994713 0
1548994714 1
1548994715 0
1548994716 1
1548994717 2
1548994718 0
1548994719 0
1548994720 0
1548994721 0
1548994722 3
1548994723 1
1548994724 1
1548994725 5
1548994726 1
1548994727 0
1548994728 3
1548994729 7
1548994730 1
1548994731 0
1548994732 7
1548994733 3
1548994734 3
1548994735 0
1548994736 0
1548994737 0
1548994738 1
1548994739 0
1548994740 1
1548994741 0
1548994742 9
1548994743 2
1548994744 0
1548994745 0
1548994746 0
1548994747 1
1548994748 3
1548994749 3
1548994750 0
1548994751 1
1548994752 5
1548994753 0
1548994754 2
1548994755 1
1548994756 4
1548994757 0
1548994758 0
1548994759 1
1548994760 1
1548994761 4
1548994762 2
1548994763 0
1548994764 0
1548994765 6
1548994766 1
1548994767 1
1548994768 1
1548994769 0
1548994770 0
1548994771 0
1548994772 2
1548994773 1
1548994774 2
1548994775 4
1548994776 8
1548994777 13
1548994778 1
1548994779 1
1548994780 4
1548994781 7
1548994782 0
1548994783 1
1548994784 0
1548994785 2
1548994786 0
1548994787 1
1548994788 0
1548994789 1
1548994790 0
1548994791 3
1548994792 1
1548994793 0
1548994794 2
1548994795 1
1548994796 1
1548994797 2
1548994798 1
1548994799 2
1548994800 2
1548994801 1
1548994802 1
1548994803 1
1548994804 4
1548994805 2
1548994806 0
1548994807 2
1548994808 0
1548994809 1
1548994810 0
1548994811 3
1548994812 2
1548994813 4
1548994814 0
1548994815 0
1548994816 3
1548994817 5
1548994818 1
1548994819 2
1548994820 6
1548994821 0
1548994822 2
1548994823 4
1548994824 0
1548994825 0
1548994826 0
1548994827 1
1548994828 1
1548994829 3
1548994830 0
1548994831 0
1548994832 2
1548994833 0
1548994834 0
1548994835 0
1548994836 0
1548994837 0
1548994838 3
1548994839 1
1548994840 0
1548994841 1
1548994842 0
1548994843 0
1548994844 0
1548994845 3
1548994846 5
1548994847 3
1548994848 0
1548994849 4
1548994850 1
1548994851 3
1548994852 2
1548994853 6
1548994854 0
1548994855 1
1548994856 4
1548994857 0
1548994858 0
1548994859 0
1548994860 2
1548994861 2
1548994862 0
1548994863 1
1548994864 0
1548994865 3
1548994866 1
1548994867 0
1548994868 0
1548994869 3
1548994870 0
1548994871 2
1548994872 2
1548994873 2
1548994874 1
1548994875 3
1548994876 0
1548994877 1
1548994878 3
1548994879 0
1548994880 0
1548994881 0
1548994882 3
1548994883 0
1548994884 1
1548994885 1
1548994886 0
1548994887 1
1548994888 4
1548994889 1
1548994890 1
1548994891 3
1548994892 0
1548994893 8
1548994894 0
1548994895 1
1548994896 0
1548994897 7
1548994898 0
1548994899 1
1548994900 2
1548994901 1
1548994902 3
1548994903 0
1548994904 2
1548994905 1
1548994906 3
1548994907 1
1548994908 1
1548994909 1
1548994910 3
1548994911 4
1548994912 2
1548994913 1
1548994914 1
1548994915 2
1548994916 2
1548994917 0
1548994918 0
1548994919 0
1548994920 0
1548994921 0
1548994922 2
1548994923 8
1548994924 0
1548994925 5
1548994926 1
1548994927 0
1548994928 1
1548994929 5
1548994930 1
1548994931 0
1548994932 1
1548994933 2
1548994934 0
1548994935 0
1548994936 4
1548994937 2
1548994938 1
1548994939 1
1548994940 5
1548994941 0
1548994942 0
1548994943 0
1548994944 2
1548994945 1
1548994946 0
1548994947 2
1548994948 1
1548994949 2
1548994950 0
1548994951 0
1548994952 3
1548994953 1
1548994954 1
1548994955 0
1548994956 1
1548994957 4
1548994958 2
1548994959 5
1548994960 5
1548994961 5
1548994962 1
1548994963 0
1548994964 0
1548994965 2
1548994966 1
1548994967 1
1548994968 0
1548994969 0
1548994970 2
1548994971 2
1548994972 2
1548994973 1
1548994974 0
1548994975 1
1548994976 2
1548994977 4
1548994978 0
1548994979 0
1548994980 1
1548994981 3
1548994982 7
1548994983 0
1548994984 1
1548994985 3
1548994986 7
1548994987 0
1548994988 0
1548994989 0
1548994990 1
1548994991 0
1548994992 3
1548994993 2
1548994994 0
1548994995 1
1548994996 1
1548994997 0
1548994998 2
1548994999 1
1548995000 1
1548995001 0
1548995002 1
1548995003 5
1548995004 0
1548995005 0
1548995006 0
1548995007 0
1548995008 3
1548995009 2
1548995010 5
1548995011 0
1548995012 0
1548995013 0
1548995014 3
1548995015 0
1548995016 2
1548995017 0
1548995018 1
1548995019 1
1548995020 0
1548995021 3
1548995022 1
1548995023 2
1548995024 3
1548995025 0
1548995026 6
1548995027 3
1548995028 4
1548995029 0
1548995030 5
1548995031 0
1548995032 3
1548995033 4
1548995034 2
1548995035 0
1548995036 2
1548995037 5
1548995038 1
1548995039 0
1548995040 1
1548995041 4
1548995042 0
1548995043 0
1548995044 1
1548995045 5
1548995046 0
1548995047 8
1548995048 0
1548995049 1
1548995050 0
1548995051 0
1548995052 2
1548995053 8
1548995054 2
1548995055 0
1548995056 0
1548995057 4
1548995058 1
1548995059 1
1548995060 2
1548995061 8
1548995062 0
1548995063 1
1548995064 0
1548995065 1
1548995066 0
1548995067 0
1548995068 0
1548995069 3
1548995070 0
1548995071 0
1548995072 1
1548995073 2
1548995074 0
1548995075 2
1548995076 0
1548995077 4
1548995078 1
1548995079 0
1548995080 0
1548995081 0
1548995082 2
1548995083 3
1548995084 0
1548995085 2
1548995086 0
1548995087 4
1548995088 2
1548995089 0
1548995090 0
1548995091 0
1548995092 2
1548995093 3
1548995094 0
1548995095 1
1548995096 1
1548995097 7
1548995098 0
1548995099 2
1548995100 0
1548995101 2
1548995102 1
1548995103 0
1548995104 0
1548995105 0
1548995106 2
1548995107 4
1548995108 0
1548995109 0
1548995110 0
1548995111 1
1548995112 4
1548995113 9
1548995114 0
1548995115 4
1548995116 0
1548995117 4
1548995118 1
1548995119 2
1548995120 6
1548995121 1
1548995122 0
1548995123 0
1548995124 1
1548995125 7
1548995126 0
1548995127 0
1548995128 7
1548995129 5
1548995130 1
1548995131 4
1548995132 0
1548995133 0
1548995134 0
1548995135 1
1548995136 1
1548995137 3
1548995138 0
1548995139 0
1548995140 1
1548995141 3
1548995142 0
1548995143 4
1548995144 0
1548995145 1
1548995146 1
1548995147 1
1548995148 2
1548995149 0
1548995150 0
1548995151 2
1548995152 1
1548995153 1
1548995154 1
1548995155 3
1548995156 9
1548995157 3
1548995158 5
1548995159 0
1548995160 0
1548995161 2
1548995162 2
1548995163 2
1548995164 3
1548995165 0
1548995166 1
1548995167 3
1548995168 1
1548995169 0
1548995170 0
1548995171 0
1548995172 0
1548995173 1
1548995174 1
1548995175 6
1548995176 1
1548995177 3
1548995178 1
1548995179 0
1548995180 0
1548995181 0
1548995182 1
1548995183 2
1548995184 0
1548995185 0
1548995186 3
1548995187 0
1548995188 0
1548995189 1
1548995190 4
1548995191 3
1548995192 2
1548995193 7
1548995194 0
1548995195 2
1548995196 2
1548995197 7
1548995198 2
1548995199 0
1548995200 4
1548995201 7
1548995202 2
1548995203 0
1548995204 2
1548995205 0
1548995206 0
1548995207 1
1548995208 0
1548995209 0
1548995210 0
1548995211 5
1548995212 1
1548995213 2
1548995214 0
1548995215 0
1548995216 3
1548995217 2
1548995218 0
1548995219 1
1548995220 0
1548995221 1
1548995222 1
1548995223 1
1548995224 4
1548995225 0
1548995226 0
1548995227 4
1548995228 1
1548995229 0
1548995230 2
1548995231 1
1548995232 3
1548995233 2
1548995234 9
1548995235 0
1548995236 1
1548995237 1
1548995238 2
1548995239 1
1548995240 0
1548995241 1
1548995242 2
1548995243 4
1548995244 2
1548995245 2
1548995246 1
1548995247 0
1548995248 1
1548995249 1
1548995250 1
1548995251 0
1548995252 0
1548995253 0
1548995254 1
1548995255 0
1548995256 5
1548995257 0
1548995258 0
1548995259 0
1548995260 5
1548995261 7
1548995262 0
1548995263 0
1548995264 0
1548995265 0
1548995266 0
1548995267 0
1548995268 5
1548995269 5
1548995270 1
1548995271 1
1548995272 0
1548995273 0
1548995274 0
1548995275 0
1548995276 5
1548995277 1
1548995278 4
1548995279 4
1548995280 2
1548995281 1
1548995282 1
1548995283 0
1548995284 1
1548995285 0
1548995286 3
1548995287 1
1548995288 6
1548995289 1
1548995290 2
1548995291 5
1548995292 3
1548995293 0
1548995294 4
1548995295 5
1548995296 0
1548995297 2
1548995298 2
1548995299 1
1548995300 0
1548995301 8
1548995302 0
1548995303 3
1548995304 0
1548995305 2
1548995306 3
1548995307 3
1548995308 1
1548995309 1
1548995310 2
1548995311 1
1548995312 3
1548995313 0
1548995314 1
1548995315 1
1548995316 2
1548995317 0
1548995318 0
1548995319 0
1548995320 4
1548995321 5
1548995322 1
1548995323 1
1548995324 0
1548995325 0
1548995326 1
1548995327 8
1548995328 4
1548995329 0
1548995330 0
1548995331 0
1548995332 4
1548995333 0
1548995334 0
1548995335 0
1548995336 0
1548995337 1
1548995338 1
1548995339 0
1548995340 5
1548995341 0
1548995342 6
1548995343 4
1548995344 9
1548995345 1
1548995346 2
1548995347 0
1548995348 3
1548995349 0
1548995350 0
1548995351 0
1548995352 2
1548995353 0
1548995354 1
1548995355 1
1548995356 0
1548995357 1
1548995358 0
1548995359 0
1548995360 0
1548995361 0
1548995362 0
1548995363 5
1548995364 2
1548995365 1
1548995366 0
1548995367 1
1548995368 0
1548995369 10
1548995370 0
1548995371 0
1548995372 0
1548995373 0
1548995374 0
1548995375 0
1548995376 0
1548995377 0
1548995378 0
1548995379 0
1548995380 0
1548995381 0
1548995382 0
1548995383 0
1548995384 0
1548995385 0
1548995386 0
1548995387 0
1548995388 0
1548995389 0
1548995390 0
1548995391 0
1548995392 0
1548995393 0
1548995394 0
1548995395 0
1548995396 0
1548995397 0
1548995398 0
1548995399 0
1548995400 0
1548995401 0
1548995402 0
1548995403 0
1548995404 0
1548995405 0
1548995406 0
1548995407 0
1548995408 0
1548995409 0
1548995410 0
1548995411 0
1548995412 0
1548995413 0
1548995414 0
1548995415 0
1548995416 0
1548995417 0
1548995418 0
1548995419 0
1548995420 0
1548995421 0
1548995422 0
1548995423 0
1548995424 0
1548995425 0
1548995426 0
1548995427 0
1548995428 0
1548995429 0
1548995430 0
1548995431 0
1548995432 0
1548995433 0
1548995434 0
1548995435 0
1548995436 0
1548995437 0
1548995438 0
1548995439 0
1548995440 0
1548995441 0
1548995442 0
1548995443 0
1548995444 0
1548995445 0
1548995446 0
1548995447 0
1548995448 0
1548995449 0
1548995450 0
1548995451 0
1548995452 0
1548995453 0
1548995454 0
1548995455 0
1548995456 0
1548995457 0
1548995458 0
1548995459 0
1548995460 0
1548995461 0
1548995462 0
1548995463 0
1548995464 0
1548995465 0
1548995466 0
1548995467 0
1548995468 0
1548995469 0
1548995470 0
1548995471 0
1548995472 0
1548995473 0
1548995474 0
1548995475 0
1548995476 0
1548995477 0
1548995478 0
1548995479 0
1548995480 0
1548995481 0
1548995482 0
1548995483 0
1548995484 0
1548995485 0
1548995486 0
1548995487 0
1548995488 0
1548995489 0
1548995490 0
1548995491 0
1548995492 0
1548995493 0
1548995494 0
1548995495 0
1548995496 0
1548995497 0
1548995498 0
1548995499 0
1548995500 0
1548995501 0
1548995502 0
1548995503 0
1548995504 0
1548995505 0
1548995506 0
1548995507 0
1548995508 0
1548995509 0
1548995510 0
1548995511 0
1548995512 0
1548995513 0
1548995514 0
1548995515 0
1548995516 0
1548995517 0
1548995518 0
1548995519 0
1548995520 0
1548995521 0
1548995522 0
1548995523 0
1548995524 0
1548995525 0
1548995526 0
1548995527 0
1548995528 0
1548995529 0
1548995530 0
1548995531 0
1548995532 0
1548995533 0
1548995534 0
1548995535 0
1548995536 0
1548995537 0
1548995538 0
1548995539 0
1548995540 0
1548995541 0
1548995542 0
1548995543 0
1548995544 0
1548995545 0
1548995546 0
1548995547 0
1548995548 0
1548995549 0
1548995550 0
1548995551 0
1548995552 0
1548995553 0
1548995554 0
1548995555 0
1548995556 0
1548995557 0
1548995558 0
1548995559 0
1548995560 0
1548995561 0
1548995562 0
1548995563 0
1548995564 0
1548995565 0
1548995566 0
1548995567 0
1548995568 0
1548995569 0
1548995570 0
1548995571 0
1548995572 0
1548995573 0
1548995574 0
1548995575 0
1548995576 0
1548995577 0
1548995578 0
1548995579 0
1548995580 0
1548995581 0
1548995582 0
1548995583 0
1548995584 0
1548995585 0
1548995586 0
1548995587 0
1548995588 0
1548995589 0
1548995590 0
1548995591 0
1548995592 0
1548995593 0
1548995594 0
1548995595 0
1548995596 0
1548995597 0
1548995598 0
1548995599 0
1548995600 0
1548995601 0
1548995602 0
1548995603 0
1548995604 0
1548995605 0
1548995606 0
1548995607 0
1548995608 0
1548995609 0
1548995610 0
1548995611 0
1548995612 0
1548995613 0
1548995614 0
1548995615 0
1548995616 0
1548995617 0
1548995618 0
1548995619 0
1548995620 0
1548995621 0
1548995622 0
1548995623 0
1548995624 0
1548995625 0
1548995626 0
1548995627 0
1548995628 0
1548995629 0
1548995630 0
1548995631 0
1548995632 0
1548995633 0
1548995634 0
1548995635 0
1548995636 0
1548995637 0
1548995638 0
1548995639 0
1548995640 0
1548995641 0
1548995642 0
1548995643 0
1548995644 0
1548995645 0
1548995646 0
1548995647 0
1548995648 0
1548995649 0
1548995650 0
1548995651 0
1548995652 0
1548995653 0
1548995654 0
1548995655 0
1548995656 0
1548995657 0
1548995658 0
1548995659 0
1548995660 0
1548995661 0
1548995662 0
1548995663 0
1548995664 0
1548995665 0
1548995666 0
1548995667 0
1548995668 0
1548995669 0
1548995670 0
1548995671 0
1548995672 0
1548995673 0
1548995674 0
1548995675 0
1548995676 0
1548995677 0
1548995678 0
1548995679 0
1548995680 0
1548995681 0
1548995682 0
1548995683 0
1548995684 0
1548995685 0
1548995686 0
1548995687 0
1548995688 0
1548995689 0
1548995690 0
1548995691 0
1548995692 0
1548995693 0
1548995694 0
1548995695 0
1548995696 0
1548995697 0
1548995698 0
1548995699 0
1548995700 0
1548995701 0
1548995702 0
1548995703 0
1548995704 0
1548995705 0
1548995706 0
1548995707 0
1548995708 0
1548995709 0
1548995710 0
1548995711 0
1548995712 0
1548995713 0
1548995714 0
1548995715 0
1548995716 0
1548995717 0
1548995718 0
1548995719 0
1548995720 0
1548995721 0
1548995722 0
1548995723 0
1548995724 0
1548995725 0
1548995726 0
1548995727 0
1548995728 0
1548995729 0
1548995730 0
1548995731 0
1548995732 0
1548995733 0
1548995734 0
1548995735 0
1548995736 0
1548995737 0
1548995738 0
1548995739 0
1548995740 0
1548995741 0
1548995742 0
1548995743 0
1548995744 0
1548995745 0
1548995746 0
1548995747 0
1548995748 0
1548995749 0
1548995750 0
1548995751 0
1548995752 0
1548995753 0
1548995754 0
1548995755 0
1548995756 0
1548995757 0
1548995758 0
1548995759 0
1548995760 0
1548995761 0
1548995762 0
1548995763 0
1548995764 0
1548995765 0
1548995766 0
1548995767 0
1548995768 0
1548995769 0
1548995770 0
1548995771 0
1548995772 0
1548995773 0
1548995774 0
1548995775 0
1548995776 0
1548995777 0
1548995778 0
1548995779 0
1548995780 0
1548995781 0
1548995782 0
1548995783 0
1548995784 0
1548995785 0
1548995786 0
1548995787 0
1548995788 0
1548995789 0
1548995790 0
1548995791 0
1548995792 0
1548995793 0
1548995794 0
1548995795 0
1548995796 0
1548995797 0
1548995798 0
1548995799 0
1548995800 0
1548995801 0
1548995802 0
1548995803 0
1548995804 0
1548995805 0
1548995806 0
1548995807 0
1548995808 0
1548995809 0
1548995810 0
1548995811 0
1548995812 0
1548995813 0
1548995814 0
1548995815 0
1548995816 0
1548995817 0
1548995818 0
1548995819 0
1548995820 0
1548995821 0
1548995822 0
1548995823 0
1548995824 0
1548995825 0
1548995826 0
1548995827 0
1548995828 0
1548995829 0
1548995830 0
1548995831 0
1548995832 0
1548995833 0
1548995834 0
1548995835 0
1548995836 0
1548995837 0
1548995838 0
1548995839 0
1548995840 0
1548995841 0
1548995842 0
1548995843 0
1548995844 0
1548995845 0
1548995846 0
1548995847 0
1548995848 0
1548995849 0
1548995850 0
1548995851 0
1548995852 0
1548995853 0
1548995854 0
1548995855 0
1548995856 0
1548995857 0
1548995858 0
1548995859 0
1548995860 0
1548995861 0
1548995862 0
1548995863 0
1548995864 0
1548995865 0
1548995866 0
1548995867 0
1548995868 0
1548995869 0
1548995870 0
1548995871 0
1548995872 0
1548995873 0
1548995874 0
1548995875 0
1548995876 0
1548995877 0
1548995878 0
1548995879 0
1548995880 0
1548995881 0
1548995882 0
1548995883 0
1548995884 0
1548995885 0
1548995886 0
1548995887 0
1548995888 0
1548995889 0
1548995890 0
1548995891 0
1548995892 0
1548995893 0
1548995894 0
1548995895 0
1548995896 0
1548995897 0
1548995898 0
1548995899 0
1548995900 0
1548995901 0
1548995902 0
1548995903 0
1548995904 0
1548995905 0
1548995906 0
1548995907 0
1548995908 0
1548995909 0
1548995910 0
1548995911 0
1548995912 0
1548995913 0
1548995914 0
1548995915 0
1548995916 0
1548995917 0
1548995918 0
1548995919 0
1548995920 0
1548995921 0
1548995922 0
1548995923 0
1548995924 0
1548995925 0
1548995926 0
1548995927 0
1548995928 0
1548995929 0
1548995930 0
1548995931 0
1548995932 0
1548995933 0
1548995934 0
1548995935 0
1548995936 0
1548995937 0
1548995938 0
1548995939 0
1548995940 0
1548995941 0
1548995942 0
1548995943 0
1548995944 0
1548995945 0
1548995946 0
1548995947 0
1548995948 0
1548995949 0
1548995950 0
1548995951 0
1548995952 0
1548995953 0
1548995954 0
1548995955 0
1548995956 0
1548995957 0
1548995958 0
1548995959 0
1548995960 0
1548995961 0
1548995962 0
1548995963 0
1548995964 0
1548995965 0
1548995966 0
1548995967 0
1548995968 0
1548995969 0
1548995970 0
1548995971 0
1548995972 0
1548995973 0
1548995974 0
1548995975 0
1548995976 0
1548995977 0
1548995978 0
1548995979 0
1548995980 0
1548995981 0
1548995982 0
1548995983 0
1548995984 0
1548995985 0
1548995986 0
1548995987 0
1548995988 0
1548995989 0
1548995990 0
1548995991 0
1548995992 0
1548995993 0
1548995994 0
1548995995 0
1548995996 0
1548995997 0
1548995998 0
1548995999 0
1548996000 0
1548996001 0
1548996002 0
1548996003 0
1548996004 0
1548996005 0
1548996006 0
1548996007 0
1548996008 0
1548996009 0
1548996010 0
1548996011 0
1548996012 0
1548996013 0
1548996014 0
1548996015 0
1548996016 0
1548996017 0
1548996018 0
1548996019 0
1548996020 0
1548996021 0
1548996022 0
1548996023 0
1548996024 0
1548996025 0
1548996026 0
1548996027 0
1548996028 0
1548996029 0
1548996030 0
1548996031 0
1548996032 0
1548996033 0
1548996034 0
1548996035 0
1548996036 0
1548996037 0
1548996038 0
1548996039 0
1548996040 0
1548996041 0
1548996042 0
1548996043 0
1548996044 0
1548996045 0
1548996046 0
1548996047 0
1548996048 0
1548996049 0
1548996050 0
1548996051 0
1548996052 0
1548996053 0
1548996054 0
1548996055 0
1548996056 0
1548996057 0
1548996058 0
1548996059 0
1548996060 0
1548996061 0
1548996062 0
1548996063 0
1548996064 0
1548996065 0
1548996066 0
1548996067 0
1548996068 0
1548996069 0
1548996070 0
1548996071 0
1548996072 0
1548996073 0
1548996074 0
1548996075 0
1548996076 0
1548996077 0
1548996078 0
1548996079 0
1548996080 0
1548996081 0
1548996082 0
1548996083 0
1548996084 0
1548996085 0
1548996086 0
1548996087 0
1548996088 0
1548996089 0
1548996090 0
1548996091 0
1548996092 0
1548996093 0
1548996094 0
1548996095 0
1548996096 0
1548996097 0
1548996098 0
1548996099 0
1548996100 0
1548996101 0
1548996102 0
1548996103 0
1548996104 0
1548996105 0
1548996106 0
1548996107 0
1548996108 0
1548996109 0
1548996110 0
1548996111 0
1548996112 0
1548996113 0
1548996114 0
1548996115 0
1548996116 0
1548996117 0
1548996118 0
1548996119 0
1548996120 0
1548996121 0
1548996122 0
1548996123 0
1548996124 0
1548996125 0
1548996126 0
1548996127 0
1548996128 0
1548996129 0
1548996130 0
1548996131 0
1548996132 0
1548996133 0
1548996134 0
1548996135 0
1548996136 0
1548996137 0
1548996138 0
1548996139 0
1548996140 0
1548996141 0
1548996142 0
1548996143 0
1548996144 0
1548996145 0
1548996146 0
1548996147 0
1548996148 0
1548996149 0
1548996150 0
1548996151 0
1548996152 0
1548996153 0
1548996154 0
1548996155 0
1548996156 0
1548996157 0
1548996158 0
1548996159 0
1548996160 0
1548996161 0
1548996162 0
1548996163 0
1548996164 0
1548996165 0
1548996166 0
1548996167 0
1548996168 0
1548996169 0
1548996170 0
1548996171 0
1548996172 0
1548996173 0
1548996174 0
1548996175 0
1548996176 0
1548996177 0
1548996178 0
1548996179 0
1548996180 0
1548996181 0
1548996182 0
1548996183 0
1548996184 0
1548996185 0
1548996186 0
1548996187 0
1548996188 0
1548996189 0
1548996190 0
1548996191 0
1548996192 0
1548996193 0
1548996194 0
1548996195 0
1548996196 0
1548996197 0
1548996198 0
1548996199 0
1548996200 0
1548996201 0
1548996202 0
1548996203 0
1548996204 0
1548996205 0
1548996206 0
1548996207 0
1548996208 0
1548996209 0
1548996210 0
1548996211 0
1548996212 0
1548996213 0
1548996214 0
1548996215 0
1548996216 0
1548996217 0
1548996218 0
1548996219 0
1548996220 0
1548996221 0
1548996222 0
1548996223 0
1548996224 0
1548996225 0
1548996226 0
1548996227 0
1548996228 0
1548996229 0
1548996230 0
1548996231 0
1548996232 0
1548996233 0
1548996234 0
1548996235 0
1548996236 0
1548996237 0
1548996238 0
1548996239 0
1548996240 0
1548996241 0
1548996242 0
1548996243 0
1548996244 0
1548996245 0
1548996246 0
1548996247 0
1548996248 0
1548996249 0
1548996250 0
1548996251 0
1548996252 0
1548996253 0
1548996254 0
1548996255 0
1548996256 0
1548996257 0
1548996258 0
1548996259 0
1548996260 0
1548996261 0
1548996262 0
1548996263 0
1548996264 0
1548996265 0
1548996266 0
1548996267 0
1548996268 0
1548996269 0
1548996270 0
1548996271 0
1548996272 0
1548996273 0
1548996274 0
1548996275 0
1548996276 0
1548996277 0
1548996278 0
1548996279 0
1548996280 0
1548996281 0
1548996282 0
1548996283 0
1548996284 0
1548996285 0
1548996286 0
1548996287 0
1548996288 0
1548996289 0
1548996290 0
1548996291 0
1548996292 0
1548996293 0
1548996294 0
1548996295 0
1548996296 0
1548996297 0
1548996298 0
1548996299 0
1548996300 0
1548996301 0
1548996302 0
1548996303 0
1548996304 0
1548996305 0
1548996306 0
1548996307 0
1548996308 0
1548996309 0
1548996310 0
1548996311 0
1548996312 0
1548996313 0
1548996314 0
1548996315 0
1548996316 0
1548996317 0
1548996318 0
1548996319 0
1548996320 0
1548996321 0
1548996322 0
1548996323 0
1548996324 0
1548996325 0
1548996326 0
1548996327 0
1548996328 0
1548996329 0
1548996330 0
1548996331 0
1548996332 0
1548996333 0
1548996334 0
1548996335 0
1548996336 0
1548996337 0
1548996338 0
1548996339 0
1548996340 0
1548996341 0
1548996342 0
1548996343 0
1548996344 0
1548996345 0
1548996346 0
1548996347 0
1548996348 0
1548996349 0
1548996350 0
1548996351 0
1548996352 0
1548996353 0
1548996354 0
1548996355 0
1548996356 0
1548996357 0
1548996358 0
1548996359 0
1548996360 0
1548996361 0
1548996362 0
1548996363 0
1548996364 0
1548996365 0
1548996366 0
1548996367 0
1548996368 0
1548996369 0
1548996370 0
1548996371 0
1548996372 0
1548996373 0
1548996374 0
1548996375 0
1548996376 0
1548996377 0
1548996378 0
1548996379 0
1548996380 0
1548996381 0
1548996382 0
1548996383 0
1548996384 0
1548996385 0
1548996386 0
1548996387 0
1548996388 0
1548996389 0
1548996390 0
1548996391 0
1548996392 0
1548996393 0
1548996394 0
1548996395 0
1548996396 0
1548996397 0
1548996398 0
1548996399 0
1548996400 0
1548996401 0
1548996402 0
1548996403 0
1548996404 0
1548996405 0
1548996406 0
1548996407 0
1548996408 0
1548996409 0
1548996410 0
1548996411 0
1548996412 0
1548996413 0
1548996414 0
1548996415 0
1548996416 0
1548996417 0
1548996418 0
1548996419 0
1548996420 0
1548996421 0
1548996422 0
1548996423 0
1548996424 0
1548996425 0
1548996426 0
1548996427 0
1548996428 0
1548996429 0
1548996430 0
1548996431 0
1548996432 0
1548996433 0
1548996434 0
1548996435 0
1548996436 0
1548996437 0
1548996438 0
1548996439 0
1548996440 0
1548996441 0
1548996442 0
1548996443 0
1548996444 0
1548996445 0
1548996446 0
1548996447 0
1548996448 0
1548996449 0
1548996450 0
1548996451 0
1548996452 0
1548996453 0
1548996454 0
1548996455 0
1548996456 0
1548996457 0
1548996458 0
1548996459 0
1548996460 0
1548996461 0
1548996462 0
1548996463 0
1548996464 0
1548996465 0
1548996466 0
1548996467 0
1548996468 0
1548996469 0
1548996470 0
1548996471 0
1548996472 0
1548996473 0
1548996474 0
1548996475 0
1548996476 0
1548996477 0
1548996478 0
1548996479 0
1548996480 0
1548996481 0
1548996482 0
1548996483 0
1548996484 0
1548996485 0
1548996486 0
1548996487 0
1548996488 0
1548996489 0
1548996490 0
1548996491 0
1548996492 0
1548996493 0
1548996494 0
1548996495 0
1548996496 0
1548996497 0
1548996498 0
1548996499 0
1548996500 0
1548996501 0
1548996502 0
1548996503 0
1548996504 0
1548996505 0
1548996506 0
1548996507 0
1548996508 0
1548996509 0
1548996510 0
1548996511 0
1548996512 0
1548996513 0
1548996514 0
1548996515 0
1548996516 0
1548996517 0
1548996518 0
1548996519 0
1548996520 0
1548996521 0
1548996522 0
1548996523 0
1548996524 0
1548996525 0
1548996526 0
1548996527 0
1548996528 0
1548996529 0
1548996530 0
1548996531 0
1548996532 0
1548996533 0
1548996534 0
1548996535 0
1548996536 0
1548996537 0
1548996538 0
1548996539 0
1548996540 0
1548996541 0
1548996542 0
1548996543 0
1548996544 0
1548996545 0
1548996546 0
1548996547 0
1548996548 0
1548996549 0
1548996550 0
1548996551 0
1548996552 0
1548996553 0
1548996554 0
1548996555 0
1548996556 0
1548996557 0
1548996558 0
1548996559 0
1548996560 0
1548996561 0
1548996562 0
1548996563 0
1548996564 0
1548996565 0
1548996566 0
1548996567 0
1548996568 0
1548996569 0
1548996570 0
1548996571 0
1548996572 0
1548996573 0
1548996574 0
1548996575 0
1548996576 0
1548996577 0
1548996578 0
1548996579 0
1548996580 0
1548996581 0
1548996582 0
1548996583 0
1548996584 0
1548996585 0
1548996586 0
1548996587 0
1548996588 0
1548996589 0
1548996590 0
1548996591 0
1548996592 0
1548996593 0
1548996594 0
1548996595 0
1548996596 0
1548996597 0
1548996598 0
1548996599 0
1548996600 0
1548996601 0
1548996602 0
1548996603 0
1548996604 0
1548996605 0
1548996606 0
1548996607 0
1548996608 0
1548996609 0
1548996610 0
1548996611 0
1548996612 0
1548996613 0
1548996614 0
1548996615 0
1548996616 0
1548996617 0
1548996618 0
1548996619 0
1548996620 0
1548996621 0
1548996622 0
1548996623 0
1548996624 0
1548996625 0
1548996626 0
1548996627 0
1548996628 0
1548996629 0
1548996630 0
1548996631 0
1548996632 0
1548996633 0
1548996634 0
1548996635 0
1548996636 0
1548996637 0
1548996638 0
1548996639 0
1548996640 0
1548996641 0
1548996642 0
1548996643 0
1548996644 0
1548996645 0
1548996646 0
1548996647 0
1548996648 0
1548996649 0
1548996650 0
1548996651 0
1548996652 0
1548996653 0
1548996654 0
1548996655 0
1548996656 0
1548996657 0
1548996658 0
1548996659 0
1548996660 0
1548996661 0
1548996662 0
1548996663 0
1548996664 0
1548996665 0
1548996666 0
1548996667 0
1548996668 0
1548996669 0
1548996670 0
1548996671 0
1548996672 0
1548996673 0
1548996674 0
1548996675 0
1548996676 0
1548996677 0
1548996678 0
1548996679 0
1548996680 0
1548996681 0
1548996682 0
1548996683 0
1548996684 0
1548996685 0
1548996686 0
1548996687 0
1548996688 0
1548996689 0
1548996690 0
1548996691 0
1548996692 0
1548996693 0
1548996694 0
1548996695 0
1548996696 0
1548996697 0
1548996698 0
1548996699 0
1548996700 0
1548996701 0
1548996702 0
1548996703 0
1548996704 0
1548996705 0
1548996706 0
1548996707 0
1548996708 0
1548996709 0
1548996710 0
1548996711 0
1548996712 0
1548996713 0
1548996714 0
1548996715 0
1548996716 0
1548996717 0
1548996718 0
1548996719 0
1548996720 0
1548996721 0
1548996722 0
1548996723 0
1548996724 0
1548996725 0
1548996726 0
1548996727 0
1548996728 0
1548996729 0
1548996730 0
1548996731 0
1548996732 0
1548996733 0
1548996734 0
1548996735 0
1548996736 0
1548996737 0
1548996738 0
1548996739 0
1548996740 0
1548996741 0
1548996742 0
1548996743 0
1548996744 0
1548996745 0
1548996746 0
1548996747 0
1548996748 0
1548996749 0
1548996750 0
1548996751 0
1548996752 0
1548996753 0
1548996754 0
1548996755 0
1548996756 0
1548996757 0
1548996758 0
1548996759 0
1548996760 0
1548996761 0
1548996762 0
1548996763 0
1548996764 0
1548996765 0
1548996766 0
1548996767 0
1548996768 0
1548996769 0
1548996770 0
1548996771 0
1548996772 0
1548996773 0
1548996774 0
1548996775 0
1548996776 0
1548996777 0
1548996778 0
1548996779 0
1548996780 0
1548996781 0
1548996782 0
1548996783 0
1548996784 0
1548996785 0
1548996786 0
1548996787 0
1548996788 0
1548996789 0
1548996790 0
1548996791 0
1548996792 0
1548996793 0
1548996794 0
1548996795 0
1548996796 0
1548996797 0
1548996798 0
1548996799 0
1548996800 0
1548996801 0
1548996802 0
1548996803 0
1548996804 0
1548996805 0
1548996806 0
1548996807 0
1548996808 0
1548996809 0
1548996810 0
1548996811 0
1548996812 0
1548996813 0
1548996814 0
1548996815 0
1548996816 0
1548996817 0
1548996818 0
1548996819 0
1548996820 0
1548996821 0
1548996822 0
1548996823 0
1548996824 0
1548996825 0
1548996826 0
1548996827 0
1548996828 0
1548996829 0
1548996830 0
1548996831 0
1548996832 0
1548996833 0
1548996834 0
1548996835 0
1548996836 0
1548996837 0
1548996838 0
1548996839 0
1548996840 0
1548996841 0
1548996842 0
1548996843 0
1548996844 0
1548996845 0
1548996846 0
1548996847 0
1548996848 0
1548996849 0
1548996850 0
1548996851 0
1548996852 0
1548996853 0
1548996854 0
1548996855 0
1548996856 0
1548996857 0
1548996858 0
1548996859 0
1548996860 0
1548996861 0
1548996862 0
1548996863 0
1548996864 0
1548996865 0
1548996866 0
1548996867 0
1548996868 0
1548996869 0
1548996870 0
1548996871 0
1548996872 0
1548996873 0
1548996874 0
1548996875 0
1548996876 0
1548996877 0
1548996878 0
1548996879 0
1548996880 0
1548996881 0
1548996882 0
1548996883 0
1548996884 0
1548996885 0
1548996886 0
1548996887 0
1548996888 0
1548996889 0
1548996890 0
1548996891 0
1548996892 0
1548996893 0
1548996894 0
1548996895 0
1548996896 0
1548996897 0
1548996898 0
1548996899 0
1548996900 0
1548996901 0
1548996902 0
1548996903 0
1548996904 0
1548996905 0
1548996906 0
1548996907 0
1548996908 0
1548996909 0
1548996910 0
1548996911 0
1548996912 0
1548996913 0
1548996914 0
1548996915 0
1548996916 0
1548996917 0
1548996918 0
1548996919 0
1548996920 0
1548996921 0
1548996922 0
1548996923 0
1548996924 0
1548996925 0
1548996926 0
1548996927 0
1548996928 0
1548996929 0
1548996930 0
1548996931 0
1548996932 0
1548996933 0
1548996934 0
1548996935 0
1548996936 0
1548996937 0
1548996938 0
1548996939 0
1548996940 0
1548996941 0
1548996942 0
1548996943 0
1548996944 0
1548996945 0
1548996946 0
1548996947 0
1548996948 0
1548996949 0
1548996950 0
1548996951 0
1548996952 0
1548996953 0
1548996954 0
1548996955 0
1548996956 0
1548996957 0
1548996958 0
1548996959 0
1548996960 0
1548996961 0
1548996962 0
1548996963 0
1548996964 0
1548996965 0
1548996966 0
1548996967 0
1548996968 0
1548996969 0
1548996970 0
1548996971 0
1548996972 0
1548996973 0
1548996974 0
1548996975 0
1548996976 0
1548996977 0
1548996978 0
1548996979 0
1548996980 0
1548996981 0
1548996982 0
1548996983 0
1548996984 0
1548996985 0
1548996986 0
1548996987 0
1548996988 0
1548996989 0
1548996990 0
1548996991 0
1548996992 0
1548996993 0
1548996994 0
1548996995 0
1548996996 0
1548996997 0
1548996998 0
1548996999 0
1548997000 0
1548997001 0
1548997002 0
1548997003 0
1548997004 0
1548997005 0
1548997006 0
1548997007 0
1548997008 0
1548997009 0
1548997010 0
1548997011 0
1548997012 0
1548997013 0
1548997014 0
1548997015 0
1548997016 0
1548997017 0
1548997018 0
1548997019 0
1548997020 0
1548997021 0
1548997022 0
1548997023 0
1548997024 0
1548997025 0
1548997026 0
1548997027 0
1548997028 0
1548997029 0
1548997030 0
1548997031 0
1548997032 0
1548997033 0
1548997034 0
1548997035 0
1548997036 0
1548997037 0
1548997038 0
1548997039 0
1548997040 0
1548997041 0
1548997042 0
1548997043 0
1548997044 0
1548997045 0
1548997046 0
1548997047 0
1548997048 0
1548997049 0
1548997050 0
1548997051 0
1548997052 0
1548997053 0
1548997054 0
1548997055 0
1548997056 0
1548997057 0
1548997058 0
1548997059 0
1548997060 0
1548997061 0
1548997062 0
1548997063 0
1548997064 0
1548997065 0
1548997066 0
1548997067 0
1548997068 0
1548997069 0
1548997070 0
1548997071 0
1548997072 0
1548997073 0
1548997074 0
1548997075 0
1548997076 0
1548997077 0
1548997078 0
1548997079 0
1548997080 0
1548997081 0
1548997082 0
1548997083 0
1548997084 0
1548997085 0
1548997086 0
1548997087 0
1548997088 0
1548997089 0
1548997090 0
1548997091 0
1548997092 0
1548997093 0
1548997094 0
1548997095 0
1548997096 0
1548997097 0
1548997098 0
1548997099 0
1548997100 0
1548997101 0
1548997102 0
1548997103 0
1548997104 0
1548997105 0
1548997106 0
1548997107 0
1548997108 0
1548997109 0
1548997110 0
1548997111 0
1548997112 0
1548997113 0
1548997114 0
1548997115 0
1548997116 0
1548997117 0
1548997118 0
1548997119 0
1548997120 0
1548997121 0
1548997122 0
1548997123 0
1548997124 0
1548997125 0
1548997126 0
1548997127 0
1548997128 0
1548997129 0
1548997130 0
1548997131 0
1548997132 0
1548997133 0
1548997134 0
1548997135 0
1548997136 0
1548997137 0
1548997138 0
1548997139 0
1548997140 0
1548997141 0
1548997142 0
1548997143 0
1548997144 0
1548997145 0
1548997146 0
1548997147 0
1548997148 0
1548997149 0
1548997150 0
1548997151 0
1548997152 0
1548997153 0
1548997154 0
1548997155 0
1548997156 0
1548997157 0
1548997158 0
1548997159 0
1548997160 0
1548997161 0
1548997162 0
1548997163 0
1548997164 0
1548997165 0
1548997166 0
1548997167 0
1548997168 0
1548997169 0
1548997170 0
1548997171 0
1548997172 0
1548997173 0
1548997174 0
1548997175 0
1548997176 0
1548997177 0
1548997178 0
1548997179 0
1548997180 0
1548997181 0
1548997182 0
1548997183 0
1548997184 0
1548997185 0
1548997186 0
1548997187 0
1548997188 0
1548997189 0
1548997190 0
1548997191 0
1548997192 0
1548997193 0
1548997194 0
1548997195 0
1548997196 0
1548997197 0
1548997198 0
1548997199 0
1548997200 0
1548997201 0
1548997202 0
1548997203 0
1548997204 0
1548997205 0
1548997206 0
1548997207 0
1548997208 0
1548997209 0
1548997210 0
1548997211 0
1548997212 0
1548997213 0
1548997214 0
1548997215 0
1548997216 0
1548997217 0
1548997218 0
1548997219 0
1548997220 0
1548997221 0
1548997222 0
1548997223 0
1548997224 0
1548997225 0
1548997226 0
1548997227 0
1548997228 0
1548997229 0
1548997230 0
1548997231 0
1548997232 0
1548997233 0
1548997234 0
1548997235 0
1548997236 0
1548997237 0
1548997238 0
1548997239 0
1548997240 0
1548997241 0
1548997242 0
1548997243 0
1548997244 0
1548997245 0
1548997246 0
1548997247 0
1548997248 0
1548997249 0
1548997250 0
1548997251 0
1548997252 0
1548997253 0
1548997254 0
1548997255 0
1548997256 0
1548997257 0
1548997258 0
1548997259 0
1548997260 0
1548997261 0
1548997262 0
1548997263 0
1548997264 0
1548997265 0
1548997266 0
1548997267 0
1548997268 0
1548997269 0
1548997270 0
1548997271 0
1548997272 0
1548997273 0
1548997274 0
1548997275 0
1548997276 0
1548997277 0
1548997278 0
1548997279 0
1548997280 0
1548997281 0
1548997282 0
1548997283 0
1548997284 0
1548997285 0
1548997286 0
1548997287 0
1548997288 0
1548997289 0
1548997290 0
1548997291 0
1548997292 0
1548997293 0
1548997294 0
1548997295 0
1548997296 0
1548997297 0
1548997298 0
1548997299 0
1548997300 0
1548997301 0
1548997302 0
1548997303 0
1548997304 0
1548997305 0
1548997306 0
1548997307 0
1548997308 0
1548997309 0
1548997310 0
1548997311 0
1548997312 0
1548997313 0
1548997314 0
1548997315 0
1548997316 0
1548997317 0
1548997318 0
1548997319 0
1548997320 0
1548997321 0
1548997322 0
1548997323 0
1548997324 0
1548997325 0
1548997326 0
1548997327 0
1548997328 0
1548997329 0
1548997330 0
1548997331 0
1548997332 0
1548997333 0
1548997334 0
1548997335 0
1548997336 0
1548997337 0
1548997338 0
1548997339 0
1548997340 0
1548997341 0
1548997342 0
1548997343 0
1548997344 0
1548997345 0
1548997346 0
1548997347 0
1548997348 0
1548997349 0
1548997350 0
1548997351 0
1548997352 0
1548997353 0
1548997354 0
1548997355 0
1548997356 0
1548997357 0
1548997358 0
1548997359 0
1548997360 0
1548997361 0
1548997362 0
1548997363 0
1548997364 0
1548997365 0
1548997366 0
1548997367 0
1548997368 0
1548997369 0
1548997370 0
1548997371 0
1548997372 0
1548997373 0
1548997374 0
1548997375 0
1548997376 0
1548997377 0
1548997378 0
1548997379 0
1548997380 0
1548997381 0
1548997382 0
1548997383 0
1548997384 0
1548997385 0
1548997386 0
1548997387 0
1548997388 0
1548997389 0
1548997390 0
1548997391 0
1548997392 0
1548997393 0
1548997394 0
1548997395 0
1548997396 0
1548997397 0
1548997398 0
1548997399 0
1548997400 0
1548997401 0
1548997402 0
1548997403 0
1548997404 0
1548997405 0
1548997406 0
1548997407 0
1548997408 0
1548997409 0
1548997410 0
1548997411 0
1548997412 0
1548997413 0
1548997414 0
1548997415 0
1548997416 0
1548997417 0
1548997418 0
1548997419 0
1548997420 0
1548997421 0
1548997422 0
1548997423 0
1548997424 0
1548997425 0
1548997426 0
1548997427 0
1548997428 0
1548997429 0
1548997430 0
1548997431 0
1548997432 0
1548997433 0
1548997434 0
1548997435 0
1548997436 0
1548997437 0
1548997438 0
1548997439 0
1548997440 0
1548997441 0
1548997442 0
1548997443 0
1548997444 0
1548997445 0
1548997446 0
1548997447 0
1548997448 0
1548997449 0
1548997450 0
1548997451 0
1548997452 0
1548997453 0
1548997454 0
1548997455 0
1548997456 0
1548997457 0
1548997458 0
1548997459 0
1548997460 0
1548997461 0
1548997462 0
1548997463 0
1548997464 0
1548997465 0
1548997466 0
1548997467 0
1548997468 0
1548997469 0
1548997470 0
1548997471 0
1548997472 0
1548997473 0
1548997474 0
1548997475 0
1548997476 0
1548997477 0
1548997478 0
1548997479 0
1548997480 0
1548997481 0
1548997482 0
1548997483 0
1548997484 0
1548997485 0
1548997486 0
1548997487 0
1548997488 0
1548997489 0
1548997490 0
1548997491 0
1548997492 0
1548997493 0
1548997494 0
1548997495 0
1548997496 0
1548997497 0
1548997498 0
1548997499 0
1548997500 0
1548997501 0
1548997502 0
1548997503 0
1548997504 0
1548997505 0
1548997506 0
1548997507 0
1548997508 0
1548997509 0
1548997510 0
1548997511 0
1548997512 0
1548997513 0
1548997514 0
1548997515 0
1548997516 0
1548997517 0
1548997518 0
1548997519 0
1548997520 0
1548997521 0
1548997522 0
1548997523 0
1548997524 0
1548997525 0
1548997526 0
1548997527 0
1548997528 0
1548997529 0
1548997530 0
1548997531 0
1548997532 0
1548997533 0
1548997534 0
1548997535 0
1548997536 0
1548997537 0
1548997538 0
1548997539 0
1548997540 0
1548997541 0
1548997542 0
1548997543 0
1548997544 0
1548997545 0
1548997546 0
1548997547 0
1548997548 0
1548997549 0
1548997550 0
1548997551 0
1548997552 0
1548997553 0
1548997554 0
1548997555 0
1548997556 0
1548997557 0
1548997558 0
1548997559 0
1548997560 0
1548997561 0
1548997562 0
1548997563 0
1548997564 0
1548997565 0
1548997566 0
1548997567 0
1548997568 0
1548997569 0
1548997570 0
1548997571 0
1548997572 0
1548997573 0
1548997574 0
1548997575 0
1548997576 0
1548997577 0
1548997578 0
1548997579 0
1548997580 0
1548997581 0
1548997582 0
1548997583 0
1548997584 0
1548997585 0
1548997586 0
1548997587 0
1548997588 0
1548997589 0
1548997590 0
1548997591 0
1548997592 0
1548997593 0
1548997594 0
1548997595 0
1548997596 0
1548997597 0
1548997598 0
1548997599 0
1548997600 0
1548997601 0
1548997602 0
1548997603 0
1548997604 0
1548997605 0
1548997606 0
1548997607 0
1548997608 0
1548997609 0
1548997610 0
1548997611 0
1548997612 0
1548997613 0
1548997614 0
1548997615 0
1548997616 0
1548997617 0
1548997618 0
1548997619 0
1548997620 0
1548997621 0
1548997622 0
1548997623 0
1548997624 0
1548997625 0
1548997626 0
1548997627 0
1548997628 0
1548997629 0
1548997630 0
1548997631 0
1548997632 0
1548997633 0
1548997634 0
1548997635 0
1548997636 0
1548997637 0
1548997638 0
1548997639 0
1548997640 0
1548997641 0
1548997642 0
1548997643 0
1548997644 0
1548997645 0
1548997646 0
1548997647 0
1548997648 0
1548997649 0
1548997650 0
1548997651 0
1548997652 0
1548997653 0
1548997654 0
1548997655 0
1548997656 0
1548997657 0
1548997658 0
1548997659 0
1548997660 0
1548997661 0
1548997662 0
1548997663 0
1548997664 0
1548997665 0
1548997666 0
1548997667 0
1548997668 0
1548997669 0
1548997670 0
1548997671 0
1548997672 0
1548997673 0
1548997674 0
1548997675 0
1548997676 0
1548997677 0
1548997678 0
1548997679 0
1548997680 0
1548997681 0
1548997682 0
1548997683 0
1548997684 0
1548997685 0
1548997686 0
1548997687 0
1548997688 0
1548997689 0
1548997690 0
1548997691 0
1548997692 0
1548997693 0
1548997694 0
1548997695 0
1548997696 0
1548997697 0
1548997698 0
1548997699 0
1548997700 0
1548997701 0
1548997702 0
1548997703 0
1548997704 0
1548997705 0
1548997706 0
1548997707 0
1548997708 0
1548997709 0
1548997710 0
1548997711 0
1548997712 0
1548997713 0
1548997714 0
1548997715 0
1548997716 0
1548997717 0
1548997718 0
1548997719 0
1548997720 0
1548997721 0
1548997722 0
1548997723 0
1548997724 0
1548997725 0
1548997726 0
1548997727 0
1548997728 0
1548997729 0
1548997730 0
1548997731 0
1548997732 0
1548997733 0
1548997734 0
1548997735 0
1548997736 0
1548997737 0
1548997738 0
1548997739 0
1548997740 0
1548997741 0
1548997742 0
1548997743 0
1548997744 0
1548997745 0
1548997746 0
1548997747 0
1548997748 0
1548997749 0
1548997750 0
1548997751 0
1548997752 0
1548997753 0
1548997754 0
1548997755 0
1548997756 0
1548997757 0
1548997758 0
1548997759 0
1548997760 0
1548997761 0
1548997762 0
1548997763 0
1548997764 0
1548997765 0
1548997766 0
1548997767 0
1548997768 0
1548997769 0
1548997770 0
1548997771 0
1548997772 0
1548997773 0
1548997774 0
1548997775 0
1548997776 0
1548997777 0
1548997778 0
1548997779 0
1548997780 0
1548997781 0
1548997782 0
1548997783 0
1548997784 0
1548997785 0
1548997786 0
1548997787 0
1548997788 0
1548997789 0
1548997790 0
1548997791 0
1548997792 0
1548997793 0
1548997794 0
1548997795 0
1548997796 0
1548997797 0
1548997798 0
1548997799 0
1548997800 0
1548997801 0
1548997802 0
1548997803 0
1548997804 0
1548997805 0
1548997806 0
1548997807 0
1548997808 0
1548997809 0
1548997810 0
1548997811 0
1548997812 0
1548997813 0
1548997814 0
1548997815 0
1548997816 0
1548997817 0
1548997818 0
1548997819 0
1548997820 0
1548997821 0
1548997822 0
1548997823 0
1548997824 0
1548997825 0
1548997826 0
1548997827 0
1548997828 0
1548997829 0
1548997830 0
1548997831 0
1548997832 0
1548997833 0
1548997834 0
1548997835 0
1548997836 0
1548997837 0
1548997838 0
1548997839 0
1548997840 0
1548997841 0
1548997842 0
1548997843 0
1548997844 0
1548997845 0
1548997846 0
1548997847 0
1548997848 0
1548997849 0
1548997850 0
1548997851 0
1548997852 0
1548997853 0
1548997854 0
1548997855 0
1548997856 0
1548997857 0
1548997858 0
1548997859 0
1548997860 0
1548997861 0
1548997862 0
1548997863 0
1548997864 0
1548997865 0
1548997866 0
1548997867 0
1548997868 0
1548997869 0
1548997870 0
1548997871 0
1548997872 0
1548997873 0
1548997874 0
1548997875 0
1548997876 0
1548997877 0
1548997878 0
1548997879 0
1548997880 0
1548997881 0
1548997882 0
1548997883 0
1548997884 0
1548997885 0
1548997886 0
1548997887 0
1548997888 0
1548997889 0
1548997890 0
1548997891 0
1548997892 0
1548997893 0
1548997894 0
1548997895 0
1548997896 0
1548997897 0
1548997898 0
1548997899 0
1548997900 0
1548997901 0
1548997902 0
1548997903 0
1548997904 0
1548997905 0
1548997906 0
1548997907 0
1548997908 0
1548997909 0
1548997910 0
1548997911 0
1548997912 0
1548997913 0
1548997914 0
1548997915 0
1548997916 0
1548997917 0
1548997918 0
1548997919 0
1548997920 0
1548997921 0
1548997922 0
1548997923 0
1548997924 0
1548997925 0
1548997926 0
1548997927 0
1548997928 0
1548997929 0
1548997930 0
1548997931 0
1548997932 0
1548997933 0
1548997934 0
1548997935 0
1548997936 0
1548997937 0
1548997938 0
1548997939 0
1548997940 0
1548997941 0
1548997942 0
1548997943 0
1548997944 0
1548997945 0
1548997946 0
1548997947 0
1548997948 0
1548997949 0
1548997950 0
1548997951 0
1548997952 0
1548997953 0
1548997954 0
1548997955 0
1548997956 0
1548997957 0
1548997958 0
1548997959 0
1548997960 0
1548997961 0
1548997962 0
1548997963 0
1548997964 0
1548997965 0
1548997966 0
1548997967 0
1548997968 0
1548997969 0
1548997970 0
1548997971 0
1548997972 0
1548997973 0
1548997974 0
1548997975 0
1548997976 0
1548997977 0
1548997978 0
1548997979 0
1548997980 0
1548997981 0
1548997982 0
1548997983 0
1548997984 0
1548997985 0
1548997986 0
1548997987 0
1548997988 0
1548997989 0
1548997990 0
1548997991 0
1548997992 0
1548997993 0
1548997994 0
1548997995 0
1548997996 0
1548997997 0
1548997998 0
1548997999 0
1548998000 0
1548998001 0
1548998002 0
1548998003 0
1548998004 0
1548998005 0
1548998006 0
1548998007 0
1548998008 0
1548998009 0
1548998010 0
1548998011 0
1548998012 0
1548998013 0
1548998014 0
1548998015 0
1548998016 0
1548998017 0
1548998018 0
1548998019 0
1548998020 0
1548998021 0
1548998022 0
1548998023 0
1548998024 0
1548998025 0
1548998026 0
1548998027 0
1548998028 0
1548998029 0
1548998030 0
1548998031 0
1548998032 0
1548998033 0
1548998034 0
1548998035 0
1548998036 0
1548998037 0
1548998038 0
1548998039 0
1548998040 0
1548998041 0
1548998042 0
1548998043 0
1548998044 0
1548998045 0
1548998046 0
1548998047 0
1548998048 0
1548998049 0
1548998050 0
1548998051 0
1548998052 0
1548998053 0
1548998054 0
1548998055 0
1548998056 0
1548998057 0
1548998058 0
1548998059 0
1548998060 0
1548998061 0
1548998062 0
1548998063 0
1548998064 0
1548998065 0
1548998066 0
1548998067 0
1548998068 0
1548998069 0
1548998070 0
1548998071 0
1548998072 0
1548998073 0
1548998074 0
1548998075 0
1548998076 0
1548998077 0
1548998078 0
1548998079 0
1548998080 0
1548998081 0
1548998082 0
1548998083 0
1548998084 0
1548998085 0
1548998086 0
1548998087 0
1548998088 0
1548998089 0
1548998090 0
1548998091 0
1548998092 0
1548998093 0
1548998094 0
1548998095 0
1548998096 0
1548998097 0
1548998098 0
1548998099 0
1548998100 0
1548998101 0
1548998102 0
1548998103 0
1548998104 0
1548998105 0
1548998106 0
1548998107 0
1548998108 0
1548998109 0
1548998110 0
1548998111 0
1548998112 0
1548998113 0
1548998114 0
1548998115 0
1548998116 0
1548998117 0
1548998118 0
1548998119 0
1548998120 0
1548998121 0
1548998122 0
1548998123 0
1548998124 0
1548998125 0
1548998126 0
1548998127 0
1548998128 0
1548998129 0
1548998130 0
1548998131 0
1548998132 0
1548998133 0
1548998134 0
1548998135 0
1548998136 0
1548998137 0
1548998138 0
1548998139 0
1548998140 0
1548998141 0
1548998142 0
1548998143 0
1548998144 0
1548998145 0
1548998146 0
1548998147 0
1548998148 0
1548998149 0
1548998150 0
1548998151 0
1548998152 0
1548998153 0
1548998154 0
1548998155 0
1548998156 0
1548998157 0
1548998158 0
1548998159 0
1548998160 0
1548998161 0
1548998162 0
1548998163 0
1548998164 0
1548998165 0
1548998166 0
1548998167 0
1548998168 0
1548998169 0
1548998170 0
1548998171 0
1548998172 0
1548998173 0
1548998174 0
1548998175 0
1548998176 0
1548998177 0
1548998178 0
1548998179 0
1548998180 0
1548998181 0
1548998182 0
1548998183 0
1548998184 0
1548998185 0
1548998186 0
1548998187 0
1548998188 0
1548998189 0
1548998190 0
1548998191 0
1548998192 0
1548998193 0
1548998194 0
1548998195 0
1548998196 0
1548998197 0
1548998198 0
1548998199 0
1548998200 0
1548998201 0
1548998202 0
1548998203 0
1548998204 0
1548998205 0
1548998206 0
1548998207 0
1548998208 0
1548998209 0
1548998210 0
1548998211 0
1548998212 0
1548998213 0
1548998214 0
1548998215 0
1548998216 0
1548998217 0
1548998218 0
1548998219 0
1548998220 0
1548998221 0
1548998222 0
1548998223 0
1548998224 0
1548998225 0
1548998226 0
1548998227 0
1548998228 0
1548998229 0
1548998230 0
1548998231 0
1548998232 0
1548998233 0
1548998234 0
1548998235 0
1548998236 0
1548998237 0
1548998238 0
1548998239 0
1548998240 0
1548998241 0
1548998242 0
1548998243 0
1548998244 0
1548998245 0
1548998246 0
1548998247 0
1548998248 0
1548998249 0
1548998250 0
1548998251 0
1548998252 0
1548998253 0
1548998254 0
1548998255 0
1548998256 0
1548998257 0
1548998258 0
1548998259 0
1548998260 0
1548998261 0
1548998262 0
1548998263 0
1548998264 0
1548998265 0
1548998266 0
1548998267 0
1548998268 0
1548998269 0
1548998270 0
1548998271 0
1548998272 0
1548998273 0
1548998274 0
1548998275 0
1548998276 0
1548998277 0
1548998278 0
1548998279 0
1548998280 0
1548998281 0
1548998282 0
1548998283 0
1548998284 0
1548998285 0
1548998286 0
1548998287 0
1548998288 0
1548998289 0
1548998290 0
1548998291 0
1548998292 0
1548998293 0
1548998294 0
1548998295 0
1548998296 0
1548998297 0
1548998298 0
1548998299 0
1548998300 0
1548998301 0
1548998302 0
1548998303 0
1548998304 0
1548998305 0
1548998306 0
1548998307 0
1548998308 0
1548998309 0
1548998310 0
1548998311 0
1548998312 0
1548998313 0
1548998314 0
1548998315 0
1548998316 0
1548998317 0
1548998318 0
1548998319 0
1548998320 0
1548998321 0
1548998322 0
1548998323 0
1548998324 0
1548998325 0
1548998326 0
1548998327 0
1548998328 0
1548998329 0
1548998330 0
1548998331 0
1548998332 0
1548998333 0
1548998334 0
1548998335 0
1548998336 0
1548998337 0
1548998338 0
1548998339 0
1548998340 0
1548998341 0
1548998342 0
1548998343 0
1548998344 0
1548998345 0
1548998346 0
1548998347 0
1548998348 0
1548998349 0
1548998350 0
1548998351 0
1548998352 0
1548998353 0
1548998354 0
1548998355 0
1548998356 0
1548998357 0
1548998358 0
1548998359 0
1548998360 0
1548998361 0
1548998362 0
1548998363 0
1548998364 0
1548998365 0
1548998366 0
1548998367 0
1548998368 0
1548998369 0
1548998370 0
1548998371 0
1548998372 0
1548998373 0
1548998374 0
1548998375 0
1548998376 0
1548998377 0
1548998378 0
1548998379 0
1548998380 0
1548998381 0
1548998382 0
1548998383 0
1548998384 0
1548998385 0
1548998386 0
1548998387 0
1548998388 0
1548998389 0
1548998390 0
1548998391 0
1548998392 0
1548998393 0
1548998394 0
1548998395 0
1548998396 0
1548998397 0
1548998398 0
1548998399 0
1548998400 0
1548998401 0
1548998402 0
1548998403 0
1548998404 0
1548998405 0
1548998406 0
1548998407 0
1548998408 0
1548998409 0
1548998410 0
1548998411 0
1548998412 0
1548998413 0
1548998414 0
1548998415 0
1548998416 0
1548998417 0
1548998418 0
1548998419 0
1548998420 0
1548998421 0
1548998422 0
1548998423 0
1548998424 0
1548998425 0
1548998426 0
1548998427 0
1548998428 0
1548998429 0
1548998430 0
1548998431 0
1548998432 0
1548998433 0
1548998434 0
1548998435 0
1548998436 0
1548998437 0
1548998438 0
1548998439 0
1548998440 0
1548998441 0
1548998442 0
1548998443 0
1548998444 0
1548998445 0
1548998446 0
1548998447 0
1548998448 0
1548998449 0
1548998450 0
1548998451 0
1548998452 0
1548998453 0
1548998454 0
1548998455 0
1548998456 0
1548998457 0
1548998458 0
1548998459 0
1548998460 0
1548998461 0
1548998462 0
1548998463 0
1548998464 0
1548998465 0
1548998466 0
1548998467 0
1548998468 0
1548998469 0
1548998470 0
1548998471 0
1548998472 0
1548998473 0
1548998474 0
1548998475 0
1548998476 0
1548998477 0
1548998478 0
1548998479 0
1548998480 0
1548998481 0
1548998482 0
1548998483 0
1548998484 0
1548998485 0
1548998486 0
1548998487 0
1548998488 0
1548998489 0
1548998490 0
1548998491 0
1548998492 0
1548998493 0
1548998494 0
1548998495 0
1548998496 0
1548998497 0
1548998498 0
1548998499 0
1548998500 0
1548998501 0
1548998502 0
1548998503 0
1548998504 0
1548998505 0
1548998506 0
1548998507 0
1548998508 0
1548998509 0
1548998510 0
1548998511 0
1548998512 0
1548998513 0
1548998514 0
1548998515 0
1548998516 0
1548998517 0
1548998518 0
1548998519 0
1548998520 0
1548998521 0
1548998522 0
1548998523 0
1548998524 0
1548998525 0
1548998526 0
1548998527 0
1548998528 0
1548998529 0
1548998530 0
1548998531 0
1548998532 0
1548998533 0
1548998534 0
1548998535 0
1548998536 0
1548998537 0
1548998538 0
1548998539 0
1548998540 0
1548998541 0
1548998542 0
1548998543 0
1548998544 0
1548998545 0
1548998546 0
1548998547 0
1548998548 0
1548998549 0
1548998550 0
1548998551 0
1548998552 0
1548998553 0
1548998554 0
1548998555 0
1548998556 0
1548998557 0
1548998558 0
1548998559 0
1548998560 0
1548998561 0
1548998562 0
1548998563 0
1548998564 0
1548998565 0
1548998566 0
1548998567 0
1548998568 0
1548998569 0
1548998570 0
1548998571 0
1548998572 0
1548998573 0
1548998574 0
1548998575 0
1548998576 0
1548998577 0
1548998578 0
1548998579 0
1548998580 0
1548998581 0
1548998582 0
1548998583 0
1548998584 0
1548998585 0
1548998586 0
1548998587 0
1548998588 0
1548998589 0
1548998590 0
1548998591 0
1548998592 0
1548998593 0
1548998594 0
1548998595 0
1548998596 0
1548998597 0
1548998598 0
1548998599 0
1548998600 0
1548998601 0
1548998602 0
1548998603 0
1548998604 0
1548998605 0
1548998606 0
1548998607 0
1548998608 0
1548998609 0
1548998610 0
1548998611 0
1548998612 0
1548998613 0
1548998614 0
1548998615 0
1548998616 0
1548998617 0
1548998618 0
1548998619 0
1548998620 0
1548998621 0
1548998622 0
1548998623 0
1548998624 0
1548998625 0
1548998626 0
1548998627 0
1548998628 0
1548998629 0
1548998630 0
1548998631 0
1548998632 0
1548998633 0
1548998634 0
1548998635 0
1548998636 0
1548998637 0
1548998638 0
1548998639 0
1548998640 0
1548998641 0
1548998642 0
1548998643 0
1548998644 0
1548998645 0
1548998646 0
1548998647 0
1548998648 0
1548998649 0
1548998650 0
1548998651 0
1548998652 0
1548998653 0
1548998654 0
1548998655 0
1548998656 0
1548998657 0
1548998658 0
1548998659 0
1548998660 0
1548998661 0
1548998662 0
1548998663 0
1548998664 0
1548998665 0
1548998666 0
1548998667 0
1548998668 0
1548998669 0
1548998670 0
1548998671 0
1548998672 0
1548998673 0
1548998674 0
1548998675 0
1548998676 0
1548998677 0
1548998678 0
1548998679 0
1548998680 0
1548998681 0
1548998682 0
1548998683 0
1548998684 0
1548998685 0
1548998686 0
1548998687 0
1548998688 0
1548998689 0
1548998690 0
1548998691 0
1548998692 0
1548998693 0
1548998694 0
1548998695 0
1548998696 0
1548998697 0
1548998698 0
1548998699 0
1548998700 0
1548998701 0
1548998702 0
1548998703 0
1548998704 0
1548998705 0
1548998706 0
1548998707 0
1548998708 0
1548998709 0
1548998710 0
1548998711 0
1548998712 0
1548998713 0
1548998714 0
1548998715 0
1548998716 0
1548998717 0
1548998718 0
1548998719 0
1548998720 0
1548998721 0
1548998722 0
1548998723 0
1548998724 0
1548998725 0
1548998726 0
1548998727 0
1548998728 0
1548998729 0
1548998730 0
1548998731 0
1548998732 0
1548998733 0
1548998734 0
1548998735 0
1548998736 0
1548998737 0
1548998738 0
1548998739 0
1548998740 0
1548998741 0
1548998742 0
1548998743 0
1548998744 0
1548998745 0
1548998746 0
1548998747 0
1548998748 0
1548998749 0
1548998750 0
1548998751 0
1548998752 0
1548998753 0
1548998754 0
1548998755 0
1548998756 0
1548998757 0
1548998758 0
1548998759 0
1548998760 0
1548998761 0
1548998762 0
1548998763 0
1548998764 0
1548998765 0
1548998766 0
1548998767 0
1548998768 0
1548998769 0
1548998770 0
1548998771 0
1548998772 0
1548998773 0
1548998774 0
1548998775 0
1548998776 0
1548998777 0
1548998778 0
1548998779 0
1548998780 0
1548998781 0
1548998782 0
1548998783 0
1548998784 0
1548998785 0
1548998786 0
1548998787 0
1548998788 0
1548998789 0
1548998790 0
1548998791 0
1548998792 0
1548998793 0
1548998794 0
1548998795 0
1548998796 0
1548998797 0
1548998798 0
1548998799 0
1548998800 0
1548998801 0
1548998802 0
1548998803 0
1548998804 0
1548998805 0
1548998806 0
1548998807 0
1548998808 0
1548998809 0
1548998810 0
1548998811 0
1548998812 0
1548998813 0
1548998814 0
1548998815 0
1548998816 0
1548998817 0
1548998818 0
1548998819 0
1548998820 0
1548998821 0
1548998822 0
1548998823 0
1548998824 0
1548998825 0
1548998826 0
1548998827 0
1548998828 0
1548998829 0
1548998830 0
1548998831 0
1548998832 0
1548998833 0
1548998834 0
1548998835 0
1548998836 0
1548998837 0
1548998838 0
1548998839 0
1548998840 0
1548998841 0
1548998842 0
1548998843 0
1548998844 0
1548998845 0
1548998846 0
1548998847 0
1548998848 0
1548998849 0
1548998850 0
1548998851 0
1548998852 0
1548998853 0
1548998854 0
1548998855 0
1548998856 0
1548998857 0
1548998858 0
1548998859 0
1548998860 0
1548998861 0
1548998862 0
1548998863 0
1548998864 0
1548998865 0
1548998866 0
1548998867 0
1548998868 0
1548998869 0
1548998870 0
1548998871 0
1548998872 0
1548998873 0
1548998874 0
1548998875 0
1548998876 0
1548998877 0
1548998878 0
1548998879 0
1548998880 0
1548998881 0
1548998882 0
1548998883 0
1548998884 0
1548998885 0
1548998886 0
1548998887 0
1548998888 0
1548998889 0
1548998890 0
1548998891 0
1548998892 0
1548998893 0
1548998894 0
1548998895 0
1548998896 0
1548998897 0
1548998898 0
1548998899 0
1548998900 0
1548998901 0
1548998902 0
1548998903 0
1548998904 0
1548998905 0
1548998906 0
1548998907 0
1548998908 0
1548998909 0
1548998910 0
1548998911 0
1548998912 0
1548998913 0
1548998914 0
1548998915 0
1548998916 0
1548998917 0
1548998918 0
1548998919 0
1548998920 0
1548998921 0
1548998922 0
1548998923 0
1548998924 0
1548998925 0
1548998926 0
1548998927 0
1548998928 0
1548998929 0
1548998930 0
1548998931 0
1548998932 0
1548998933 0
1548998934 0
1548998935 0
1548998936 0
1548998937 0
1548998938 0
1548998939 0
1548998940 0
1548998941 0
1548998942 0
1548998943 0
1548998944 0
1548998945 0
1548998946 0
1548998947 0
1548998948 0
1548998949 0
1548998950 0
1548998951 0
1548998952 0
1548998953 0
1548998954 0
1548998955 0
1548998956 0
1548998957 0
1548998958 0
1548998959 0
1548998960 0
1548998961 0
1548998962 0
1548998963 0
1548998964 0
1548998965 0
1548998966 0
1548998967 0
1548998968 0
1548998969 0
1548998970 0
1548998971 0
1548998972 0
1548998973 0
1548998974 0
1548998975 0
1548998976 0
1548998977 0
1548998978 0
1548998979 0
1548998980 0
1548998981 0
1548998982 0
1548998983 0
1548998984 0
1548998985 0
1548998986 0
1548998987 0
1548998988 0
1548998989 0
1548998990 0
1548998991 0
1548998992 0
1548998993 0
1548998994 0
1548998995 0
1548998996 0
1548998997 0
1548998998 0
1548998999 0
1548999000 0
1548999001 0
1548999002 0
1548999003 0
1548999004 0
1548999005 0
1548999006 0
1548999007 0
1548999008 0
1548999009 0
1548999010 0
1548999011 0
1548999012 0
1548999013 0
1548999014 0
1548999015 0
1548999016 0
1548999017 0
1548999018 0
1548999019 0
1548999020 0
1548999021 0
1548999022 0
1548999023 0
1548999024 0
1548999025 0
1548999026 0
1548999027 0
1548999028 0
1548999029 0
1548999030 0
1548999031 0
1548999032 0
1548999033 0
1548999034 0
1548999035 0
1548999036 0
1548999037 0
1548999038 0
1548999039 0
1548999040 0
1548999041 0
1548999042 0
1548999043 0
1548999044 0
1548999045 0
1548999046 0
1548999047 0
1548999048 0
1548999049 0
1548999050 0
1548999051 0
1548999052 0
1548999053 0
1548999054 0
1548999055 0
1548999056 0
1548999057 0
1548999058 0
1548999059 0
1548999060 0
1548999061 0
1548999062 0
1548999063 0
1548999064 0
1548999065 0
1548999066 0
1548999067 0
1548999068 0
1548999069 0
1548999070 0
1548999071 0
1548999072 0
1548999073 0
1548999074 0
1548999075 0
1548999076 0
1548999077 0
1548999078 0
1548999079 0
1548999080 0
1548999081 0
1548999082 0
1548999083 0
1548999084 0
1548999085 0
1548999086 0
1548999087 0
1548999088 0
1548999089 0
1548999090 0
1548999091 0
1548999092 0
1548999093 0
1548999094 0
1548999095 0
1548999096 0
1548999097 0
1548999098 0
1548999099 0
1548999100 0
1548999101 0
1548999102 0
1548999103 0
1548999104 0
1548999105 0
1548999106 0
1548999107 0
1548999108 0
1548999109 0
1548999110 0
1548999111 0
1548999112 0
1548999113 0
1548999114 0
1548999115 0
1548999116 0
1548999117 0
1548999118 0
1548999119 0
1548999120 0
1548999121 0
1548999122 0
1548999123 0
1548999124 0
1548999125 0
1548999126 0
1548999127 0
1548999128 0
1548999129 0
1548999130 0
1548999131 0
1548999132 0
1548999133 0
1548999134 0
1548999135 0
1548999136 0
1548999137 0
1548999138 0
1548999139 0
1548999140 0
1548999141 0
1548999142 0
1548999143 0
1548999144 0
1548999145 0
1548999146 0
1548999147 0
1548999148 0
1548999149 0
1548999150 0
1548999151 0
1548999152 0
1548999153 0
1548999154 0
1548999155 0
1548999156 0
1548999157 0
1548999158 0
1548999159 0
1548999160 0
1548999161 0
1548999162 0
1548999163 0
1548999164 0
1548999165 0
1548999166 0
1548999167 0
1548999168 0
1548999169 0
1548999170 0
1548999171 0
1548999172 0
1548999173 0
1548999174 0
1548999175 0
1548999176 0
1548999177 0
1548999178 0
1548999179 0
1548999180 0
1548999181 0
1548999182 0
1548999183 0
1548999184 0
1548999185 0
1548999186 0
1548999187 0
1548999188 0
1548999189 0
1548999190 0
1548999191 0
1548999192 0
1548999193 0
1548999194 0
1548999195 0
1548999196 0
1548999197 0
1548999198 0
1548999199 0
1548999200 0
1548999201 0
1548999202 0
1548999203 0
1548999204 0
1548999205 0
1548999206 0
1548999207 0
1548999208 0
1548999209 0
1548999210 0
1548999211 0
1548999212 0
1548999213 0
1548999214 0
1548999215 0
1548999216 0
1548999217 0
1548999218 0
1548999219 0
1548999220 0
1548999221 0
1548999222 0
1548999223 0
1548999224 0
1548999225 0
1548999226 0
1548999227 0
1548999228 0
1548999229 0
1548999230 0
1548999231 0
1548999232 0
1548999233 0
1548999234 0
1548999235 0
1548999236 0
1548999237 0
1548999238 0
1548999239 0
1548999240 0
1548999241 0
1548999242 0
1548999243 0
1548999244 0
1548999245 0
1548999246 0
1548999247 0
1548999248 0
1548999249 0
1548999250 0
1548999251 0
1548999252 0
1548999253 0
1548999254 0
1548999255 0
1548999256 0
1548999257 0
1548999258 0
1548999259 0
1548999260 0
1548999261 0
1548999262 0
1548999263 0
1548999264 0
1548999265 0
1548999266 0
1548999267 0
1548999268 0
1548999269 0
1548999270 0
1548999271 0
1548999272 0
1548999273 0
1548999274 0
1548999275 0
1548999276 0
1548999277 0
1548999278 0
1548999279 0
1548999280 0
1548999281 0
1548999282 0
1548999283 0
1548999284 0
1548999285 0
1548999286 0
1548999287 0
1548999288 0
1548999289 0
1548999290 0
1548999291 0
1548999292 0
1548999293 0
1548999294 0
1548999295 0
1548999296 0
1548999297 0
1548999298 0
1548999299 0
1548999300 0
1548999301 0
1548999302 0
1548999303 0
1548999304 0
1548999305 0
1548999306 0
1548999307 0
1548999308 0
1548999309 0
1548999310 0
1548999311 0
1548999312 0
1548999313 0
1548999314 0
1548999315 0
1548999316 0
1548999317 0
1548999318 0
1548999319 0
1548999320 0
1548999321 0
1548999322 0
1548999323 0
1548999324 0
1548999325 0
1548999326 0
1548999327 0
1548999328 0
1548999329 0
1548999330 0
1548999331 0
1548999332 0
1548999333 0
1548999334 0
1548999335 0
1548999336 0
1548999337 0
1548999338 0
1548999339 0
1548999340 0
1548999341 0
1548999342 0
1548999343 0
1548999344 0
1548999345 0
1548999346 0
1548999347 0
1548999348 0
1548999349 0
1548999350 0
1548999351 0
1548999352 0
1548999353 0
1548999354 0
1548999355 0
1548999356 0
1548999357 0
1548999358 0
1548999359 0
1548999360 0
1548999361 0
1548999362 0
1548999363 0
1548999364 0
1548999365 0
1548999366 0
1548999367 0
1548999368 0
1548999369 0
1548999370 0
1548999371 0
1548999372 0
1548999373 0
1548999374 0
1548999375 0
1548999376 0
1548999377 0
1548999378 0
1548999379 0
1548999380 0
1548999381 0
1548999382 0
1548999383 0
1548999384 0
1548999385 0
1548999386 0
1548999387 0
1548999388 0
1548999389 0
1548999390 0
1548999391 0
1548999392 0
1548999393 0
1548999394 0
1548999395 0
1548999396 0
1548999397 0
1548999398 0
1548999399 0
1548999400 0
1548999401 0
1548999402 0
1548999403 0
1548999404 0
1548999405 0
1548999406 0
1548999407 0
1548999408 0
1548999409 0
1548999410 0
1548999411 0
1548999412 0
1548999413 0
1548999414 0
1548999415 0
1548999416 0
1548999417 0
1548999418 0
1548999419 0
1548999420 0
1548999421 0
1548999422 0
1548999423 0
1548999424 0
1548999425 0
1548999426 0
1548999427 0
1548999428 0
1548999429 0
1548999430 0
1548999431 0
1548999432 0
1548999433 0
1548999434 0
1548999435 0
1548999436 0
1548999437 0
1548999438 0
1548999439 0
1548999440 0
1548999441 0
1548999442 0
1548999443 0
1548999444 0
1548999445 0
1548999446 0
1548999447 0
1548999448 0
1548999449 0
1548999450 0
1548999451 0
1548999452 0
1548999453 0
1548999454 0
1548999455 0
1548999456 0
1548999457 0
1548999458 0
1548999459 0
1548999460 0
1548999461 0
1548999462 0
1548999463 0
1548999464 0
1548999465 0
1548999466 0
1548999467 0
1548999468 0
1548999469 0
1548999470 0
1548999471 0
1548999472 0
1548999473 0
1548999474 0
1548999475 0
1548999476 0
1548999477 0
1548999478 0
1548999479 0
1548999480 0
1548999481 0
1548999482 0
1548999483 0
1548999484 0
1548999485 0
1548999486 0
1548999487 0
1548999488 0
1548999489 0
1548999490 0
1548999491 0
1548999492 0
1548999493 0
1548999494 0
1548999495 0
1548999496 0
1548999497 0
1548999498 0
1548999499 0
1548999500 0
1548999501 0
1548999502 0
1548999503 0
1548999504 0
1548999505 0
1548999506 0
1548999507 0
1548999508 0
1548999509 0
1548999510 0
1548999511 0
1548999512 0
1548999513 0
1548999514 0
1548999515 0
1548999516 0
1548999517 0
1548999518 0
1548999519 0
1548999520 0
1548999521 0
1548999522 0
1548999523 0
1548999524 0
1548999525 0
1548999526 0
1548999527 0
1548999528 0
1548999529 0
1548999530 0
1548999531 0
1548999532 0
1548999533 0
1548999534 0
1548999535 0
1548999536 0
1548999537 0
1548999538 0
1548999539 0
1548999540 0
1548999541 0
1548999542 0
1548999543 0
1548999544 0
1548999545 0
1548999546 0
1548999547 0
1548999548 0
1548999549 0
1548999550 0
1548999551 0
1548999552 0
1548999553 0
1548999554 0
1548999555 0
1548999556 0
1548999557 0
1548999558 0
1548999559 0
1548999560 0
1548999561 0
1548999562 0
1548999563 0
1548999564 0
1548999565 0
1548999566 0
1548999567 0
1548999568 0
1548999569 0
1548999570 0
1548999571 0
1548999572 0
1548999573 0
1548999574 0
1548999575 0
1548999576 0
1548999577 0
1548999578 0
1548999579 0
1548999580 0
1548999581 0
1548999582 0
1548999583 0
1548999584 0
1548999585 0
1548999586 0
1548999587 0
1548999588 0
1548999589 0
1548999590 0
1548999591 0
1548999592 0
1548999593 0
1548999594 0
1548999595 0
1548999596 0
1548999597 0
1548999598 0
1548999599 0
1548999600 0
1548999601 0
1548999602 0
1548999603 0
1548999604 0
1548999605 0
1548999606 0
1548999607 0
1548999608 0
1548999609 0
1548999610 0
1548999611 0
1548999612 0
1548999613 0
1548999614 0
1548999615 0
1548999616 0
1548999617 0
1548999618 0
1548999619 0
1548999620 0
1548999621 0
1548999622 0
1548999623 0
1548999624 0
1548999625 0
1548999626 0
1548999627 0
1548999628 0
1548999629 0
1548999630 0
1548999631 0
1548999632 0
1548999633 0
1548999634 0
1548999635 0
1548999636 0
1548999637 0
1548999638 0
1548999639 0
1548999640 0
1548999641 0
1548999642 0
1548999643 0
1548999644 0
1548999645 0
1548999646 0
1548999647 0
1548999648 0
1548999649 0
1548999650 0
1548999651 0
1548999652 0
1548999653 0
1548999654 0
1548999655 0
1548999656 0
1548999657 0
1548999658 0
1548999659 0
1548999660 0
1548999661 0
1548999662 0
1548999663 0
1548999664 0
1548999665 0
1548999666 0
1548999667 0
1548999668 0
1548999669 0
1548999670 0
1548999671 0
1548999672 0
1548999673 0
1548999674 0
1548999675 0
1548999676 0
1548999677 0
1548999678 0
1548999679 0
1548999680 0
1548999681 0
1548999682 0
1548999683 0
1548999684 0
1548999685 0
1548999686 0
1548999687 0
1548999688 0
1548999689 0
1548999690 0
1548999691 0
1548999692 0
1548999693 0
1548999694 0
1548999695 0
1548999696 0
1548999697 0
1548999698 0
1548999699 0
1548999700 0
1548999701 0
1548999702 0
1548999703 0
1548999704 0
1548999705 0
1548999706 0
1548999707 0
1548999708 0
1548999709 0
1548999710 0
1548999711 0
1548999712 0
1548999713 0
1548999714 0
1548999715 0
1548999716 0
1548999717 0
1548999718 0
1548999719 0
1548999720 0
1548999721 0
1548999722 0
1548999723 0
1548999724 0
1548999725 0
1548999726 0
1548999727 0
1548999728 0
1548999729 0
1548999730 0
1548999731 0
1548999732 0
1548999733 0
1548999734 0
1548999735 0
1548999736 0
1548999737 0
1548999738 0
1548999739 0
1548999740 0
1548999741 0
1548999742 0
1548999743 0
1548999744 0
1548999745 0
1548999746 0
1548999747 0
1548999748 0
1548999749 0
1548999750 0
1548999751 0
1548999752 0
1548999753 0
1548999754 0
1548999755 0
1548999756 0
1548999757 0
1548999758 0
1548999759 0
1548999760 0
1548999761 0
1548999762 0
1548999763 0
1548999764 0
1548999765 0
1548999766 0
1548999767 0
1548999768 0
1548999769 0
1548999770 0
1548999771 0
1548999772 0
1548999773 0
1548999774 0
1548999775 0
1548999776 0
1548999777 0
1548999778 0
1548999779 0
1548999780 0
1548999781 0
1548999782 0
1548999783 0
1548999784 0
1548999785 0
1548999786 0
1548999787 0
1548999788 0
1548999789 0
1548999790 0
1548999791 0
1548999792 0
1548999793 0
1548999794 0
1548999795 0
1548999796 0
1548999797 0
1548999798 0
1548999799 0
1548999800 0
1548999801 0
1548999802 0
1548999803 0
1548999804 0
1548999805 0
1548999806 0
1548999807 0
1548999808 0
1548999809 0
1548999810 0
1548999811 0
1548999812 0
1548999813 0
1548999814 0
1548999815 0
1548999816 0
1548999817 0
1548999818 0
1548999819 0
1548999820 0
1548999821 0
1548999822 0
1548999823 0
1548999824 0
1548999825 0
1548999826 0
1548999827 0
1548999828 0
1548999829 0
1548999830 0
1548999831 0
1548999832 0
1548999833 0
1548999834 0
1548999835 0
1548999836 0
1548999837 0
1548999838 0
1548999839 0
1548999840 0
1548999841 0
1548999842 0
1548999843 0
1548999844 0
1548999845 0
1548999846 0
1548999847 0
1548999848 0
1548999849 0
1548999850 0
1548999851 0
1548999852 0
1548999853 0
1548999854 0
1548999855 0
1548999856 0
1548999857 0
1548999858 0
1548999859 0
1548999860 0
1548999861 0
1548999862 0
1548999863 0
1548999864 0
1548999865 0
1548999866 0
1548999867 0
1548999868 0
1548999869 0
1548999870 0
1548999871 0
1548999872 0
1548999873 0
1548999874 0
1548999875 0
1548999876 0
1548999877 0
1548999878 0
1548999879 0
1548999880 0
1548999881 0
1548999882 0
1548999883 0
1548999884 0
1548999885 0
1548999886 0
1548999887 0
1548999888 0
1548999889 0
1548999890 0
1548999891 0
1548999892 0
1548999893 0
1548999894 0
1548999895 0
1548999896 0
1548999897 0
1548999898 0
1548999899 0
1548999900 0
1548999901 0
1548999902 0
1548999903 0
1548999904 0
1548999905 0
1548999906 0
1548999907 0
1548999908 0
1548999909 0
1548999910 0
1548999911 0
1548999912 0
1548999913 0
1548999914 0
1548999915 0
1548999916 0
1548999917 0
1548999918 0
1548999919 0
1548999920 0
1548999921 0
1548999922 0
1548999923 0
1548999924 0
1548999925 0
1548999926 0
1548999927 0
1548999928 0
1548999929 0
1548999930 0
1548999931 0
1548999932 0
1548999933 0
1548999934 0
1548999935 0
1548999936 0
1548999937 0
1548999938 0
1548999939 0
1548999940 0
1548999941 0
1548999942 0
1548999943 0
1548999944 0
1548999945 0
1548999946 0
1548999947 0
1548999948 0
1548999949 0
1548999950 0
1548999951 0
1548999952 0
1548999953 0
1548999954 0
1548999955 0
1548999956 0
1548999957 0
1548999958 0
1548999959 0
1548999960 0
1548999961 0
1548999962 0
1548999963 0
1548999964 0
1548999965 0
1548999966 0
1548999967 0
1548999968 0
1548999969 0
1548999970 0
1548999971 0
1548999972 0
1548999973 0
1548999974 0
1548999975 0
1548999976 0
1548999977 0
1548999978 0
1548999979 0
1548999980 0
1548999981 0
1548999982 0
1548999983 0
1548999984 0
1548999985 0
1548999986 0
1548999987 0
1548999988 0
1548999989 0
1548999990 0
1548999991 0
1548999992 0
1548999993 0
1548999994 0
1548999995 0
1548999996 0
1548999997 0
1548999998 0
1548999999 0
1549000000 0
1549000001 0
1549000002 0
1549000003 0
1549000004 0
1549000005 0
1549000006 0
1549000007 0
1549000008 0
1549000009 0
1549000010 0
1549000011 0
1549000012 0
1549000013 0
1549000014 0
1549000015 0
1549000016 0
1549000017 0
1549000018 0
1549000019 0
1549000020 0
1549000021 0
1549000022 0
1549000023 0
1549000024 0
1549000025 0
1549000026 0
1549000027 0
1549000028 0
1549000029 0
1549000030 0
1549000031 0
1549000032 0
1549000033 0
1549000034 0
1549000035 0
1549000036 0
1549000037 0
1549000038 0
1549000039 0
1549000040 0
1549000041 0
1549000042 0
1549000043 0
1549000044 0
1549000045 0
1549000046 0
1549000047 0
1549000048 0
1549000049 0
1549000050 0
1549000051 0
1549000052 0
1549000053 0
1549000054 0
1549000055 0
1549000056 0
1549000057 0
1549000058 0
1549000059 0
1549000060 0
1549000061 0
1549000062 0
1549000063 0
1549000064 0
1549000065 0
1549000066 0
1549000067 0
1549000068 0
1549000069 0
1549000070 0
1549000071 0
1549000072 0
1549000073 0
1549000074 0
1549000075 0
1549000076 0
1549000077 0
1549000078 0
1549000079 0
1549000080 0
1549000081 0
1549000082 0
1549000083 0
1549000084 0
1549000085 0
1549000086 0
1549000087 0
1549000088 0
1549000089 0
1549000090 0
1549000091 0
1549000092 0
1549000093 0
1549000094 0
1549000095 0
1549000096 0
1549000097 0
1549000098 0
1549000099 0
1549000100 0
1549000101 0
1549000102 0
1549000103 0
1549000104 0
1549000105 0
1549000106 0
1549000107 0
1549000108 0
1549000109 0
1549000110 0
1549000111 0
1549000112 0
1549000113 0
1549000114 0
1549000115 0
1549000116 0
1549000117 0
1549000118 0
1549000119 0
1549000120 0
1549000121 0
1549000122 0
1549000123 0
1549000124 0
1549000125 0
1549000126 0
1549000127 0
1549000128 0
1549000129 0
1549000130 0
1549000131 0
1549000132 0
1549000133 0
1549000134 0
1549000135 0
1549000136 0
1549000137 0
1549000138 0
1549000139 0
1549000140 0
1549000141 0
1549000142 0
1549000143 0
1549000144 0
1549000145 0
1549000146 0
1549000147 0
1549000148 0
1549000149 0
1549000150 0
1549000151 0
1549000152 0
1549000153 0
1549000154 0
1549000155 0
1549000156 0
1549000157 0
1549000158 0
1549000159 0
1549000160 0
1549000161 0
1549000162 0
1549000163 0
1549000164 0
1549000165 0
1549000166 0
1549000167 0
1549000168 0
1549000169 0
1549000170 0
1549000171 0
1549000172 0
1549000173 0
1549000174 0
1549000175 0
1549000176 0
1549000177 0
1549000178 0
1549000179 0
1549000180 0
1549000181 0
1549000182 0
1549000183 0
1549000184 0
1549000185 0
1549000186 0
1549000187 0
1549000188 0
1549000189 0
1549000190 0
1549000191 0
1549000192 0
1549000193 0
1549000194 0
1549000195 0
1549000196 0
1549000197 0
1549000198 0
1549000199 0
1549000200 0
1549000201 0
1549000202 0
1549000203 0
1549000204 0
1549000205 0
1549000206 0
1549000207 0
1549000208 0
1549000209 0
1549000210 0
1549000211 0
1549000212 0
1549000213 0
1549000214 0
1549000215 0
1549000216 0
1549000217 0
1549000218 0
1549000219 0
1549000220 0
1549000221 0
1549000222 0
1549000223 0
1549000224 0
1549000225 0
1549000226 0
1549000227 0
1549000228 0
1549000229 0
1549000230 0
1549000231 0
1549000232 0
1549000233 0
1549000234 0
1549000235 0
1549000236 0
1549000237 0
1549000238 0
1549000239 0
1549000240 0
1549000241 0
1549000242 0
1549000243 0
1549000244 0
1549000245 0
1549000246 0
1549000247 0
1549000248 0
1549000249 0
1549000250 0
1549000251 0
1549000252 0
1549000253 0
1549000254 0
1549000255 0
1549000256 0
1549000257 0
1549000258 0
1549000259 0
1549000260 0
1549000261 0
1549000262 0
1549000263 0
1549000264 0
1549000265 0
1549000266 0
1549000267 0
1549000268 0
1549000269 0
1549000270 0
1549000271 0
1549000272 0
1549000273 0
1549000274 0
1549000275 0
1549000276 0
1549000277 0
1549000278 0
1549000279 0
1549000280 0
1549000281 0
1549000282 0
1549000283 0
1549000284 0
1549000285 0
1549000286 0
1549000287 0
1549000288 0
1549000289 0
1549000290 0
1549000291 0
1549000292 0
1549000293 0
1549000294 0
1549000295 0
1549000296 0
1549000297 0
1549000298 0
1549000299 0
1549000300 0
1549000301 0
1549000302 0
1549000303 0
1549000304 0
1549000305 0
1549000306 0
1549000307 0
1549000308 0
1549000309 0
1549000310 0
1549000311 0
1549000312 0
1549000313 0
1549000314 0
1549000315 0
1549000316 0
1549000317 0
1549000318 0
1549000319 0
1549000320 0
1549000321 0
1549000322 0
1549000323 0
1549000324 0
1549000325 0
1549000326 0
1549000327 0
1549000328 0
1549000329 0
1549000330 0
1549000331 0
1549000332 0
1549000333 0
1549000334 0
1549000335 0
1549000336 0
1549000337 0
1549000338 0
1549000339 0
1549000340 0
1549000341 0
1549000342 0
1549000343 0
1549000344 0
1549000345 0
1549000346 0
1549000347 0
1549000348 0
1549000349 0
1549000350 0
1549000351 0
1549000352 0
1549000353 0
1549000354 0
1549000355 0
1549000356 0
1549000357 0
1549000358 0
1549000359 0
1549000360 0
1549000361 0
1549000362 0
1549000363 0
1549000364 0
1549000365 0
1549000366 0
1549000367 0
1549000368 0
1549000369 0
1549000370 0
1549000371 0
1549000372 0
1549000373 0
1549000374 0
1549000375 0
1549000376 0
1549000377 0
1549000378 0
1549000379 0
1549000380 0
1549000381 0
1549000382 0
1549000383 0
1549000384 0
1549000385 0
1549000386 0
1549000387 0
1549000388 0
1549000389 0
1549000390 0
1549000391 0
1549000392 0
1549000393 0
1549000394 0
1549000395 0
1549000396 0
1549000397 0
1549000398 0
1549000399 0
1549000400 0
1549000401 0
1549000402 0
1549000403 0
1549000404 0
1549000405 0
1549000406 0
1549000407 0
1549000408 0
1549000409 0
1549000410 0
1549000411 0
1549000412 0
1549000413 0
1549000414 0
1549000415 0
1549000416 0
1549000417 0
1549000418 0
1549000419 0
1549000420 0
1549000421 0
1549000422 0
1549000423 0
1549000424 0
1549000425 0
1549000426 0
1549000427 0
1549000428 0
1549000429 0
1549000430 0
1549000431 0
1549000432 0
1549000433 0
1549000434 0
1549000435 0
1549000436 0
1549000437 0
1549000438 0
1549000439 0
1549000440 0
1549000441 0
1549000442 0
1549000443 0
1549000444 0
1549000445 0
1549000446 0
1549000447 0
1549000448 0
1549000449 0
1549000450 0
1549000451 0
1549000452 0
1549000453 0
1549000454 0
1549000455 0
1549000456 0
1549000457 0
1549000458 0
1549000459 0
1549000460 0
1549000461 0
1549000462 0
1549000463 0
1549000464 0
1549000465 0
1549000466 0
1549000467 0
1549000468 0
1549000469 0
1549000470 0
1549000471 0
1549000472 0
1549000473 0
1549000474 0
1549000475 0
1549000476 0
1549000477 0
1549000478 0
1549000479 0
1549000480 0
1549000481 0
1549000482 0
1549000483 0
1549000484 0
1549000485 0
1549000486 0
1549000487 0
1549000488 0
1549000489 0
1549000490 0
1549000491 0
1549000492 0
1549000493 0
1549000494 0
1549000495 0
1549000496 0
1549000497 0
1549000498 0
1549000499 0
1549000500 0
1549000501 0
1549000502 0
1549000503 0
1549000504 0
1549000505 0
1549000506 0
1549000507 0
1549000508 0
1549000509 0
1549000510 0
1549000511 0
1549000512 0
1549000513 0
1549000514 0
1549000515 0
1549000516 0
1549000517 0
1549000518 0
1549000519 0
1549000520 0
1549000521 0
1549000522 0
1549000523 0
1549000524 0
1549000525 0
1549000526 0
1549000527 0
1549000528 0
1549000529 0
1549000530 0
1549000531 0
1549000532 0
1549000533 0
1549000534 0
1549000535 0
1549000536 0
1549000537 0
1549000538 0
1549000539 0
1549000540 0
1549000541 0
1549000542 0
1549000543 0
1549000544 0
1549000545 0
1549000546 0
1549000547 0
1549000548 0
1549000549 0
1549000550 0
1549000551 0
1549000552 0
1549000553 0
1549000554 0
1549000555 0
1549000556 0
1549000557 0
1549000558 0
1549000559 0
1549000560 0
1549000561 0
1549000562 0
1549000563 0
1549000564 0
1549000565 0
1549000566 0
1549000567 0
1549000568 0
1549000569 0
1549000570 0
1549000571 0
1549000572 0
1549000573 0
1549000574 0
1549000575 0
1549000576 0
1549000577 0
1549000578 0
1549000579 0
1549000580 0
1549000581 0
1549000582 0
1549000583 0
1549000584 0
1549000585 0
1549000586 0
1549000587 0
1549000588 0
1549000589 0
1549000590 0
1549000591 0
1549000592 0
1549000593 0
1549000594 0
1549000595 0
1549000596 0
1549000597 0
1549000598 0
1549000599 0
1549000600 0
1549000601 0
1549000602 0
1549000603 0
1549000604 0
1549000605 0
1549000606 0
1549000607 0
1549000608 0
1549000609 0
1549000610 0
1549000611 0
1549000612 0
1549000613 0
1549000614 0
1549000615 0
1549000616 0
1549000617 0
1549000618 0
1549000619 0
1549000620 0
1549000621 0
1549000622 0
1549000623 0
1549000624 0
1549000625 0
1549000626 0
1549000627 0
1549000628 0
1549000629 0
1549000630 0
1549000631 0
1549000632 0
1549000633 0
1549000634 0
1549000635 0
1549000636 0
1549000637 0
1549000638 0
1549000639 0
1549000640 0
1549000641 0
1549000642 0
1549000643 0
1549000644 0
1549000645 0
1549000646 0
1549000647 0
1549000648 0
1549000649 0
1549000650 0
1549000651 0
1549000652 0
1549000653 0
1549000654 0
1549000655 0
1549000656 0
1549000657 0
1549000658 0
1549000659 0
1549000660 0
1549000661 0
1549000662 0
1549000663 0
1549000664 0
1549000665 0
1549000666 0
1549000667 0
1549000668 0
1549000669 0
1549000670 0
1549000671 0
1549000672 0
1549000673 0
1549000674 0
1549000675 0
1549000676 0
1549000677 0
1549000678 0
1549000679 0
1549000680 0
1549000681 0
1549000682 0
1549000683 0
1549000684 0
1549000685 0
1549000686 0
1549000687 0
1549000688 0
1549000689 0
1549000690 0
1549000691 0
1549000692 0
1549000693 0
1549000694 0
1549000695 0
1549000696 0
1549000697 0
1549000698 0
1549000699 0
1549000700 0
1549000701 0
1549000702 0
1549000703 0
1549000704 0
1549000705 0
1549000706 0
1549000707 0
1549000708 0
1549000709 0
1549000710 0
1549000711 0
1549000712 0
1549000713 0
1549000714 0
1549000715 0
1549000716 0
1549000717 0
1549000718 0
1549000719 0
1549000720 0
1549000721 0
1549000722 0
1549000723 0
1549000724 0
1549000725 0
1549000726 0
1549000727 0
1549000728 0
1549000729 0
1549000730 0
1549000731 0
1549000732 0
1549000733 0
1549000734 0
1549000735 0
1549000736 0
1549000737 0
1549000738 0
1549000739 0
1549000740 0
1549000741 0
1549000742 0
1549000743 0
1549000744 0
1549000745 0
1549000746 0
1549000747 0
1549000748 0
1549000749 0
1549000750 0
1549000751 0
1549000752 0
1549000753 0
1549000754 0
1549000755 0
1549000756 0
1549000757 0
1549000758 0
1549000759 0
1549000760 0
1549000761 0
1549000762 0
1549000763 0
1549000764 0
1549000765 0
1549000766 0
1549000767 0
1549000768 0
1549000769 0
1549000770 0
1549000771 0
1549000772 0
1549000773 0
1549000774 0
1549000775 0
1549000776 0
1549000777 0
1549000778 0
1549000779 0
1549000780 0
1549000781 0
1549000782 0
1549000783 0
1549000784 0
1549000785 0
1549000786 0
1549000787 0
1549000788 0
1549000789 0
1549000790 0
1549000791 0
1549000792 0
1549000793 0
1549000794 0
1549000795 0
1549000796 0
1549000797 0
1549000798 0
1549000799 0
1549000800 0
1549000801 0
1549000802 0
1549000803 0
1549000804 0
1549000805 0
1549000806 0
1549000807 0
1549000808 0
1549000809 0
1549000810 0
1549000811 0
1549000812 0
1549000813 0
1549000814 0
1549000815 0
1549000816 0
1549000817 0
1549000818 0
1549000819 0
1549000820 0
1549000821 0
1549000822 0
1549000823 0
1549000824 0
1549000825 0
1549000826 0
1549000827 0
1549000828 0
1549000829 0
1549000830 0
1549000831 0
1549000832 0
1549000833 0
1549000834 0
1549000835 0
1549000836 0
1549000837 0
1549000838 0
1549000839 0
1549000840 0
1549000841 0
1549000842 0
1549000843 0
1549000844 0
1549000845 0
1549000846 0
1549000847 0
1549000848 0
1549000849 0
1549000850 0
1549000851 0
1549000852 0
1549000853 0
1549000854 0
1549000855 0
1549000856 0
1549000857 0
1549000858 0
1549000859 0
1549000860 0
1549000861 0
1549000862 0
1549000863 0
1549000864 0
1549000865 0
1549000866 0
1549000867 0
1549000868 0
1549000869 0
1549000870 0
1549000871 0
1549000872 0
1549000873 0
1549000874 0
1549000875 0
1549000876 0
1549000877 0
1549000878 0
1549000879 0
1549000880 0
1549000881 0
1549000882 0
1549000883 0
1549000884 0
1549000885 0
1549000886 0
1549000887 0
1549000888 0
1549000889 0
1549000890 0
1549000891 0
1549000892 0
1549000893 0
1549000894 0
1549000895 0
1549000896 0
1549000897 0
1549000898 0
1549000899 0
1549000900 0
1549000901 0
1549000902 0
1549000903 0
1549000904 0
1549000905 0
1549000906 0
1549000907 0
1549000908 0
1549000909 0
1549000910 0
1549000911 0
1549000912 0
1549000913 0
1549000914 0
1549000915 0
1549000916 0
1549000917 0
1549000918 0
1549000919 0
1549000920 0
1549000921 0
1549000922 0
1549000923 0
1549000924 0
1549000925 0
1549000926 0
1549000927 0
1549000928 0
1549000929 0
1549000930 0
1549000931 0
1549000932 0
1549000933 0
1549000934 0
1549000935 0
1549000936 0
1549000937 0
1549000938 0
1549000939 0
1549000940 0
1549000941 0
1549000942 0
1549000943 0
1549000944 0
1549000945 0
1549000946 0
1549000947 0
1549000948 0
1549000949 0
1549000950 0
1549000951 0
1549000952 0
1549000953 0
1549000954 0
1549000955 0
1549000956 0
1549000957 0
1549000958 0
1549000959 0
1549000960 0
1549000961 0
1549000962 0
1549000963 0
1549000964 0
1549000965 0
1549000966 0
1549000967 0
1549000968 0
1549000969 0
1549000970 0
1549000971 0
1549000972 0
1549000973 0
1549000974 0
1549000975 0
1549000976 0
1549000977 0
1549000978 0
1549000979 0
1549000980 0
1549000981 0
1549000982 0
1549000983 0
1549000984 0
1549000985 0
1549000986 0
1549000987 0
1549000988 0
1549000989 0
1549000990 0
1549000991 0
1549000992 0
1549000993 0
1549000994 0
1549000995 0
1549000996 0
1549000997 0
1549000998 0
1549000999 0
1549001000 0
1549001001 0
1549001002 0
1549001003 0
1549001004 0
1549001005 0
1549001006 0
1549001007 0
1549001008 0
1549001009 0
1549001010 0
1549001011 0
1549001012 0
1549001013 0
1549001014 0
1549001015 0
1549001016 0
1549001017 0
1549001018 0
1549001019 0
1549001020 0
1549001021 0
1549001022 0
1549001023 0
1549001024 0
1549001025 0
1549001026 0
1549001027 0
1549001028 0
1549001029 0
1549001030 0
1549001031 0
1549001032 0
1549001033 0
1549001034 0
1549001035 0
1549001036 0
1549001037 0
1549001038 0
1549001039 0
1549001040 0
1549001041 0
1549001042 0
1549001043 0
1549001044 0
1549001045 0
1549001046 0
1549001047 0
1549001048 0
1549001049 0
1549001050 0
1549001051 0
1549001052 0
1549001053 0
1549001054 0
1549001055 0
1549001056 0
1549001057 0
1549001058 0
1549001059 0
1549001060 0
1549001061 0
1549001062 0
1549001063 0
1549001064 0
1549001065 0
1549001066 0
1549001067 0
1549001068 0
1549001069 0
1549001070 0
1549001071 0
1549001072 0
1549001073 0
1549001074 0
1549001075 0
1549001076 0
1549001077 0
1549001078 0
1549001079 0
1549001080 0
1549001081 0
1549001082 0
1549001083 0
1549001084 0
1549001085 0
1549001086 0
1549001087 0
1549001088 0
1549001089 0
1549001090 0
1549001091 0
1549001092 0
1549001093 0
1549001094 0
1549001095 0
1549001096 0
1549001097 0
1549001098 0
1549001099 0
1549001100 0
1549001101 0
1549001102 0
1549001103 0
1549001104 0
1549001105 0
1549001106 0
1549001107 0
1549001108 0
1549001109 0
1549001110 0
1549001111 0
1549001112 0
1549001113 0
1549001114 0
1549001115 0
1549001116 0
1549001117 0
1549001118 0
1549001119 0
1549001120 0
1549001121 0
1549001122 0
1549001123 0
1549001124 0
1549001125 0
1549001126 0
1549001127 0
1549001128 0
1549001129 0
1549001130 0
1549001131 0
1549001132 0
1549001133 0
1549001134 0
1549001135 0
1549001136 0
1549001137 0
1549001138 0
1549001139 0
1549001140 0
1549001141 0
1549001142 0
1549001143 0
1549001144 0
1549001145 0
1549001146 0
1549001147 0
1549001148 0
1549001149 0
1549001150 0
1549001151 0
1549001152 0
1549001153 0
1549001154 0
1549001155 0
1549001156 0
1549001157 0
1549001158 0
1549001159 0
1549001160 0
1549001161 0
1549001162 0
1549001163 0
1549001164 0
1549001165 0
1549001166 0
1549001167 0
1549001168 0
1549001169 0
1549001170 0
1549001171 0
1549001172 0
1549001173 0
1549001174 0
1549001175 0
1549001176 0
1549001177 0
1549001178 0
1549001179 0
1549001180 0
1549001181 0
1549001182 0
1549001183 0
1549001184 0
1549001185 0
1549001186 0
1549001187 0
1549001188 0
1549001189 0
1549001190 0
1549001191 0
1549001192 0
1549001193 0
1549001194 0
1549001195 0
1549001196 0
1549001197 0
1549001198 0
1549001199 0
1549001200 0
1549001201 0
1549001202 0
1549001203 0
1549001204 0
1549001205 0
1549001206 0
1549001207 0
1549001208 0
1549001209 0
1549001210 0
1549001211 0
1549001212 0
1549001213 0
1549001214 0
1549001215 0
1549001216 0
1549001217 0
1549001218 0
1549001219 0
1549001220 0
1549001221 0
1549001222 0
1549001223 0
1549001224 0
1549001225 0
1549001226 0
1549001227 0
1549001228 0
1549001229 0
1549001230 0
1549001231 0
1549001232 0
1549001233 0
1549001234 0
1549001235 0
1549001236 0
1549001237 0
1549001238 0
1549001239 0
1549001240 0
1549001241 0
1549001242 0
1549001243 0
1549001244 0
1549001245 0
1549001246 0
1549001247 0
1549001248 0
1549001249 0
1549001250 0
1549001251 0
1549001252 0
1549001253 0
1549001254 0
1549001255 0
1549001256 0
1549001257 0
1549001258 0
1549001259 0
1549001260 0
1549001261 0
1549001262 0
1549001263 0
1549001264 0
1549001265 0
1549001266 0
1549001267 0
1549001268 0
1549001269 0
1549001270 0
1549001271 0
1549001272 0
1549001273 0
1549001274 0
1549001275 0
1549001276 0
1549001277 0
1549001278 0
1549001279 0
1549001280 0
1549001281 0
1549001282 0
1549001283 0
1549001284 0
1549001285 0
1549001286 0
1549001287 0
1549001288 0
1549001289 0
1549001290 0
1549001291 0
1549001292 0
1549001293 0
1549001294 0
1549001295 0
1549001296 0
1549001297 0
1549001298 0
1549001299 0
1549001300 0
1549001301 0
1549001302 0
1549001303 0
1549001304 0
1549001305 0
1549001306 0
1549001307 0
1549001308 0
1549001309 0
1549001310 0
1549001311 0
1549001312 0
1549001313 0
1549001314 0
1549001315 0
1549001316 0
1549001317 0
1549001318 0
1549001319 0
1549001320 0
1549001321 0
1549001322 0
1549001323 0
1549001324 0
1549001325 0
1549001326 0
1549001327 0
1549001328 0
1549001329 0
1549001330 0
1549001331 0
1549001332 0
1549001333 0
1549001334 0
1549001335 0
1549001336 0
1549001337 0
1549001338 0
1549001339 0
1549001340 0
1549001341 0
1549001342 0
1549001343 0
1549001344 0
1549001345 0
1549001346 0
1549001347 0
1549001348 0
1549001349 0
1549001350 0
1549001351 0
1549001352 0
1549001353 0
1549001354 0
1549001355 0
1549001356 0
1549001357 0
1549001358 0
1549001359 0
1549001360 0
1549001361 0
1549001362 0
1549001363 0
1549001364 0
1549001365 0
1549001366 0
1549001367 0
1549001368 0
1549001369 0
1549001370 0
1549001371 0
1549001372 0
1549001373 0
1549001374 0
1549001375 0
1549001376 0
1549001377 0
1549001378 0
1549001379 0
1549001380 0
1549001381 0
1549001382 0
1549001383 0
1549001384 0
1549001385 0
1549001386 0
1549001387 0
1549001388 0
1549001389 0
1549001390 0
1549001391 0
1549001392 0
1549001393 0
1549001394 0
1549001395 0
1549001396 0
1549001397 0
1549001398 0
1549001399 0
1549001400 0
1549001401 0
1549001402 0
1549001403 0
1549001404 0
1549001405 0
1549001406 0
1549001407 0
1549001408 0
1549001409 0
1549001410 0
1549001411 0
1549001412 0
1549001413 0
1549001414 0
1549001415 0
1549001416 0
1549001417 0
1549001418 0
1549001419 0
1549001420 0
1549001421 0
1549001422 0
1549001423 0
1549001424 0
1549001425 0
1549001426 0
1549001427 0
1549001428 0
1549001429 0
1549001430 0
1549001431 0
1549001432 0
1549001433 0
1549001434 0
1549001435 0
1549001436 0
1549001437 0
1549001438 0
1549001439 0
1549001440 0
1549001441 0
1549001442 0
1549001443 0
1549001444 0
1549001445 0
1549001446 0
1549001447 0
1549001448 0
1549001449 0
1549001450 0
1549001451 0
1549001452 0
1549001453 0
1549001454 0
1549001455 0
1549001456 0
1549001457 0
1549001458 0
1549001459 0
1549001460 0
1549001461 0
1549001462 0
1549001463 0
1549001464 0
1549001465 0
1549001466 0
1549001467 0
1549001468 0
1549001469 0
1549001470 0
1549001471 0
1549001472 0
1549001473 0
1549001474 0
1549001475 0
1549001476 0
1549001477 0
1549001478 0
1549001479 0
1549001480 0
1549001481 0
1549001482 0
1549001483 0
1549001484 0
1549001485 0
1549001486 0
1549001487 0
1549001488 0
1549001489 0
1549001490 0
1549001491 0
1549001492 0
1549001493 0
1549001494 0
1549001495 0
1549001496 0
1549001497 0
1549001498 0
1549001499 0
1549001500 0
1549001501 0
1549001502 0
1549001503 0
1549001504 0
1549001505 0
1549001506 0
1549001507 0
1549001508 0
1549001509 0
1549001510 0
1549001511 0
1549001512 0
1549001513 0
1549001514 0
1549001515 0
1549001516 0
1549001517 0
1549001518 0
1549001519 0
1549001520 0
1549001521 0
1549001522 0
1549001523 0
1549001524 0
1549001525 0
1549001526 0
1549001527 0
1549001528 0
1549001529 0
1549001530 0
1549001531 0
1549001532 0
1549001533 0
1549001534 0
1549001535 0
1549001536 0
1549001537 0
1549001538 0
1549001539 0
1549001540 0
1549001541 0
1549001542 0
1549001543 0
1549001544 0
1549001545 0
1549001546 0
1549001547 0
1549001548 0
1549001549 0
1549001550 0
1549001551 0
1549001552 0
1549001553 0
1549001554 0
1549001555 0
1549001556 0
1549001557 0
1549001558 0
1549001559 0
1549001560 0
1549001561 0
1549001562 0
1549001563 0
1549001564 0
1549001565 0
1549001566 0
1549001567 0
1549001568 0
1549001569 0
1549001570 0
1549001571 0
1549001572 0
1549001573 0
1549001574 0
1549001575 0
1549001576 0
1549001577 0
1549001578 0
1549001579 0
1549001580 0
1549001581 0
1549001582 0
1549001583 0
1549001584 0
1549001585 0
1549001586 0
1549001587 0
1549001588 0
1549001589 0
1549001590 0
1549001591 0
1549001592 0
1549001593 0
1549001594 0
1549001595 0
1549001596 0
1549001597 0
1549001598 0
1549001599 0
1549001600 0
1549001601 0
1549001602 0
1549001603 0
1549001604 0
1549001605 0
1549001606 0
1549001607 0
1549001608 0
1549001609 0
1549001610 0
1549001611 0
1549001612 0
1549001613 0
1549001614 0
1549001615 0
1549001616 0
1549001617 0
1549001618 0
1549001619 0
1549001620 0
1549001621 0
1549001622 0
1549001623 0
1549001624 0
1549001625 0
1549001626 0
1549001627 0
1549001628 0
1549001629 0
1549001630 0
1549001631 0
1549001632 0
1549001633 0
1549001634 0
1549001635 0
1549001636 0
1549001637 0
1549001638 0
1549001639 0
1549001640 0
1549001641 0
1549001642 0
1549001643 0
1549001644 0
1549001645 0
1549001646 0
1549001647 0
1549001648 0
1549001649 0
1549001650 0
1549001651 0
1549001652 0
1549001653 0
1549001654 0
1549001655 0
1549001656 0
1549001657 0
1549001658 0
1549001659 0
1549001660 0
1549001661 0
1549001662 0
1549001663 0
1549001664 0
1549001665 0
1549001666 0
1549001667 0
1549001668 0
1549001669 0
1549001670 0
1549001671 0
1549001672 0
1549001673 0
1549001674 0
1549001675 0
1549001676 0
1549001677 0
1549001678 0
1549001679 0
1549001680 0
1549001681 0
1549001682 0
1549001683 0
1549001684 0
1549001685 0
1549001686 0
1549001687 0
1549001688 0
1549001689 0
1549001690 0
1549001691 0
1549001692 0
1549001693 0
1549001694 0
1549001695 0
1549001696 0
1549001697 0
1549001698 0
1549001699 0
1549001700 0
1549001701 0
1549001702 0
1549001703 0
1549001704 0
1549001705 0
1549001706 0
1549001707 0
1549001708 0
1549001709 0
1549001710 0
1549001711 0
1549001712 0
1549001713 0
1549001714 0
1549001715 0
1549001716 0
1549001717 0
1549001718 0
1549001719 0
1549001720 0
1549001721 0
1549001722 0
1549001723 0
1549001724 0
1549001725 0
1549001726 0
1549001727 0
1549001728 0
1549001729 0
1549001730 0
1549001731 0
1549001732 0
1549001733 0
1549001734 0
1549001735 0
1549001736 0
1549001737 0
1549001738 0
1549001739 0
1549001740 0
1549001741 0
1549001742 0
1549001743 0
1549001744 0
1549001745 0
1549001746 0
1549001747 0
1549001748 0
1549001749 0
1549001750 0
1549001751 0
1549001752 0
1549001753 0
1549001754 0
1549001755 0
1549001756 0
1549001757 0
1549001758 0
1549001759 0
1549001760 0
1549001761 0
1549001762 0
1549001763 0
1549001764 0
1549001765 0
1549001766 0
1549001767 0
1549001768 0
1549001769 0
1549001770 0
1549001771 0
1549001772 0
1549001773 0
1549001774 0
1549001775 0
1549001776 0
1549001777 0
1549001778 0
1549001779 0
1549001780 0
1549001781 0
1549001782 0
1549001783 0
1549001784 0
1549001785 0
1549001786 0
1549001787 0
1549001788 0
1549001789 0
1549001790 0
1549001791 0
1549001792 0
1549001793 0
1549001794 0
1549001795 0
1549001796 0
1549001797 0
1549001798 0
1549001799 0
1549001800 0
1549001801 0
1549001802 0
1549001803 0
1549001804 0
1549001805 0
1549001806 0
1549001807 0
1549001808 0
1549001809 0
1549001810 0
1549001811 0
1549001812 0
1549001813 0
1549001814 0
1549001815 0
1549001816 0
1549001817 0
1549001818 0
1549001819 0
1549001820 0
1549001821 0
1549001822 0
1549001823 0
1549001824 0
1549001825 0
1549001826 0
1549001827 0
1549001828 0
1549001829 0
1549001830 0
1549001831 0
1549001832 0
1549001833 0
1549001834 0
1549001835 0
1549001836 0
1549001837 0
1549001838 0
1549001839 0
1549001840 0
1549001841 0
1549001842 0
1549001843 0
1549001844 0
1549001845 0
1549001846 0
1549001847 0
1549001848 0
1549001849 0
1549001850 0
1549001851 0
1549001852 0
1549001853 0
1549001854 0
1549001855 0
1549001856 0
1549001857 0
1549001858 0
1549001859 0
1549001860 0
1549001861 0
1549001862 0
1549001863 0
1549001864 0
1549001865 0
1549001866 0
1549001867 0
1549001868 0
1549001869 0
1549001870 0
1549001871 0
1549001872 0
1549001873 0
1549001874 0
1549001875 0
1549001876 0
1549001877 0
1549001878 0
1549001879 0
1549001880 0
1549001881 0
1549001882 0
1549001883 0
1549001884 0
1549001885 0
1549001886 0
1549001887 0
1549001888 0
1549001889 0
1549001890 0
1549001891 0
1549001892 0
1549001893 0
1549001894 0
1549001895 0
1549001896 0
1549001897 0
1549001898 0
1549001899 0
1549001900 0
1549001901 0
1549001902 0
1549001903 0
1549001904 0
1549001905 0
1549001906 0
1549001907 0
1549001908 0
1549001909 0
1549001910 0
1549001911 0
1549001912 0
1549001913 0
1549001914 0
1549001915 0
1549001916 0
1549001917 0
1549001918 0
1549001919 0
1549001920 0
1549001921 0
1549001922 0
1549001923 0
1549001924 0
1549001925 0
1549001926 0
1549001927 0
1549001928 0
1549001929 0
1549001930 0
1549001931 0
1549001932 0
1549001933 0
1549001934 0
1549001935 0
1549001936 0
1549001937 0
1549001938 0
1549001939 0
1549001940 0
1549001941 0
1549001942 0
1549001943 0
1549001944 0
1549001945 0
1549001946 0
1549001947 0
1549001948 0
1549001949 0
1549001950 0
1549001951 0
1549001952 0
1549001953 0
1549001954 0
1549001955 0
1549001956 0
1549001957 0
1549001958 0
1549001959 0
1549001960 0
1549001961 0
1549001962 0
1549001963 0
1549001964 0
1549001965 0
1549001966 0
1549001967 0
1549001968 0
1549001969 0
1549001970 0
1549001971 0
1549001972 0
1549001973 0
1549001974 0
1549001975 0
1549001976 0
1549001977 0
1549001978 0
1549001979 0
1549001980 0
1549001981 0
1549001982 0
1549001983 0
1549001984 0
1549001985 0
1549001986 0
1549001987 0
1549001988 0
1549001989 0
1549001990 0
1549001991 0
1549001992 0
1549001993 0
1549001994 0
1549001995 0
1549001996 0
1549001997 0
1549001998 0
1549001999 0
1549002000 0
1549002001 0
1549002002 0
1549002003 0
1549002004 0
1549002005 0
1549002006 0
1549002007 0
1549002008 0
1549002009 0
1549002010 0
1549002011 0
1549002012 0
1549002013 0
1549002014 0
1549002015 0
1549002016 0
1549002017 0
1549002018 0
1549002019 0
1549002020 0
1549002021 0
1549002022 0
1549002023 0
1549002024 0
1549002025 0
1549002026 0
1549002027 0
1549002028 0
1549002029 0
1549002030 0
1549002031 0
1549002032 0
1549002033 0
1549002034 0
1549002035 0
1549002036 0
1549002037 0
1549002038 0
1549002039 0
1549002040 0
1549002041 0
1549002042 0
1549002043 0
1549002044 0
1549002045 0
1549002046 0
1549002047 0
1549002048 0
1549002049 0
1549002050 0
1549002051 0
1549002052 0
1549002053 0
1549002054 0
1549002055 0
1549002056 0
1549002057 0
1549002058 0
1549002059 0
1549002060 0
1549002061 0
1549002062 0
1549002063 0
1549002064 0
1549002065 0
1549002066 0
1549002067 0
1549002068 0
1549002069 0
1549002070 0
1549002071 0
1549002072 0
1549002073 0
1549002074 0
1549002075 0
1549002076 0
1549002077 0
1549002078 0
1549002079 0
1549002080 0
1549002081 0
1549002082 0
1549002083 0
1549002084 0
1549002085 0
1549002086 0
1549002087 0
1549002088 0
1549002089 0
1549002090 0
1549002091 0
1549002092 0
1549002093 0
1549002094 0
1549002095 0
1549002096 0
1549002097 0
1549002098 0
1549002099 0
1549002100 0
1549002101 0
1549002102 0
1549002103 0
1549002104 0
1549002105 0
1549002106 0
1549002107 0
1549002108 0
1549002109 0
1549002110 0
1549002111 0
1549002112 0
1549002113 0
1549002114 0
1549002115 0
1549002116 0
1549002117 0
1549002118 0
1549002119 0
1549002120 0
1549002121 0
1549002122 0
1549002123 0
1549002124 0
1549002125 0
1549002126 0
1549002127 0
1549002128 0
1549002129 0
1549002130 0
1549002131 0
1549002132 0
1549002133 0
1549002134 0
1549002135 0
1549002136 0
1549002137 0
1549002138 0
1549002139 0
1549002140 0
1549002141 0
1549002142 0
1549002143 0
1549002144 0
1549002145 0
1549002146 0
1549002147 0
1549002148 0
1549002149 0
1549002150 0
1549002151 0
1549002152 0
1549002153 0
1549002154 0
1549002155 0
1549002156 0
1549002157 0
1549002158 0
1549002159 0
1549002160 0
1549002161 0
1549002162 0
1549002163 0
1549002164 0
1549002165 0
1549002166 0
1549002167 0
1549002168 0
1549002169 0
1549002170 0
1549002171 0
1549002172 0
1549002173 0
1549002174 0
1549002175 0
1549002176 0
1549002177 0
1549002178 0
1549002179 0
1549002180 0
1549002181 0
1549002182 0
1549002183 0
1549002184 0
1549002185 0
1549002186 0
1549002187 0
1549002188 0
1549002189 0
1549002190 0
1549002191 0
1549002192 0
1549002193 0
1549002194 0
1549002195 0
1549002196 0
1549002197 0
1549002198 0
1549002199 0
1549002200 0
1549002201 0
1549002202 0
1549002203 0
1549002204 0
1549002205 0
1549002206 0
1549002207 0
1549002208 0
1549002209 0
1549002210 0
1549002211 0
1549002212 0
1549002213 0
1549002214 0
1549002215 0
1549002216 0
1549002217 0
1549002218 0
1549002219 0
1549002220 0
1549002221 0
1549002222 0
1549002223 0
1549002224 0
1549002225 0
1549002226 0
1549002227 0
1549002228 0
1549002229 0
1549002230 0
1549002231 0
1549002232 0
1549002233 0
1549002234 0
1549002235 0
1549002236 0
1549002237 0
1549002238 0
1549002239 0
1549002240 0
1549002241 0
1549002242 0
1549002243 0
1549002244 0
1549002245 0
1549002246 0
1549002247 0
1549002248 0
1549002249 0
1549002250 0
1549002251 0
1549002252 0
1549002253 0
1549002254 0
1549002255 0
1549002256 0
1549002257 0
1549002258 0
1549002259 0
1549002260 0
1549002261 0
1549002262 0
1549002263 0
1549002264 0
1549002265 0
1549002266 0
1549002267 0
1549002268 0
1549002269 0
1549002270 0
1549002271 0
1549002272 0
1549002273 0
1549002274 0
1549002275 0
1549002276 0
1549002277 0
1549002278 0
1549002279 0
1549002280 0
1549002281 0
1549002282 0
1549002283 0
1549002284 0
1549002285 0
1549002286 0
1549002287 0
1549002288 0
1549002289 0
1549002290 0
1549002291 0
1549002292 0
1549002293 0
1549002294 0
1549002295 0
1549002296 0
1549002297 0
1549002298 0
1549002299 0
1549002300 0
1549002301 0
1549002302 0
1549002303 0
1549002304 0
1549002305 0
1549002306 0
1549002307 0
1549002308 0
1549002309 0
1549002310 0
1549002311 0
1549002312 0
1549002313 0
1549002314 0
1549002315 0
1549002316 0
1549002317 0
1549002318 0
1549002319 0
1549002320 0
1549002321 0
1549002322 0
1549002323 0
1549002324 0
1549002325 0
1549002326 0
1549002327 0
1549002328 0
1549002329 0
1549002330 0
1549002331 0
1549002332 0
1549002333 0
1549002334 0
1549002335 0
1549002336 0
1549002337 0
1549002338 0
1549002339 0
1549002340 0
1549002341 0
1549002342 0
1549002343 0
1549002344 0
1549002345 0
1549002346 0
1549002347 0
1549002348 0
1549002349 0
1549002350 0
1549002351 0
1549002352 0
1549002353 0
1549002354 0
1549002355 0
1549002356 0
1549002357 0
1549002358 0
1549002359 0
1549002360 0
1549002361 0
1549002362 0
1549002363 0
1549002364 0
1549002365 0
1549002366 0
1549002367 0
1549002368 0
1549002369 0
1549002370 0
1549002371 0
1549002372 0
1549002373 0
1549002374 0
1549002375 0
1549002376 0
1549002377 0
1549002378 0
1549002379 0
1549002380 0
1549002381 0
1549002382 0
1549002383 0
1549002384 0
1549002385 0
1549002386 0
1549002387 0
1549002388 0
1549002389 0
1549002390 0
1549002391 0
1549002392 0
1549002393 0
1549002394 0
1549002395 0
1549002396 0
1549002397 0
1549002398 0
1549002399 0
1549002400 0
1549002401 0
1549002402 0
1549002403 0
1549002404 0
1549002405 0
1549002406 0
1549002407 0
1549002408 0
1549002409 0
1549002410 0
1549002411 0
1549002412 0
1549002413 0
1549002414 0
1549002415 0
1549002416 0
1549002417 0
1549002418 0
1549002419 0
1549002420 0
1549002421 0
1549002422 0
1549002423 0
1549002424 0
1549002425 0
1549002426 0
1549002427 0
1549002428 0
1549002429 0
1549002430 0
1549002431 0
1549002432 0
1549002433 0
1549002434 0
1549002435 0
1549002436 0
1549002437 0
1549002438 0
1549002439 0
1549002440 0
1549002441 0
1549002442 0
1549002443 0
1549002444 0
1549002445 0
1549002446 0
1549002447 0
1549002448 0
1549002449 0
1549002450 0
1549002451 0
1549002452 0
1549002453 0
1549002454 0
1549002455 0
1549002456 0
1549002457 0
1549002458 0
1549002459 0
1549002460 0
1549002461 0
1549002462 0
1549002463 0
1549002464 0
1549002465 0
1549002466 0
1549002467 0
1549002468 0
1549002469 0
1549002470 0
1549002471 0
1549002472 0
1549002473 0
1549002474 0
1549002475 0
1549002476 0
1549002477 0
1549002478 0
1549002479 0
1549002480 0
1549002481 0
1549002482 0
1549002483 0
1549002484 0
1549002485 0
1549002486 0
1549002487 0
1549002488 0
1549002489 0
1549002490 0
1549002491 0
1549002492 0
1549002493 0
1549002494 0
1549002495 0
1549002496 0
1549002497 0
1549002498 0
1549002499 0
1549002500 0
1549002501 0
1549002502 0
1549002503 0
1549002504 0
1549002505 0
1549002506 0
1549002507 0
1549002508 0
1549002509 0
1549002510 0
1549002511 0
1549002512 0
1549002513 0
1549002514 0
1549002515 0
1549002516 0
1549002517 0
1549002518 0
1549002519 0
1549002520 0
1549002521 0
1549002522 0
1549002523 0
1549002524 0
1549002525 0
1549002526 0
1549002527 0
1549002528 0
1549002529 0
1549002530 0
1549002531 0
1549002532 0
1549002533 0
1549002534 0
1549002535 0
1549002536 0
1549002537 0
1549002538 0
1549002539 0
1549002540 0
1549002541 0
1549002542 0
1549002543 0
1549002544 0
1549002545 0
1549002546 0
1549002547 0
1549002548 0
1549002549 0
1549002550 0
1549002551 0
1549002552 0
1549002553 0
1549002554 0
1549002555 0
1549002556 0
1549002557 0
1549002558 0
1549002559 0
1549002560 0
1549002561 0
1549002562 0
1549002563 0
1549002564 0
1549002565 0
1549002566 0
1549002567 0
1549002568 0
1549002569 0
1549002570 0
1549002571 0
1549002572 0
1549002573 0
1549002574 0
1549002575 0
1549002576 0
1549002577 0
1549002578 0
1549002579 0
1549002580 0
1549002581 0
1549002582 0
1549002583 0
1549002584 0
1549002585 0
1549002586 0
1549002587 0
1549002588 0
1549002589 0
1549002590 0
1549002591 0
1549002592 0
1549002593 0
1549002594 0
1549002595 0
1549002596 0
1549002597 0
1549002598 0
1549002599 0
1549002600 0
1549002601 0
1549002602 0
1549002603 0
1549002604 0
1549002605 0
1549002606 0
1549002607 0
1549002608 0
1549002609 0
1549002610 0
1549002611 0
1549002612 0
1549002613 0
1549002614 0
1549002615 0
1549002616 0
1549002617 0
1549002618 0
1549002619 0
1549002620 0
1549002621 0
1549002622 0
1549002623 0
1549002624 0
1549002625 0
1549002626 0
1549002627 0
1549002628 0
1549002629 0
1549002630 0
1549002631 0
1549002632 0
1549002633 0
1549002634 0
1549002635 0
1549002636 0
1549002637 0
1549002638 0
1549002639 0
1549002640 0
1549002641 0
1549002642 0
1549002643 0
1549002644 0
1549002645 0
1549002646 0
1549002647 0
1549002648 0
1549002649 0
1549002650 0
1549002651 0
1549002652 0
1549002653 0
1549002654 0
1549002655 0
1549002656 0
1549002657 0
1549002658 0
1549002659 0
1549002660 0
1549002661 0
1549002662 0
1549002663 0
1549002664 0
1549002665 0
1549002666 0
1549002667 0
1549002668 0
1549002669 0
1549002670 0
1549002671 0
1549002672 0
1549002673 0
1549002674 0
1549002675 0
1549002676 0
1549002677 0
1549002678 0
1549002679 0
1549002680 0
1549002681 0
1549002682 0
1549002683 0
1549002684 0
1549002685 0
1549002686 0
1549002687 0
1549002688 0
1549002689 0
1549002690 0
1549002691 0
1549002692 0
1549002693 0
1549002694 0
1549002695 0
1549002696 0
1549002697 0
1549002698 0
1549002699 0
1549002700 0
1549002701 0
1549002702 0
1549002703 0
1549002704 0
1549002705 0
1549002706 0
1549002707 0
1549002708 0
1549002709 0
1549002710 0
1549002711 0
1549002712 0
1549002713 0
1549002714 0
1549002715 0
1549002716 0
1549002717 0
1549002718 0
1549002719 0
1549002720 0
1549002721 0
1549002722 0
1549002723 0
1549002724 0
1549002725 0
1549002726 0
1549002727 0
1549002728 0
1549002729 0
1549002730 0
1549002731 0
1549002732 0
1549002733 0
1549002734 0
1549002735 0
1549002736 0
1549002737 0
1549002738 0
1549002739 0
1549002740 0
1549002741 0
1549002742 0
1549002743 0
1549002744 0
1549002745 0
1549002746 0
1549002747 0
1549002748 0
1549002749 0
1549002750 0
1549002751 0
1549002752 0
1549002753 0
1549002754 0
1549002755 0
1549002756 0
1549002757 0
1549002758 0
1549002759 0
1549002760 0
1549002761 0
1549002762 0
1549002763 0
1549002764 0
1549002765 0
1549002766 0
1549002767 0
1549002768 0
1549002769 0
1549002770 0
1549002771 0
1549002772 0
1549002773 0
1549002774 0
1549002775 0
1549002776 0
1549002777 0
1549002778 0
1549002779 0
1549002780 0
1549002781 0
1549002782 0
1549002783 0
1549002784 0
1549002785 0
1549002786 0
1549002787 0
1549002788 0
1549002789 0
1549002790 0
1549002791 0
1549002792 0
1549002793 0
1549002794 0
1549002795 0
1549002796 0
1549002797 0
1549002798 0
1549002799 0
1549002800 0
1549002801 0
1549002802 0
1549002803 0
1549002804 0
1549002805 0
1549002806 0
1549002807 0
1549002808 0
1549002809 0
1549002810 0
1549002811 0
1549002812 0
1549002813 0
1549002814 0
1549002815 0
1549002816 0
1549002817 0
1549002818 0
1549002819 0
1549002820 0
1549002821 0
1549002822 0
1549002823 0
1549002824 0
1549002825 0
1549002826 0
1549002827 0
1549002828 0
1549002829 0
1549002830 0
1549002831 0
1549002832 0
1549002833 0
1549002834 0
1549002835 0
1549002836 0
1549002837 0
1549002838 0
1549002839 0
1549002840 0
1549002841 0
1549002842 0
1549002843 0
1549002844 0
1549002845 0
1549002846 0
1549002847 0
1549002848 0
1549002849 0
1549002850 0
1549002851 0
1549002852 0
1549002853 0
1549002854 0
1549002855 0
1549002856 0
1549002857 0
1549002858 0
1549002859 0
1549002860 0
1549002861 0
1549002862 0
1549002863 0
1549002864 0
1549002865 0
1549002866 0
1549002867 0
1549002868 0
1549002869 0
1549002870 0
1549002871 0
1549002872 0
1549002873 0
1549002874 0
1549002875 0
1549002876 0
1549002877 0
1549002878 0
1549002879 0
1549002880 0
1549002881 0
1549002882 0
1549002883 0
1549002884 0
1549002885 0
1549002886 0
1549002887 0
1549002888 0
1549002889 0
1549002890 0
1549002891 0
1549002892 0
1549002893 0
1549002894 0
1549002895 0
1549002896 0
1549002897 0
1549002898 0
1549002899 0
1549002900 0
1549002901 0
1549002902 0
1549002903 0
1549002904 0
1549002905 0
1549002906 0
1549002907 0
1549002908 0
1549002909 0
1549002910 0
1549002911 0
1549002912 0
1549002913 0
1549002914 0
1549002915 0
1549002916 0
1549002917 0
1549002918 0
1549002919 0
1549002920 0
1549002921 0
1549002922 0
1549002923 0
1549002924 0
1549002925 0
1549002926 0
1549002927 0
1549002928 0
1549002929 0
1549002930 0
1549002931 0
1549002932 0
1549002933 0
1549002934 0
1549002935 0
1549002936 0
1549002937 0
1549002938 0
1549002939 0
1549002940 0
1549002941 0
1549002942 0
1549002943 0
1549002944 0
1549002945 0
1549002946 0
1549002947 0
1549002948 0
1549002949 0
1549002950 0
1549002951 0
1549002952 0
1549002953 0
1549002954 0
1549002955 0
1549002956 0
1549002957 0
1549002958 0
1549002959 0
1549002960 0
1549002961 0
1549002962 0
1549002963 0
1549002964 0
1549002965 0
1549002966 0
1549002967 0
1549002968 0
1549002969 0
1549002970 0
1549002971 0
1549002972 0
1549002973 0
1549002974 0
1549002975 0
1549002976 0
1549002977 0
1549002978 0
1549002979 0
1549002980 0
1549002981 0
1549002982 0
1549002983 0
1549002984 0
1549002985 0
1549002986 0
1549002987 0
1549002988 0
1549002989 0
1549002990 0
1549002991 0
1549002992 0
1549002993 0
1549002994 0
1549002995 0
1549002996 0
1549002997 0
1549002998 0
1549002999 0
1549003000 0
1549003001 0
1549003002 0
1549003003 0
1549003004 0
1549003005 0
1549003006 0
1549003007 0
1549003008 0
1549003009 0
1549003010 0
1549003011 0
1549003012 0
1549003013 0
1549003014 0
1549003015 0
1549003016 0
1549003017 0
1549003018 0
1549003019 0
1549003020 0
1549003021 0
1549003022 0
1549003023 0
1549003024 0
1549003025 0
1549003026 0
1549003027 0
1549003028 0
1549003029 0
1549003030 0
1549003031 0
1549003032 0
1549003033 0
1549003034 0
1549003035 0
1549003036 0
1549003037 0
1549003038 0
1549003039 0
1549003040 0
1549003041 0
1549003042 0
1549003043 0
1549003044 0
1549003045 0
1549003046 0
1549003047 0
1549003048 0
1549003049 0
1549003050 0
1549003051 0
1549003052 0
1549003053 0
1549003054 0
1549003055 0
1549003056 0
1549003057 0
1549003058 0
1549003059 0
1549003060 0
1549003061 0
1549003062 0
1549003063 0
1549003064 0
1549003065 0
1549003066 0
1549003067 0
1549003068 0
1549003069 0
1549003070 0
1549003071 0
1549003072 0
1549003073 0
1549003074 0
1549003075 0
1549003076 0
1549003077 0
1549003078 0
1549003079 0
1549003080 0
1549003081 0
1549003082 0
1549003083 0
1549003084 0
1549003085 0
1549003086 0
1549003087 0
1549003088 0
1549003089 0
1549003090 0
1549003091 0
1549003092 0
1549003093 0
1549003094 0
1549003095 0
1549003096 0
1549003097 0
1549003098 0
1549003099 0
1549003100 0
1549003101 0
1549003102 0
1549003103 0
1549003104 0
1549003105 0
1549003106 0
1549003107 0
1549003108 0
1549003109 0
1549003110 0
1549003111 0
1549003112 0
1549003113 0
1549003114 0
1549003115 0
1549003116 0
1549003117 0
1549003118 0
1549003119 0
1549003120 0
1549003121 0
1549003122 0
1549003123 0
1549003124 0
1549003125 0
1549003126 0
1549003127 0
1549003128 0
1549003129 0
1549003130 0
1549003131 0
1549003132 0
1549003133 0
1549003134 0
1549003135 0
1549003136 0
1549003137 0
1549003138 0
1549003139 0
1549003140 0
1549003141 0
1549003142 0
1549003143 0
1549003144 0
1549003145 0
1549003146 0
1549003147 0
1549003148 0
1549003149 0
1549003150 0
1549003151 0
1549003152 0
1549003153 0
1549003154 0
1549003155 0
1549003156 0
1549003157 0
1549003158 0
1549003159 0
1549003160 0
1549003161 0
1549003162 0
1549003163 0
1549003164 0
1549003165 0
1549003166 0
1549003167 0
1549003168 0
1549003169 0
1549003170 0
1549003171 0
1549003172 0
1549003173 0
1549003174 0
1549003175 0
1549003176 0
1549003177 0
1549003178 0
1549003179 0
1549003180 0
1549003181 0
1549003182 0
1549003183 0
1549003184 0
1549003185 0
1549003186 0
1549003187 0
1549003188 0
1549003189 0
1549003190 0
1549003191 0
1549003192 0
1549003193 0
1549003194 0
1549003195 0
1549003196 0
1549003197 0
1549003198 0
1549003199 0
1549003200 0
1549003201 0
1549003202 0
1549003203 0
1549003204 0
1549003205 0
1549003206 0
1549003207 0
1549003208 0
1549003209 0
1549003210 0
1549003211 0
1549003212 0
1549003213 0
1549003214 0
1549003215 0
1549003216 0
1549003217 0
1549003218 0
1549003219 0
1549003220 0
1549003221 0
1549003222 0
1549003223 0
1549003224 0
1549003225 0
1549003226 0
1549003227 0
1549003228 0
1549003229 0
1549003230 0
1549003231 0
1549003232 0
1549003233 0
1549003234 0
1549003235 0
1549003236 0
1549003237 0
1549003238 0
1549003239 0
1549003240 0
1549003241 0
1549003242 0
1549003243 0
1549003244 0
1549003245 0
1549003246 0
1549003247 0
1549003248 0
1549003249 0
1549003250 0
1549003251 0
1549003252 0
1549003253 0
1549003254 0
1549003255 0
1549003256 0
1549003257 0
1549003258 0
1549003259 0
1549003260 0
1549003261 0
1549003262 0
1549003263 0
1549003264 0
1549003265 0
1549003266 0
1549003267 0
1549003268 0
1549003269 0
1549003270 0
1549003271 0
1549003272 0
1549003273 0
1549003274 0
1549003275 0
1549003276 0
1549003277 0
1549003278 0
1549003279 0
1549003280 0
1549003281 0
1549003282 0
1549003283 0
1549003284 0
1549003285 0
1549003286 0
1549003287 0
1549003288 0
1549003289 0
1549003290 0
1549003291 0
1549003292 0
1549003293 0
1549003294 0
1549003295 0
1549003296 0
1549003297 0
1549003298 0
1549003299 0
1549003300 0
1549003301 0
1549003302 0
1549003303 0
1549003304 0
1549003305 0
1549003306 0
1549003307 0
1549003308 0
1549003309 0
1549003310 0
1549003311 0
1549003312 0
1549003313 0
1549003314 0
1549003315 0
1549003316 0
1549003317 0
1549003318 0
1549003319 0
1549003320 0
1549003321 0
1549003322 0
1549003323 0
1549003324 0
1549003325 0
1549003326 0
1549003327 0
1549003328 0
1549003329 0
1549003330 0
1549003331 0
1549003332 0
1549003333 0
1549003334 0
1549003335 0
1549003336 0
1549003337 0
1549003338 0
1549003339 0
1549003340 0
1549003341 0
1549003342 0
1549003343 0
1549003344 0
1549003345 0
1549003346 0
1549003347 0
1549003348 0
1549003349 0
1549003350 0
1549003351 0
1549003352 0
1549003353 0
1549003354 0
1549003355 0
1549003356 0
1549003357 0
1549003358 0
1549003359 0
1549003360 0
1549003361 0
1549003362 0
1549003363 0
1549003364 0
1549003365 0
1549003366 0
1549003367 0
1549003368 0
1549003369 0
1549003370 0
1549003371 0
1549003372 0
1549003373 0
1549003374 0
1549003375 0
1549003376 0
1549003377 0
1549003378 0
1549003379 0
1549003380 0
1549003381 0
1549003382 0
1549003383 0
1549003384 0
1549003385 0
1549003386 0
1549003387 0
1549003388 0
1549003389 0
1549003390 0
1549003391 0
1549003392 0
1549003393 0
1549003394 0
1549003395 0
1549003396 0
1549003397 0
1549003398 0
1549003399 0
1549003400 0
1549003401 0
1549003402 0
1549003403 0
1549003404 0
1549003405 0
1549003406 0
1549003407 0
1549003408 0
1549003409 0
1549003410 0
1549003411 0
1549003412 0
1549003413 0
1549003414 0
1549003415 0
1549003416 0
1549003417 0
1549003418 0
1549003419 0
1549003420 0
1549003421 0
1549003422 0
1549003423 0
1549003424 0
1549003425 0
1549003426 0
1549003427 0
1549003428 0
1549003429 0
1549003430 0
1549003431 0
1549003432 0
1549003433 0
1549003434 0
1549003435 0
1549003436 0
1549003437 0
1549003438 0
1549003439 0
1549003440 0
1549003441 0
1549003442 0
1549003443 0
1549003444 0
1549003445 0
1549003446 0
1549003447 0
1549003448 0
1549003449 0
1549003450 0
1549003451 0
1549003452 0
1549003453 0
1549003454 0
1549003455 0
1549003456 0
1549003457 0
1549003458 0
1549003459 0
1549003460 0
1549003461 0
1549003462 0
1549003463 0
1549003464 0
1549003465 0
1549003466 0
1549003467 0
1549003468 0
1549003469 0
1549003470 0
1549003471 0
1549003472 0
1549003473 0
1549003474 0
1549003475 0
1549003476 0
1549003477 0
1549003478 0
1549003479 0
1549003480 0
1549003481 0
1549003482 0
1549003483 0
1549003484 0
1549003485 0
1549003486 0
1549003487 0
1549003488 0
1549003489 0
1549003490 0
1549003491 0
1549003492 0
1549003493 0
1549003494 0
1549003495 0
1549003496 0
1549003497 0
1549003498 0
1549003499 0
1549003500 0
1549003501 0
1549003502 0
1549003503 0
1549003504 0
1549003505 0
1549003506 0
1549003507 0
1549003508 0
1549003509 0
1549003510 0
1549003511 0
1549003512 0
1549003513 0
1549003514 0
1549003515 0
1549003516 0
1549003517 0
1549003518 0
1549003519 0
1549003520 0
1549003521 0
1549003522 0
1549003523 0
1549003524 0
1549003525 0
1549003526 0
1549003527 0
1549003528 0
1549003529 0
1549003530 0
1549003531 0
1549003532 0
1549003533 0
1549003534 0
1549003535 0
1549003536 0
1549003537 0
1549003538 0
1549003539 0
1549003540 0
1549003541 0
1549003542 0
1549003543 0
1549003544 0
1549003545 0
1549003546 0
1549003547 0
1549003548 0
1549003549 0
1549003550 0
1549003551 0
1549003552 0
1549003553 0
1549003554 0
1549003555 0
1549003556 0
1549003557 0
1549003558 0
1549003559 0
1549003560 0
1549003561 0
1549003562 0
1549003563 0
1549003564 0
1549003565 0
1549003566 0
1549003567 0
1549003568 0
1549003569 0
1549003570 0
1549003571 0
1549003572 0
1549003573 0
1549003574 0
1549003575 0
1549003576 0
1549003577 0
1549003578 0
1549003579 0
1549003580 0
1549003581 0
1549003582 0
1549003583 0
1549003584 0
1549003585 0
1549003586 0
1549003587 0
1549003588 0
1549003589 0
1549003590 0
1549003591 0
1549003592 0
1549003593 0
1549003594 0
1549003595 0
1549003596 0
1549003597 0
1549003598 0
1549003599 0
1549003600 0
1549003601 0
1549003602 0
1549003603 0
1549003604 0
1549003605 0
1549003606 0
1549003607 0
1549003608 0
1549003609 0
1549003610 0
1549003611 0
1549003612 0
1549003613 0
1549003614 0
1549003615 0
1549003616 0
1549003617 0
1549003618 0
1549003619 0
1549003620 0
1549003621 0
1549003622 0
1549003623 0
1549003624 0
1549003625 0
1549003626 0
1549003627 0
1549003628 0
1549003629 0
1549003630 0
1549003631 0
1549003632 0
1549003633 0
1549003634 0
1549003635 0
1549003636 0
1549003637 0
1549003638 0
1549003639 0
1549003640 0
1549003641 0
1549003642 0
1549003643 0
1549003644 0
1549003645 0
1549003646 0
1549003647 0
1549003648 0
1549003649 0
1549003650 0
1549003651 0
1549003652 0
1549003653 0
1549003654 0
1549003655 0
1549003656 0
1549003657 0
1549003658 0
1549003659 0
1549003660 0
1549003661 0
1549003662 0
1549003663 0
1549003664 0
1549003665 0
1549003666 0
1549003667 0
1549003668 0
1549003669 0
1549003670 0
1549003671 0
1549003672 0
1549003673 0
1549003674 0
1549003675 0
1549003676 0
1549003677 0
1549003678 0
1549003679 0
1549003680 0
1549003681 0
1549003682 0
1549003683 0
1549003684 0
1549003685 0
1549003686 0
1549003687 0
1549003688 0
1549003689 0
1549003690 0
1549003691 0
1549003692 0
1549003693 0
1549003694 0
1549003695 0
1549003696 0
1549003697 0
1549003698 0
1549003699 0
1549003700 0
1549003701 0
1549003702 0
1549003703 0
1549003704 0
1549003705 0
1549003706 0
1549003707 0
1549003708 0
1549003709 0
1549003710 0
1549003711 0
1549003712 0
1549003713 0
1549003714 0
1549003715 0
1549003716 0
1549003717 0
1549003718 0
1549003719 0
1549003720 0
1549003721 0
1549003722 0
1549003723 0
1549003724 0
1549003725 0
1549003726 0
1549003727 0
1549003728 0
1549003729 0
1549003730 0
1549003731 0
1549003732 0
1549003733 0
1549003734 0
1549003735 0
1549003736 0
1549003737 0
1549003738 0
1549003739 0
1549003740 0
1549003741 0
1549003742 0
1549003743 0
1549003744 0
1549003745 0
1549003746 0
1549003747 0
1549003748 0
1549003749 0
1549003750 0
1549003751 0
1549003752 0
1549003753 0
1549003754 0
1549003755 0
1549003756 0
1549003757 0
1549003758 0
1549003759 0
1549003760 0
1549003761 0
1549003762 0
1549003763 0
1549003764 0
1549003765 0
1549003766 0
1549003767 0
1549003768 0
1549003769 0
1549003770 0
1549003771 0
1549003772 0
1549003773 0
1549003774 0
1549003775 0
1549003776 0
1549003777 0
1549003778 0
1549003779 0
1549003780 0
1549003781 0
1549003782 0
1549003783 0
1549003784 0
1549003785 0
1549003786 0
1549003787 0
1549003788 0
1549003789 0
1549003790 0
1549003791 0
1549003792 0
1549003793 0
1549003794 0
1549003795 0
1549003796 0
1549003797 0
1549003798 0
1549003799 0
1549003800 0
1549003801 0
1549003802 0
1549003803 0
1549003804 0
1549003805 0
1549003806 0
1549003807 0
1549003808 0
1549003809 0
1549003810 0
1549003811 0
1549003812 0
1549003813 0
1549003814 0
1549003815 0
1549003816 0
1549003817 0
1549003818 0
1549003819 0
1549003820 0
1549003821 0
1549003822 0
1549003823 0
1549003824 0
1549003825 0
1549003826 0
1549003827 0
1549003828 0
1549003829 0
1549003830 0
1549003831 0
1549003832 0
1549003833 0
1549003834 0
1549003835 0
1549003836 0
1549003837 0
1549003838 0
1549003839 0
1549003840 0
1549003841 0
1549003842 0
1549003843 0
1549003844 0
1549003845 0
1549003846 0
1549003847 0
1549003848 0
1549003849 0
1549003850 0
1549003851 0
1549003852 0
1549003853 0
1549003854 0
1549003855 0
1549003856 0
1549003857 0
1549003858 0
1549003859 0
1549003860 0
1549003861 0
1549003862 0
1549003863 0
1549003864 0
1549003865 0
1549003866 0
1549003867 0
1549003868 0
1549003869 0
1549003870 0
1549003871 0
1549003872 0
1549003873 0
1549003874 0
1549003875 0
1549003876 0
1549003877 0
1549003878 0
1549003879 0
1549003880 0
1549003881 0
1549003882 0
1549003883 0
1549003884 0
1549003885 0
1549003886 0
1549003887 0
1549003888 0
1549003889 0
1549003890 0
1549003891 0
1549003892 0
1549003893 0
1549003894 0
1549003895 0
1549003896 0
1549003897 0
1549003898 0
1549003899 0
1549003900 0
1549003901 0
1549003902 0
1549003903 0
1549003904 0
1549003905 0
1549003906 0
1549003907 0
1549003908 0
1549003909 0
1549003910 0
1549003911 0
1549003912 0
1549003913 0
1549003914 0
1549003915 0
1549003916 0
1549003917 0
1549003918 0
1549003919 0
1549003920 0
1549003921 0
1549003922 0
1549003923 0
1549003924 0
1549003925 0
1549003926 0
1549003927 0
1549003928 0
1549003929 0
1549003930 0
1549003931 0
1549003932 0
1549003933 0
1549003934 0
1549003935 0
1549003936 0
1549003937 0
1549003938 0
1549003939 0
1549003940 0
1549003941 0
1549003942 0
1549003943 0
1549003944 0
1549003945 0
1549003946 0
1549003947 0
1549003948 0
1549003949 0
1549003950 0
1549003951 0
1549003952 0
1549003953 0
1549003954 0
1549003955 0
1549003956 0
1549003957 0
1549003958 0
1549003959 0
1549003960 0
1549003961 0
1549003962 0
1549003963 0
1549003964 0
1549003965 0
1549003966 0
1549003967 0
1549003968 0
1549003969 0
1549003970 0
1549003971 0
1549003972 0
1549003973 0
1549003974 0
1549003975 0
1549003976 0
1549003977 0
1549003978 0
1549003979 0
1549003980 0
1549003981 0
1549003982 0
1549003983 0
1549003984 0
1549003985 0
1549003986 0
1549003987 0
1549003988 0
1549003989 0
1549003990 0
1549003991 0
1549003992 0
1549003993 0
1549003994 0
1549003995 0
1549003996 0
1549003997 0
1549003998 0
1549003999 0
1549004000 0
1549004001 0
1549004002 0
1549004003 0
1549004004 0
1549004005 0
1549004006 0
1549004007 0
1549004008 0
1549004009 0
1549004010 0
1549004011 0
1549004012 0
1549004013 0
1549004014 0
1549004015 0
1549004016 0
1549004017 0
1549004018 0
1549004019 0
1549004020 0
1549004021 0
1549004022 0
1549004023 0
1549004024 0
1549004025 0
1549004026 0
1549004027 0
1549004028 0
1549004029 0
1549004030 0
1549004031 0
1549004032 0
1549004033 0
1549004034 0
1549004035 0
1549004036 0
1549004037 0
1549004038 0
1549004039 0
1549004040 0
1549004041 0
1549004042 0
1549004043 0
1549004044 0
1549004045 0
1549004046 0
1549004047 0
1549004048 0
1549004049 0
1549004050 0
1549004051 0
1549004052 0
1549004053 0
1549004054 0
1549004055 0
1549004056 0
1549004057 0
1549004058 0
1549004059 0
1549004060 0
1549004061 0
1549004062 0
1549004063 0
1549004064 0
1549004065 0
1549004066 0
1549004067 0
1549004068 0
1549004069 0
1549004070 0
1549004071 0
1549004072 0
1549004073 0
1549004074 0
1549004075 0
1549004076 0
1549004077 0
1549004078 0
1549004079 0
1549004080 0
1549004081 0
1549004082 0
1549004083 0
1549004084 0
1549004085 0
1549004086 0
1549004087 0
1549004088 0
1549004089 0
1549004090 0
1549004091 0
1549004092 0
1549004093 0
1549004094 0
1549004095 0
1549004096 0
1549004097 0
1549004098 0
1549004099 0
1549004100 0
1549004101 0
1549004102 0
1549004103 0
1549004104 0
1549004105 0
1549004106 0
1549004107 0
1549004108 0
1549004109 0
1549004110 0
1549004111 0
1549004112 0
1549004113 0
1549004114 0
1549004115 0
1549004116 0
1549004117 0
1549004118 0
1549004119 0
1549004120 0
1549004121 0
1549004122 0
1549004123 0
1549004124 0
1549004125 0
1549004126 0
1549004127 0
1549004128 0
1549004129 0
1549004130 0
1549004131 0
1549004132 0
1549004133 0
1549004134 0
1549004135 0
1549004136 0
1549004137 0
1549004138 0
1549004139 0
1549004140 0
1549004141 0
1549004142 0
1549004143 0
1549004144 0
1549004145 0
1549004146 0
1549004147 0
1549004148 0
1549004149 0
1549004150 0
1549004151 0
1549004152 0
1549004153 0
1549004154 0
1549004155 0
1549004156 0
1549004157 0
1549004158 0
1549004159 0
1549004160 0
1549004161 0
1549004162 0
1549004163 0
1549004164 0
1549004165 0
1549004166 0
1549004167 0
1549004168 0
1549004169 0
1549004170 0
1549004171 0
1549004172 0
1549004173 0
1549004174 0
1549004175 0
1549004176 0
1549004177 0
1549004178 0
1549004179 0
1549004180 0
1549004181 0
1549004182 0
1549004183 0
1549004184 0
1549004185 0
1549004186 0
1549004187 0
1549004188 0
1549004189 0
1549004190 0
1549004191 0
1549004192 0
1549004193 0
1549004194 0
1549004195 0
1549004196 0
1549004197 0
1549004198 0
1549004199 0
1549004200 0
1549004201 0
1549004202 0
1549004203 0
1549004204 0
1549004205 0
1549004206 0
1549004207 0
1549004208 0
1549004209 0
1549004210 0
1549004211 0
1549004212 0
1549004213 0
1549004214 0
1549004215 0
1549004216 0
1549004217 0
1549004218 0
1549004219 0
1549004220 0
1549004221 0
1549004222 0
1549004223 0
1549004224 0
1549004225 0
1549004226 0
1549004227 0
1549004228 0
1549004229 0
1549004230 0
1549004231 0
1549004232 0
1549004233 0
1549004234 0
1549004235 0
1549004236 0
1549004237 0
1549004238 0
1549004239 0
1549004240 0
1549004241 0
1549004242 0
1549004243 0
1549004244 0
1549004245 0
1549004246 0
1549004247 0
1549004248 0
1549004249 0
1549004250 0
1549004251 0
1549004252 0
1549004253 0
1549004254 0
1549004255 0
1549004256 0
1549004257 0
1549004258 0
1549004259 0
1549004260 0
1549004261 0
1549004262 0
1549004263 0
1549004264 0
1549004265 0
1549004266 0
1549004267 0
1549004268 0
1549004269 0
1549004270 0
1549004271 0
1549004272 0
1549004273 0
1549004274 0
1549004275 0
1549004276 0
1549004277 0
1549004278 0
1549004279 0
1549004280 0
1549004281 0
1549004282 0
1549004283 0
1549004284 0
1549004285 0
1549004286 0
1549004287 0
1549004288 0
1549004289 0
1549004290 0
1549004291 0
1549004292 0
1549004293 0
1549004294 0
1549004295 0
1549004296 0
1549004297 0
1549004298 0
1549004299 0
1549004300 0
1549004301 0
1549004302 0
1549004303 0
1549004304 0
1549004305 0
1549004306 0
1549004307 0
1549004308 0
1549004309 0
1549004310 0
1549004311 0
1549004312 0
1549004313 0
1549004314 0
1549004315 0
1549004316 0
1549004317 0
1549004318 0
1549004319 0
1549004320 0
1549004321 0
1549004322 0
1549004323 0
1549004324 0
1549004325 0
1549004326 0
1549004327 0
1549004328 0
1549004329 0
1549004330 0
1549004331 0
1549004332 0
1549004333 0
1549004334 0
1549004335 0
1549004336 0
1549004337 0
1549004338 0
1549004339 0
1549004340 0
1549004341 0
1549004342 0
1549004343 0
1549004344 0
1549004345 0
1549004346 0
1549004347 0
1549004348 0
1549004349 0
1549004350 0
1549004351 0
1549004352 0
1549004353 0
1549004354 0
1549004355 0
1549004356 0
1549004357 0
1549004358 0
1549004359 0
1549004360 0
1549004361 0
1549004362 0
1549004363 0
1549004364 0
1549004365 0
1549004366 0
1549004367 0
1549004368 0
1549004369 0
1549004370 0
1549004371 0
1549004372 0
1549004373 0
1549004374 0
1549004375 0
1549004376 0
1549004377 0
1549004378 0
1549004379 0
1549004380 0
1549004381 0
1549004382 0
1549004383 0
1549004384 0
1549004385 0
1549004386 0
1549004387 0
1549004388 0
1549004389 0
1549004390 0
1549004391 0
1549004392 0
1549004393 0
1549004394 0
1549004395 0
1549004396 0
1549004397 0
1549004398 0
1549004399 0
1549004400 0
1549004401 0
1549004402 0
1549004403 0
1549004404 0
1549004405 0
1549004406 0
1549004407 0
1549004408 0
1549004409 0
1549004410 0
1549004411 0
1549004412 0
1549004413 0
1549004414 0
1549004415 0
1549004416 0
1549004417 0
1549004418 0
1549004419 0
1549004420 0
1549004421 0
1549004422 0
1549004423 0
1549004424 0
1549004425 0
1549004426 0
1549004427 0
1549004428 0
1549004429 0
1549004430 0
1549004431 0
1549004432 0
1549004433 0
1549004434 0
1549004435 0
1549004436 0
1549004437 0
1549004438 0
1549004439 0
1549004440 0
1549004441 0
1549004442 0
1549004443 0
1549004444 0
1549004445 0
1549004446 0
1549004447 0
1549004448 0
1549004449 0
1549004450 0
1549004451 0
1549004452 0
1549004453 0
1549004454 0
1549004455 0
1549004456 0
1549004457 0
1549004458 0
1549004459 0
1549004460 0
1549004461 0
1549004462 0
1549004463 0
1549004464 0
1549004465 0
1549004466 0
1549004467 0
1549004468 0
1549004469 0
1549004470 0
1549004471 0
1549004472 0
1549004473 0
1549004474 0
1549004475 0
1549004476 0
1549004477 0
1549004478 0
1549004479 0
1549004480 0
1549004481 0
1549004482 0
1549004483 0
1549004484 0
1549004485 0
1549004486 0
1549004487 0
1549004488 0
1549004489 0
1549004490 0
1549004491 0
1549004492 0
1549004493 0
1549004494 0
1549004495 0
1549004496 0
1549004497 0
1549004498 0
1549004499 0
1549004500 0
1549004501 0
1549004502 0
1549004503 0
1549004504 0
1549004505 0
1549004506 0
1549004507 0
1549004508 0
1549004509 0
1549004510 0
1549004511 0
1549004512 0
1549004513 0
1549004514 0
1549004515 0
1549004516 0
1549004517 0
1549004518 0
1549004519 0
1549004520 0
1549004521 0
1549004522 0
1549004523 0
1549004524 0
1549004525 0
1549004526 0
1549004527 0
1549004528 0
1549004529 0
1549004530 0
1549004531 0
1549004532 0
1549004533 0
1549004534 0
1549004535 0
1549004536 0
1549004537 0
1549004538 0
1549004539 0
1549004540 0
1549004541 0
1549004542 0
1549004543 0
1549004544 0
1549004545 0
1549004546 0
1549004547 0
1549004548 0
1549004549 0
1549004550 0
1549004551 0
1549004552 0
1549004553 0
1549004554 0
1549004555 0
1549004556 0
1549004557 0
1549004558 0
1549004559 0
1549004560 0
1549004561 0
1549004562 0
1549004563 0
1549004564 0
1549004565 0
1549004566 0
1549004567 0
1549004568 0
1549004569 0
1549004570 0
1549004571 0
1549004572 0
1549004573 0
1549004574 0
1549004575 0
1549004576 0
1549004577 0
1549004578 0
1549004579 0
1549004580 0
1549004581 0
1549004582 0
1549004583 0
1549004584 0
1549004585 0
1549004586 0
1549004587 0
1549004588 0
1549004589 0
1549004590 0
1549004591 0
1549004592 0
1549004593 0
1549004594 0
1549004595 0
1549004596 0
1549004597 0
1549004598 0
1549004599 0
1549004600 0
1549004601 0
1549004602 0
1549004603 0
1549004604 0
1549004605 0
1549004606 0
1549004607 0
1549004608 0
1549004609 0
1549004610 0
1549004611 0
1549004612 0
1549004613 0
1549004614 0
1549004615 0
1549004616 0
1549004617 0
1549004618 0
1549004619 0
1549004620 0
1549004621 0
1549004622 0
1549004623 0
1549004624 0
1549004625 0
1549004626 0
1549004627 0
1549004628 0
1549004629 0
1549004630 0
1549004631 0
1549004632 0
1549004633 0
1549004634 0
1549004635 0
1549004636 0
1549004637 0
1549004638 0
1549004639 0
1549004640 0
1549004641 0
1549004642 0
1549004643 0
1549004644 0
1549004645 0
1549004646 0
1549004647 0
1549004648 0
1549004649 0
1549004650 0
1549004651 0
1549004652 0
1549004653 0
1549004654 0
1549004655 0
1549004656 0
1549004657 0
1549004658 0
1549004659 0
1549004660 0
1549004661 0
1549004662 0
1549004663 0
1549004664 0
1549004665 0
1549004666 0
1549004667 0
1549004668 0
1549004669 0
1549004670 0
1549004671 0
1549004672 0
1549004673 0
1549004674 0
1549004675 0
1549004676 0
1549004677 0
1549004678 0
1549004679 0
1549004680 0
1549004681 0
1549004682 0
1549004683 0
1549004684 0
1549004685 0
1549004686 0
1549004687 0
1549004688 0
1549004689 0
1549004690 0
1549004691 0
1549004692 0
1549004693 0
1549004694 0
1549004695 0
1549004696 0
1549004697 0
1549004698 0
1549004699 0
1549004700 0
1549004701 0
1549004702 0
1549004703 0
1549004704 0
1549004705 0
1549004706 0
1549004707 0
1549004708 0
1549004709 0
1549004710 0
1549004711 0
1549004712 0
1549004713 0
1549004714 0
1549004715 0
1549004716 0
1549004717 0
1549004718 0
1549004719 0
1549004720 0
1549004721 0
1549004722 0
1549004723 0
1549004724 0
1549004725 0
1549004726 0
1549004727 0
1549004728 0
1549004729 0
1549004730 0
1549004731 0
1549004732 0
1549004733 0
1549004734 0
1549004735 0
1549004736 0
1549004737 0
1549004738 0
1549004739 0
1549004740 0
1549004741 0
1549004742 0
1549004743 0
1549004744 0
1549004745 0
1549004746 0
1549004747 0
1549004748 0
1549004749 0
1549004750 0
1549004751 0
1549004752 0
1549004753 0
1549004754 0
1549004755 0
1549004756 0
1549004757 0
1549004758 0
1549004759 0
1549004760 0
1549004761 0
1549004762 0
1549004763 0
1549004764 0
1549004765 0
1549004766 0
1549004767 0
1549004768 0
1549004769 0
1549004770 0
1549004771 0
1549004772 0
1549004773 0
1549004774 0
1549004775 0
1549004776 0
1549004777 0
1549004778 0
1549004779 0
1549004780 0
1549004781 0
1549004782 0
1549004783 0
1549004784 0
1549004785 0
1549004786 0
1549004787 0
1549004788 0
1549004789 0
1549004790 0
1549004791 0
1549004792 0
1549004793 0
1549004794 0
1549004795 0
1549004796 0
1549004797 0
1549004798 0
1549004799 0
1549004800 0
1549004801 0
1549004802 0
1549004803 0
1549004804 0
1549004805 0
1549004806 0
1549004807 0
1549004808 0
1549004809 0
1549004810 0
1549004811 0
1549004812 0
1549004813 0
1549004814 0
1549004815 0
1549004816 0
1549004817 0
1549004818 0
1549004819 0
1549004820 0
1549004821 0
1549004822 0
1549004823 0
1549004824 0
1549004825 0
1549004826 0
1549004827 0
1549004828 0
1549004829 0
1549004830 0
1549004831 0
1549004832 0
1549004833 0
1549004834 0
1549004835 0
1549004836 0
1549004837 0
1549004838 0
1549004839 0
1549004840 0
1549004841 0
1549004842 0
1549004843 0
1549004844 0
1549004845 0
1549004846 0
1549004847 0
1549004848 0
1549004849 0
1549004850 0
1549004851 0
1549004852 0
1549004853 0
1549004854 0
1549004855 0
1549004856 0
1549004857 0
1549004858 0
1549004859 0
1549004860 0
1549004861 0
1549004862 0
1549004863 0
1549004864 0
1549004865 0
1549004866 0
1549004867 0
1549004868 0
1549004869 0
1549004870 0
1549004871 0
1549004872 0
1549004873 0
1549004874 0
1549004875 0
1549004876 0
1549004877 0
1549004878 0
1549004879 0
1549004880 0
1549004881 0
1549004882 0
1549004883 0
1549004884 0
1549004885 0
1549004886 0
1549004887 0
1549004888 0
1549004889 0
1549004890 0
1549004891 0
1549004892 0
1549004893 0
1549004894 0
1549004895 0
1549004896 0
1549004897 0
1549004898 0
1549004899 0
1549004900 0
1549004901 0
1549004902 0
1549004903 0
1549004904 0
1549004905 0
1549004906 0
1549004907 0
1549004908 0
1549004909 0
1549004910 0
1549004911 0
1549004912 0
1549004913 0
1549004914 0
1549004915 0
1549004916 0
1549004917 0
1549004918 0
1549004919 0
1549004920 0
1549004921 0
1549004922 0
1549004923 0
1549004924 0
1549004925 0
1549004926 0
1549004927 0
1549004928 0
1549004929 0
1549004930 0
1549004931 0
1549004932 0
1549004933 0
1549004934 0
1549004935 0
1549004936 0
1549004937 0
1549004938 0
1549004939 0
1549004940 0
1549004941 0
1549004942 0
1549004943 0
1549004944 0
1549004945 0
1549004946 0
1549004947 0
1549004948 0
1549004949 0
1549004950 0
1549004951 0
1549004952 0
1549004953 0
1549004954 0
1549004955 0
1549004956 0
1549004957 0
1549004958 0
1549004959 0
1549004960 0
1549004961 0
1549004962 0
1549004963 0
1549004964 0
1549004965 0
1549004966 0
1549004967 0
1549004968 0
1549004969 0
1549004970 0
1549004971 0
1549004972 0
1549004973 0
1549004974 0
1549004975 0
1549004976 0
1549004977 0
1549004978 0
1549004979 0
1549004980 0
1549004981 0
1549004982 0
1549004983 0
1549004984 0
1549004985 0
1549004986 0
1549004987 0
1549004988 0
1549004989 0
1549004990 0
1549004991 0
1549004992 0
1549004993 0
1549004994 0
1549004995 0
1549004996 0
1549004997 0
1549004998 0
1549004999 0
1549005000 0
1549005001 0
1549005002 0
1549005003 0
1549005004 0
1549005005 0
1549005006 0
1549005007 0
1549005008 0
1549005009 0
1549005010 0
1549005011 0
1549005012 0
1549005013 0
1549005014 0
1549005015 0
1549005016 0
1549005017 0
1549005018 0
1549005019 0
1549005020 0
1549005021 0
1549005022 0
1549005023 0
1549005024 0
1549005025 0
1549005026 0
1549005027 0
1549005028 0
1549005029 0
1549005030 0
1549005031 0
1549005032 0
1549005033 0
1549005034 0
1549005035 0
1549005036 0
1549005037 0
1549005038 0
1549005039 0
1549005040 0
1549005041 0
1549005042 0
1549005043 0
1549005044 0
1549005045 0
1549005046 0
1549005047 0
1549005048 0
1549005049 0
1549005050 0
1549005051 0
1549005052 0
1549005053 0
1549005054 0
1549005055 0
1549005056 0
1549005057 0
1549005058 0
1549005059 0
1549005060 0
1549005061 0
1549005062 0
1549005063 0
1549005064 0
1549005065 0
1549005066 0
1549005067 0
1549005068 0
1549005069 0
1549005070 0
1549005071 0
1549005072 0
1549005073 0
1549005074 0
1549005075 0
1549005076 0
1549005077 0
1549005078 0
1549005079 0
1549005080 0
1549005081 0
1549005082 0
1549005083 0
1549005084 0
1549005085 0
1549005086 0
1549005087 0
1549005088 0
1549005089 0
1549005090 0
1549005091 0
1549005092 0
1549005093 0
1549005094 0
1549005095 0
1549005096 0
1549005097 0
1549005098 0
1549005099 0
1549005100 0
1549005101 0
1549005102 0
1549005103 0
1549005104 0
1549005105 0
1549005106 0
1549005107 0
1549005108 0
1549005109 0
1549005110 0
1549005111 0
1549005112 0
1549005113 0
1549005114 0
1549005115 0
1549005116 0
1549005117 0
1549005118 0
1549005119 0
1549005120 0
1549005121 0
1549005122 0
1549005123 0
1549005124 0
1549005125 0
1549005126 0
1549005127 0
1549005128 0
1549005129 0
1549005130 0
1549005131 0
1549005132 0
1549005133 0
1549005134 0
1549005135 0
1549005136 0
1549005137 0
1549005138 0
1549005139 0
1549005140 0
1549005141 0
1549005142 0
1549005143 0
1549005144 0
1549005145 0
1549005146 0
1549005147 0
1549005148 0
1549005149 0
1549005150 0
1549005151 0
1549005152 0
1549005153 0
1549005154 0
1549005155 0
1549005156 0
1549005157 0
1549005158 0
1549005159 0
1549005160 0
1549005161 0
1549005162 0
1549005163 0
1549005164 0
1549005165 0
1549005166 0
1549005167 0
1549005168 0
1549005169 0
1549005170 0
1549005171 0
1549005172 0
1549005173 0
1549005174 0
1549005175 0
1549005176 0
1549005177 0
1549005178 0
1549005179 0
1549005180 0
1549005181 0
1549005182 0
1549005183 0
1549005184 0
1549005185 0
1549005186 0
1549005187 0
1549005188 0
1549005189 0
1549005190 0
1549005191 0
1549005192 0
1549005193 0
1549005194 0
1549005195 0
1549005196 0
1549005197 0
1549005198 0
1549005199 0
1549005200 0
1549005201 0
1549005202 0
1549005203 0
1549005204 0
1549005205 0
1549005206 0
1549005207 0
1549005208 0
1549005209 0
1549005210 0
1549005211 0
1549005212 0
1549005213 0
1549005214 0
1549005215 0
1549005216 0
1549005217 0
1549005218 0
1549005219 0
1549005220 0
1549005221 0
1549005222 0
1549005223 0
1549005224 0
1549005225 0
1549005226 0
1549005227 0
1549005228 0
1549005229 0
1549005230 0
1549005231 0
1549005232 0
1549005233 0
1549005234 0
1549005235 0
1549005236 0
1549005237 0
1549005238 0
1549005239 0
1549005240 0
1549005241 0
1549005242 0
1549005243 0
1549005244 0
1549005245 0
1549005246 0
1549005247 0
1549005248 0
1549005249 0
1549005250 0
1549005251 0
1549005252 0
1549005253 0
1549005254 0
1549005255 0
1549005256 0
1549005257 0
1549005258 0
1549005259 0
1549005260 0
1549005261 0
1549005262 0
1549005263 0
1549005264 0
1549005265 0
1549005266 0
1549005267 0
1549005268 0
1549005269 0
1549005270 0
1549005271 0
1549005272 0
1549005273 0
1549005274 0
1549005275 0
1549005276 0
1549005277 0
1549005278 0
1549005279 0
1549005280 0
1549005281 0
1549005282 0
1549005283 0
1549005284 0
1549005285 0
1549005286 0
1549005287 0
1549005288 0
1549005289 0
1549005290 0
1549005291 0
1549005292 0
1549005293 0
1549005294 0
1549005295 0
1549005296 0
1549005297 0
1549005298 0
1549005299 0
1549005300 0
1549005301 0
1549005302 0
1549005303 0
1549005304 0
1549005305 0
1549005306 0
1549005307 0
1549005308 0
1549005309 0
1549005310 0
1549005311 0
1549005312 0
1549005313 0
1549005314 0
1549005315 0
1549005316 0
1549005317 0
1549005318 0
1549005319 0
1549005320 0
1549005321 0
1549005322 0
1549005323 0
1549005324 0
1549005325 0
1549005326 0
1549005327 0
1549005328 0
1549005329 0
1549005330 0
1549005331 0
1549005332 0
1549005333 0
1549005334 0
1549005335 0
1549005336 0
1549005337 0
1549005338 0
1549005339 0
1549005340 0
1549005341 0
1549005342 0
1549005343 0
1549005344 0
1549005345 0
1549005346 0
1549005347 0
1549005348 0
1549005349 0
1549005350 0
1549005351 0
1549005352 0
1549005353 0
1549005354 0
1549005355 0
1549005356 0
1549005357 0
1549005358 0
1549005359 0
1549005360 0
1549005361 0
1549005362 0
1549005363 0
1549005364 0
1549005365 0
1549005366 0
1549005367 0
1549005368 0
1549005369 0
1549005370 0
1549005371 0
1549005372 0
1549005373 0
1549005374 0
1549005375 0
1549005376 0
1549005377 0
1549005378 0
1549005379 0
1549005380 0
1549005381 0
1549005382 0
1549005383 0
1549005384 0
1549005385 0
1549005386 0
1549005387 0
1549005388 0
1549005389 0
1549005390 0
1549005391 0
1549005392 0
1549005393 0
1549005394 0
1549005395 0
1549005396 0
1549005397 0
1549005398 0
1549005399 0
1549005400 0
1549005401 0
1549005402 0
1549005403 0
1549005404 0
1549005405 0
1549005406 0
1549005407 0
1549005408 0
1549005409 0
1549005410 0
1549005411 0
1549005412 0
1549005413 0
1549005414 0
1549005415 0
1549005416 0
1549005417 0
1549005418 0
1549005419 0
1549005420 0
1549005421 0
1549005422 0
1549005423 0
1549005424 0
1549005425 0
1549005426 0
1549005427 0
1549005428 0
1549005429 0
1549005430 0
1549005431 0
1549005432 0
1549005433 0
1549005434 0
1549005435 0
1549005436 0
1549005437 0
1549005438 0
1549005439 0
1549005440 0
1549005441 0
1549005442 0
1549005443 0
1549005444 0
1549005445 0
1549005446 0
1549005447 0
1549005448 0
1549005449 0
1549005450 0
1549005451 0
1549005452 0
1549005453 0
1549005454 0
1549005455 0
1549005456 0
1549005457 0
1549005458 0
1549005459 0
1549005460 0
1549005461 0
1549005462 0
1549005463 0
1549005464 0
1549005465 0
1549005466 0
1549005467 0
1549005468 0
1549005469 0
1549005470 0
1549005471 0
1549005472 0
1549005473 0
1549005474 0
1549005475 0
1549005476 0
1549005477 0
1549005478 0
1549005479 0
1549005480 0
1549005481 0
1549005482 0
1549005483 0
1549005484 0
1549005485 0
1549005486 0
1549005487 0
1549005488 0
1549005489 0
1549005490 0
1549005491 0
1549005492 0
1549005493 0
1549005494 0
1549005495 0
1549005496 0
1549005497 0
1549005498 0
1549005499 0
1549005500 0
1549005501 0
1549005502 0
1549005503 0
1549005504 0
1549005505 0
1549005506 0
1549005507 0
1549005508 0
1549005509 0
1549005510 0
1549005511 0
1549005512 0
1549005513 0
1549005514 0
1549005515 0
1549005516 0
1549005517 0
1549005518 0
1549005519 0
1549005520 0
1549005521 0
1549005522 0
1549005523 0
1549005524 0
1549005525 0
1549005526 0
1549005527 0
1549005528 0
1549005529 0
1549005530 0
1549005531 0
1549005532 0
1549005533 0
1549005534 0
1549005535 0
1549005536 0
1549005537 0
1549005538 0
1549005539 0
1549005540 0
1549005541 0
1549005542 0
1549005543 0
1549005544 0
1549005545 0
1549005546 0
1549005547 0
1549005548 0
1549005549 0
1549005550 0
1549005551 0
1549005552 0
1549005553 0
1549005554 0
1549005555 0
1549005556 0
1549005557 0
1549005558 0
1549005559 0
1549005560 0
1549005561 0
1549005562 0
1549005563 0
1549005564 0
1549005565 0
1549005566 0
1549005567 0
1549005568 0
1549005569 0
1549005570 0
1549005571 0
1549005572 0
1549005573 0
1549005574 0
1549005575 0
1549005576 0
1549005577 0
1549005578 0
1549005579 0
1549005580 0
1549005581 0
1549005582 0
1549005583 0
1549005584 0
1549005585 0
1549005586 0
1549005587 0
1549005588 0
1549005589 0
1549005590 0
1549005591 0
1549005592 0
1549005593 0
1549005594 0
1549005595 0
1549005596 0
1549005597 0
1549005598 0
1549005599 0
1549005600 0
1549005601 0
1549005602 0
1549005603 0
1549005604 0
1549005605 0
1549005606 0
1549005607 0
1549005608 0
1549005609 0
1549005610 0
1549005611 0
1549005612 0
1549005613 0
1549005614 0
1549005615 0
1549005616 0
1549005617 0
1549005618 0
1549005619 0
1549005620 0
1549005621 0
1549005622 0
1549005623 0
1549005624 0
1549005625 0
1549005626 0
1549005627 0
1549005628 0
1549005629 0
1549005630 0
1549005631 0
1549005632 0
1549005633 0
1549005634 0
1549005635 0
1549005636 0
1549005637 0
1549005638 0
1549005639 0
1549005640 0
1549005641 0
1549005642 0
1549005643 0
1549005644 0
1549005645 0
1549005646 0
1549005647 0
1549005648 0
1549005649 0
1549005650 0
1549005651 0
1549005652 0
1549005653 0
1549005654 0
1549005655 0
1549005656 0
1549005657 0
1549005658 0
1549005659 0
1549005660 0
1549005661 0
1549005662 0
1549005663 0
1549005664 0
1549005665 0
1549005666 0
1549005667 0
1549005668 0
1549005669 0
1549005670 0
1549005671 0
1549005672 0
1549005673 0
1549005674 0
1549005675 0
1549005676 0
1549005677 0
1549005678 0
1549005679 0
1549005680 0
1549005681 0
1549005682 0
1549005683 0
1549005684 0
1549005685 0
1549005686 0
1549005687 0
1549005688 0
1549005689 0
1549005690 0
1549005691 0
1549005692 0
1549005693 0
1549005694 0
1549005695 0
1549005696 0
1549005697 0
1549005698 0
1549005699 0
1549005700 0
1549005701 0
1549005702 0
1549005703 0
1549005704 0
1549005705 0
1549005706 0
1549005707 0
1549005708 0
1549005709 0
1549005710 0
1549005711 0
1549005712 0
1549005713 0
1549005714 0
1549005715 0
1549005716 0
1549005717 0
1549005718 0
1549005719 0
1549005720 0
1549005721 0
1549005722 0
1549005723 0
1549005724 0
1549005725 0
1549005726 0
1549005727 0
1549005728 0
1549005729 0
1549005730 0
1549005731 0
1549005732 0
1549005733 0
1549005734 0
1549005735 0
1549005736 0
1549005737 0
1549005738 0
1549005739 0
1549005740 0
1549005741 0
1549005742 0
1549005743 0
1549005744 0
1549005745 0
1549005746 0
1549005747 0
1549005748 0
1549005749 0
1549005750 0
1549005751 0
1549005752 0
1549005753 0
1549005754 0
1549005755 0
1549005756 0
1549005757 0
1549005758 0
1549005759 0
1549005760 0
1549005761 0
1549005762 0
1549005763 0
1549005764 0
1549005765 0
1549005766 0
1549005767 0
1549005768 0
1549005769 0
1549005770 0
1549005771 0
1549005772 0
1549005773 0
1549005774 0
1549005775 0
1549005776 0
1549005777 0
1549005778 0
1549005779 0
1549005780 0
1549005781 0
1549005782 0
1549005783 0
1549005784 0
1549005785 0
1549005786 0
1549005787 0
1549005788 0
1549005789 0
1549005790 0
1549005791 0
1549005792 0
1549005793 0
1549005794 0
1549005795 0
1549005796 0
1549005797 0
1549005798 0
1549005799 0
1549005800 0
1549005801 0
1549005802 0
1549005803 0
1549005804 0
1549005805 0
1549005806 0
1549005807 0
1549005808 0
1549005809 0
1549005810 0
1549005811 0
1549005812 0
1549005813 0
1549005814 0
1549005815 0
1549005816 0
1549005817 0
1549005818 0
1549005819 0
1549005820 0
1549005821 0
1549005822 0
1549005823 0
1549005824 0
1549005825 0
1549005826 0
1549005827 0
1549005828 0
1549005829 0
1549005830 0
1549005831 0
1549005832 0
1549005833 0
1549005834 0
1549005835 0
1549005836 0
1549005837 0
1549005838 0
1549005839 0
1549005840 0
1549005841 0
1549005842 0
1549005843 0
1549005844 0
1549005845 0
1549005846 0
1549005847 0
1549005848 0
1549005849 0
1549005850 0
1549005851 0
1549005852 0
1549005853 0
1549005854 0
1549005855 0
1549005856 0
1549005857 0
1549005858 0
1549005859 0
1549005860 0
1549005861 0
1549005862 0
1549005863 0
1549005864 0
1549005865 0
1549005866 0
1549005867 0
1549005868 0
1549005869 0
1549005870 0
1549005871 0
1549005872 0
1549005873 0
1549005874 0
1549005875 0
1549005876 0
1549005877 0
1549005878 0
1549005879 0
1549005880 0
1549005881 0
1549005882 0
1549005883 0
1549005884 0
1549005885 0
1549005886 0
1549005887 0
1549005888 0
1549005889 0
1549005890 0
1549005891 0
1549005892 0
1549005893 0
1549005894 0
1549005895 0
1549005896 0
1549005897 0
1549005898 0
1549005899 0
1549005900 0
1549005901 0
1549005902 0
1549005903 0
1549005904 0
1549005905 0
1549005906 0
1549005907 0
1549005908 0
1549005909 0
1549005910 0
1549005911 0
1549005912 0
1549005913 0
1549005914 0
1549005915 0
1549005916 0
1549005917 0
1549005918 0
1549005919 0
1549005920 0
1549005921 0
1549005922 0
1549005923 0
1549005924 0
1549005925 0
1549005926 0
1549005927 0
1549005928 0
1549005929 0
1549005930 0
1549005931 0
1549005932 0
1549005933 0
1549005934 0
1549005935 0
1549005936 0
1549005937 0
1549005938 0
1549005939 0
1549005940 0
1549005941 0
1549005942 0
1549005943 0
1549005944 0
1549005945 0
1549005946 0
1549005947 0
1549005948 0
1549005949 0
1549005950 0
1549005951 0
1549005952 0
1549005953 0
1549005954 0
1549005955 0
1549005956 0
1549005957 0
1549005958 0
1549005959 0
1549005960 0
1549005961 0
1549005962 0
1549005963 0
1549005964 0
1549005965 0
1549005966 0
1549005967 0
1549005968 0
1549005969 0
1549005970 0
1549005971 0
1549005972 0
1549005973 0
1549005974 0
1549005975 0
1549005976 0
1549005977 0
1549005978 0
1549005979 0
1549005980 0
1549005981 0
1549005982 0
1549005983 0
1549005984 0
1549005985 0
1549005986 0
1549005987 0
1549005988 0
1549005989 0
1549005990 0
1549005991 0
1549005992 0
1549005993 0
1549005994 0
1549005995 0
1549005996 0
1549005997 0
1549005998 0
1549005999 0
1549006000 0
1549006001 0
1549006002 0
1549006003 0
1549006004 0
1549006005 0
1549006006 0
1549006007 0
1549006008 0
1549006009 0
1549006010 0
1549006011 0
1549006012 0
1549006013 0
1549006014 0
1549006015 0
1549006016 0
1549006017 0
1549006018 0
1549006019 0
1549006020 0
1549006021 0
1549006022 0
1549006023 0
1549006024 0
1549006025 0
1549006026 0
1549006027 0
1549006028 0
1549006029 0
1549006030 0
1549006031 0
1549006032 0
1549006033 0
1549006034 0
1549006035 0
1549006036 0
1549006037 0
1549006038 0
1549006039 0
1549006040 0
1549006041 0
1549006042 0
1549006043 0
1549006044 0
1549006045 0
1549006046 0
1549006047 0
1549006048 0
1549006049 0
1549006050 0
1549006051 0
1549006052 0
1549006053 0
1549006054 0
1549006055 0
1549006056 0
1549006057 0
1549006058 0
1549006059 0
1549006060 0
1549006061 0
1549006062 0
1549006063 0
1549006064 0
1549006065 0
1549006066 0
1549006067 0
1549006068 0
1549006069 0
1549006070 0
1549006071 0
1549006072 0
1549006073 0
1549006074 0
1549006075 0
1549006076 0
1549006077 0
1549006078 0
1549006079 0
1549006080 0
1549006081 0
1549006082 0
1549006083 0
1549006084 0
1549006085 0
1549006086 0
1549006087 0
1549006088 0
1549006089 0
1549006090 0
1549006091 0
1549006092 0
1549006093 0
1549006094 0
1549006095 0
1549006096 0
1549006097 0
1549006098 0
1549006099 0
1549006100 0
1549006101 0
1549006102 0
1549006103 0
1549006104 0
1549006105 0
1549006106 0
1549006107 0
1549006108 0
1549006109 0
1549006110 0
1549006111 0
1549006112 0
1549006113 0
1549006114 0
1549006115 0
1549006116 0
1549006117 0
1549006118 0
1549006119 0
1549006120 0
1549006121 0
1549006122 0
1549006123 0
1549006124 0
1549006125 0
1549006126 0
1549006127 0
1549006128 0
1549006129 0
1549006130 0
1549006131 0
1549006132 0
1549006133 0
1549006134 0
1549006135 0
1549006136 0
1549006137 0
1549006138 0
1549006139 0
1549006140 0
1549006141 0
1549006142 0
1549006143 0
1549006144 0
1549006145 0
1549006146 0
1549006147 0
1549006148 0
1549006149 0
1549006150 0
1549006151 0
1549006152 0
1549006153 0
1549006154 0
1549006155 0
1549006156 0
1549006157 0
1549006158 0
1549006159 0
1549006160 0
1549006161 0
1549006162 0
1549006163 0
1549006164 0
1549006165 0
1549006166 0
1549006167 0
1549006168 0
1549006169 0
1549006170 0
1549006171 0
1549006172 0
1549006173 0
1549006174 0
1549006175 0
1549006176 0
1549006177 0
1549006178 0
1549006179 0
1549006180 0
1549006181 0
1549006182 0
1549006183 0
1549006184 0
1549006185 0
1549006186 0
1549006187 0
1549006188 0
1549006189 0
1549006190 0
1549006191 0
1549006192 0
1549006193 0
1549006194 0
1549006195 0
1549006196 0
1549006197 0
1549006198 0
1549006199 0
1549006200 0
1549006201 0
1549006202 0
1549006203 0
1549006204 0
1549006205 0
1549006206 0
1549006207 0
1549006208 0
1549006209 0
1549006210 0
1549006211 0
1549006212 0
1549006213 0
1549006214 0
1549006215 0
1549006216 0
1549006217 0
1549006218 0
1549006219 0
1549006220 0
1549006221 0
1549006222 0
1549006223 0
1549006224 0
1549006225 0
1549006226 0
1549006227 0
1549006228 0
1549006229 0
1549006230 0
1549006231 0
1549006232 0
1549006233 0
1549006234 0
1549006235 0
1549006236 0
1549006237 0
1549006238 0
1549006239 0
1549006240 0
1549006241 0
1549006242 0
1549006243 0
1549006244 0
1549006245 0
1549006246 0
1549006247 0
1549006248 0
1549006249 0
1549006250 0
1549006251 0
1549006252 0
1549006253 0
1549006254 0
1549006255 0
1549006256 0
1549006257 0
1549006258 0
1549006259 0
1549006260 0
1549006261 0
1549006262 0
1549006263 0
1549006264 0
1549006265 0
1549006266 0
1549006267 0
1549006268 0
1549006269 0
1549006270 0
1549006271 0
1549006272 0
1549006273 0
1549006274 0
1549006275 0
1549006276 0
1549006277 0
1549006278 0
1549006279 0
1549006280 0
1549006281 0
1549006282 0
1549006283 0
1549006284 0
1549006285 0
1549006286 0
1549006287 0
1549006288 0
1549006289 0
1549006290 0
1549006291 0
1549006292 0
1549006293 0
1549006294 0
1549006295 0
1549006296 0
1549006297 0
1549006298 0
1549006299 0
1549006300 0
1549006301 0
1549006302 0
1549006303 0
1549006304 0
1549006305 0
1549006306 0
1549006307 0
1549006308 0
1549006309 0
1549006310 0
1549006311 0
1549006312 0
1549006313 0
1549006314 0
1549006315 0
1549006316 0
1549006317 0
1549006318 0
1549006319 0
1549006320 0
1549006321 0
1549006322 0
1549006323 0
1549006324 0
1549006325 0
1549006326 0
1549006327 0
1549006328 0
1549006329 0
1549006330 0
1549006331 0
1549006332 0
1549006333 0
1549006334 0
1549006335 0
1549006336 0
1549006337 0
1549006338 0
1549006339 0
1549006340 0
1549006341 0
1549006342 0
1549006343 0
1549006344 0
1549006345 0
1549006346 0
1549006347 0
1549006348 0
1549006349 0
1549006350 0
1549006351 0
1549006352 0
1549006353 0
1549006354 0
1549006355 0
1549006356 0
1549006357 0
1549006358 0
1549006359 0
1549006360 0
1549006361 0
1549006362 0
1549006363 0
1549006364 0
1549006365 0
1549006366 0
1549006367 0
1549006368 0
1549006369 0
1549006370 0
1549006371 0
1549006372 0
1549006373 0
1549006374 0
1549006375 0
1549006376 0
1549006377 0
1549006378 0
1549006379 0
1549006380 0
1549006381 0
1549006382 0
1549006383 0
1549006384 0
1549006385 0
1549006386 0
1549006387 0
1549006388 0
1549006389 0
1549006390 0
1549006391 0
1549006392 0
1549006393 0
1549006394 0
1549006395 0
1549006396 0
1549006397 0
1549006398 0
1549006399 0
1549006400 0
1549006401 0
1549006402 0
1549006403 0
1549006404 0
1549006405 0
1549006406 0
1549006407 0
1549006408 0
1549006409 0
1549006410 0
1549006411 0
1549006412 0
1549006413 0
1549006414 0
1549006415 0
1549006416 0
1549006417 0
1549006418 0
1549006419 0
1549006420 0
1549006421 0
1549006422 0
1549006423 0
1549006424 0
1549006425 0
1549006426 0
1549006427 0
1549006428 0
1549006429 0
1549006430 0
1549006431 0
1549006432 0
1549006433 0
1549006434 0
1549006435 0
1549006436 0
1549006437 0
1549006438 0
1549006439 0
1549006440 0
1549006441 0
1549006442 0
1549006443 0
1549006444 0
1549006445 0
1549006446 0
1549006447 0
1549006448 0
1549006449 0
1549006450 0
1549006451 0
1549006452 0
1549006453 0
1549006454 0
1549006455 0
1549006456 0
1549006457 0
1549006458 0
1549006459 0
1549006460 0
1549006461 0
1549006462 0
1549006463 0
1549006464 0
1549006465 0
1549006466 0
1549006467 0
1549006468 0
1549006469 0
1549006470 0
1549006471 0
1549006472 0
1549006473 0
1549006474 0
1549006475 0
1549006476 0
1549006477 0
1549006478 0
1549006479 0
1549006480 0
1549006481 0
1549006482 0
1549006483 0
1549006484 0
1549006485 0
1549006486 0
1549006487 0
1549006488 0
1549006489 0
1549006490 0
1549006491 0
1549006492 0
1549006493 0
1549006494 0
1549006495 0
1549006496 0
1549006497 0
1549006498 0
1549006499 0
1549006500 0
1549006501 0
1549006502 0
1549006503 0
1549006504 0
1549006505 0
1549006506 0
1549006507 0
1549006508 0
1549006509 0
1549006510 0
1549006511 0
1549006512 0
1549006513 0
1549006514 0
1549006515 0
1549006516 0
1549006517 0
1549006518 0
1549006519 0
1549006520 0
1549006521 0
1549006522 0
1549006523 0
1549006524 0
1549006525 0
1549006526 0
1549006527 0
1549006528 0
1549006529 0
1549006530 0
1549006531 0
1549006532 0
1549006533 0
1549006534 0
1549006535 0
1549006536 0
1549006537 0
1549006538 0
1549006539 0
1549006540 0
1549006541 0
1549006542 0
1549006543 0
1549006544 0
1549006545 0
1549006546 0
1549006547 0
1549006548 0
1549006549 0
1549006550 0
1549006551 0
1549006552 0
1549006553 0
1549006554 0
1549006555 0
1549006556 0
1549006557 0
1549006558 0
1549006559 0
1549006560 0
1549006561 0
1549006562 0
1549006563 0
1549006564 0
1549006565 0
1549006566 0
1549006567 0
1549006568 0
1549006569 0
1549006570 0
1549006571 0
1549006572 0
1549006573 0
1549006574 0
1549006575 0
1549006576 0
1549006577 0
1549006578 0
1549006579 0
1549006580 0
1549006581 0
1549006582 0
1549006583 0
1549006584 0
1549006585 0
1549006586 0
1549006587 0
1549006588 0
1549006589 0
1549006590 0
1549006591 0
1549006592 0
1549006593 0
1549006594 0
1549006595 0
1549006596 0
1549006597 0
1549006598 0
1549006599 0
1549006600 0
1549006601 0
1549006602 0
1549006603 0
1549006604 0
1549006605 0
1549006606 0
1549006607 0
1549006608 0
1549006609 0
1549006610 0
1549006611 0
1549006612 0
1549006613 0
1549006614 0
1549006615 0
1549006616 0
1549006617 0
1549006618 0
1549006619 0
1549006620 0
1549006621 0
1549006622 0
1549006623 0
1549006624 0
1549006625 0
1549006626 0
1549006627 0
1549006628 0
1549006629 0
1549006630 0
1549006631 0
1549006632 0
1549006633 0
1549006634 0
1549006635 0
1549006636 0
1549006637 0
1549006638 0
1549006639 0
1549006640 0
1549006641 0
1549006642 0
1549006643 0
1549006644 0
1549006645 0
1549006646 0
1549006647 0
1549006648 0
1549006649 0
1549006650 0
1549006651 0
1549006652 0
1549006653 0
1549006654 0
1549006655 0
1549006656 0
1549006657 0
1549006658 0
1549006659 0
1549006660 0
1549006661 0
1549006662 0
1549006663 0
1549006664 0
1549006665 0
1549006666 0
1549006667 0
1549006668 0
1549006669 0
1549006670 0
1549006671 0
1549006672 0
1549006673 0
1549006674 0
1549006675 0
1549006676 0
1549006677 0
1549006678 0
1549006679 0
1549006680 0
1549006681 0
1549006682 0
1549006683 0
1549006684 0
1549006685 0
1549006686 0
1549006687 0
1549006688 0
1549006689 0
1549006690 0
1549006691 0
1549006692 0
1549006693 0
1549006694 0
1549006695 0
1549006696 0
1549006697 0
1549006698 0
1549006699 0
1549006700 0
1549006701 0
1549006702 0
1549006703 0
1549006704 0
1549006705 0
1549006706 0
1549006707 0
1549006708 0
1549006709 0
1549006710 0
1549006711 0
1549006712 0
1549006713 0
1549006714 0
1549006715 0
1549006716 0
1549006717 0
1549006718 0
1549006719 0
1549006720 0
1549006721 0
1549006722 0
1549006723 0
1549006724 0
1549006725 0
1549006726 0
1549006727 0
1549006728 0
1549006729 0
1549006730 0
1549006731 0
1549006732 0
1549006733 0
1549006734 0
1549006735 0
1549006736 0
1549006737 0
1549006738 0
1549006739 0
1549006740 0
1549006741 0
1549006742 0
1549006743 0
1549006744 0
1549006745 0
1549006746 0
1549006747 0
1549006748 0
1549006749 0
1549006750 0
1549006751 0
1549006752 0
1549006753 0
1549006754 0
1549006755 0
1549006756 0
1549006757 0
1549006758 0
1549006759 0
1549006760 0
1549006761 0
1549006762 0
1549006763 0
1549006764 0
1549006765 0
1549006766 0
1549006767 0
1549006768 0
1549006769 0
1549006770 0
1549006771 0
1549006772 0
1549006773 0
1549006774 0
1549006775 0
1549006776 0
1549006777 0
1549006778 0
1549006779 0
1549006780 0
1549006781 0
1549006782 0
1549006783 0
1549006784 0
1549006785 0
1549006786 0
1549006787 0
1549006788 0
1549006789 0
1549006790 0
1549006791 0
1549006792 0
1549006793 0
1549006794 0
1549006795 0
1549006796 0
1549006797 0
1549006798 0
1549006799 0
1549006800 0
1549006801 0
1549006802 0
1549006803 0
1549006804 0
1549006805 0
1549006806 0
1549006807 0
1549006808 0
1549006809 0
1549006810 0
1549006811 0
1549006812 0
1549006813 0
1549006814 0
1549006815 0
1549006816 0
1549006817 0
1549006818 0
1549006819 0
1549006820 0
1549006821 0
1549006822 0
1549006823 0
1549006824 0
1549006825 0
1549006826 0
1549006827 0
1549006828 0
1549006829 0
1549006830 0
1549006831 0
1549006832 0
1549006833 0
1549006834 0
1549006835 0
1549006836 0
1549006837 0
1549006838 0
1549006839 0
1549006840 0
1549006841 0
1549006842 0
1549006843 0
1549006844 0
1549006845 0
1549006846 0
1549006847 0
1549006848 0
1549006849 0
1549006850 0
1549006851 0
1549006852 0
1549006853 0
1549006854 0
1549006855 0
1549006856 0
1549006857 0
1549006858 0
1549006859 0
1549006860 0
1549006861 0
1549006862 0
1549006863 0
1549006864 0
1549006865 0
1549006866 0
1549006867 0
1549006868 0
1549006869 0
1549006870 0
1549006871 0
1549006872 0
1549006873 0
1549006874 0
1549006875 0
1549006876 0
1549006877 0
1549006878 0
1549006879 0
1549006880 0
1549006881 0
1549006882 0
1549006883 0
1549006884 0
1549006885 0
1549006886 0
1549006887 0
1549006888 0
1549006889 0
1549006890 0
1549006891 0
1549006892 0
1549006893 0
1549006894 0
1549006895 0
1549006896 0
1549006897 0
1549006898 0
1549006899 0
1549006900 0
1549006901 0
1549006902 0
1549006903 0
1549006904 0
1549006905 0
1549006906 0
1549006907 0
1549006908 0
1549006909 0
1549006910 0
1549006911 0
1549006912 0
1549006913 0
1549006914 0
1549006915 0
1549006916 0
1549006917 0
1549006918 0
1549006919 0
1549006920 0
1549006921 0
1549006922 0
1549006923 0
1549006924 0
1549006925 0
1549006926 0
1549006927 0
1549006928 0
1549006929 0
1549006930 0
1549006931 0
1549006932 0
1549006933 0
1549006934 0
1549006935 0
1549006936 0
1549006937 0
1549006938 0
1549006939 0
1549006940 0
1549006941 0
1549006942 0
1549006943 0
1549006944 0
1549006945 0
1549006946 0
1549006947 0
1549006948 0
1549006949 0
1549006950 0
1549006951 0
1549006952 0
1549006953 0
1549006954 0
1549006955 0
1549006956 0
1549006957 0
1549006958 0
1549006959 0
1549006960 0
1549006961 0
1549006962 0
1549006963 0
1549006964 0
1549006965 0
1549006966 0
1549006967 0
1549006968 0
1549006969 0
1549006970 0
1549006971 0
1549006972 0
1549006973 0
1549006974 0
1549006975 0
1549006976 0
1549006977 0
1549006978 0
1549006979 0
1549006980 0
1549006981 0
1549006982 0
1549006983 0
1549006984 0
1549006985 0
1549006986 0
1549006987 0
1549006988 0
1549006989 0
1549006990 0
1549006991 0
1549006992 0
1549006993 0
1549006994 0
1549006995 0
1549006996 0
1549006997 0
1549006998 0
1549006999 0
1549007000 0
1549007001 0
1549007002 0
1549007003 0
1549007004 0
1549007005 0
1549007006 0
1549007007 0
1549007008 0
1549007009 0
1549007010 0
1549007011 0
1549007012 0
1549007013 0
1549007014 0
1549007015 0
1549007016 0
1549007017 0
1549007018 0
1549007019 0
1549007020 0
1549007021 0
1549007022 0
1549007023 0
1549007024 0
1549007025 0
1549007026 0
1549007027 0
1549007028 0
1549007029 0
1549007030 0
1549007031 0
1549007032 0
1549007033 0
1549007034 0
1549007035 0
1549007036 0
1549007037 0
1549007038 0
1549007039 0
1549007040 0
1549007041 0
1549007042 0
1549007043 0
1549007044 0
1549007045 0
1549007046 0
1549007047 0
1549007048 0
1549007049 0
1549007050 0
1549007051 0
1549007052 0
1549007053 0
1549007054 0
1549007055 0
1549007056 0
1549007057 0
1549007058 0
1549007059 0
1549007060 0
1549007061 0
1549007062 0
1549007063 0
1549007064 0
1549007065 0
1549007066 0
1549007067 0
1549007068 0
1549007069 0
1549007070 0
1549007071 0
1549007072 0
1549007073 0
1549007074 0
1549007075 0
1549007076 0
1549007077 0
1549007078 0
1549007079 0
1549007080 0
1549007081 0
1549007082 0
1549007083 0
1549007084 0
1549007085 0
1549007086 0
1549007087 0
1549007088 0
1549007089 0
1549007090 0
1549007091 0
1549007092 0
1549007093 0
1549007094 0
1549007095 0
1549007096 0
1549007097 0
1549007098 0
1549007099 0
1549007100 0
1549007101 0
1549007102 0
1549007103 0
1549007104 0
1549007105 0
1549007106 0
1549007107 0
1549007108 0
1549007109 0
1549007110 0
1549007111 0
1549007112 0
1549007113 0
1549007114 0
1549007115 0
1549007116 0
1549007117 0
1549007118 0
1549007119 0
1549007120 0
1549007121 0
1549007122 0
1549007123 0
1549007124 0
1549007125 0
1549007126 0
1549007127 0
1549007128 0
1549007129 0
1549007130 0
1549007131 0
1549007132 0
1549007133 0
1549007134 0
1549007135 0
1549007136 0
1549007137 0
1549007138 0
1549007139 0
1549007140 0
1549007141 0
1549007142 0
1549007143 0
1549007144 0
1549007145 0
1549007146 0
1549007147 0
1549007148 0
1549007149 0
1549007150 0
1549007151 0
1549007152 0
1549007153 0
1549007154 0
1549007155 0
1549007156 0
1549007157 0
1549007158 0
1549007159 0
1549007160 0
1549007161 0
1549007162 0
1549007163 0
1549007164 0
1549007165 0
1549007166 0
1549007167 0
1549007168 0
1549007169 0
1549007170 0
1549007171 0
1549007172 0
1549007173 0
1549007174 0
1549007175 0
1549007176 0
1549007177 0
1549007178 0
1549007179 0
1549007180 0
1549007181 0
1549007182 0
1549007183 0
1549007184 0
1549007185 0
1549007186 0
1549007187 0
1549007188 0
1549007189 0
1549007190 0
1549007191 0
1549007192 0
1549007193 0
1549007194 0
1549007195 0
1549007196 0
1549007197 0
1549007198 0
1549007199 0
1549007200 0
1549007201 0
1549007202 0
1549007203 0
1549007204 0
1549007205 0
1549007206 0
1549007207 0
1549007208 0
1549007209 0
1549007210 0
1549007211 0
1549007212 0
1549007213 0
1549007214 0
1549007215 0
1549007216 0
1549007217 0
1549007218 0
1549007219 0
1549007220 0
1549007221 0
1549007222 0
1549007223 0
1549007224 0
1549007225 0
1549007226 0
1549007227 0
1549007228 0
1549007229 0
1549007230 0
1549007231 0
1549007232 0
1549007233 0
1549007234 0
1549007235 0
1549007236 0
1549007237 0
1549007238 0
1549007239 0
1549007240 0
1549007241 0
1549007242 0
1549007243 0
1549007244 0
1549007245 0
1549007246 0
1549007247 0
1549007248 0
1549007249 0
1549007250 0
1549007251 0
1549007252 0
1549007253 0
1549007254 0
1549007255 0
1549007256 0
1549007257 0
1549007258 0
1549007259 0
1549007260 0
1549007261 0
1549007262 0
1549007263 0
1549007264 0
1549007265 0
1549007266 0
1549007267 0
1549007268 0
1549007269 0
1549007270 0
1549007271 0
1549007272 0
1549007273 0
1549007274 0
1549007275 0
1549007276 0
1549007277 0
1549007278 0
1549007279 0
1549007280 0
1549007281 0
1549007282 0
1549007283 0
1549007284 0
1549007285 0
1549007286 0
1549007287 0
1549007288 0
1549007289 0
1549007290 0
1549007291 0
1549007292 0
1549007293 0
1549007294 0
1549007295 0
1549007296 0
1549007297 0
1549007298 0
1549007299 0
1549007300 0
1549007301 0
1549007302 0
1549007303 0
1549007304 0
1549007305 0
1549007306 0
1549007307 0
1549007308 0
1549007309 0
1549007310 0
1549007311 0
1549007312 0
1549007313 0
1549007314 0
1549007315 0
1549007316 0
1549007317 0
1549007318 0
1549007319 0
1549007320 0
1549007321 0
1549007322 0
1549007323 0
1549007324 0
1549007325 0
1549007326 0
1549007327 0
1549007328 0
1549007329 0
1549007330 0
1549007331 0
1549007332 0
1549007333 0
1549007334 0
1549007335 0
1549007336 0
1549007337 0
1549007338 0
1549007339 0
1549007340 0
1549007341 0
1549007342 0
1549007343 0
1549007344 0
1549007345 0
1549007346 0
1549007347 0
1549007348 0
1549007349 0
1549007350 0
1549007351 0
1549007352 0
1549007353 0
1549007354 0
1549007355 0
1549007356 0
1549007357 0
1549007358 0
1549007359 0
1549007360 0
1549007361 0
1549007362 0
1549007363 0
1549007364 0
1549007365 0
1549007366 0
1549007367 0
1549007368 0
1549007369 0
1549007370 0
1549007371 0
1549007372 0
1549007373 0
1549007374 0
1549007375 0
1549007376 0
1549007377 0
1549007378 0
1549007379 0
1549007380 0
1549007381 0
1549007382 0
1549007383 0
1549007384 0
1549007385 0
1549007386 0
1549007387 0
1549007388 0
1549007389 0
1549007390 0
1549007391 0
1549007392 0
1549007393 0
1549007394 0
1549007395 0
1549007396 0
1549007397 0
1549007398 0
1549007399 0
1549007400 0
1549007401 0
1549007402 0
1549007403 0
1549007404 0
1549007405 0
1549007406 0
1549007407 0
1549007408 0
1549007409 0
1549007410 0
1549007411 0
1549007412 0
1549007413 0
1549007414 0
1549007415 0
1549007416 0
1549007417 0
1549007418 0
1549007419 0
1549007420 0
1549007421 0
1549007422 0
1549007423 0
1549007424 0
1549007425 0
1549007426 0
1549007427 0
1549007428 0
1549007429 0
1549007430 0
1549007431 0
1549007432 0
1549007433 0
1549007434 0
1549007435 0
1549007436 0
1549007437 0
1549007438 0
1549007439 0
1549007440 0
1549007441 0
1549007442 0
1549007443 0
1549007444 0
1549007445 0
1549007446 0
1549007447 0
1549007448 0
1549007449 0
1549007450 0
1549007451 0
1549007452 0
1549007453 0
1549007454 0
1549007455 0
1549007456 0
1549007457 0
1549007458 0
1549007459 0
1549007460 0
1549007461 0
1549007462 0
1549007463 0
1549007464 0
1549007465 0
1549007466 0
1549007467 0
1549007468 0
1549007469 0
1549007470 0
1549007471 0
1549007472 0
1549007473 0
1549007474 0
1549007475 0
1549007476 0
1549007477 0
1549007478 0
1549007479 0
1549007480 0
1549007481 0
1549007482 0
1549007483 0
1549007484 0
1549007485 0
1549007486 0
1549007487 0
1549007488 0
1549007489 0
1549007490 0
1549007491 0
1549007492 0
1549007493 0
1549007494 0
1549007495 0
1549007496 0
1549007497 0
1549007498 0
1549007499 0
1549007500 0
1549007501 0
1549007502 0
1549007503 0
1549007504 0
1549007505 0
1549007506 0
1549007507 0
1549007508 0
1549007509 0
1549007510 0
1549007511 0
1549007512 0
1549007513 0
1549007514 0
1549007515 0
1549007516 0
1549007517 0
1549007518 0
1549007519 0
1549007520 0
1549007521 0
1549007522 0
1549007523 0
1549007524 0
1549007525 0
1549007526 0
1549007527 0
1549007528 0
1549007529 0
1549007530 0
1549007531 0
1549007532 0
1549007533 0
1549007534 0
1549007535 0
1549007536 0
1549007537 0
1549007538 0
1549007539 0
1549007540 0
1549007541 0
1549007542 0
1549007543 0
1549007544 0
1549007545 0
1549007546 0
1549007547 0
1549007548 0
1549007549 0
1549007550 0
1549007551 0
1549007552 0
1549007553 0
1549007554 0
1549007555 0
1549007556 0
1549007557 0
1549007558 0
1549007559 0
1549007560 0
1549007561 0
1549007562 0
1549007563 0
1549007564 0
1549007565 0
1549007566 0
1549007567 0
1549007568 0
1549007569 0
1549007570 0
1549007571 0
1549007572 0
1549007573 0
1549007574 0
1549007575 0
1549007576 0
1549007577 0
1549007578 0
1549007579 0
1549007580 0
1549007581 0
1549007582 0
1549007583 0
1549007584 0
1549007585 0
1549007586 0
1549007587 0
1549007588 0
1549007589 0
1549007590 0
1549007591 0
1549007592 0
1549007593 0
1549007594 0
1549007595 0
1549007596 0
1549007597 0
1549007598 0
1549007599 0
1549007600 0
1549007601 0
1549007602 0
1549007603 0
1549007604 0
1549007605 0
1549007606 0
1549007607 0
1549007608 0
1549007609 0
1549007610 0
1549007611 0
1549007612 0
1549007613 0
1549007614 0
1549007615 0
1549007616 0
1549007617 0
1549007618 0
1549007619 0
1549007620 0
1549007621 0
1549007622 0
1549007623 0
1549007624 0
1549007625 0
1549007626 0
1549007627 0
1549007628 0
1549007629 0
1549007630 0
1549007631 0
1549007632 0
1549007633 0
1549007634 0
1549007635 0
1549007636 0
1549007637 0
1549007638 0
1549007639 0
1549007640 0
1549007641 0
1549007642 0
1549007643 0
1549007644 0
1549007645 0
1549007646 0
1549007647 0
1549007648 0
1549007649 0
1549007650 0
1549007651 0
1549007652 0
1549007653 0
1549007654 0
1549007655 0
1549007656 0
1549007657 0
1549007658 0
1549007659 0
1549007660 0
1549007661 0
1549007662 0
1549007663 0
1549007664 0
1549007665 0
1549007666 0
1549007667 0
1549007668 0
1549007669 0
1549007670 0
1549007671 0
1549007672 0
1549007673 0
1549007674 0
1549007675 0
1549007676 0
1549007677 0
1549007678 0
1549007679 0
1549007680 0
1549007681 0
1549007682 0
1549007683 0
1549007684 0
1549007685 0
1549007686 0
1549007687 0
1549007688 0
1549007689 0
1549007690 0
1549007691 0
1549007692 0
1549007693 0
1549007694 0
1549007695 0
1549007696 0
1549007697 0
1549007698 0
1549007699 0
1549007700 0
1549007701 0
1549007702 0
1549007703 0
1549007704 0
1549007705 0
1549007706 0
1549007707 0
1549007708 0
1549007709 0
1549007710 0
1549007711 0
1549007712 0
1549007713 0
1549007714 0
1549007715 0
1549007716 0
1549007717 0
1549007718 0
1549007719 0
1549007720 0
1549007721 0
1549007722 0
1549007723 0
1549007724 0
1549007725 0
1549007726 0
1549007727 0
1549007728 0
1549007729 0
1549007730 0
1549007731 0
1549007732 0
1549007733 0
1549007734 0
1549007735 0
1549007736 0
1549007737 0
1549007738 0
1549007739 0
1549007740 0
1549007741 0
1549007742 0
1549007743 0
1549007744 0
1549007745 0
1549007746 0
1549007747 0
1549007748 0
1549007749 0
1549007750 0
1549007751 0
1549007752 0
1549007753 0
1549007754 0
1549007755 0
1549007756 0
1549007757 0
1549007758 0
1549007759 0
1549007760 0
1549007761 0
1549007762 0
1549007763 0
1549007764 0
1549007765 0
1549007766 0
1549007767 0
1549007768 0
1549007769 0
1549007770 0
1549007771 0
1549007772 0
1549007773 0
1549007774 0
1549007775 0
1549007776 0
1549007777 0
1549007778 0
1549007779 0
1549007780 0
1549007781 0
1549007782 0
1549007783 0
1549007784 0
1549007785 0
1549007786 0
1549007787 0
1549007788 0
1549007789 0
1549007790 0
1549007791 0
1549007792 0
1549007793 0
1549007794 0
1549007795 0
1549007796 0
1549007797 0
1549007798 0
1549007799 0
1549007800 0
1549007801 0
1549007802 0
1549007803 0
1549007804 0
1549007805 0
1549007806 0
1549007807 0
1549007808 0
1549007809 0
1549007810 0
1549007811 0
1549007812 0
1549007813 0
1549007814 0
1549007815 0
1549007816 0
1549007817 0
1549007818 0
1549007819 0
1549007820 0
1549007821 0
1549007822 0
1549007823 0
1549007824 0
1549007825 0
1549007826 0
1549007827 0
1549007828 0
1549007829 0
1549007830 0
1549007831 0
1549007832 0
1549007833 0
1549007834 0
1549007835 0
1549007836 0
1549007837 0
1549007838 0
1549007839 0
1549007840 0
1549007841 0
1549007842 0
1549007843 0
1549007844 0
1549007845 0
1549007846 0
1549007847 0
1549007848 0
1549007849 0
1549007850 0
1549007851 0
1549007852 0
1549007853 0
1549007854 0
1549007855 0
1549007856 0
1549007857 0
1549007858 0
1549007859 0
1549007860 0
1549007861 0
1549007862 0
1549007863 0
1549007864 0
1549007865 0
1549007866 0
1549007867 0
1549007868 0
1549007869 0
1549007870 0
1549007871 0
1549007872 0
1549007873 0
1549007874 0
1549007875 0
1549007876 0
1549007877 0
1549007878 0
1549007879 0
1549007880 0
1549007881 0
1549007882 0
1549007883 0
1549007884 0
1549007885 0
1549007886 0
1549007887 0
1549007888 0
1549007889 0
1549007890 0
1549007891 0
1549007892 0
1549007893 0
1549007894 0
1549007895 0
1549007896 0
1549007897 0
1549007898 0
1549007899 0
1549007900 0
1549007901 0
1549007902 0
1549007903 0
1549007904 0
1549007905 0
1549007906 0
1549007907 0
1549007908 0
1549007909 0
1549007910 0
1549007911 0
1549007912 0
1549007913 0
1549007914 0
1549007915 0
1549007916 0
1549007917 0
1549007918 0
1549007919 0
1549007920 0
1549007921 0
1549007922 0
1549007923 0
1549007924 0
1549007925 0
1549007926 0
1549007927 0
1549007928 0
1549007929 0
1549007930 0
1549007931 0
1549007932 0
1549007933 0
1549007934 0
1549007935 0
1549007936 0
1549007937 0
1549007938 0
1549007939 0
1549007940 0
1549007941 0
1549007942 0
1549007943 0
1549007944 0
1549007945 0
1549007946 0
1549007947 0
1549007948 0
1549007949 0
1549007950 0
1549007951 0
1549007952 0
1549007953 0
1549007954 0
1549007955 0
1549007956 0
1549007957 0
1549007958 0
1549007959 0
1549007960 0
1549007961 0
1549007962 0
1549007963 0
1549007964 0
1549007965 0
1549007966 0
1549007967 0
1549007968 0
1549007969 0
1549007970 0
1549007971 0
1549007972 0
1549007973 0
1549007974 0
1549007975 0
1549007976 0
1549007977 0
1549007978 0
1549007979 0
1549007980 0
1549007981 0
1549007982 0
1549007983 0
1549007984 0
1549007985 0
1549007986 0
1549007987 0
1549007988 0
1549007989 0
1549007990 0
1549007991 0
1549007992 0
1549007993 0
1549007994 0
1549007995 0
1549007996 0
1549007997 0
1549007998 0
1549007999 0
1549008000 0
1549008001 0
1549008002 0
1549008003 0
1549008004 0
1549008005 0
1549008006 0
1549008007 0
1549008008 0
1549008009 0
1549008010 0
1549008011 0
1549008012 0
1549008013 0
1549008014 0
1549008015 0
1549008016 0
1549008017 0
1549008018 0
1549008019 0
1549008020 0
1549008021 0
1549008022 0
1549008023 0
1549008024 0
1549008025 0
1549008026 0
1549008027 0
1549008028 0
1549008029 0
1549008030 0
1549008031 0
1549008032 0
1549008033 0
1549008034 0
1549008035 0
1549008036 0
1549008037 0
1549008038 0
1549008039 0
1549008040 0
1549008041 0
1549008042 0
1549008043 0
1549008044 0
1549008045 0
1549008046 0
1549008047 0
1549008048 0
1549008049 0
1549008050 0
1549008051 0
1549008052 0
1549008053 0
1549008054 0
1549008055 0
1549008056 0
1549008057 0
1549008058 0
1549008059 0
1549008060 0
1549008061 0
1549008062 0
1549008063 0
1549008064 0
1549008065 0
1549008066 0
1549008067 0
1549008068 0
1549008069 0
1549008070 0
1549008071 0
1549008072 0
1549008073 0
1549008074 0
1549008075 0
1549008076 0
1549008077 0
1549008078 0
1549008079 0
1549008080 0
1549008081 0
1549008082 0
1549008083 0
1549008084 0
1549008085 0
1549008086 0
1549008087 0
1549008088 0
1549008089 0
1549008090 0
1549008091 0
1549008092 0
1549008093 0
1549008094 0
1549008095 0
1549008096 0
1549008097 0
1549008098 0
1549008099 0
1549008100 0
1549008101 0
1549008102 0
1549008103 0
1549008104 0
1549008105 0
1549008106 0
1549008107 0
1549008108 0
1549008109 0
1549008110 0
1549008111 0
1549008112 0
1549008113 0
1549008114 0
1549008115 0
1549008116 0
1549008117 0
1549008118 0
1549008119 0
1549008120 0
1549008121 0
1549008122 0
1549008123 0
1549008124 0
1549008125 0
1549008126 0
1549008127 0
1549008128 0
1549008129 0
1549008130 0
1549008131 0
1549008132 0
1549008133 0
1549008134 0
1549008135 0
1549008136 0
1549008137 0
1549008138 0
1549008139 0
1549008140 0
1549008141 0
1549008142 0
1549008143 0
1549008144 0
1549008145 0
1549008146 0
1549008147 0
1549008148 0
1549008149 0
1549008150 0
1549008151 0
1549008152 0
1549008153 0
1549008154 0
1549008155 0
1549008156 0
1549008157 0
1549008158 0
1549008159 0
1549008160 0
1549008161 0
1549008162 0
1549008163 0
1549008164 0
1549008165 0
1549008166 0
1549008167 0
1549008168 0
1549008169 0
1549008170 0
1549008171 0
1549008172 0
1549008173 0
1549008174 0
1549008175 0
1549008176 0
1549008177 0
1549008178 0
1549008179 0
1549008180 0
1549008181 0
1549008182 0
1549008183 0
1549008184 0
1549008185 0
1549008186 0
1549008187 0
1549008188 0
1549008189 0
1549008190 0
1549008191 0
1549008192 0
1549008193 0
1549008194 0
1549008195 0
1549008196 0
1549008197 0
1549008198 0
1549008199 0
1549008200 0
1549008201 0
1549008202 0
1549008203 0
1549008204 0
1549008205 0
1549008206 0
1549008207 0
1549008208 0
1549008209 0
1549008210 0
1549008211 0
1549008212 0
1549008213 0
1549008214 0
1549008215 0
1549008216 0
1549008217 0
1549008218 0
1549008219 0
1549008220 0
1549008221 0
1549008222 0
1549008223 0
1549008224 0
1549008225 0
1549008226 0
1549008227 0
1549008228 0
1549008229 0
1549008230 0
1549008231 0
1549008232 0
1549008233 0
1549008234 0
1549008235 0
1549008236 0
1549008237 0
1549008238 0
1549008239 0
1549008240 0
1549008241 0
1549008242 0
1549008243 0
1549008244 0
1549008245 0
1549008246 0
1549008247 0
1549008248 0
1549008249 0
1549008250 0
1549008251 0
1549008252 0
1549008253 0
1549008254 0
1549008255 0
1549008256 0
1549008257 0
1549008258 0
1549008259 0
1549008260 0
1549008261 0
1549008262 0
1549008263 0
1549008264 0
1549008265 0
1549008266 0
1549008267 0
1549008268 0
1549008269 0
1549008270 0
1549008271 0
1549008272 0
1549008273 0
1549008274 0
1549008275 0
1549008276 0
1549008277 0
1549008278 0
1549008279 0
1549008280 0
1549008281 0
1549008282 0
1549008283 0
1549008284 0
1549008285 0
1549008286 0
1549008287 0
1549008288 0
1549008289 0
1549008290 0
1549008291 0
1549008292 0
1549008293 0
1549008294 0
1549008295 0
1549008296 0
1549008297 0
1549008298 0
1549008299 0
1549008300 0
1549008301 0
1549008302 0
1549008303 0
1549008304 0
1549008305 0
1549008306 0
1549008307 0
1549008308 0
1549008309 0
1549008310 0
1549008311 0
1549008312 0
1549008313 0
1549008314 0
1549008315 0
1549008316 0
1549008317 0
1549008318 0
1549008319 0
1549008320 0
1549008321 0
1549008322 0
1549008323 0
1549008324 0
1549008325 0
1549008326 0
1549008327 0
1549008328 0
1549008329 0
1549008330 0
1549008331 0
1549008332 0
1549008333 0
1549008334 0
1549008335 0
1549008336 0
1549008337 0
1549008338 0
1549008339 0
1549008340 0
1549008341 0
1549008342 0
1549008343 0
1549008344 0
1549008345 0
1549008346 0
1549008347 0
1549008348 0
1549008349 0
1549008350 0
1549008351 0
1549008352 0
1549008353 0
1549008354 0
1549008355 0
1549008356 0
1549008357 0
1549008358 0
1549008359 0
1549008360 0
1549008361 0
1549008362 0
1549008363 0
1549008364 0
1549008365 0
1549008366 0
1549008367 0
1549008368 0
1549008369 0
1549008370 0
1549008371 0
1549008372 0
1549008373 0
1549008374 0
1549008375 0
1549008376 0
1549008377 0
1549008378 0
1549008379 0
1549008380 0
1549008381 0
1549008382 0
1549008383 0
1549008384 0
1549008385 0
1549008386 0
1549008387 0
1549008388 0
1549008389 0
1549008390 0
1549008391 0
1549008392 0
1549008393 0
1549008394 0
1549008395 0
1549008396 0
1549008397 0
1549008398 0
1549008399 0
1549008400 0
1549008401 0
1549008402 0
1549008403 0
1549008404 0
1549008405 0
1549008406 0
1549008407 0
1549008408 0
1549008409 0
1549008410 0
1549008411 0
1549008412 0
1549008413 0
1549008414 0
1549008415 0
1549008416 0
1549008417 0
1549008418 0
1549008419 0
1549008420 0
1549008421 0
1549008422 0
1549008423 0
1549008424 0
1549008425 0
1549008426 0
1549008427 0
1549008428 0
1549008429 0
1549008430 0
1549008431 0
1549008432 0
1549008433 0
1549008434 0
1549008435 0
1549008436 0
1549008437 0
1549008438 0
1549008439 0
1549008440 0
1549008441 0
1549008442 0
1549008443 0
1549008444 0
1549008445 0
1549008446 0
1549008447 0
1549008448 0
1549008449 0
1549008450 0
1549008451 0
1549008452 0
1549008453 0
1549008454 0
1549008455 0
1549008456 0
1549008457 0
1549008458 0
1549008459 0
1549008460 0
1549008461 0
1549008462 0
1549008463 0
1549008464 0
1549008465 0
1549008466 0
1549008467 0
1549008468 0
1549008469 0
1549008470 0
1549008471 0
1549008472 0
1549008473 0
1549008474 0
1549008475 0
1549008476 0
1549008477 0
1549008478 0
1549008479 0
1549008480 0
1549008481 0
1549008482 0
1549008483 0
1549008484 0
1549008485 0
1549008486 0
1549008487 0
1549008488 0
1549008489 0
1549008490 0
1549008491 0
1549008492 0
1549008493 0
1549008494 0
1549008495 0
1549008496 0
1549008497 0
1549008498 0
1549008499 0
1549008500 0
1549008501 0
1549008502 0
1549008503 0
1549008504 0
1549008505 0
1549008506 0
1549008507 0
1549008508 0
1549008509 0
1549008510 0
1549008511 0
1549008512 0
1549008513 0
1549008514 0
1549008515 0
1549008516 0
1549008517 0
1549008518 0
1549008519 0
1549008520 0
1549008521 0
1549008522 0
1549008523 0
1549008524 0
1549008525 0
1549008526 0
1549008527 0
1549008528 0
1549008529 0
1549008530 0
1549008531 0
1549008532 0
1549008533 0
1549008534 0
1549008535 0
1549008536 0
1549008537 0
1549008538 0
1549008539 0
1549008540 0
1549008541 0
1549008542 0
1549008543 0
1549008544 0
1549008545 0
1549008546 0
1549008547 0
1549008548 0
1549008549 0
1549008550 0
1549008551 0
1549008552 0
1549008553 0
1549008554 0
1549008555 0
1549008556 0
1549008557 0
1549008558 0
1549008559 0
1549008560 0
1549008561 0
1549008562 0
1549008563 0
1549008564 0
1549008565 0
1549008566 0
1549008567 0
1549008568 0
1549008569 0
1549008570 0
1549008571 0
1549008572 0
1549008573 0
1549008574 0
1549008575 0
1549008576 0
1549008577 0
1549008578 0
1549008579 0
1549008580 0
1549008581 0
1549008582 0
1549008583 0
1549008584 0
1549008585 0
1549008586 0
1549008587 0
1549008588 0
1549008589 0
1549008590 0
1549008591 0
1549008592 0
1549008593 0
1549008594 0
1549008595 0
1549008596 0
1549008597 0
1549008598 0
1549008599 0
1549008600 0
1549008601 0
1549008602 0
1549008603 0
1549008604 0
1549008605 0
1549008606 0
1549008607 0
1549008608 0
1549008609 0
1549008610 0
1549008611 0
1549008612 0
1549008613 0
1549008614 0
1549008615 0
1549008616 0
1549008617 0
1549008618 0
1549008619 0
1549008620 0
1549008621 0
1549008622 0
1549008623 0
1549008624 0
1549008625 0
1549008626 0
1549008627 0
1549008628 0
1549008629 0
1549008630 0
1549008631 0
1549008632 0
1549008633 0
1549008634 0
1549008635 0
1549008636 0
1549008637 0
1549008638 0
1549008639 0
1549008640 0
1549008641 0
1549008642 0
1549008643 0
1549008644 0
1549008645 0
1549008646 0
1549008647 0
1549008648 0
1549008649 0
1549008650 0
1549008651 0
1549008652 0
1549008653 0
1549008654 0
1549008655 0
1549008656 0
1549008657 0
1549008658 0
1549008659 0
1549008660 0
1549008661 0
1549008662 0
1549008663 0
1549008664 0
1549008665 0
1549008666 0
1549008667 0
1549008668 0
1549008669 0
1549008670 0
1549008671 0
1549008672 0
1549008673 0
1549008674 0
1549008675 0
1549008676 0
1549008677 0
1549008678 0
1549008679 0
1549008680 0
1549008681 0
1549008682 0
1549008683 0
1549008684 0
1549008685 0
1549008686 0
1549008687 0
1549008688 0
1549008689 0
1549008690 0
1549008691 0
1549008692 0
1549008693 0
1549008694 0
1549008695 0
1549008696 0
1549008697 0
1549008698 0
1549008699 0
1549008700 0
1549008701 0
1549008702 0
1549008703 0
1549008704 0
1549008705 0
1549008706 0
1549008707 0
1549008708 0
1549008709 0
1549008710 0
1549008711 0
1549008712 0
1549008713 0
1549008714 0
1549008715 0
1549008716 0
1549008717 0
1549008718 0
1549008719 0
1549008720 0
1549008721 0
1549008722 0
1549008723 0
1549008724 0
1549008725 0
1549008726 0
1549008727 0
1549008728 0
1549008729 0
1549008730 0
1549008731 0
1549008732 0
1549008733 0
1549008734 0
1549008735 0
1549008736 0
1549008737 0
1549008738 0
1549008739 0
1549008740 0
1549008741 0
1549008742 0
1549008743 0
1549008744 0
1549008745 0
1549008746 0
1549008747 0
1549008748 0
1549008749 0
1549008750 0
1549008751 0
1549008752 0
1549008753 0
1549008754 0
1549008755 0
1549008756 0
1549008757 0
1549008758 0
1549008759 0
1549008760 0
1549008761 0
1549008762 0
1549008763 0
1549008764 0
1549008765 0
1549008766 0
1549008767 0
1549008768 0
1549008769 0
1549008770 0
1549008771 0
1549008772 0
1549008773 0
1549008774 0
1549008775 0
1549008776 0
1549008777 0
1549008778 0
1549008779 0
1549008780 0
1549008781 0
1549008782 0
1549008783 0
1549008784 0
1549008785 0
1549008786 0
1549008787 0
1549008788 0
1549008789 0
1549008790 0
1549008791 0
1549008792 0
1549008793 0
1549008794 0
1549008795 0
1549008796 0
1549008797 0
1549008798 0
1549008799 0
1549008800 0
1549008801 0
1549008802 0
1549008803 0
1549008804 0
1549008805 0
1549008806 0
1549008807 0
1549008808 0
1549008809 0
1549008810 0
1549008811 0
1549008812 0
1549008813 0
1549008814 0
1549008815 0
1549008816 0
1549008817 0
1549008818 0
1549008819 0
1549008820 0
1549008821 0
1549008822 0
1549008823 0
1549008824 0
1549008825 0
1549008826 0
1549008827 0
1549008828 0
1549008829 0
1549008830 0
1549008831 0
1549008832 0
1549008833 0
1549008834 0
1549008835 0
1549008836 0
1549008837 0
1549008838 0
1549008839 0
1549008840 0
1549008841 0
1549008842 0
1549008843 0
1549008844 0
1549008845 0
1549008846 0
1549008847 0
1549008848 0
1549008849 0
1549008850 0
1549008851 0
1549008852 0
1549008853 0
1549008854 0
1549008855 0
1549008856 0
1549008857 0
1549008858 0
1549008859 0
1549008860 0
1549008861 0
1549008862 0
1549008863 0
1549008864 0
1549008865 0
1549008866 0
1549008867 0
1549008868 0
1549008869 0
1549008870 0
1549008871 0
1549008872 0
1549008873 0
1549008874 0
1549008875 0
1549008876 0
1549008877 0
1549008878 0
1549008879 0
1549008880 0
1549008881 0
1549008882 0
1549008883 0
1549008884 0
1549008885 0
1549008886 0
1549008887 0
1549008888 0
1549008889 0
1549008890 0
1549008891 0
1549008892 0
1549008893 0
1549008894 0
1549008895 0
1549008896 0
1549008897 0
1549008898 0
1549008899 0
1549008900 0
1549008901 0
1549008902 0
1549008903 0
1549008904 0
1549008905 0
1549008906 0
1549008907 0
1549008908 0
1549008909 0
1549008910 0
1549008911 0
1549008912 0
1549008913 0
1549008914 0
1549008915 0
1549008916 0
1549008917 0
1549008918 0
1549008919 0
1549008920 0
1549008921 0
1549008922 0
1549008923 0
1549008924 0
1549008925 0
1549008926 0
1549008927 0
1549008928 0
1549008929 0
1549008930 0
1549008931 0
1549008932 0
1549008933 0
1549008934 0
1549008935 0
1549008936 0
1549008937 0
1549008938 0
1549008939 0
1549008940 0
1549008941 0
1549008942 0
1549008943 0
1549008944 0
1549008945 0
1549008946 0
1549008947 0
1549008948 0
1549008949 0
1549008950 0
1549008951 0
1549008952 0
1549008953 0
1549008954 0
1549008955 0
1549008956 0
1549008957 0
1549008958 0
1549008959 0
1549008960 0
1549008961 0
1549008962 0
1549008963 0
1549008964 0
1549008965 0
1549008966 0
1549008967 0
1549008968 0
1549008969 0
1549008970 0
1549008971 0
1549008972 0
1549008973 0
1549008974 0
1549008975 0
1549008976 0
1549008977 0
1549008978 0
1549008979 0
1549008980 0
1549008981 0
1549008982 0
1549008983 0
1549008984 0
1549008985 0
1549008986 0
1549008987 0
1549008988 0
1549008989 0
1549008990 0
1549008991 0
1549008992 0
1549008993 0
1549008994 0
1549008995 0
1549008996 0
1549008997 0
1549008998 0
1549008999 0
1549009000 0
1549009001 0
1549009002 0
1549009003 0
1549009004 0
1549009005 0
1549009006 0
1549009007 0
1549009008 0
1549009009 0
1549009010 0
1549009011 0
1549009012 0
1549009013 0
1549009014 0
1549009015 0
1549009016 0
1549009017 0
1549009018 0
1549009019 0
1549009020 0
1549009021 0
1549009022 0
1549009023 0
1549009024 0
1549009025 0
1549009026 0
1549009027 0
1549009028 0
1549009029 0
1549009030 0
1549009031 0
1549009032 0
1549009033 0
1549009034 0
1549009035 0
1549009036 0
1549009037 0
1549009038 0
1549009039 0
1549009040 0
1549009041 0
1549009042 0
1549009043 0
1549009044 0
1549009045 0
1549009046 0
1549009047 0
1549009048 0
1549009049 0
1549009050 0
1549009051 0
1549009052 0
1549009053 0
1549009054 0
1549009055 0
1549009056 0
1549009057 0
1549009058 0
1549009059 0
1549009060 0
1549009061 0
1549009062 0
1549009063 0
1549009064 0
1549009065 0
1549009066 0
1549009067 0
1549009068 0
1549009069 0
1549009070 0
1549009071 0
1549009072 0
1549009073 0
1549009074 0
1549009075 0
1549009076 0
1549009077 0
1549009078 0
1549009079 0
1549009080 0
1549009081 0
1549009082 0
1549009083 0
1549009084 0
1549009085 0
1549009086 0
1549009087 0
1549009088 0
1549009089 0
1549009090 0
1549009091 0
1549009092 0
1549009093 0
1549009094 0
1549009095 0
1549009096 0
1549009097 0
1549009098 0
1549009099 0
1549009100 0
1549009101 0
1549009102 0
1549009103 0
1549009104 0
1549009105 0
1549009106 0
1549009107 0
1549009108 0
1549009109 0
1549009110 0
1549009111 0
1549009112 0
1549009113 0
1549009114 0
1549009115 0
1549009116 0
1549009117 0
1549009118 0
1549009119 0
1549009120 0
1549009121 0
1549009122 0
1549009123 0
1549009124 0
1549009125 0
1549009126 0
1549009127 0
1549009128 0
1549009129 0
1549009130 0
1549009131 0
1549009132 0
1549009133 0
1549009134 0
1549009135 0
1549009136 0
1549009137 0
1549009138 0
1549009139 0
1549009140 0
1549009141 0
1549009142 0
1549009143 0
1549009144 0
1549009145 0
1549009146 0
1549009147 0
1549009148 0
1549009149 0
1549009150 0
1549009151 0
1549009152 0
1549009153 0
1549009154 0
1549009155 0
1549009156 0
1549009157 0
1549009158 0
1549009159 0
1549009160 0
1549009161 0
1549009162 0
1549009163 0
1549009164 0
1549009165 0
1549009166 0
1549009167 0
1549009168 0
1549009169 0
1549009170 0
1549009171 0
1549009172 0
1549009173 0
1549009174 0
1549009175 0
1549009176 0
1549009177 0
1549009178 0
1549009179 0
1549009180 0
1549009181 0
1549009182 0
1549009183 0
1549009184 0
1549009185 0
1549009186 0
1549009187 0
1549009188 0
1549009189 0
1549009190 0
1549009191 0
1549009192 0
1549009193 0
1549009194 0
1549009195 0
1549009196 0
1549009197 0
1549009198 0
1549009199 0
1549009200 0
1549009201 0
1549009202 0
1549009203 0
1549009204 0
1549009205 0
1549009206 0
1549009207 0
1549009208 0
1549009209 0
1549009210 0
1549009211 0
1549009212 0
1549009213 0
1549009214 0
1549009215 0
1549009216 0
1549009217 0
1549009218 0
1549009219 0
1549009220 0
1549009221 0
1549009222 0
1549009223 0
1549009224 0
1549009225 0
1549009226 0
1549009227 0
1549009228 0
1549009229 0
1549009230 0
1549009231 0
1549009232 0
1549009233 0
1549009234 0
1549009235 0
1549009236 0
1549009237 0
1549009238 0
1549009239 0
1549009240 0
1549009241 0
1549009242 0
1549009243 0
1549009244 0
1549009245 0
1549009246 0
1549009247 0
1549009248 0
1549009249 0
1549009250 0
1549009251 0
1549009252 0
1549009253 0
1549009254 0
1549009255 0
1549009256 0
1549009257 0
1549009258 0
1549009259 0
1549009260 0
1549009261 0
1549009262 0
1549009263 0
1549009264 0
1549009265 0
1549009266 0
1549009267 0
1549009268 0
1549009269 0
1549009270 0
1549009271 0
1549009272 0
1549009273 0
1549009274 0
1549009275 0
1549009276 0
1549009277 0
1549009278 0
1549009279 0
1549009280 0
1549009281 0
1549009282 0
1549009283 0
1549009284 0
1549009285 0
1549009286 0
1549009287 0
1549009288 0
1549009289 0
1549009290 0
1549009291 0
1549009292 0
1549009293 0
1549009294 0
1549009295 0
1549009296 0
1549009297 0
1549009298 0
1549009299 0
1549009300 0
1549009301 0
1549009302 0
1549009303 0
1549009304 0
1549009305 0
1549009306 0
1549009307 0
1549009308 0
1549009309 0
1549009310 0
1549009311 0
1549009312 0
1549009313 0
1549009314 0
1549009315 0
1549009316 0
1549009317 0
1549009318 0
1549009319 0
1549009320 0
1549009321 0
1549009322 0
1549009323 0
1549009324 0
1549009325 0
1549009326 0
1549009327 0
1549009328 0
1549009329 0
1549009330 0
1549009331 0
1549009332 0
1549009333 0
1549009334 0
1549009335 0
1549009336 0
1549009337 0
1549009338 0
1549009339 0
1549009340 0
1549009341 0
1549009342 0
1549009343 0
1549009344 0
1549009345 0
1549009346 0
1549009347 0
1549009348 0
1549009349 0
1549009350 0
1549009351 0
1549009352 0
1549009353 0
1549009354 0
1549009355 0
1549009356 0
1549009357 0
1549009358 0
1549009359 0
1549009360 0
1549009361 0
1549009362 0
1549009363 0
1549009364 0
1549009365 0
1549009366 0
1549009367 0
1549009368 0
1549009369 0
1549009370 0
1549009371 0
1549009372 0
1549009373 0
1549009374 0
1549009375 0
1549009376 0
1549009377 0
1549009378 0
1549009379 0
1549009380 0
1549009381 0
1549009382 0
1549009383 0
1549009384 0
1549009385 0
1549009386 0
1549009387 0
1549009388 0
1549009389 0
1549009390 0
1549009391 0
1549009392 0
1549009393 0
1549009394 0
1549009395 0
1549009396 0
1549009397 0
1549009398 0
1549009399 0
1549009400 0
1549009401 0
1549009402 0
1549009403 0
1549009404 0
1549009405 0
1549009406 0
1549009407 0
1549009408 0
1549009409 0
1549009410 0
1549009411 0
1549009412 0
1549009413 0
1549009414 0
1549009415 0
1549009416 0
1549009417 0
1549009418 0
1549009419 0
1549009420 0
1549009421 0
1549009422 0
1549009423 0
1549009424 0
1549009425 0
1549009426 0
1549009427 0
1549009428 0
1549009429 0
1549009430 0
1549009431 0
1549009432 0
1549009433 0
1549009434 0
1549009435 0
1549009436 0
1549009437 0
1549009438 0
1549009439 0
1549009440 0
1549009441 0
1549009442 0
1549009443 0
1549009444 0
1549009445 0
1549009446 0
1549009447 0
1549009448 0
1549009449 0
1549009450 0
1549009451 0
1549009452 0
1549009453 0
1549009454 0
1549009455 0
1549009456 0
1549009457 0
1549009458 0
1549009459 0
1549009460 0
1549009461 0
1549009462 0
1549009463 0
1549009464 0
1549009465 0
1549009466 0
1549009467 0
1549009468 0
1549009469 0
1549009470 0
1549009471 0
1549009472 0
1549009473 0
1549009474 0
1549009475 0
1549009476 0
1549009477 0
1549009478 0
1549009479 0
1549009480 0
1549009481 0
1549009482 0
1549009483 0
1549009484 0
1549009485 0
1549009486 0
1549009487 0
1549009488 0
1549009489 0
1549009490 0
1549009491 0
1549009492 0
1549009493 0
1549009494 0
1549009495 0
1549009496 0
1549009497 0
1549009498 0
1549009499 0
1549009500 0
1549009501 0
1549009502 0
1549009503 0
1549009504 0
1549009505 0
1549009506 0
1549009507 0
1549009508 0
1549009509 0
1549009510 0
1549009511 0
1549009512 0
1549009513 0
1549009514 0
1549009515 0
1549009516 0
1549009517 0
1549009518 0
1549009519 0
1549009520 0
1549009521 0
1549009522 0
1549009523 0
1549009524 0
1549009525 0
1549009526 0
1549009527 0
1549009528 0
1549009529 0
1549009530 0
1549009531 0
1549009532 0
1549009533 0
1549009534 0
1549009535 0
1549009536 0
1549009537 0
1549009538 0
1549009539 0
1549009540 0
1549009541 0
1549009542 0
1549009543 0
1549009544 0
1549009545 0
1549009546 0
1549009547 0
1549009548 0
1549009549 0
1549009550 0
1549009551 0
1549009552 0
1549009553 0
1549009554 0
1549009555 0
1549009556 0
1549009557 0
1549009558 0
1549009559 0
1549009560 0
1549009561 0
1549009562 0
1549009563 0
1549009564 0
1549009565 0
1549009566 0
1549009567 0
1549009568 0
1549009569 0
1549009570 0
1549009571 0
1549009572 0
1549009573 0
1549009574 0
1549009575 0
1549009576 0
1549009577 0
1549009578 0
1549009579 0
1549009580 0
1549009581 0
1549009582 0
1549009583 0
1549009584 0
1549009585 0
1549009586 0
1549009587 0
1549009588 0
1549009589 0
1549009590 0
1549009591 0
1549009592 0
1549009593 0
1549009594 0
1549009595 0
1549009596 0
1549009597 0
1549009598 0
1549009599 0
1549009600 0
1549009601 0
1549009602 0
1549009603 0
1549009604 0
1549009605 0
1549009606 0
1549009607 0
1549009608 0
1549009609 0
1549009610 0
1549009611 0
1549009612 0
1549009613 0
1549009614 0
1549009615 0
1549009616 0
1549009617 0
1549009618 0
1549009619 0
1549009620 0
1549009621 0
1549009622 0
1549009623 0
1549009624 0
1549009625 0
1549009626 0
1549009627 0
1549009628 0
1549009629 0
1549009630 0
1549009631 0
1549009632 0
1549009633 0
1549009634 0
1549009635 0
1549009636 0
1549009637 0
1549009638 0
1549009639 0
1549009640 0
1549009641 0
1549009642 0
1549009643 0
1549009644 0
1549009645 0
1549009646 0
1549009647 0
1549009648 0
1549009649 0
1549009650 0
1549009651 0
1549009652 0
1549009653 0
1549009654 0
1549009655 0
1549009656 0
1549009657 0
1549009658 0
1549009659 0
1549009660 0
1549009661 0
1549009662 0
1549009663 0
1549009664 0
1549009665 0
1549009666 0
1549009667 0
1549009668 0
1549009669 0
1549009670 0
1549009671 0
1549009672 0
1549009673 0
1549009674 0
1549009675 0
1549009676 0
1549009677 0
1549009678 0
1549009679 0
1549009680 0
1549009681 0
1549009682 0
1549009683 0
1549009684 0
1549009685 0
1549009686 0
1549009687 0
1549009688 0
1549009689 0
1549009690 0
1549009691 0
1549009692 0
1549009693 0
1549009694 0
1549009695 0
1549009696 0
1549009697 0
1549009698 0
1549009699 0
1549009700 0
1549009701 0
1549009702 0
1549009703 0
1549009704 0
1549009705 0
1549009706 0
1549009707 0
1549009708 0
1549009709 0
1549009710 0
1549009711 0
1549009712 0
1549009713 0
1549009714 0
1549009715 0
1549009716 0
1549009717 0
1549009718 0
1549009719 0
1549009720 0
1549009721 0
1549009722 0
1549009723 0
1549009724 0
1549009725 0
1549009726 0
1549009727 0
1549009728 0
1549009729 0
1549009730 0
1549009731 0
1549009732 0
1549009733 0
1549009734 0
1549009735 0
1549009736 0
1549009737 0
1549009738 0
1549009739 0
1549009740 0
1549009741 0
1549009742 0
1549009743 0
1549009744 0
1549009745 0
1549009746 0
1549009747 0
1549009748 0
1549009749 0
1549009750 0
1549009751 0
1549009752 0
1549009753 0
1549009754 0
1549009755 0
1549009756 0
1549009757 0
1549009758 0
1549009759 0
1549009760 0
1549009761 0
1549009762 0
1549009763 0
1549009764 0
1549009765 0
1549009766 0
1549009767 0
1549009768 0
1549009769 0
1549009770 0
1549009771 0
1549009772 0
1549009773 0
1549009774 0
1549009775 0
1549009776 0
1549009777 0
1549009778 0
1549009779 0
1549009780 0
1549009781 0
1549009782 0
1549009783 0
1549009784 0
1549009785 0
1549009786 0
1549009787 0
1549009788 0
1549009789 0
1549009790 0
1549009791 0
1549009792 0
1549009793 0
1549009794 0
1549009795 0
1549009796 0
1549009797 0
1549009798 0
1549009799 0
1549009800 0
1549009801 0
1549009802 0
1549009803 0
1549009804 0
1549009805 0
1549009806 0
1549009807 0
1549009808 0
1549009809 0
1549009810 0
1549009811 0
1549009812 0
1549009813 0
1549009814 0
1549009815 0
1549009816 0
1549009817 0
1549009818 0
1549009819 0
1549009820 0
1549009821 0
1549009822 0
1549009823 0
1549009824 0
1549009825 0
1549009826 0
1549009827 0
1549009828 0
1549009829 0
1549009830 0
1549009831 0
1549009832 0
1549009833 0
1549009834 0
1549009835 0
1549009836 0
1549009837 0
1549009838 0
1549009839 0
1549009840 0
1549009841 0
1549009842 0
1549009843 0
1549009844 0
1549009845 0
1549009846 0
1549009847 0
1549009848 0
1549009849 0
1549009850 0
1549009851 0
1549009852 0
1549009853 0
1549009854 0
1549009855 0
1549009856 0
1549009857 0
1549009858 0
1549009859 0
1549009860 0
1549009861 0
1549009862 0
1549009863 0
1549009864 0
1549009865 0
1549009866 0
1549009867 0
1549009868 0
1549009869 0
1549009870 0
1549009871 0
1549009872 0
1549009873 0
1549009874 0
1549009875 0
1549009876 0
1549009877 0
1549009878 0
1549009879 0
1549009880 0
1549009881 0
1549009882 0
1549009883 0
1549009884 0
1549009885 0
1549009886 0
1549009887 0
1549009888 0
1549009889 0
1549009890 0
1549009891 0
1549009892 0
1549009893 0
1549009894 0
1549009895 0
1549009896 0
1549009897 0
1549009898 0
1549009899 0
1549009900 0
1549009901 0
1549009902 0
1549009903 0
1549009904 0
1549009905 0
1549009906 0
1549009907 0
1549009908 0
1549009909 0
1549009910 0
1549009911 0
1549009912 0
1549009913 0
1549009914 0
1549009915 0
1549009916 0
1549009917 0
1549009918 0
1549009919 0
1549009920 0
1549009921 0
1549009922 0
1549009923 0
1549009924 0
1549009925 0
1549009926 0
1549009927 0
1549009928 0
1549009929 0
1549009930 0
1549009931 0
1549009932 0
1549009933 0
1549009934 0
1549009935 0
1549009936 0
1549009937 0
1549009938 0
1549009939 0
1549009940 0
1549009941 0
1549009942 0
1549009943 0
1549009944 0
1549009945 0
1549009946 0
1549009947 0
1549009948 0
1549009949 0
1549009950 0
1549009951 0
1549009952 0
1549009953 0
1549009954 0
1549009955 0
1549009956 0
1549009957 0
1549009958 0
1549009959 0
1549009960 0
1549009961 0
1549009962 0
1549009963 0
1549009964 0
1549009965 0
1549009966 0
1549009967 0
1549009968 0
1549009969 0
1549009970 0
1549009971 0
1549009972 0
1549009973 0
1549009974 0
1549009975 0
1549009976 0
1549009977 0
1549009978 0
1549009979 0
1549009980 0
1549009981 0
1549009982 0
1549009983 0
1549009984 0
1549009985 0
1549009986 0
1549009987 0
1549009988 0
1549009989 0
1549009990 0
1549009991 0
1549009992 0
1549009993 0
1549009994 0
1549009995 0
1549009996 0
1549009997 0
1549009998 0
1549009999 0
1549010000 0
1549010001 0
1549010002 0
1549010003 0
1549010004 0
1549010005 0
1549010006 0
1549010007 0
1549010008 0
1549010009 0
1549010010 0
1549010011 0
1549010012 0
1549010013 0
1549010014 0
1549010015 0
1549010016 0
1549010017 0
1549010018 0
1549010019 0
1549010020 0
1549010021 0
1549010022 0
1549010023 0
1549010024 0
1549010025 0
1549010026 0
1549010027 0
1549010028 0
1549010029 0
1549010030 0
1549010031 0
1549010032 0
1549010033 0
1549010034 0
1549010035 0
1549010036 0
1549010037 0
1549010038 0
1549010039 0
1549010040 0
1549010041 0
1549010042 0
1549010043 0
1549010044 0
1549010045 0
1549010046 0
1549010047 0
1549010048 0
1549010049 0
1549010050 0
1549010051 0
1549010052 0
1549010053 0
1549010054 0
1549010055 0
1549010056 0
1549010057 0
1549010058 0
1549010059 0
1549010060 0
1549010061 0
1549010062 0
1549010063 0
1549010064 0
1549010065 0
1549010066 0
1549010067 0
1549010068 0
1549010069 0
1549010070 0
1549010071 0
1549010072 0
1549010073 0
1549010074 0
1549010075 0
1549010076 0
1549010077 0
1549010078 0
1549010079 0
1549010080 0
1549010081 0
1549010082 0
1549010083 0
1549010084 0
1549010085 0
1549010086 0
1549010087 0
1549010088 0
1549010089 0
1549010090 0
1549010091 0
1549010092 0
1549010093 0
1549010094 0
1549010095 0
1549010096 0
1549010097 0
1549010098 0
1549010099 0
1549010100 0
1549010101 0
1549010102 0
1549010103 0
1549010104 0
1549010105 0
1549010106 0
1549010107 0
1549010108 0
1549010109 0
1549010110 0
1549010111 0
1549010112 0
1549010113 0
1549010114 0
1549010115 0
1549010116 0
1549010117 0
1549010118 0
1549010119 0
1549010120 0
1549010121 0
1549010122 0
1549010123 0
1549010124 0
1549010125 0
1549010126 0
1549010127 0
1549010128 0
1549010129 0
1549010130 0
1549010131 0
1549010132 0
1549010133 0
1549010134 0
1549010135 0
1549010136 0
1549010137 0
1549010138 0
1549010139 0
1549010140 0
1549010141 0
1549010142 0
1549010143 0
1549010144 0
1549010145 0
1549010146 0
1549010147 0
1549010148 0
1549010149 0
1549010150 0
1549010151 0
1549010152 0
1549010153 0
1549010154 0
1549010155 0
1549010156 0
1549010157 0
1549010158 0
1549010159 0
1549010160 0
1549010161 0
1549010162 0
1549010163 0
1549010164 0
1549010165 0
1549010166 0
1549010167 0
1549010168 0
1549010169 0
1549010170 0
1549010171 0
1549010172 0
1549010173 0
1549010174 0
1549010175 0
1549010176 0
1549010177 0
1549010178 0
1549010179 0
1549010180 0
1549010181 0
1549010182 0
1549010183 0
1549010184 0
1549010185 0
1549010186 0
1549010187 0
1549010188 0
1549010189 0
1549010190 0
1549010191 0
1549010192 0
1549010193 0
1549010194 0
1549010195 0
1549010196 0
1549010197 0
1549010198 0
1549010199 0
1549010200 0
1549010201 0
1549010202 0
1549010203 0
1549010204 0
1549010205 0
1549010206 0
1549010207 0
1549010208 0
1549010209 0
1549010210 0
1549010211 0
1549010212 0
1549010213 0
1549010214 0
1549010215 0
1549010216 0
1549010217 0
1549010218 0
1549010219 0
1549010220 0
1549010221 0
1549010222 0
1549010223 0
1549010224 0
1549010225 0
1549010226 0
1549010227 0
1549010228 0
1549010229 0
1549010230 0
1549010231 0
1549010232 0
1549010233 0
1549010234 0
1549010235 0
1549010236 0
1549010237 0
1549010238 0
1549010239 0
1549010240 0
1549010241 0
1549010242 0
1549010243 0
1549010244 0
1549010245 0
1549010246 0
1549010247 0
1549010248 0
1549010249 0
1549010250 0
1549010251 0
1549010252 0
1549010253 0
1549010254 0
1549010255 0
1549010256 0
1549010257 0
1549010258 0
1549010259 0
1549010260 0
1549010261 0
1549010262 0
1549010263 0
1549010264 0
1549010265 0
1549010266 0
1549010267 0
1549010268 0
1549010269 0
1549010270 0
1549010271 0
1549010272 0
1549010273 0
1549010274 0
1549010275 0
1549010276 0
1549010277 0
1549010278 0
1549010279 0
1549010280 0
1549010281 0
1549010282 0
1549010283 0
1549010284 0
1549010285 0
1549010286 0
1549010287 0
1549010288 0
1549010289 0
1549010290 0
1549010291 0
1549010292 0
1549010293 0
1549010294 0
1549010295 0
1549010296 0
1549010297 0
1549010298 0
1549010299 0
1549010300 0
1549010301 0
1549010302 0
1549010303 0
1549010304 0
1549010305 0
1549010306 0
1549010307 0
1549010308 0
1549010309 0
1549010310 0
1549010311 0
1549010312 0
1549010313 0
1549010314 0
1549010315 0
1549010316 0
1549010317 0
1549010318 0
1549010319 0
1549010320 0
1549010321 0
1549010322 0
1549010323 0
1549010324 0
1549010325 0
1549010326 0
1549010327 0
1549010328 0
1549010329 0
1549010330 0
1549010331 0
1549010332 0
1549010333 0
1549010334 0
1549010335 0
1549010336 0
1549010337 0
1549010338 0
1549010339 0
1549010340 0
1549010341 0
1549010342 0
1549010343 0
1549010344 0
1549010345 0
1549010346 0
1549010347 0
1549010348 0
1549010349 0
1549010350 0
1549010351 0
1549010352 0
1549010353 0
1549010354 0
1549010355 0
1549010356 0
1549010357 0
1549010358 0
1549010359 0
1549010360 0
1549010361 0
1549010362 0
1549010363 0
1549010364 0
1549010365 0
1549010366 0
1549010367 0
1549010368 0
1549010369 0
1549010370 0
1549010371 0
1549010372 0
1549010373 0
1549010374 0
1549010375 0
1549010376 0
1549010377 0
1549010378 0
1549010379 0
1549010380 0
1549010381 0
1549010382 0
1549010383 0
1549010384 0
1549010385 0
1549010386 0
1549010387 0
1549010388 0
1549010389 0
1549010390 0
1549010391 0
1549010392 0
1549010393 0
1549010394 0
1549010395 0
1549010396 0
1549010397 0
1549010398 0
1549010399 0
1549010400 0
1549010401 0
1549010402 0
1549010403 0
1549010404 0
1549010405 0
1549010406 0
1549010407 0
1549010408 0
1549010409 0
1549010410 0
1549010411 0
1549010412 0
1549010413 0
1549010414 0
1549010415 0
1549010416 0
1549010417 0
1549010418 0
1549010419 0
1549010420 0
1549010421 0
1549010422 0
1549010423 0
1549010424 0
1549010425 0
1549010426 0
1549010427 0
1549010428 0
1549010429 0
1549010430 0
1549010431 0
1549010432 0
1549010433 0
1549010434 0
1549010435 0
1549010436 0
1549010437 0
1549010438 0
1549010439 0
1549010440 0
1549010441 0
1549010442 0
1549010443 0
1549010444 0
1549010445 0
1549010446 0
1549010447 0
1549010448 0
1549010449 0
1549010450 0
1549010451 0
1549010452 0
1549010453 0
1549010454 0
1549010455 0
1549010456 0
1549010457 0
1549010458 0
1549010459 0
1549010460 0
1549010461 0
1549010462 0
1549010463 0
1549010464 0
1549010465 0
1549010466 0
1549010467 0
1549010468 0
1549010469 0
1549010470 0
1549010471 0
1549010472 0
1549010473 0
1549010474 0
1549010475 0
1549010476 0
1549010477 0
1549010478 0
1549010479 0
1549010480 0
1549010481 0
1549010482 0
1549010483 0
1549010484 0
1549010485 0
1549010486 0
1549010487 0
1549010488 0
1549010489 0
1549010490 0
1549010491 0
1549010492 0
1549010493 0
1549010494 0
1549010495 0
1549010496 0
1549010497 0
1549010498 0
1549010499 0
1549010500 0
1549010501 0
1549010502 0
1549010503 0
1549010504 0
1549010505 0
1549010506 0
1549010507 0
1549010508 0
1549010509 0
1549010510 0
1549010511 0
1549010512 0
1549010513 0
1549010514 0
1549010515 0
1549010516 0
1549010517 0
1549010518 0
1549010519 0
1549010520 0
1549010521 0
1549010522 0
1549010523 0
1549010524 0
1549010525 0
1549010526 0
1549010527 0
1549010528 0
1549010529 0
1549010530 0
1549010531 0
1549010532 0
1549010533 0
1549010534 0
1549010535 0
1549010536 0
1549010537 0
1549010538 0
1549010539 0
1549010540 0
1549010541 0
1549010542 0
1549010543 0
1549010544 0
1549010545 0
1549010546 0
1549010547 0
1549010548 0
1549010549 0
1549010550 0
1549010551 0
1549010552 0
1549010553 0
1549010554 0
1549010555 0
1549010556 0
1549010557 0
1549010558 0
1549010559 0
1549010560 0
1549010561 0
1549010562 0
1549010563 0
1549010564 0
1549010565 0
1549010566 0
1549010567 0
1549010568 0
1549010569 0
1549010570 0
1549010571 0
1549010572 0
1549010573 0
1549010574 0
1549010575 0
1549010576 0
1549010577 0
1549010578 0
1549010579 0
1549010580 0
1549010581 0
1549010582 0
1549010583 0
1549010584 0
1549010585 0
1549010586 0
1549010587 0
1549010588 0
1549010589 0
1549010590 0
1549010591 0
1549010592 0
1549010593 0
1549010594 0
1549010595 0
1549010596 0
1549010597 0
1549010598 0
1549010599 0
1549010600 0
1549010601 0
1549010602 0
1549010603 0
1549010604 0
1549010605 0
1549010606 0
1549010607 0
1549010608 0
1549010609 0
1549010610 0
1549010611 0
1549010612 0
1549010613 0
1549010614 0
1549010615 0
1549010616 0
1549010617 0
1549010618 0
1549010619 0
1549010620 0
1549010621 0
1549010622 0
1549010623 0
1549010624 0
1549010625 0
1549010626 0
1549010627 0
1549010628 0
1549010629 0
1549010630 0
1549010631 0
1549010632 0
1549010633 0
1549010634 0
1549010635 0
1549010636 0
1549010637 0
1549010638 0
1549010639 0
1549010640 0
1549010641 0
1549010642 0
1549010643 0
1549010644 0
1549010645 0
1549010646 0
1549010647 0
1549010648 0
1549010649 0
1549010650 0
1549010651 0
1549010652 0
1549010653 0
1549010654 0
1549010655 0
1549010656 0
1549010657 0
1549010658 0
1549010659 0
1549010660 0
1549010661 0
1549010662 0
1549010663 0
1549010664 0
1549010665 0
1549010666 0
1549010667 0
1549010668 0
1549010669 0
1549010670 0
1549010671 0
1549010672 0
1549010673 0
1549010674 0
1549010675 0
1549010676 0
1549010677 0
1549010678 0
1549010679 0
1549010680 0
1549010681 0
1549010682 0
1549010683 0
1549010684 0
1549010685 0
1549010686 0
1549010687 0
1549010688 0
1549010689 0
1549010690 0
1549010691 0
1549010692 0
1549010693 0
1549010694 0
1549010695 0
1549010696 0
1549010697 0
1549010698 0
1549010699 0
1549010700 0
1549010701 0
1549010702 0
1549010703 0
1549010704 0
1549010705 0
1549010706 0
1549010707 0
1549010708 0
1549010709 0
1549010710 0
1549010711 0
1549010712 0
1549010713 0
1549010714 0
1549010715 0
1549010716 0
1549010717 0
1549010718 0
1549010719 0
1549010720 0
1549010721 0
1549010722 0
1549010723 0
1549010724 0
1549010725 0
1549010726 0
1549010727 0
1549010728 0
1549010729 0
1549010730 0
1549010731 0
1549010732 0
1549010733 0
1549010734 0
1549010735 0
1549010736 0
1549010737 0
1549010738 0
1549010739 0
1549010740 0
1549010741 0
1549010742 0
1549010743 0
1549010744 0
1549010745 0
1549010746 0
1549010747 0
1549010748 0
1549010749 0
1549010750 0
1549010751 0
1549010752 0
1549010753 0
1549010754 0
1549010755 0
1549010756 0
1549010757 0
1549010758 0
1549010759 0
1549010760 0
1549010761 0
1549010762 0
1549010763 0
1549010764 0
1549010765 0
1549010766 0
1549010767 0
1549010768 0
1549010769 0
1549010770 0
1549010771 0
1549010772 0
1549010773 0
1549010774 0
1549010775 0
1549010776 0
1549010777 0
1549010778 0
1549010779 0
1549010780 0
1549010781 0
1549010782 0
1549010783 0
1549010784 0
1549010785 0
1549010786 0
1549010787 0
1549010788 0
1549010789 0
1549010790 0
1549010791 0
1549010792 0
1549010793 0
1549010794 0
1549010795 0
1549010796 0
1549010797 0
1549010798 0
1549010799 0
1549010800 0
1549010801 0
1549010802 0
1549010803 0
1549010804 0
1549010805 0
1549010806 0
1549010807 0
1549010808 0
1549010809 0
1549010810 0
1549010811 0
1549010812 0
1549010813 0
1549010814 0
1549010815 0
1549010816 0
1549010817 0
1549010818 0
1549010819 0
1549010820 0
1549010821 0
1549010822 0
1549010823 0
1549010824 0
1549010825 0
1549010826 0
1549010827 0
1549010828 0
1549010829 0
1549010830 0
1549010831 0
1549010832 0
1549010833 0
1549010834 0
1549010835 0
1549010836 0
1549010837 0
1549010838 0
1549010839 0
1549010840 0
1549010841 0
1549010842 0
1549010843 0
1549010844 0
1549010845 0
1549010846 0
1549010847 0
1549010848 0
1549010849 0
1549010850 0
1549010851 0
1549010852 0
1549010853 0
1549010854 0
1549010855 0
1549010856 0
1549010857 0
1549010858 0
1549010859 0
1549010860 0
1549010861 0
1549010862 0
1549010863 0
1549010864 0
1549010865 0
1549010866 0
1549010867 0
1549010868 0
1549010869 0
1549010870 0
1549010871 0
1549010872 0
1549010873 0
1549010874 0
1549010875 0
1549010876 0
1549010877 0
1549010878 0
1549010879 0
1549010880 0
1549010881 0
1549010882 0
1549010883 0
1549010884 0
1549010885 0
1549010886 0
1549010887 0
1549010888 0
1549010889 0
1549010890 0
1549010891 0
1549010892 0
1549010893 0
1549010894 0
1549010895 0
1549010896 0
1549010897 0
1549010898 0
1549010899 0
1549010900 0
1549010901 0
1549010902 0
1549010903 0
1549010904 0
1549010905 0
1549010906 0
1549010907 0
1549010908 0
1549010909 0
1549010910 0
1549010911 0
1549010912 0
1549010913 0
1549010914 0
1549010915 0
1549010916 0
1549010917 0
1549010918 0
1549010919 0
1549010920 0
1549010921 0
1549010922 0
1549010923 0
1549010924 0
1549010925 0
1549010926 0
1549010927 0
1549010928 0
1549010929 0
1549010930 0
1549010931 0
1549010932 0
1549010933 0
1549010934 0
1549010935 0
1549010936 0
1549010937 0
1549010938 0
1549010939 0
1549010940 0
1549010941 0
1549010942 0
1549010943 0
1549010944 0
1549010945 0
1549010946 0
1549010947 0
1549010948 0
1549010949 0
1549010950 0
1549010951 0
1549010952 0
1549010953 0
1549010954 0
1549010955 0
1549010956 0
1549010957 0
1549010958 0
1549010959 0
1549010960 0
1549010961 0
1549010962 0
1549010963 0
1549010964 0
1549010965 0
1549010966 0
1549010967 0
1549010968 0
1549010969 0
1549010970 0
1549010971 0
1549010972 0
1549010973 0
1549010974 0
1549010975 0
1549010976 0
1549010977 0
1549010978 0
1549010979 0
1549010980 0
1549010981 0
1549010982 0
1549010983 0
1549010984 0
1549010985 0
1549010986 0
1549010987 0
1549010988 0
1549010989 0
1549010990 0
1549010991 0
1549010992 0
1549010993 0
1549010994 0
1549010995 0
1549010996 0
1549010997 0
1549010998 0
1549010999 0
1549011000 0
1549011001 0
1549011002 0
1549011003 0
1549011004 0
1549011005 0
1549011006 0
1549011007 0
1549011008 0
1549011009 0
1549011010 0
1549011011 0
1549011012 0
1549011013 0
1549011014 0
1549011015 0
1549011016 0
1549011017 0
1549011018 0
1549011019 0
1549011020 0
1549011021 0
1549011022 0
1549011023 0
1549011024 0
1549011025 0
1549011026 0
1549011027 0
1549011028 0
1549011029 0
1549011030 0
1549011031 0
1549011032 0
1549011033 0
1549011034 0
1549011035 0
1549011036 0
1549011037 0
1549011038 0
1549011039 0
1549011040 0
1549011041 0
1549011042 0
1549011043 0
1549011044 0
1549011045 0
1549011046 0
1549011047 0
1549011048 0
1549011049 0
1549011050 0
1549011051 0
1549011052 0
1549011053 0
1549011054 0
1549011055 0
1549011056 0
1549011057 0
1549011058 0
1549011059 0
1549011060 0
1549011061 0
1549011062 0
1549011063 0
1549011064 0
1549011065 0
1549011066 0
1549011067 0
1549011068 0
1549011069 0
1549011070 0
1549011071 0
1549011072 0
1549011073 0
1549011074 0
1549011075 0
1549011076 0
1549011077 0
1549011078 0
1549011079 0
1549011080 0
1549011081 0
1549011082 0
1549011083 0
1549011084 0
1549011085 0
1549011086 0
1549011087 0
1549011088 0
1549011089 0
1549011090 0
1549011091 0
1549011092 0
1549011093 0
1549011094 0
1549011095 0
1549011096 0
1549011097 0
1549011098 0
1549011099 0
1549011100 0
1549011101 0
1549011102 0
1549011103 0
1549011104 0
1549011105 0
1549011106 0
1549011107 0
1549011108 0
1549011109 0
1549011110 0
1549011111 0
1549011112 0
1549011113 0
1549011114 0
1549011115 0
1549011116 0
1549011117 0
1549011118 0
1549011119 0
1549011120 0
1549011121 0
1549011122 0
1549011123 0
1549011124 0
1549011125 0
1549011126 0
1549011127 0
1549011128 0
1549011129 0
1549011130 0
1549011131 0
1549011132 0
1549011133 0
1549011134 0
1549011135 0
1549011136 0
1549011137 0
1549011138 0
1549011139 0
1549011140 0
1549011141 0
1549011142 0
1549011143 0
1549011144 0
1549011145 0
1549011146 0
1549011147 0
1549011148 0
1549011149 0
1549011150 0
1549011151 0
1549011152 0
1549011153 0
1549011154 0
1549011155 0
1549011156 0
1549011157 0
1549011158 0
1549011159 0
1549011160 0
1549011161 0
1549011162 0
1549011163 0
1549011164 0
1549011165 0
1549011166 0
1549011167 0
1549011168 0
1549011169 0
1549011170 0
1549011171 0
1549011172 0
1549011173 0
1549011174 0
1549011175 0
1549011176 0
1549011177 0
1549011178 0
1549011179 0
1549011180 0
1549011181 0
1549011182 0
1549011183 0
1549011184 0
1549011185 0
1549011186 0
1549011187 0
1549011188 0
1549011189 0
1549011190 0
1549011191 0
1549011192 0
1549011193 0
1549011194 0
1549011195 0
1549011196 0
1549011197 0
1549011198 0
1549011199 0
1549011200 0
1549011201 0
1549011202 0
1549011203 0
1549011204 0
1549011205 0
1549011206 0
1549011207 0
1549011208 0
1549011209 0
1549011210 0
1549011211 0
1549011212 0
1549011213 0
1549011214 0
1549011215 0
1549011216 0
1549011217 0
1549011218 0
1549011219 0
1549011220 0
1549011221 0
1549011222 0
1549011223 0
1549011224 0
1549011225 0
1549011226 0
1549011227 0
1549011228 0
1549011229 0
1549011230 0
1549011231 0
1549011232 0
1549011233 0
1549011234 0
1549011235 0
1549011236 0
1549011237 0
1549011238 0
1549011239 0
1549011240 0
1549011241 0
1549011242 0
1549011243 0
1549011244 0
1549011245 0
1549011246 0
1549011247 0
1549011248 0
1549011249 0
1549011250 0
1549011251 0
1549011252 0
1549011253 0
1549011254 0
1549011255 0
1549011256 0
1549011257 0
1549011258 0
1549011259 0
1549011260 0
1549011261 0
1549011262 0
1549011263 0
1549011264 0
1549011265 0
1549011266 0
1549011267 0
1549011268 0
1549011269 0
1549011270 0
1549011271 0
1549011272 0
1549011273 0
1549011274 0
1549011275 0
1549011276 0
1549011277 0
1549011278 0
1549011279 0
1549011280 0
1549011281 0
1549011282 0
1549011283 0
1549011284 0
1549011285 0
1549011286 0
1549011287 0
1549011288 0
1549011289 0
1549011290 0
1549011291 0
1549011292 0
1549011293 0
1549011294 0
1549011295 0
1549011296 0
1549011297 0
1549011298 0
1549011299 0
1549011300 0
1549011301 0
1549011302 0
1549011303 0
1549011304 0
1549011305 0
1549011306 0
1549011307 0
1549011308 0
1549011309 0
1549011310 0
1549011311 0
1549011312 0
1549011313 0
1549011314 0
1549011315 0
1549011316 0
1549011317 0
1549011318 0
1549011319 0
1549011320 0
1549011321 0
1549011322 0
1549011323 0
1549011324 0
1549011325 0
1549011326 0
1549011327 0
1549011328 0
1549011329 0
1549011330 0
1549011331 0
1549011332 0
1549011333 0
1549011334 0
1549011335 0
1549011336 0
1549011337 0
1549011338 0
1549011339 0
1549011340 0
1549011341 0
1549011342 0
1549011343 0
1549011344 0
1549011345 0
1549011346 0
1549011347 0
1549011348 0
1549011349 0
1549011350 0
1549011351 0
1549011352 0
1549011353 0
1549011354 0
1549011355 0
1549011356 0
1549011357 0
1549011358 0
1549011359 0
1549011360 0
1549011361 0
1549011362 0
1549011363 0
1549011364 0
1549011365 0
1549011366 0
1549011367 0
1549011368 0
1549011369 0
1549011370 0
1549011371 0
1549011372 0
1549011373 0
1549011374 0
1549011375 0
1549011376 0
1549011377 0
1549011378 0
1549011379 0
1549011380 0
1549011381 0
1549011382 0
1549011383 0
1549011384 0
1549011385 0
1549011386 0
1549011387 0
1549011388 0
1549011389 0
1549011390 0
1549011391 0
1549011392 0
1549011393 0
1549011394 0
1549011395 0
1549011396 0
1549011397 0
1549011398 0
1549011399 0
1549011400 0
1549011401 0
1549011402 0
1549011403 0
1549011404 0
1549011405 0
1549011406 0
1549011407 0
1549011408 0
1549011409 0
1549011410 0
1549011411 0
1549011412 0
1549011413 0
1549011414 0
1549011415 0
1549011416 0
1549011417 0
1549011418 0
1549011419 0
1549011420 0
1549011421 0
1549011422 0
1549011423 0
1549011424 0
1549011425 0
1549011426 0
1549011427 0
1549011428 0
1549011429 0
1549011430 0
1549011431 0
1549011432 0
1549011433 0
1549011434 0
1549011435 0
1549011436 0
1549011437 0
1549011438 0
1549011439 0
1549011440 0
1549011441 0
1549011442 0
1549011443 0
1549011444 0
1549011445 0
1549011446 0
1549011447 0
1549011448 0
1549011449 0
1549011450 0
1549011451 0
1549011452 0
1549011453 0
1549011454 0
1549011455 0
1549011456 0
1549011457 0
1549011458 0
1549011459 0
1549011460 0
1549011461 0
1549011462 0
1549011463 0
1549011464 0
1549011465 0
1549011466 0
1549011467 0
1549011468 0
1549011469 0
1549011470 0
1549011471 0
1549011472 0
1549011473 0
1549011474 0
1549011475 0
1549011476 0
1549011477 0
1549011478 0
1549011479 0
1549011480 0
1549011481 0
1549011482 0
1549011483 0
1549011484 0
1549011485 0
1549011486 0
1549011487 0
1549011488 0
1549011489 0
1549011490 0
1549011491 0
1549011492 0
1549011493 0
1549011494 0
1549011495 0
1549011496 0
1549011497 0
1549011498 0
1549011499 0
1549011500 0
1549011501 0
1549011502 0
1549011503 0
1549011504 0
1549011505 0
1549011506 0
1549011507 0
1549011508 0
1549011509 0
1549011510 0
1549011511 0
1549011512 0
1549011513 0
1549011514 0
1549011515 0
1549011516 0
1549011517 0
1549011518 0
1549011519 0
1549011520 0
1549011521 0
1549011522 0
1549011523 0
1549011524 0
1549011525 0
1549011526 0
1549011527 0
1549011528 0
1549011529 0
1549011530 0
1549011531 0
1549011532 0
1549011533 0
1549011534 0
1549011535 0
1549011536 0
1549011537 0
1549011538 0
1549011539 0
1549011540 0
1549011541 0
1549011542 0
1549011543 0
1549011544 0
1549011545 0
1549011546 0
1549011547 0
1549011548 0
1549011549 0
1549011550 0
1549011551 0
1549011552 0
1549011553 0
1549011554 0
1549011555 0
1549011556 0
1549011557 0
1549011558 0
1549011559 0
1549011560 0
1549011561 0
1549011562 0
1549011563 0
1549011564 0
1549011565 0
1549011566 0
1549011567 0
1549011568 0
1549011569 0
1549011570 0
1549011571 0
1549011572 0
1549011573 0
1549011574 0
1549011575 0
1549011576 0
1549011577 0
1549011578 0
1549011579 0
1549011580 0
1549011581 0
1549011582 0
1549011583 0
1549011584 0
1549011585 0
1549011586 0
1549011587 0
1549011588 0
1549011589 0
1549011590 0
1549011591 0
1549011592 0
1549011593 0
1549011594 0
1549011595 0
1549011596 0
1549011597 0
1549011598 0
1549011599 0
1549011600 0
1549011601 0
1549011602 0
1549011603 0
1549011604 0
1549011605 0
1549011606 0
1549011607 0
1549011608 0
1549011609 0
1549011610 0
1549011611 0
1549011612 0
1549011613 0
1549011614 0
1549011615 0
1549011616 0
1549011617 0
1549011618 0
1549011619 0
1549011620 0
1549011621 0
1549011622 0
1549011623 0
1549011624 0
1549011625 0
1549011626 0
1549011627 0
1549011628 0
1549011629 0
1549011630 0
1549011631 0
1549011632 0
1549011633 0
1549011634 0
1549011635 0
1549011636 0
1549011637 0
1549011638 0
1549011639 0
1549011640 0
1549011641 0
1549011642 0
1549011643 0
1549011644 0
1549011645 0
1549011646 0
1549011647 0
1549011648 0
1549011649 0
1549011650 0
1549011651 0
1549011652 0
1549011653 0
1549011654 0
1549011655 0
1549011656 0
1549011657 0
1549011658 0
1549011659 0
1549011660 0
1549011661 0
1549011662 0
1549011663 0
1549011664 0
1549011665 0
1549011666 0
1549011667 0
1549011668 0
1549011669 0
1549011670 0
1549011671 0
1549011672 0
1549011673 0
1549011674 0
1549011675 0
1549011676 0
1549011677 0
1549011678 0
1549011679 0
1549011680 0
1549011681 0
1549011682 0
1549011683 0
1549011684 0
1549011685 0
1549011686 0
1549011687 0
1549011688 0
1549011689 0
1549011690 0
1549011691 0
1549011692 0
1549011693 0
1549011694 0
1549011695 0
1549011696 0
1549011697 0
1549011698 0
1549011699 0
1549011700 0
1549011701 0
1549011702 0
1549011703 0
1549011704 0
1549011705 0
1549011706 0
1549011707 0
1549011708 0
1549011709 0
1549011710 0
1549011711 0
1549011712 0
1549011713 0
1549011714 0
1549011715 0
1549011716 0
1549011717 0
1549011718 0
1549011719 0
1549011720 0
1549011721 0
1549011722 0
1549011723 0
1549011724 0
1549011725 0
1549011726 0
1549011727 0
1549011728 0
1549011729 0
1549011730 0
1549011731 0
1549011732 0
1549011733 0
1549011734 0
1549011735 0
1549011736 0
1549011737 0
1549011738 0
1549011739 0
1549011740 0
1549011741 0
1549011742 0
1549011743 0
1549011744 0
1549011745 0
1549011746 0
1549011747 0
1549011748 0
1549011749 0
1549011750 0
1549011751 0
1549011752 0
1549011753 0
1549011754 0
1549011755 0
1549011756 0
1549011757 0
1549011758 0
1549011759 0
1549011760 0
1549011761 0
1549011762 0
1549011763 0
1549011764 0
1549011765 0
1549011766 0
1549011767 0
1549011768 0
1549011769 0
1549011770 0
1549011771 0
1549011772 0
1549011773 0
1549011774 0
1549011775 0
1549011776 0
1549011777 0
1549011778 0
1549011779 0
1549011780 0
1549011781 0
1549011782 0
1549011783 0
1549011784 0
1549011785 0
1549011786 0
1549011787 0
1549011788 0
1549011789 0
1549011790 0
1549011791 0
1549011792 0
1549011793 0
1549011794 0
1549011795 0
1549011796 0
1549011797 0
1549011798 0
1549011799 0
1549011800 0
1549011801 0
1549011802 0
1549011803 0
1549011804 0
1549011805 0
1549011806 0
1549011807 0
1549011808 0
1549011809 0
1549011810 0
1549011811 0
1549011812 0
1549011813 0
1549011814 0
1549011815 0
1549011816 0
1549011817 0
1549011818 0
1549011819 0
1549011820 0
1549011821 0
1549011822 0
1549011823 0
1549011824 0
1549011825 0
1549011826 0
1549011827 0
1549011828 0
1549011829 0
1549011830 0
1549011831 0
1549011832 0
1549011833 0
1549011834 0
1549011835 0
1549011836 0
1549011837 0
1549011838 0
1549011839 0
1549011840 0
1549011841 0
1549011842 0
1549011843 0
1549011844 0
1549011845 0
1549011846 0
1549011847 0
1549011848 0
1549011849 0
1549011850 0
1549011851 0
1549011852 0
1549011853 0
1549011854 0
1549011855 0
1549011856 0
1549011857 0
1549011858 0
1549011859 0
1549011860 0
1549011861 0
1549011862 0
1549011863 0
1549011864 0
1549011865 0
1549011866 0
1549011867 0
1549011868 0
1549011869 0
1549011870 0
1549011871 0
1549011872 0
1549011873 0
1549011874 0
1549011875 0
1549011876 0
1549011877 0
1549011878 0
1549011879 0
1549011880 0
1549011881 0
1549011882 0
1549011883 0
1549011884 0
1549011885 0
1549011886 0
1549011887 0
1549011888 0
1549011889 0
1549011890 0
1549011891 0
1549011892 0
1549011893 0
1549011894 0
1549011895 0
1549011896 0
1549011897 0
1549011898 0
1549011899 0
1549011900 0
1549011901 0
1549011902 0
1549011903 0
1549011904 0
1549011905 0
1549011906 0
1549011907 0
1549011908 0
1549011909 0
1549011910 0
1549011911 0
1549011912 0
1549011913 0
1549011914 0
1549011915 0
1549011916 0
1549011917 0
1549011918 0
1549011919 0
1549011920 0
1549011921 0
1549011922 0
1549011923 0
1549011924 0
1549011925 0
1549011926 0
1549011927 0
1549011928 0
1549011929 0
1549011930 0
1549011931 0
1549011932 0
1549011933 0
1549011934 0
1549011935 0
1549011936 0
1549011937 0
1549011938 0
1549011939 0
1549011940 0
1549011941 0
1549011942 0
1549011943 0
1549011944 0
1549011945 0
1549011946 0
1549011947 0
1549011948 0
1549011949 0
1549011950 0
1549011951 0
1549011952 0
1549011953 0
1549011954 0
1549011955 0
1549011956 0
1549011957 0
1549011958 0
1549011959 0
1549011960 0
1549011961 0
1549011962 0
1549011963 0
1549011964 0
1549011965 0
1549011966 0
1549011967 0
1549011968 0
1549011969 0
1549011970 0
1549011971 0
1549011972 0
1549011973 0
1549011974 0
1549011975 0
1549011976 0
1549011977 0
1549011978 0
1549011979 0
1549011980 0
1549011981 0
1549011982 0
1549011983 0
1549011984 0
1549011985 0
1549011986 0
1549011987 0
1549011988 0
1549011989 0
1549011990 0
1549011991 0
1549011992 0
1549011993 0
1549011994 0
1549011995 0
1549011996 0
1549011997 0
1549011998 0
1549011999 0
1549012000 0
1549012001 0
1549012002 0
1549012003 0
1549012004 0
1549012005 0
1549012006 0
1549012007 0
1549012008 0
1549012009 0
1549012010 0
1549012011 0
1549012012 0
1549012013 0
1549012014 0
1549012015 0
1549012016 0
1549012017 0
1549012018 0
1549012019 0
1549012020 0
1549012021 0
1549012022 0
1549012023 0
1549012024 0
1549012025 0
1549012026 0
1549012027 0
1549012028 0
1549012029 0
1549012030 0
1549012031 0
1549012032 0
1549012033 0
1549012034 0
1549012035 0
1549012036 0
1549012037 0
1549012038 0
1549012039 0
1549012040 0
1549012041 0
1549012042 0
1549012043 0
1549012044 0
1549012045 0
1549012046 0
1549012047 0
1549012048 0
1549012049 0
1549012050 0
1549012051 0
1549012052 0
1549012053 0
1549012054 0
1549012055 0
1549012056 0
1549012057 0
1549012058 0
1549012059 0
1549012060 0
1549012061 0
1549012062 0
1549012063 0
1549012064 0
1549012065 0
1549012066 0
1549012067 0
1549012068 0
1549012069 0
1549012070 0
1549012071 0
1549012072 0
1549012073 0
1549012074 0
1549012075 0
1549012076 0
1549012077 0
1549012078 0
1549012079 0
1549012080 0
1549012081 0
1549012082 0
1549012083 0
1549012084 0
1549012085 0
1549012086 0
1549012087 0
1549012088 0
1549012089 0
1549012090 0
1549012091 0
1549012092 0
1549012093 0
1549012094 0
1549012095 0
1549012096 0
1549012097 0
1549012098 0
1549012099 0
1549012100 0
1549012101 0
1549012102 0
1549012103 0
1549012104 0
1549012105 0
1549012106 0
1549012107 0
1549012108 0
1549012109 0
1549012110 0
1549012111 0
1549012112 0
1549012113 0
1549012114 0
1549012115 0
1549012116 0
1549012117 0
1549012118 0
1549012119 0
1549012120 0
1549012121 0
1549012122 0
1549012123 0
1549012124 0
1549012125 0
1549012126 0
1549012127 0
1549012128 0
1549012129 0
1549012130 0
1549012131 0
1549012132 0
1549012133 0
1549012134 0
1549012135 0
1549012136 0
1549012137 0
1549012138 0
1549012139 0
1549012140 0
1549012141 0
1549012142 0
1549012143 0
1549012144 0
1549012145 0
1549012146 0
1549012147 0
1549012148 0
1549012149 0
1549012150 0
1549012151 0
1549012152 0
1549012153 0
1549012154 0
1549012155 0
1549012156 0
1549012157 0
1549012158 0
1549012159 0
1549012160 0
1549012161 0
1549012162 0
1549012163 0
1549012164 0
1549012165 0
1549012166 0
1549012167 0
1549012168 0
1549012169 0
1549012170 0
1549012171 0
1549012172 0
1549012173 0
1549012174 0
1549012175 0
1549012176 0
1549012177 0
1549012178 0
1549012179 0
1549012180 0
1549012181 0
1549012182 0
1549012183 0
1549012184 0
1549012185 0
1549012186 0
1549012187 0
1549012188 0
1549012189 0
1549012190 0
1549012191 0
1549012192 0
1549012193 0
1549012194 0
1549012195 0
1549012196 0
1549012197 0
1549012198 0
1549012199 0
1549012200 0
1549012201 0
1549012202 0
1549012203 0
1549012204 0
1549012205 0
1549012206 0
1549012207 0
1549012208 0
1549012209 0
1549012210 0
1549012211 0
1549012212 0
1549012213 0
1549012214 0
1549012215 0
1549012216 0
1549012217 0
1549012218 0
1549012219 0
1549012220 0
1549012221 0
1549012222 0
1549012223 0
1549012224 0
1549012225 0
1549012226 0
1549012227 0
1549012228 0
1549012229 0
1549012230 0
1549012231 0
1549012232 0
1549012233 0
1549012234 0
1549012235 0
1549012236 0
1549012237 0
1549012238 0
1549012239 0
1549012240 0
1549012241 0
1549012242 0
1549012243 0
1549012244 0
1549012245 0
1549012246 0
1549012247 0
1549012248 0
1549012249 0
1549012250 0
1549012251 0
1549012252 0
1549012253 0
1549012254 0
1549012255 0
1549012256 0
1549012257 0
1549012258 0
1549012259 0
1549012260 0
1549012261 0
1549012262 0
1549012263 0
1549012264 0
1549012265 0
1549012266 0
1549012267 0
1549012268 0
1549012269 0
1549012270 0
1549012271 0
1549012272 0
1549012273 0
1549012274 0
1549012275 0
1549012276 0
1549012277 0
1549012278 0
1549012279 0
1549012280 0
1549012281 0
1549012282 0
1549012283 0
1549012284 0
1549012285 0
1549012286 0
1549012287 0
1549012288 0
1549012289 0
1549012290 0
1549012291 0
1549012292 0
1549012293 0
1549012294 0
1549012295 0
1549012296 0
1549012297 0
1549012298 0
1549012299 0
1549012300 0
1549012301 0
1549012302 0
1549012303 0
1549012304 0
1549012305 0
1549012306 0
1549012307 0
1549012308 0
1549012309 0
1549012310 0
1549012311 0
1549012312 0
1549012313 0
1549012314 0
1549012315 0
1549012316 0
1549012317 0
1549012318 0
1549012319 0
1549012320 0
1549012321 0
1549012322 0
1549012323 0
1549012324 0
1549012325 0
1549012326 0
1549012327 0
1549012328 0
1549012329 0
1549012330 0
1549012331 0
1549012332 0
1549012333 0
1549012334 0
1549012335 0
1549012336 0
1549012337 0
1549012338 0
1549012339 0
1549012340 0
1549012341 0
1549012342 0
1549012343 0
1549012344 0
1549012345 0
1549012346 0
1549012347 0
1549012348 0
1549012349 0
1549012350 0
1549012351 0
1549012352 0
1549012353 0
1549012354 0
1549012355 0
1549012356 0
1549012357 0
1549012358 0
1549012359 0
1549012360 0
1549012361 0
1549012362 0
1549012363 0
1549012364 0
1549012365 0
1549012366 0
1549012367 0
1549012368 0
1549012369 0
1549012370 0
1549012371 0
1549012372 0
1549012373 0
1549012374 0
1549012375 0
1549012376 0
1549012377 0
1549012378 0
1549012379 0
1549012380 0
1549012381 0
1549012382 0
1549012383 0
1549012384 0
1549012385 0
1549012386 0
1549012387 0
1549012388 0
1549012389 0
1549012390 0
1549012391 0
1549012392 0
1549012393 0
1549012394 0
1549012395 0
1549012396 0
1549012397 0
1549012398 0
1549012399 0
1549012400 0
1549012401 0
1549012402 0
1549012403 0
1549012404 0
1549012405 0
1549012406 0
1549012407 0
1549012408 0
1549012409 0
1549012410 0
1549012411 0
1549012412 0
1549012413 0
1549012414 0
1549012415 0
1549012416 0
1549012417 0
1549012418 0
1549012419 0
1549012420 0
1549012421 0
1549012422 0
1549012423 0
1549012424 0
1549012425 0
1549012426 0
1549012427 0
1549012428 0
1549012429 0
1549012430 0
1549012431 0
1549012432 0
1549012433 0
1549012434 0
1549012435 0
1549012436 0
1549012437 0
1549012438 0
1549012439 0
1549012440 0
1549012441 0
1549012442 0
1549012443 0
1549012444 0
1549012445 0
1549012446 0
1549012447 0
1549012448 0
1549012449 0
1549012450 0
1549012451 0
1549012452 0
1549012453 0
1549012454 0
1549012455 0
1549012456 0
1549012457 0
1549012458 0
1549012459 0
1549012460 0
1549012461 0
1549012462 0
1549012463 0
1549012464 0
1549012465 0
1549012466 0
1549012467 0
1549012468 0
1549012469 0
1549012470 0
1549012471 0
1549012472 0
1549012473 0
1549012474 0
1549012475 0
1549012476 0
1549012477 0
1549012478 0
1549012479 0
1549012480 0
1549012481 0
1549012482 0
1549012483 0
1549012484 0
1549012485 0
1549012486 0
1549012487 0
1549012488 0
1549012489 0
1549012490 0
1549012491 0
1549012492 0
1549012493 0
1549012494 0
1549012495 0
1549012496 0
1549012497 0
1549012498 0
1549012499 0
1549012500 0
1549012501 0
1549012502 0
1549012503 0
1549012504 0
1549012505 0
1549012506 0
1549012507 0
1549012508 0
1549012509 0
1549012510 0
1549012511 0
1549012512 0
1549012513 0
1549012514 0
1549012515 0
1549012516 0
1549012517 0
1549012518 0
1549012519 0
1549012520 0
1549012521 0
1549012522 0
1549012523 0
1549012524 0
1549012525 0
1549012526 0
1549012527 0
1549012528 0
1549012529 0
1549012530 0
1549012531 0
1549012532 0
1549012533 0
1549012534 0
1549012535 0
1549012536 0
1549012537 0
1549012538 0
1549012539 0
1549012540 0
1549012541 0
1549012542 0
1549012543 0
1549012544 0
1549012545 0
1549012546 0
1549012547 0
1549012548 0
1549012549 0
1549012550 0
1549012551 0
1549012552 0
1549012553 0
1549012554 0
1549012555 0
1549012556 0
1549012557 0
1549012558 0
1549012559 0
1549012560 0
1549012561 0
1549012562 0
1549012563 0
1549012564 0
1549012565 0
1549012566 0
1549012567 0
1549012568 0
1549012569 0
1549012570 0
1549012571 0
1549012572 0
1549012573 0
1549012574 0
1549012575 0
1549012576 0
1549012577 0
1549012578 0
1549012579 0
1549012580 0
1549012581 0
1549012582 0
1549012583 0
1549012584 0
1549012585 0
1549012586 0
1549012587 0
1549012588 0
1549012589 0
1549012590 0
1549012591 0
1549012592 0
1549012593 0
1549012594 0
1549012595 0
1549012596 0
1549012597 0
1549012598 0
1549012599 0
1549012600 0
1549012601 0
1549012602 0
1549012603 0
1549012604 0
1549012605 0
1549012606 0
1549012607 0
1549012608 0
1549012609 0
1549012610 0
1549012611 0
1549012612 0
1549012613 0
1549012614 0
1549012615 0
1549012616 0
1549012617 0
1549012618 0
1549012619 0
1549012620 0
1549012621 0
1549012622 0
1549012623 0
1549012624 0
1549012625 0
1549012626 0
1549012627 0
1549012628 0
1549012629 0
1549012630 0
1549012631 0
1549012632 0
1549012633 0
1549012634 0
1549012635 0
1549012636 0
1549012637 0
1549012638 0
1549012639 0
1549012640 0
1549012641 0
1549012642 0
1549012643 0
1549012644 0
1549012645 0
1549012646 0
1549012647 0
1549012648 0
1549012649 0
1549012650 0
1549012651 0
1549012652 0
1549012653 0
1549012654 0
1549012655 0
1549012656 0
1549012657 0
1549012658 0
1549012659 0
1549012660 0
1549012661 0
1549012662 0
1549012663 0
1549012664 0
1549012665 0
1549012666 0
1549012667 0
1549012668 0
1549012669 0
1549012670 0
1549012671 0
1549012672 0
1549012673 0
1549012674 0
1549012675 0
1549012676 0
1549012677 0
1549012678 0
1549012679 0
1549012680 0
1549012681 0
1549012682 0
1549012683 0
1549012684 0
1549012685 0
1549012686 0
1549012687 0
1549012688 0
1549012689 0
1549012690 0
1549012691 0
1549012692 0
1549012693 0
1549012694 0
1549012695 0
1549012696 0
1549012697 0
1549012698 0
1549012699 0
1549012700 0
1549012701 0
1549012702 0
1549012703 0
1549012704 0
1549012705 0
1549012706 0
1549012707 0
1549012708 0
1549012709 0
1549012710 0
1549012711 0
1549012712 0
1549012713 0
1549012714 0
1549012715 0
1549012716 0
1549012717 0
1549012718 0
1549012719 0
1549012720 0
1549012721 0
1549012722 0
1549012723 0
1549012724 0
1549012725 0
1549012726 0
1549012727 0
1549012728 0
1549012729 0
1549012730 0
1549012731 0
1549012732 0
1549012733 0
1549012734 0
1549012735 0
1549012736 0
1549012737 0
1549012738 0
1549012739 0
1549012740 0
1549012741 0
1549012742 0
1549012743 0
1549012744 0
1549012745 0
1549012746 0
1549012747 0
1549012748 0
1549012749 0
1549012750 0
1549012751 0
1549012752 0
1549012753 0
1549012754 0
1549012755 0
1549012756 0
1549012757 0
1549012758 0
1549012759 0
1549012760 0
1549012761 0
1549012762 0
1549012763 0
1549012764 0
1549012765 0
1549012766 0
1549012767 0
1549012768 0
1549012769 0
1549012770 0
1549012771 0
1549012772 0
1549012773 0
1549012774 0
1549012775 0
1549012776 0
1549012777 0
1549012778 0
1549012779 0
1549012780 0
1549012781 0
1549012782 0
1549012783 0
1549012784 0
1549012785 0
1549012786 0
1549012787 0
1549012788 0
1549012789 0
1549012790 0
1549012791 0
1549012792 0
1549012793 0
1549012794 0
1549012795 0
1549012796 0
1549012797 0
1549012798 0
1549012799 0
1549012800 0
1549012801 0
1549012802 0
1549012803 0
1549012804 0
1549012805 0
1549012806 0
1549012807 0
1549012808 0
1549012809 0
1549012810 0
1549012811 0
1549012812 0
1549012813 0
1549012814 0
1549012815 0
1549012816 0
1549012817 0
1549012818 0
1549012819 0
1549012820 0
1549012821 0
1549012822 0
1549012823 0
1549012824 0
1549012825 0
1549012826 0
1549012827 0
1549012828 0
1549012829 0
1549012830 0
1549012831 0
1549012832 0
1549012833 0
1549012834 0
1549012835 0
1549012836 0
1549012837 0
1549012838 0
1549012839 0
1549012840 0
1549012841 0
1549012842 0
1549012843 0
1549012844 0
1549012845 0
1549012846 0
1549012847 0
1549012848 0
1549012849 0
1549012850 0
1549012851 0
1549012852 0
1549012853 0
1549012854 0
1549012855 0
1549012856 0
1549012857 0
1549012858 0
1549012859 0
1549012860 0
1549012861 0
1549012862 0
1549012863 0
1549012864 0
1549012865 0
1549012866 0
1549012867 0
1549012868 0
1549012869 0
1549012870 0
1549012871 0
1549012872 0
1549012873 0
1549012874 0
1549012875 0
1549012876 0
1549012877 0
1549012878 0
1549012879 0
1549012880 0
1549012881 0
1549012882 0
1549012883 0
1549012884 0
1549012885 0
1549012886 0
1549012887 0
1549012888 0
1549012889 0
1549012890 0
1549012891 0
1549012892 0
1549012893 0
1549012894 0
1549012895 0
1549012896 0
1549012897 0
1549012898 0
1549012899 0
1549012900 0
1549012901 0
1549012902 0
1549012903 0
1549012904 0
1549012905 0
1549012906 0
1549012907 0
1549012908 0
1549012909 0
1549012910 0
1549012911 0
1549012912 0
1549012913 0
1549012914 0
1549012915 0
1549012916 0
1549012917 0
1549012918 0
1549012919 0
1549012920 0
1549012921 0
1549012922 0
1549012923 0
1549012924 0
1549012925 0
1549012926 0
1549012927 0
1549012928 0
1549012929 0
1549012930 0
1549012931 0
1549012932 0
1549012933 0
1549012934 0
1549012935 0
1549012936 0
1549012937 0
1549012938 0
1549012939 0
1549012940 0
1549012941 0
1549012942 0
1549012943 0
1549012944 0
1549012945 0
1549012946 0
1549012947 0
1549012948 0
1549012949 0
1549012950 0
1549012951 0
1549012952 0
1549012953 0
1549012954 0
1549012955 0
1549012956 0
1549012957 0
1549012958 0
1549012959 0
1549012960 0
1549012961 0
1549012962 0
1549012963 0
1549012964 0
1549012965 0
1549012966 0
1549012967 0
1549012968 0
1549012969 0
1549012970 0
1549012971 0
1549012972 0
1549012973 0
1549012974 0
1549012975 0
1549012976 0
1549012977 0
1549012978 0
1549012979 0
1549012980 0
1549012981 0
1549012982 0
1549012983 0
1549012984 0
1549012985 0
1549012986 0
1549012987 0
1549012988 0
1549012989 0
1549012990 0
1549012991 0
1549012992 0
1549012993 0
1549012994 0
1549012995 0
1549012996 0
1549012997 0
1549012998 0
1549012999 0
1549013000 0
1549013001 0
1549013002 0
1549013003 0
1549013004 0
1549013005 0
1549013006 0
1549013007 0
1549013008 0
1549013009 0
1549013010 0
1549013011 0
1549013012 0
1549013013 0
1549013014 0
1549013015 0
1549013016 0
1549013017 0
1549013018 0
1549013019 0
1549013020 0
1549013021 0
1549013022 0
1549013023 0
1549013024 0
1549013025 0
1549013026 0
1549013027 0
1549013028 0
1549013029 0
1549013030 0
1549013031 0
1549013032 0
1549013033 0
1549013034 0
1549013035 0
1549013036 0
1549013037 0
1549013038 0
1549013039 0
1549013040 0
1549013041 0
1549013042 0
1549013043 0
1549013044 0
1549013045 0
1549013046 0
1549013047 0
1549013048 0
1549013049 0
1549013050 0
1549013051 0
1549013052 0
1549013053 0
1549013054 0
1549013055 0
1549013056 0
1549013057 0
1549013058 0
1549013059 0
1549013060 0
1549013061 0
1549013062 0
1549013063 0
1549013064 0
1549013065 0
1549013066 0
1549013067 0
1549013068 0
1549013069 0
1549013070 0
1549013071 0
1549013072 0
1549013073 0
1549013074 0
1549013075 0
1549013076 0
1549013077 0
1549013078 0
1549013079 0
1549013080 0
1549013081 0
1549013082 0
1549013083 0
1549013084 0
1549013085 0
1549013086 0
1549013087 0
1549013088 0
1549013089 0
1549013090 0
1549013091 0
1549013092 0
1549013093 0
1549013094 0
1549013095 0
1549013096 0
1549013097 0
1549013098 0
1549013099 0
1549013100 0
1549013101 0
1549013102 0
1549013103 0
1549013104 0
1549013105 0
1549013106 0
1549013107 0
1549013108 0
1549013109 0
1549013110 0
1549013111 0
1549013112 0
1549013113 0
1549013114 0
1549013115 0
1549013116 0
1549013117 0
1549013118 0
1549013119 0
1549013120 0
1549013121 0
1549013122 0
1549013123 0
1549013124 0
1549013125 0
1549013126 0
1549013127 0
1549013128 0
1549013129 0
1549013130 0
1549013131 0
1549013132 0
1549013133 0
1549013134 0
1549013135 0
1549013136 0
1549013137 0
1549013138 0
1549013139 0
1549013140 0
1549013141 0
1549013142 0
1549013143 0
1549013144 0
1549013145 0
1549013146 0
1549013147 0
1549013148 0
1549013149 0
1549013150 0
1549013151 0
1549013152 0
1549013153 0
1549013154 0
1549013155 0
1549013156 0
1549013157 0
1549013158 0
1549013159 0
1549013160 0
1549013161 0
1549013162 0
1549013163 0
1549013164 0
1549013165 0
1549013166 0
1549013167 0
1549013168 0
1549013169 0
1549013170 0
1549013171 0
1549013172 0
1549013173 0
1549013174 0
1549013175 0
1549013176 0
1549013177 0
1549013178 0
1549013179 0
1549013180 0
1549013181 0
1549013182 0
1549013183 0
1549013184 0
1549013185 0
1549013186 0
1549013187 0
1549013188 0
1549013189 0
1549013190 0
1549013191 0
1549013192 0
1549013193 0
1549013194 0
1549013195 0
1549013196 0
1549013197 0
1549013198 0
1549013199 0
1549013200 0
1549013201 0
1549013202 0
1549013203 0
1549013204 0
1549013205 0
1549013206 0
1549013207 0
1549013208 0
1549013209 0
1549013210 0
1549013211 0
1549013212 0
1549013213 0
1549013214 0
1549013215 0
1549013216 0
1549013217 0
1549013218 0
1549013219 0
1549013220 0
1549013221 0
1549013222 0
1549013223 0
1549013224 0
1549013225 0
1549013226 0
1549013227 0
1549013228 0
1549013229 0
1549013230 0
1549013231 0
1549013232 0
1549013233 0
1549013234 0
1549013235 0
1549013236 0
1549013237 0
1549013238 0
1549013239 0
1549013240 0
1549013241 0
1549013242 0
1549013243 0
1549013244 0
1549013245 0
1549013246 0
1549013247 0
1549013248 0
1549013249 0
1549013250 0
1549013251 0
1549013252 0
1549013253 0
1549013254 0
1549013255 0
1549013256 0
1549013257 0
1549013258 0
1549013259 0
1549013260 0
1549013261 0
1549013262 0
1549013263 0
1549013264 0
1549013265 0
1549013266 0
1549013267 0
1549013268 0
1549013269 0
1549013270 0
1549013271 0
1549013272 0
1549013273 0
1549013274 0
1549013275 0
1549013276 0
1549013277 0
1549013278 0
1549013279 0
1549013280 0
1549013281 0
1549013282 0
1549013283 0
1549013284 0
1549013285 0
1549013286 0
1549013287 0
1549013288 0
1549013289 0
1549013290 0
1549013291 0
1549013292 0
1549013293 0
1549013294 0
1549013295 0
1549013296 0
1549013297 0
1549013298 0
1549013299 0
1549013300 0
1549013301 0
1549013302 0
1549013303 0
1549013304 0
1549013305 0
1549013306 0
1549013307 0
1549013308 0
1549013309 0
1549013310 0
1549013311 0
1549013312 0
1549013313 0
1549013314 0
1549013315 0
1549013316 0
1549013317 0
1549013318 0
1549013319 0
1549013320 0
1549013321 0
1549013322 0
1549013323 0
1549013324 0
1549013325 0
1549013326 0
1549013327 0
1549013328 0
1549013329 0
1549013330 0
1549013331 0
1549013332 0
1549013333 0
1549013334 0
1549013335 0
1549013336 0
1549013337 0
1549013338 0
1549013339 0
1549013340 0
1549013341 0
1549013342 0
1549013343 0
1549013344 0
1549013345 0
1549013346 0
1549013347 0
1549013348 0
1549013349 0
1549013350 0
1549013351 0
1549013352 0
1549013353 0
1549013354 0
1549013355 0
1549013356 0
1549013357 0
1549013358 0
1549013359 0
1549013360 0
1549013361 0
1549013362 0
1549013363 0
1549013364 0
1549013365 0
1549013366 0
1549013367 0
1549013368 0
1549013369 0
1549013370 0
1549013371 0
1549013372 0
1549013373 0
1549013374 0
1549013375 0
1549013376 0
1549013377 0
1549013378 0
1549013379 0
1549013380 0
1549013381 0
1549013382 0
1549013383 0
1549013384 0
1549013385 0
1549013386 0
1549013387 0
1549013388 0
1549013389 0
1549013390 0
1549013391 0
1549013392 0
1549013393 0
1549013394 0
1549013395 0
1549013396 0
1549013397 0
1549013398 0
1549013399 0
1549013400 0
1549013401 0
1549013402 0
1549013403 0
1549013404 0
1549013405 0
1549013406 0
1549013407 0
1549013408 0
1549013409 0
1549013410 0
1549013411 0
1549013412 0
1549013413 0
1549013414 0
1549013415 0
1549013416 0
1549013417 0
1549013418 0
1549013419 0
1549013420 0
1549013421 0
1549013422 0
1549013423 0
1549013424 0
1549013425 0
1549013426 0
1549013427 0
1549013428 0
1549013429 0
1549013430 0
1549013431 0
1549013432 0
1549013433 0
1549013434 0
1549013435 0
1549013436 0
1549013437 0
1549013438 0
1549013439 0
1549013440 0
1549013441 0
1549013442 0
1549013443 0
1549013444 0
1549013445 0
1549013446 0
1549013447 0
1549013448 0
1549013449 0
1549013450 0
1549013451 0
1549013452 0
1549013453 0
1549013454 0
1549013455 0
1549013456 0
1549013457 0
1549013458 0
1549013459 0
1549013460 0
1549013461 0
1549013462 0
1549013463 0
1549013464 0
1549013465 0
1549013466 0
1549013467 0
1549013468 0
1549013469 0
1549013470 0
1549013471 0
1549013472 0
1549013473 0
1549013474 0
1549013475 0
1549013476 0
1549013477 0
1549013478 0
1549013479 0
1549013480 0
1549013481 0
1549013482 0
1549013483 0
1549013484 0
1549013485 0
1549013486 0
1549013487 0
1549013488 0
1549013489 0
1549013490 0
1549013491 0
1549013492 0
1549013493 0
1549013494 0
1549013495 0
1549013496 0
1549013497 0
1549013498 0
1549013499 0
1549013500 0
1549013501 0
1549013502 0
1549013503 0
1549013504 0
1549013505 0
1549013506 0
1549013507 0
1549013508 0
1549013509 0
1549013510 0
1549013511 0
1549013512 0
1549013513 0
1549013514 0
1549013515 0
1549013516 0
1549013517 0
1549013518 0
1549013519 0
1549013520 0
1549013521 0
1549013522 0
1549013523 0
1549013524 0
1549013525 0
1549013526 0
1549013527 0
1549013528 0
1549013529 0
1549013530 0
1549013531 0
1549013532 0
1549013533 0
1549013534 0
1549013535 0
1549013536 0
1549013537 0
1549013538 0
1549013539 0
1549013540 0
1549013541 0
1549013542 0
1549013543 0
1549013544 0
1549013545 0
1549013546 0
1549013547 0
1549013548 0
1549013549 0
1549013550 0
1549013551 0
1549013552 0
1549013553 0
1549013554 0
1549013555 0
1549013556 0
1549013557 0
1549013558 0
1549013559 0
1549013560 0
1549013561 0
1549013562 0
1549013563 0
1549013564 0
1549013565 0
1549013566 0
1549013567 0
1549013568 0
1549013569 0
1549013570 0
1549013571 0
1549013572 0
1549013573 0
1549013574 0
1549013575 0
1549013576 0
1549013577 0
1549013578 0
1549013579 0
1549013580 0
1549013581 0
1549013582 0
1549013583 0
1549013584 0
1549013585 0
1549013586 0
1549013587 0
1549013588 0
1549013589 0
1549013590 0
1549013591 0
1549013592 0
1549013593 0
1549013594 0
1549013595 0
1549013596 0
1549013597 0
1549013598 0
1549013599 0
1549013600 0
1549013601 0
1549013602 0
1549013603 0
1549013604 0
1549013605 0
1549013606 0
1549013607 0
1549013608 0
1549013609 0
1549013610 0
1549013611 0
1549013612 0
1549013613 0
1549013614 0
1549013615 0
1549013616 0
1549013617 0
1549013618 0
1549013619 0
1549013620 0
1549013621 0
1549013622 0
1549013623 0
1549013624 0
1549013625 0
1549013626 0
1549013627 0
1549013628 0
1549013629 0
1549013630 0
1549013631 0
1549013632 0
1549013633 0
1549013634 0
1549013635 0
1549013636 0
1549013637 0
1549013638 0
1549013639 0
1549013640 0
1549013641 0
1549013642 0
1549013643 0
1549013644 0
1549013645 0
1549013646 0
1549013647 0
1549013648 0
1549013649 0
1549013650 0
1549013651 0
1549013652 0
1549013653 0
1549013654 0
1549013655 0
1549013656 0
1549013657 0
1549013658 0
1549013659 0
1549013660 0
1549013661 0
1549013662 0
1549013663 0
1549013664 0
1549013665 0
1549013666 0
1549013667 0
1549013668 0
1549013669 0
1549013670 0
1549013671 0
1549013672 0
1549013673 0
1549013674 0
1549013675 0
1549013676 0
1549013677 0
1549013678 0
1549013679 0
1549013680 0
1549013681 0
1549013682 0
1549013683 0
1549013684 0
1549013685 0
1549013686 0
1549013687 0
1549013688 0
1549013689 0
1549013690 0
1549013691 0
1549013692 0
1549013693 0
1549013694 0
1549013695 0
1549013696 0
1549013697 0
1549013698 0
1549013699 0
1549013700 0
1549013701 0
1549013702 0
1549013703 0
1549013704 0
1549013705 0
1549013706 0
1549013707 0
1549013708 0
1549013709 0
1549013710 0
1549013711 0
1549013712 0
1549013713 0
1549013714 0
1549013715 0
1549013716 0
1549013717 0
1549013718 0
1549013719 0
1549013720 0
1549013721 0
1549013722 0
1549013723 0
1549013724 0
1549013725 0
1549013726 0
1549013727 0
1549013728 0
1549013729 0
1549013730 0
1549013731 0
1549013732 0
1549013733 0
1549013734 0
1549013735 0
1549013736 0
1549013737 0
1549013738 0
1549013739 0
1549013740 0
1549013741 0
1549013742 0
1549013743 0
1549013744 0
1549013745 0
1549013746 0
1549013747 0
1549013748 0
1549013749 0
1549013750 0
1549013751 0
1549013752 0
1549013753 0
1549013754 0
1549013755 0
1549013756 0
1549013757 0
1549013758 0
1549013759 0
1549013760 0
1549013761 0
1549013762 0
1549013763 0
1549013764 0
1549013765 0
1549013766 0
1549013767 0
1549013768 0
1549013769 0
1549013770 0
1549013771 0
1549013772 0
1549013773 0
1549013774 0
1549013775 0
1549013776 0
1549013777 0
1549013778 0
1549013779 0
1549013780 0
1549013781 0
1549013782 0
1549013783 0
1549013784 0
1549013785 0
1549013786 0
1549013787 0
1549013788 0
1549013789 0
1549013790 0
1549013791 0
1549013792 0
1549013793 0
1549013794 0
1549013795 0
1549013796 0
1549013797 0
1549013798 0
1549013799 0
1549013800 0
1549013801 0
1549013802 0
1549013803 0
1549013804 0
1549013805 0
1549013806 0
1549013807 0
1549013808 0
1549013809 0
1549013810 0
1549013811 0
1549013812 0
1549013813 0
1549013814 0
1549013815 0
1549013816 0
1549013817 0
1549013818 0
1549013819 0
1549013820 0
1549013821 0
1549013822 0
1549013823 0
1549013824 0
1549013825 0
1549013826 0
1549013827 0
1549013828 0
1549013829 0
1549013830 0
1549013831 0
1549013832 0
1549013833 0
1549013834 0
1549013835 0
1549013836 0
1549013837 0
1549013838 0
1549013839 0
1549013840 0
1549013841 0
1549013842 0
1549013843 0
1549013844 0
1549013845 0
1549013846 0
1549013847 0
1549013848 0
1549013849 0
1549013850 0
1549013851 0
1549013852 0
1549013853 0
1549013854 0
1549013855 0
1549013856 0
1549013857 0
1549013858 0
1549013859 0
1549013860 0
1549013861 0
1549013862 0
1549013863 0
1549013864 0
1549013865 0
1549013866 0
1549013867 0
1549013868 0
1549013869 0
1549013870 0
1549013871 0
1549013872 0
1549013873 0
1549013874 0
1549013875 0
1549013876 0
1549013877 0
1549013878 0
1549013879 0
1549013880 0
1549013881 0
1549013882 0
1549013883 0
1549013884 0
1549013885 0
1549013886 0
1549013887 0
1549013888 0
1549013889 0
1549013890 0
1549013891 0
1549013892 0
1549013893 0
1549013894 0
1549013895 0
1549013896 0
1549013897 0
1549013898 0
1549013899 0
1549013900 0
1549013901 0
1549013902 0
1549013903 0
1549013904 0
1549013905 0
1549013906 0
1549013907 0
1549013908 0
1549013909 0
1549013910 0
1549013911 0
1549013912 0
1549013913 0
1549013914 0
1549013915 0
1549013916 0
1549013917 0
1549013918 0
1549013919 0
1549013920 0
1549013921 0
1549013922 0
1549013923 0
1549013924 0
1549013925 0
1549013926 0
1549013927 0
1549013928 0
1549013929 0
1549013930 0
1549013931 0
1549013932 0
1549013933 0
1549013934 0
1549013935 0
1549013936 0
1549013937 0
1549013938 0
1549013939 0
1549013940 0
1549013941 0
1549013942 0
1549013943 0
1549013944 0
1549013945 0
1549013946 0
1549013947 0
1549013948 0
1549013949 0
1549013950 0
1549013951 0
1549013952 0
1549013953 0
1549013954 0
1549013955 0
1549013956 0
1549013957 0
1549013958 0
1549013959 0
1549013960 0
1549013961 0
1549013962 0
1549013963 0
1549013964 0
1549013965 0
1549013966 0
1549013967 0
1549013968 0
1549013969 0
1549013970 0
1549013971 0
1549013972 0
1549013973 0
1549013974 0
1549013975 0
1549013976 0
1549013977 0
1549013978 0
1549013979 0
1549013980 0
1549013981 0
1549013982 0
1549013983 0
1549013984 0
1549013985 0
1549013986 0
1549013987 0
1549013988 0
1549013989 0
1549013990 0
1549013991 0
1549013992 0
1549013993 0
1549013994 0
1549013995 0
1549013996 0
1549013997 0
1549013998 0
1549013999 0
1549014000 0
1549014001 0
1549014002 0
1549014003 0
1549014004 0
1549014005 0
1549014006 0
1549014007 0
1549014008 0
1549014009 0
1549014010 0
1549014011 0
1549014012 0
1549014013 0
1549014014 0
1549014015 0
1549014016 0
1549014017 0
1549014018 0
1549014019 0
1549014020 0
1549014021 0
1549014022 0
1549014023 0
1549014024 0
1549014025 0
1549014026 0
1549014027 0
1549014028 0
1549014029 0
1549014030 0
1549014031 0
1549014032 0
1549014033 0
1549014034 0
1549014035 0
1549014036 0
1549014037 0
1549014038 0
1549014039 0
1549014040 0
1549014041 0
1549014042 0
1549014043 0
1549014044 0
1549014045 0
1549014046 0
1549014047 0
1549014048 0
1549014049 0
1549014050 0
1549014051 0
1549014052 0
1549014053 0
1549014054 0
1549014055 0
1549014056 0
1549014057 0
1549014058 0
1549014059 0
1549014060 0
1549014061 0
1549014062 0
1549014063 0
1549014064 0
1549014065 0
1549014066 0
1549014067 0
1549014068 0
1549014069 0
1549014070 0
1549014071 0
1549014072 0
1549014073 0
1549014074 0
1549014075 0
1549014076 0
1549014077 0
1549014078 0
1549014079 0
1549014080 0
1549014081 0
1549014082 0
1549014083 0
1549014084 0
1549014085 0
1549014086 0
1549014087 0
1549014088 0
1549014089 0
1549014090 0
1549014091 0
1549014092 0
1549014093 0
1549014094 0
1549014095 0
1549014096 0
1549014097 0
1549014098 0
1549014099 0
1549014100 0
1549014101 0
1549014102 0
1549014103 0
1549014104 0
1549014105 0
1549014106 0
1549014107 0
1549014108 0
1549014109 0
1549014110 0
1549014111 0
1549014112 0
1549014113 0
1549014114 0
1549014115 0
1549014116 0
1549014117 0
1549014118 0
1549014119 0
1549014120 0
1549014121 0
1549014122 0
1549014123 0
1549014124 0
1549014125 0
1549014126 0
1549014127 0
1549014128 0
1549014129 0
1549014130 0
1549014131 0
1549014132 0
1549014133 0
1549014134 0
1549014135 0
1549014136 0
1549014137 0
1549014138 0
1549014139 0
1549014140 0
1549014141 0
1549014142 0
1549014143 0
1549014144 0
1549014145 0
1549014146 0
1549014147 0
1549014148 0
1549014149 0
1549014150 0
1549014151 0
1549014152 0
1549014153 0
1549014154 0
1549014155 0
1549014156 0
1549014157 0
1549014158 0
1549014159 0
1549014160 0
1549014161 0
1549014162 0
1549014163 0
1549014164 0
1549014165 0
1549014166 0
1549014167 0
1549014168 0
1549014169 0
1549014170 0
1549014171 0
1549014172 0
1549014173 0
1549014174 0
1549014175 0
1549014176 0
1549014177 0
1549014178 0
1549014179 0
1549014180 0
1549014181 0
1549014182 0
1549014183 0
1549014184 0
1549014185 0
1549014186 0
1549014187 0
1549014188 0
1549014189 0
1549014190 0
1549014191 0
1549014192 0
1549014193 0
1549014194 0
1549014195 0
1549014196 0
1549014197 0
1549014198 0
1549014199 0
1549014200 0
1549014201 0
1549014202 0
1549014203 0
1549014204 0
1549014205 0
1549014206 0
1549014207 0
1549014208 0
1549014209 0
1549014210 0
1549014211 0
1549014212 0
1549014213 0
1549014214 0
1549014215 0
1549014216 0
1549014217 0
1549014218 0
1549014219 0
1549014220 0
1549014221 0
1549014222 0
1549014223 0
1549014224 0
1549014225 0
1549014226 0
1549014227 0
1549014228 0
1549014229 0
1549014230 0
1549014231 0
1549014232 0
1549014233 0
1549014234 0
1549014235 0
1549014236 0
1549014237 0
1549014238 0
1549014239 0
1549014240 0
1549014241 0
1549014242 0
1549014243 0
1549014244 0
1549014245 0
1549014246 0
1549014247 0
1549014248 0
1549014249 0
1549014250 0
1549014251 0
1549014252 0
1549014253 0
1549014254 0
1549014255 0
1549014256 0
1549014257 0
1549014258 0
1549014259 0
1549014260 0
1549014261 0
1549014262 0
1549014263 0
1549014264 0
1549014265 0
1549014266 0
1549014267 0
1549014268 0
1549014269 0
1549014270 0
1549014271 0
1549014272 0
1549014273 0
1549014274 0
1549014275 0
1549014276 0
1549014277 0
1549014278 0
1549014279 0
1549014280 0
1549014281 0
1549014282 0
1549014283 0
1549014284 0
1549014285 0
1549014286 0
1549014287 0
1549014288 0
1549014289 0
1549014290 0
1549014291 0
1549014292 0
1549014293 0
1549014294 0
1549014295 0
1549014296 0
1549014297 0
1549014298 0
1549014299 0
1549014300 0
1549014301 0
1549014302 0
1549014303 0
1549014304 0
1549014305 0
1549014306 0
1549014307 0
1549014308 0
1549014309 0
1549014310 0
1549014311 0
1549014312 0
1549014313 0
1549014314 0
1549014315 0
1549014316 0
1549014317 0
1549014318 0
1549014319 0
1549014320 0
1549014321 0
1549014322 0
1549014323 0
1549014324 0
1549014325 0
1549014326 0
1549014327 0
1549014328 0
1549014329 0
1549014330 0
1549014331 0
1549014332 0
1549014333 0
1549014334 0
1549014335 0
1549014336 0
1549014337 0
1549014338 0
1549014339 0
1549014340 0
1549014341 0
1549014342 0
1549014343 0
1549014344 0
1549014345 0
1549014346 0
1549014347 0
1549014348 0
1549014349 0
1549014350 0
1549014351 0
1549014352 0
1549014353 0
1549014354 0
1549014355 0
1549014356 0
1549014357 0
1549014358 0
1549014359 0
1549014360 0
1549014361 0
1549014362 0
1549014363 0
1549014364 0
1549014365 0
1549014366 0
1549014367 0
1549014368 0
1549014369 0
1549014370 0
1549014371 0
1549014372 0
1549014373 0
1549014374 0
1549014375 0
1549014376 0
1549014377 0
1549014378 0
1549014379 0
1549014380 0
1549014381 0
1549014382 0
1549014383 0
1549014384 0
1549014385 0
1549014386 0
1549014387 0
1549014388 0
1549014389 0
1549014390 0
1549014391 0
1549014392 0
1549014393 0
1549014394 0
1549014395 0
1549014396 0
1549014397 0
1549014398 0
1549014399 0
1549014400 0
1549014401 0
1549014402 0
1549014403 0
1549014404 0
1549014405 0
1549014406 0
1549014407 0
1549014408 0
1549014409 0
1549014410 0
1549014411 0
1549014412 0
1549014413 0
1549014414 0
1549014415 0
1549014416 0
1549014417 0
1549014418 0
1549014419 0
1549014420 0
1549014421 0
1549014422 0
1549014423 0
1549014424 0
1549014425 0
1549014426 0
1549014427 0
1549014428 0
1549014429 0
1549014430 0
1549014431 0
1549014432 0
1549014433 0
1549014434 0
1549014435 0
1549014436 0
1549014437 0
1549014438 0
1549014439 0
1549014440 0
1549014441 0
1549014442 0
1549014443 0
1549014444 0
1549014445 0
1549014446 0
1549014447 0
1549014448 0
1549014449 0
1549014450 0
1549014451 0
1549014452 0
1549014453 0
1549014454 0
1549014455 0
1549014456 0
1549014457 0
1549014458 0
1549014459 0
1549014460 0
1549014461 0
1549014462 0
1549014463 0
1549014464 0
1549014465 0
1549014466 0
1549014467 0
1549014468 0
1549014469 0
1549014470 0
1549014471 0
1549014472 0
1549014473 0
1549014474 0
1549014475 0
1549014476 0
1549014477 0
1549014478 0
1549014479 0
1549014480 0
1549014481 0
1549014482 0
1549014483 0
1549014484 0
1549014485 0
1549014486 0
1549014487 0
1549014488 0
1549014489 0
1549014490 0
1549014491 0
1549014492 0
1549014493 0
1549014494 0
1549014495 0
1549014496 0
1549014497 0
1549014498 0
1549014499 0
1549014500 0
1549014501 0
1549014502 0
1549014503 0
1549014504 0
1549014505 0
1549014506 0
1549014507 0
1549014508 0
1549014509 0
1549014510 0
1549014511 0
1549014512 0
1549014513 0
1549014514 0
1549014515 0
1549014516 0
1549014517 0
1549014518 0
1549014519 0
1549014520 0
1549014521 0
1549014522 0
1549014523 0
1549014524 0
1549014525 0
1549014526 0
1549014527 0
1549014528 0
1549014529 0
1549014530 0
1549014531 0
1549014532 0
1549014533 0
1549014534 0
1549014535 0
1549014536 0
1549014537 0
1549014538 0
1549014539 0
1549014540 0
1549014541 0
1549014542 0
1549014543 0
1549014544 0
1549014545 0
1549014546 0
1549014547 0
1549014548 0
1549014549 0
1549014550 0
1549014551 0
1549014552 0
1549014553 0
1549014554 0
1549014555 0
1549014556 0
1549014557 0
1549014558 0
1549014559 0
1549014560 0
1549014561 0
1549014562 0
1549014563 0
1549014564 0
1549014565 0
1549014566 0
1549014567 0
1549014568 0
1549014569 0
1549014570 0
1549014571 0
1549014572 0
1549014573 0
1549014574 0
1549014575 0
1549014576 0
1549014577 0
1549014578 0
1549014579 0
1549014580 0
1549014581 0
1549014582 0
1549014583 0
1549014584 0
1549014585 0
1549014586 0
1549014587 0
1549014588 0
1549014589 0
1549014590 0
1549014591 0
1549014592 0
1549014593 0
1549014594 0
1549014595 0
1549014596 0
1549014597 0
1549014598 0
1549014599 0
1549014600 0
1549014601 0
1549014602 0
1549014603 0
1549014604 0
1549014605 0
1549014606 0
1549014607 0
1549014608 0
1549014609 0
1549014610 0
1549014611 0
1549014612 0
1549014613 0
1549014614 0
1549014615 0
1549014616 0
1549014617 0
1549014618 0
1549014619 0
1549014620 0
1549014621 0
1549014622 0
1549014623 0
1549014624 0
1549014625 0
1549014626 0
1549014627 0
1549014628 0
1549014629 0
1549014630 0
1549014631 0
1549014632 0
1549014633 0
1549014634 0
1549014635 0
1549014636 0
1549014637 0
1549014638 0
1549014639 0
1549014640 0
1549014641 0
1549014642 0
1549014643 0
1549014644 0
1549014645 0
1549014646 0
1549014647 0
1549014648 0
1549014649 0
1549014650 0
1549014651 0
1549014652 0
1549014653 0
1549014654 0
1549014655 0
1549014656 0
1549014657 0
1549014658 0
1549014659 0
1549014660 0
1549014661 0
1549014662 0
1549014663 0
1549014664 0
1549014665 0
1549014666 0
1549014667 0
1549014668 0
1549014669 0
1549014670 0
1549014671 0
1549014672 0
1549014673 0
1549014674 0
1549014675 0
1549014676 0
1549014677 0
1549014678 0
1549014679 0
1549014680 0
1549014681 0
1549014682 0
1549014683 0
1549014684 0
1549014685 0
1549014686 0
1549014687 0
1549014688 0
1549014689 0
1549014690 0
1549014691 0
1549014692 0
1549014693 0
1549014694 0
1549014695 0
1549014696 0
1549014697 0
1549014698 0
1549014699 0
1549014700 0
1549014701 0
1549014702 0
1549014703 0
1549014704 0
1549014705 0
1549014706 0
1549014707 0
1549014708 0
1549014709 0
1549014710 0
1549014711 0
1549014712 0
1549014713 0
1549014714 0
1549014715 0
1549014716 0
1549014717 0
1549014718 0
1549014719 0
1549014720 0
1549014721 0
1549014722 0
1549014723 0
1549014724 0
1549014725 0
1549014726 0
1549014727 0
1549014728 0
1549014729 0
1549014730 0
1549014731 0
1549014732 0
1549014733 0
1549014734 0
1549014735 0
1549014736 0
1549014737 0
1549014738 0
1549014739 0
1549014740 0
1549014741 0
1549014742 0
1549014743 0
1549014744 0
1549014745 0
1549014746 0
1549014747 0
1549014748 0
1549014749 0
1549014750 0
1549014751 0
1549014752 0
1549014753 0
1549014754 0
1549014755 0
1549014756 0
1549014757 0
1549014758 0
1549014759 0
1549014760 0
1549014761 0
1549014762 0
1549014763 0
1549014764 0
1549014765 0
1549014766 0
1549014767 0
1549014768 0
1549014769 0
1549014770 0
1549014771 0
1549014772 0
1549014773 0
1549014774 0
1549014775 0
1549014776 0
1549014777 0
1549014778 0
1549014779 0
1549014780 0
1549014781 0
1549014782 0
1549014783 0
1549014784 0
1549014785 0
1549014786 0
1549014787 0
1549014788 0
1549014789 0
1549014790 0
1549014791 0
1549014792 0
1549014793 0
1549014794 0
1549014795 0
1549014796 0
1549014797 0
1549014798 0
1549014799 0
1549014800 0
1549014801 0
1549014802 0
1549014803 0
1549014804 0
1549014805 0
1549014806 0
1549014807 0
1549014808 0
1549014809 0
1549014810 0
1549014811 0
1549014812 0
1549014813 0
1549014814 0
1549014815 0
1549014816 0
1549014817 0
1549014818 0
1549014819 0
1549014820 0
1549014821 0
1549014822 0
1549014823 0
1549014824 0
1549014825 0
1549014826 0
1549014827 0
1549014828 0
1549014829 0
1549014830 0
1549014831 0
1549014832 0
1549014833 0
1549014834 0
1549014835 0
1549014836 0
1549014837 0
1549014838 0
1549014839 0
1549014840 0
1549014841 0
1549014842 0
1549014843 0
1549014844 0
1549014845 0
1549014846 0
1549014847 0
1549014848 0
1549014849 0
1549014850 0
1549014851 0
1549014852 0
1549014853 0
1549014854 0
1549014855 0
1549014856 0
1549014857 0
1549014858 0
1549014859 0
1549014860 0
1549014861 0
1549014862 0
1549014863 0
1549014864 0
1549014865 0
1549014866 0
1549014867 0
1549014868 0
1549014869 0
1549014870 0
1549014871 0
1549014872 0
1549014873 0
1549014874 0
1549014875 0
1549014876 0
1549014877 0
1549014878 0
1549014879 0
1549014880 0
1549014881 0
1549014882 0
1549014883 0
1549014884 0
1549014885 0
1549014886 0
1549014887 0
1549014888 0
1549014889 0
1549014890 0
1549014891 0
1549014892 0
1549014893 0
1549014894 0
1549014895 0
1549014896 0
1549014897 0
1549014898 0
1549014899 0
1549014900 0
1549014901 0
1549014902 0
1549014903 0
1549014904 0
1549014905 0
1549014906 0
1549014907 0
1549014908 0
1549014909 0
1549014910 0
1549014911 0
1549014912 0
1549014913 0
1549014914 0
1549014915 0
1549014916 0
1549014917 0
1549014918 0
1549014919 0
1549014920 0
1549014921 0
1549014922 0
1549014923 0
1549014924 0
1549014925 0
1549014926 0
1549014927 0
1549014928 0
1549014929 0
1549014930 0
1549014931 0
1549014932 0
1549014933 0
1549014934 0
1549014935 0
1549014936 0
1549014937 0
1549014938 0
1549014939 0
1549014940 0
1549014941 0
1549014942 0
1549014943 0
1549014944 0
1549014945 0
1549014946 0
1549014947 0
1549014948 0
1549014949 0
1549014950 0
1549014951 0
1549014952 0
1549014953 0
1549014954 0
1549014955 0
1549014956 0
1549014957 0
1549014958 0
1549014959 0
1549014960 0
1549014961 0
1549014962 0
1549014963 0
1549014964 0
1549014965 0
1549014966 0
1549014967 0
1549014968 0
1549014969 0
1549014970 0
1549014971 0
1549014972 0
1549014973 0
1549014974 0
1549014975 0
1549014976 0
1549014977 0
1549014978 0
1549014979 0
1549014980 0
1549014981 0
1549014982 0
1549014983 0
1549014984 0
1549014985 0
1549014986 0
1549014987 0
1549014988 0
1549014989 0
1549014990 0
1549014991 0
1549014992 0
1549014993 0
1549014994 0
1549014995 0
1549014996 0
1549014997 0
1549014998 0
1549014999 0
1549015000 0
1549015001 0
1549015002 0
1549015003 0
1549015004 0
1549015005 0
1549015006 0
1549015007 0
1549015008 0
1549015009 0
1549015010 0
1549015011 0
1549015012 0
1549015013 0
1549015014 0
1549015015 0
1549015016 0
1549015017 0
1549015018 0
1549015019 0
1549015020 0
1549015021 0
1549015022 0
1549015023 0
1549015024 0
1549015025 0
1549015026 0
1549015027 0
1549015028 0
1549015029 0
1549015030 0
1549015031 0
1549015032 0
1549015033 0
1549015034 0
1549015035 0
1549015036 0
1549015037 0
1549015038 0
1549015039 0
1549015040 0
1549015041 0
1549015042 0
1549015043 0
1549015044 0
1549015045 0
1549015046 0
1549015047 0
1549015048 0
1549015049 0
1549015050 0
1549015051 0
1549015052 0
1549015053 0
1549015054 0
1549015055 0
1549015056 0
1549015057 0
1549015058 0
1549015059 0
1549015060 0
1549015061 0
1549015062 0
1549015063 0
1549015064 0
1549015065 0
1549015066 0
1549015067 0
1549015068 0
1549015069 0
1549015070 0
1549015071 0
1549015072 0
1549015073 0
1549015074 0
1549015075 0
1549015076 0
1549015077 0
1549015078 0
1549015079 0
1549015080 0
1549015081 0
1549015082 0
1549015083 0
1549015084 0
1549015085 0
1549015086 0
1549015087 0
1549015088 0
1549015089 0
1549015090 0
1549015091 0
1549015092 0
1549015093 0
1549015094 0
1549015095 0
1549015096 0
1549015097 0
1549015098 0
1549015099 0
1549015100 0
1549015101 0
1549015102 0
1549015103 0
1549015104 0
1549015105 0
1549015106 0
1549015107 0
1549015108 0
1549015109 0
1549015110 0
1549015111 0
1549015112 0
1549015113 0
1549015114 0
1549015115 0
1549015116 0
1549015117 0
1549015118 0
1549015119 0
1549015120 0
1549015121 0
1549015122 0
1549015123 0
1549015124 0
1549015125 0
1549015126 0
1549015127 0
1549015128 0
1549015129 0
1549015130 0
1549015131 0
1549015132 0
1549015133 0
1549015134 0
1549015135 0
1549015136 0
1549015137 0
1549015138 0
1549015139 0
1549015140 0
1549015141 0
1549015142 0
1549015143 0
1549015144 0
1549015145 0
1549015146 0
1549015147 0
1549015148 0
1549015149 0
1549015150 0
1549015151 0
1549015152 0
1549015153 0
1549015154 0
1549015155 0
1549015156 0
1549015157 0
1549015158 0
1549015159 0
1549015160 0
1549015161 0
1549015162 0
1549015163 0
1549015164 0
1549015165 0
1549015166 0
1549015167 0
1549015168 0
1549015169 0
1549015170 0
1549015171 0
1549015172 0
1549015173 0
1549015174 0
1549015175 0
1549015176 0
1549015177 0
1549015178 0
1549015179 0
1549015180 0
1549015181 0
1549015182 0
1549015183 0
1549015184 0
1549015185 0
1549015186 0
1549015187 0
1549015188 0
1549015189 0
1549015190 0
1549015191 0
1549015192 0
1549015193 0
1549015194 0
1549015195 0
1549015196 0
1549015197 0
1549015198 0
1549015199 0
1549015200 0
1549015201 0
1549015202 0
1549015203 0
1549015204 0
1549015205 0
1549015206 0
1549015207 0
1549015208 0
1549015209 0
1549015210 0
1549015211 0
1549015212 0
1549015213 0
1549015214 0
1549015215 0
1549015216 0
1549015217 0
1549015218 0
1549015219 0
1549015220 0
1549015221 0
1549015222 0
1549015223 0
1549015224 0
1549015225 0
1549015226 0
1549015227 0
1549015228 0
1549015229 0
1549015230 0
1549015231 0
1549015232 0
1549015233 0
1549015234 0
1549015235 0
1549015236 0
1549015237 0
1549015238 0
1549015239 0
1549015240 0
1549015241 0
1549015242 0
1549015243 0
1549015244 0
1549015245 0
1549015246 0
1549015247 0
1549015248 0
1549015249 0
1549015250 0
1549015251 0
1549015252 0
1549015253 0
1549015254 0
1549015255 0
1549015256 0
1549015257 0
1549015258 0
1549015259 0
1549015260 0
1549015261 0
1549015262 0
1549015263 0
1549015264 0
1549015265 0
1549015266 0
1549015267 0
1549015268 0
1549015269 0
1549015270 0
1549015271 0
1549015272 0
1549015273 0
1549015274 0
1549015275 0
1549015276 0
1549015277 0
1549015278 0
1549015279 0
1549015280 0
1549015281 0
1549015282 0
1549015283 0
1549015284 0
1549015285 0
1549015286 0
1549015287 0
1549015288 0
1549015289 0
1549015290 0
1549015291 0
1549015292 0
1549015293 0
1549015294 0
1549015295 0
1549015296 0
1549015297 0
1549015298 0
1549015299 0
1549015300 0
1549015301 0
1549015302 0
1549015303 0
1549015304 0
1549015305 0
1549015306 0
1549015307 0
1549015308 0
1549015309 0
1549015310 0
1549015311 0
1549015312 0
1549015313 0
1549015314 0
1549015315 0
1549015316 0
1549015317 0
1549015318 0
1549015319 0
1549015320 0
1549015321 0
1549015322 0
1549015323 0
1549015324 0
1549015325 0
1549015326 0
1549015327 0
1549015328 0
1549015329 0
1549015330 0
1549015331 0
1549015332 0
1549015333 0
1549015334 0
1549015335 0
1549015336 0
1549015337 0
1549015338 0
1549015339 0
1549015340 0
1549015341 0
1549015342 0
1549015343 0
1549015344 0
1549015345 0
1549015346 0
1549015347 0
1549015348 0
1549015349 0
1549015350 0
1549015351 0
1549015352 0
1549015353 0
1549015354 0
1549015355 0
1549015356 0
1549015357 0
1549015358 0
1549015359 0
1549015360 0
1549015361 0
1549015362 0
1549015363 0
1549015364 0
1549015365 0
1549015366 0
1549015367 0
1549015368 0
1549015369 0
1549015370 0
1549015371 0
1549015372 0
1549015373 0
1549015374 0
1549015375 0
1549015376 0
1549015377 0
1549015378 0
1549015379 0
1549015380 0
1549015381 0
1549015382 0
1549015383 0
1549015384 0
1549015385 0
1549015386 0
1549015387 0
1549015388 0
1549015389 0
1549015390 0
1549015391 0
1549015392 0
1549015393 0
1549015394 0
1549015395 0
1549015396 0
1549015397 0
1549015398 0
1549015399 0
1549015400 0
1549015401 0
1549015402 0
1549015403 0
1549015404 0
1549015405 0
1549015406 0
1549015407 0
1549015408 0
1549015409 0
1549015410 0
1549015411 0
1549015412 0
1549015413 0
1549015414 0
1549015415 0
1549015416 0
1549015417 0
1549015418 0
1549015419 0
1549015420 0
1549015421 0
1549015422 0
1549015423 0
1549015424 0
1549015425 0
1549015426 0
1549015427 0
1549015428 0
1549015429 0
1549015430 0
1549015431 0
1549015432 0
1549015433 0
1549015434 0
1549015435 0
1549015436 0
1549015437 0
1549015438 0
1549015439 0
1549015440 0
1549015441 0
1549015442 0
1549015443 0
1549015444 0
1549015445 0
1549015446 0
1549015447 0
1549015448 0
1549015449 0
1549015450 0
1549015451 0
1549015452 0
1549015453 0
1549015454 0
1549015455 0
1549015456 0
1549015457 0
1549015458 0
1549015459 0
1549015460 0
1549015461 0
1549015462 0
1549015463 0
1549015464 0
1549015465 0
1549015466 0
1549015467 0
1549015468 0
1549015469 0
1549015470 0
1549015471 0
1549015472 0
1549015473 0
1549015474 0
1549015475 0
1549015476 0
1549015477 0
1549015478 0
1549015479 0
1549015480 0
1549015481 0
1549015482 0
1549015483 0
1549015484 0
1549015485 0
1549015486 0
1549015487 0
1549015488 0
1549015489 0
1549015490 0
1549015491 0
1549015492 0
1549015493 0
1549015494 0
1549015495 0
1549015496 0
1549015497 0
1549015498 0
1549015499 0
1549015500 0
1549015501 0
1549015502 0
1549015503 0
1549015504 0
1549015505 0
1549015506 0
1549015507 0
1549015508 0
1549015509 0
1549015510 0
1549015511 0
1549015512 0
1549015513 0
1549015514 0
1549015515 0
1549015516 0
1549015517 0
1549015518 0
1549015519 0
1549015520 0
1549015521 0
1549015522 0
1549015523 0
1549015524 0
1549015525 0
1549015526 0
1549015527 0
1549015528 0
1549015529 0
1549015530 0
1549015531 0
1549015532 0
1549015533 0
1549015534 0
1549015535 0
1549015536 0
1549015537 0
1549015538 0
1549015539 0
1549015540 0
1549015541 0
1549015542 0
1549015543 0
1549015544 0
1549015545 0
1549015546 0
1549015547 0
1549015548 0
1549015549 0
1549015550 0
1549015551 0
1549015552 0
1549015553 0
1549015554 0
1549015555 0
1549015556 0
1549015557 0
1549015558 0
1549015559 0
1549015560 0
1549015561 0
1549015562 0
1549015563 0
1549015564 0
1549015565 0
1549015566 0
1549015567 0
1549015568 0
1549015569 0
1549015570 0
1549015571 0
1549015572 0
1549015573 0
1549015574 0
1549015575 0
1549015576 0
1549015577 0
1549015578 0
1549015579 0
1549015580 0
1549015581 0
1549015582 0
1549015583 0
1549015584 0
1549015585 0
1549015586 0
1549015587 0
1549015588 0
1549015589 0
1549015590 0
1549015591 0
1549015592 0
1549015593 0
1549015594 0
1549015595 0
1549015596 0
1549015597 0
1549015598 0
1549015599 0
1549015600 0
1549015601 0
1549015602 0
1549015603 0
1549015604 0
1549015605 0
1549015606 0
1549015607 0
1549015608 0
1549015609 0
1549015610 0
1549015611 0
1549015612 0
1549015613 0
1549015614 0
1549015615 0
1549015616 0
1549015617 0
1549015618 0
1549015619 0
1549015620 0
1549015621 0
1549015622 0
1549015623 0
1549015624 0
1549015625 0
1549015626 0
1549015627 0
1549015628 0
1549015629 0
1549015630 0
1549015631 0
1549015632 0
1549015633 0
1549015634 0
1549015635 0
1549015636 0
1549015637 0
1549015638 0
1549015639 0
1549015640 0
1549015641 0
1549015642 0
1549015643 0
1549015644 0
1549015645 0
1549015646 0
1549015647 0
1549015648 0
1549015649 0
1549015650 0
1549015651 0
1549015652 0
1549015653 0
1549015654 0
1549015655 0
1549015656 0
1549015657 0
1549015658 0
1549015659 0
1549015660 0
1549015661 0
1549015662 0
1549015663 0
1549015664 0
1549015665 0
1549015666 0
1549015667 0
1549015668 0
1549015669 0
1549015670 0
1549015671 0
1549015672 0
1549015673 0
1549015674 0
1549015675 0
1549015676 0
1549015677 0
1549015678 0
1549015679 0
1549015680 0
1549015681 0
1549015682 0
1549015683 0
1549015684 0
1549015685 0
1549015686 0
1549015687 0
1549015688 0
1549015689 0
1549015690 0
1549015691 0
1549015692 0
1549015693 0
1549015694 0
1549015695 0
1549015696 0
1549015697 0
1549015698 0
1549015699 0
1549015700 0
1549015701 0
1549015702 0
1549015703 0
1549015704 0
1549015705 0
1549015706 0
1549015707 0
1549015708 0
1549015709 0
1549015710 0
1549015711 0
1549015712 0
1549015713 0
1549015714 0
1549015715 0
1549015716 0
1549015717 0
1549015718 0
1549015719 0
1549015720 0
1549015721 0
1549015722 0
1549015723 0
1549015724 0
1549015725 0
1549015726 0
1549015727 0
1549015728 0
1549015729 0
1549015730 0
1549015731 0
1549015732 0
1549015733 0
1549015734 0
1549015735 0
1549015736 0
1549015737 0
1549015738 0
1549015739 0
1549015740 0
1549015741 0
1549015742 0
1549015743 0
1549015744 0
1549015745 0
1549015746 0
1549015747 0
1549015748 0
1549015749 0
1549015750 0
1549015751 0
1549015752 0
1549015753 0
1549015754 0
1549015755 0
1549015756 0
1549015757 0
1549015758 0
1549015759 0
1549015760 0
1549015761 0
1549015762 0
1549015763 0
1549015764 0
1549015765 0
1549015766 0
1549015767 0
1549015768 0
1549015769 0
1549015770 0
1549015771 0
1549015772 0
1549015773 0
1549015774 0
1549015775 0
1549015776 0
1549015777 0
1549015778 0
1549015779 0
1549015780 0
1549015781 0
1549015782 0
1549015783 0
1549015784 0
1549015785 0
1549015786 0
1549015787 0
1549015788 0
1549015789 0
1549015790 0
1549015791 0
1549015792 0
1549015793 0
1549015794 0
1549015795 0
1549015796 0
1549015797 0
1549015798 0
1549015799 0
1549015800 0
1549015801 0
1549015802 0
1549015803 0
1549015804 0
1549015805 0
1549015806 0
1549015807 0
1549015808 0
1549015809 0
1549015810 0
1549015811 0
1549015812 0
1549015813 0
1549015814 0
1549015815 0
1549015816 0
1549015817 0
1549015818 0
1549015819 0
1549015820 0
1549015821 0
1549015822 0
1549015823 0
1549015824 0
1549015825 0
1549015826 0
1549015827 0
1549015828 0
1549015829 0
1549015830 0
1549015831 0
1549015832 0
1549015833 0
1549015834 0
1549015835 0
1549015836 0
1549015837 0
1549015838 0
1549015839 0
1549015840 0
1549015841 0
1549015842 0
1549015843 0
1549015844 0
1549015845 0
1549015846 0
1549015847 0
1549015848 0
1549015849 0
1549015850 0
1549015851 0
1549015852 0
1549015853 0
1549015854 0
1549015855 0
1549015856 0
1549015857 0
1549015858 0
1549015859 0
1549015860 0
1549015861 0
1549015862 0
1549015863 0
1549015864 0
1549015865 0
1549015866 0
1549015867 0
1549015868 0
1549015869 0
1549015870 0
1549015871 0
1549015872 0
1549015873 0
1549015874 0
1549015875 0
1549015876 0
1549015877 0
1549015878 0
1549015879 0
1549015880 0
1549015881 0
1549015882 0
1549015883 0
1549015884 0
1549015885 0
1549015886 0
1549015887 0
1549015888 0
1549015889 0
1549015890 0
1549015891 0
1549015892 0
1549015893 0
1549015894 0
1549015895 0
1549015896 0
1549015897 0
1549015898 0
1549015899 0
1549015900 0
1549015901 0
1549015902 0
1549015903 0
1549015904 0
1549015905 0
1549015906 0
1549015907 0
1549015908 0
1549015909 0
1549015910 0
1549015911 0
1549015912 0
1549015913 0
1549015914 0
1549015915 0
1549015916 0
1549015917 0
1549015918 0
1549015919 0
1549015920 0
1549015921 0
1549015922 0
1549015923 0
1549015924 0
1549015925 0
1549015926 0
1549015927 0
1549015928 0
1549015929 0
1549015930 0
1549015931 0
1549015932 0
1549015933 0
1549015934 0
1549015935 0
1549015936 0
1549015937 0
1549015938 0
1549015939 0
1549015940 0
1549015941 0
1549015942 0
1549015943 0
1549015944 0
1549015945 0
1549015946 0
1549015947 0
1549015948 0
1549015949 0
1549015950 0
1549015951 0
1549015952 0
1549015953 0
1549015954 0
1549015955 0
1549015956 0
1549015957 0
1549015958 0
1549015959 0
1549015960 0
1549015961 0
1549015962 0
1549015963 0
1549015964 0
1549015965 0
1549015966 0
1549015967 0
1549015968 0
1549015969 0
1549015970 0
1549015971 0
1549015972 0
1549015973 0
1549015974 0
1549015975 0
1549015976 0
1549015977 0
1549015978 0
1549015979 0
1549015980 0
1549015981 0
1549015982 0
1549015983 0
1549015984 0
1549015985 0
1549015986 0
1549015987 0
1549015988 0
1549015989 0
1549015990 0
1549015991 0
1549015992 0
1549015993 0
1549015994 0
1549015995 0
1549015996 0
1549015997 0
1549015998 0
1549015999 0
1549016000 0
1549016001 0
1549016002 0
1549016003 0
1549016004 0
1549016005 0
1549016006 0
1549016007 0
1549016008 0
1549016009 0
1549016010 0
1549016011 0
1549016012 0
1549016013 0
1549016014 0
1549016015 0
1549016016 0
1549016017 0
1549016018 0
1549016019 0
1549016020 0
1549016021 0
1549016022 0
1549016023 0
1549016024 0
1549016025 0
1549016026 0
1549016027 0
1549016028 0
1549016029 0
1549016030 0
1549016031 0
1549016032 0
1549016033 0
1549016034 0
1549016035 0
1549016036 0
1549016037 0
1549016038 0
1549016039 0
1549016040 0
1549016041 0
1549016042 0
1549016043 0
1549016044 0
1549016045 0
1549016046 0
1549016047 0
1549016048 0
1549016049 0
1549016050 0
1549016051 0
1549016052 0
1549016053 0
1549016054 0
1549016055 0
1549016056 0
1549016057 0
1549016058 0
1549016059 0
1549016060 0
1549016061 0
1549016062 0
1549016063 0
1549016064 0
1549016065 0
1549016066 0
1549016067 0
1549016068 0
1549016069 0
1549016070 0
1549016071 0
1549016072 0
1549016073 0
1549016074 0
1549016075 0
1549016076 0
1549016077 0
1549016078 0
1549016079 0
1549016080 0
1549016081 0
1549016082 0
1549016083 0
1549016084 0
1549016085 0
1549016086 0
1549016087 0
1549016088 0
1549016089 0
1549016090 0
1549016091 0
1549016092 0
1549016093 0
1549016094 0
1549016095 0
1549016096 0
1549016097 0
1549016098 0
1549016099 0
1549016100 0
1549016101 0
1549016102 0
1549016103 0
1549016104 0
1549016105 0
1549016106 0
1549016107 0
1549016108 0
1549016109 0
1549016110 0
1549016111 0
1549016112 0
1549016113 0
1549016114 0
1549016115 0
1549016116 0
1549016117 0
1549016118 0
1549016119 0
1549016120 0
1549016121 0
1549016122 0
1549016123 0
1549016124 0
1549016125 0
1549016126 0
1549016127 0
1549016128 0
1549016129 0
1549016130 0
1549016131 0
1549016132 0
1549016133 0
1549016134 0
1549016135 0
1549016136 0
1549016137 0
1549016138 0
1549016139 0
1549016140 0
1549016141 0
1549016142 0
1549016143 0
1549016144 0
1549016145 0
1549016146 0
1549016147 0
1549016148 0
1549016149 0
1549016150 0
1549016151 0
1549016152 0
1549016153 0
1549016154 0
1549016155 0
1549016156 0
1549016157 0
1549016158 0
1549016159 0
1549016160 0
1549016161 0
1549016162 0
1549016163 0
1549016164 0
1549016165 0
1549016166 0
1549016167 0
1549016168 0
1549016169 0
1549016170 0
1549016171 0
1549016172 0
1549016173 0
1549016174 0
1549016175 0
1549016176 0
1549016177 0
1549016178 0
1549016179 0
1549016180 0
1549016181 0
1549016182 0
1549016183 0
1549016184 0
1549016185 0
1549016186 0
1549016187 0
1549016188 0
1549016189 0
1549016190 0
1549016191 0
1549016192 0
1549016193 0
1549016194 0
1549016195 0
1549016196 0
1549016197 0
1549016198 0
1549016199 0
1549016200 0
1549016201 0
1549016202 0
1549016203 0
1549016204 0
1549016205 0
1549016206 0
1549016207 0
1549016208 0
1549016209 0
1549016210 0
1549016211 0
1549016212 0
1549016213 0
1549016214 0
1549016215 0
1549016216 0
1549016217 0
1549016218 0
1549016219 0
1549016220 0
1549016221 0
1549016222 0
1549016223 0
1549016224 0
1549016225 0
1549016226 0
1549016227 0
1549016228 0
1549016229 0
1549016230 0
1549016231 0
1549016232 0
1549016233 0
1549016234 0
1549016235 0
1549016236 0
1549016237 0
1549016238 0
1549016239 0
1549016240 0
1549016241 0
1549016242 0
1549016243 0
1549016244 0
1549016245 0
1549016246 0
1549016247 0
1549016248 0
1549016249 0
1549016250 0
1549016251 0
1549016252 0
1549016253 0
1549016254 0
1549016255 0
1549016256 0
1549016257 0
1549016258 0
1549016259 0
1549016260 0
1549016261 0
1549016262 0
1549016263 0
1549016264 0
1549016265 0
1549016266 0
1549016267 0
1549016268 0
1549016269 0
1549016270 0
1549016271 0
1549016272 0
1549016273 0
1549016274 0
1549016275 0
1549016276 0
1549016277 0
1549016278 0
1549016279 0
1549016280 0
1549016281 0
1549016282 0
1549016283 0
1549016284 0
1549016285 0
1549016286 0
1549016287 0
1549016288 0
1549016289 0
1549016290 0
1549016291 0
1549016292 0
1549016293 0
1549016294 0
1549016295 0
1549016296 0
1549016297 0
1549016298 0
1549016299 0
1549016300 0
1549016301 0
1549016302 0
1549016303 0
1549016304 0
1549016305 0
1549016306 0
1549016307 0
1549016308 0
1549016309 0
1549016310 0
1549016311 0
1549016312 0
1549016313 0
1549016314 0
1549016315 0
1549016316 0
1549016317 0
1549016318 0
1549016319 0
1549016320 0
1549016321 0
1549016322 0
1549016323 0
1549016324 0
1549016325 0
1549016326 0
1549016327 0
1549016328 0
1549016329 0
1549016330 0
1549016331 0
1549016332 0
1549016333 0
1549016334 0
1549016335 0
1549016336 0
1549016337 0
1549016338 0
1549016339 0
1549016340 0
1549016341 0
1549016342 0
1549016343 0
1549016344 0
1549016345 0
1549016346 0
1549016347 0
1549016348 0
1549016349 0
1549016350 0
1549016351 0
1549016352 0
1549016353 0
1549016354 0
1549016355 0
1549016356 0
1549016357 0
1549016358 0
1549016359 0
1549016360 0
1549016361 0
1549016362 0
1549016363 0
1549016364 0
1549016365 0
1549016366 0
1549016367 0
1549016368 0
1549016369 0
1549016370 0
1549016371 0
1549016372 0
1549016373 0
1549016374 0
1549016375 0
1549016376 0
1549016377 0
1549016378 0
1549016379 0
1549016380 0
1549016381 0
1549016382 0
1549016383 0
1549016384 0
1549016385 0
1549016386 0
1549016387 0
1549016388 0
1549016389 0
1549016390 0
1549016391 0
1549016392 0
1549016393 0
1549016394 0
1549016395 0
1549016396 0
1549016397 0
1549016398 0
1549016399 0
1549016400 0
1549016401 0
1549016402 0
1549016403 0
1549016404 0
1549016405 0
1549016406 0
1549016407 0
1549016408 0
1549016409 0
1549016410 0
1549016411 0
1549016412 0
1549016413 0
1549016414 0
1549016415 0
1549016416 0
1549016417 0
1549016418 0
1549016419 0
1549016420 0
1549016421 0
1549016422 0
1549016423 0
1549016424 0
1549016425 0
1549016426 0
1549016427 0
1549016428 0
1549016429 0
1549016430 0
1549016431 0
1549016432 0
1549016433 0
1549016434 0
1549016435 0
1549016436 0
1549016437 0
1549016438 0
1549016439 0
1549016440 0
1549016441 0
1549016442 0
1549016443 0
1549016444 0
1549016445 0
1549016446 0
1549016447 0
1549016448 0
1549016449 0
1549016450 0
1549016451 0
1549016452 0
1549016453 0
1549016454 0
1549016455 0
1549016456 0
1549016457 0
1549016458 0
1549016459 0
1549016460 0
1549016461 0
1549016462 0
1549016463 0
1549016464 0
1549016465 0
1549016466 0
1549016467 0
1549016468 0
1549016469 0
1549016470 0
1549016471 0
1549016472 0
1549016473 0
1549016474 0
1549016475 0
1549016476 0
1549016477 0
1549016478 0
1549016479 0
1549016480 0
1549016481 0
1549016482 0
1549016483 0
1549016484 0
1549016485 0
1549016486 0
1549016487 0
1549016488 0
1549016489 0
1549016490 0
1549016491 0
1549016492 0
1549016493 0
1549016494 0
1549016495 0
1549016496 0
1549016497 0
1549016498 0
1549016499 0
1549016500 0
1549016501 0
1549016502 0
1549016503 0
1549016504 0
1549016505 0
1549016506 0
1549016507 0
1549016508 0
1549016509 0
1549016510 0
1549016511 0
1549016512 0
1549016513 0
1549016514 0
1549016515 0
1549016516 0
1549016517 0
1549016518 0
1549016519 0
1549016520 0
1549016521 0
1549016522 0
1549016523 0
1549016524 0
1549016525 0
1549016526 0
1549016527 0
1549016528 0
1549016529 0
1549016530 0
1549016531 0
1549016532 0
1549016533 0
1549016534 0
1549016535 0
1549016536 0
1549016537 0
1549016538 0
1549016539 0
1549016540 0
1549016541 0
1549016542 0
1549016543 0
1549016544 0
1549016545 0
1549016546 0
1549016547 0
1549016548 0
1549016549 0
1549016550 0
1549016551 0
1549016552 0
1549016553 0
1549016554 0
1549016555 0
1549016556 0
1549016557 0
1549016558 0
1549016559 0
1549016560 0
1549016561 0
1549016562 0
1549016563 0
1549016564 0
1549016565 0
1549016566 0
1549016567 0
1549016568 0
1549016569 0
1549016570 0
1549016571 0
1549016572 0
1549016573 0
1549016574 0
1549016575 0
1549016576 0
1549016577 0
1549016578 0
1549016579 0
1549016580 0
1549016581 0
1549016582 0
1549016583 0
1549016584 0
1549016585 0
1549016586 0
1549016587 0
1549016588 0
1549016589 0
1549016590 0
1549016591 0
1549016592 0
1549016593 0
1549016594 0
1549016595 0
1549016596 0
1549016597 0
1549016598 0
1549016599 0
1549016600 0
1549016601 0
1549016602 0
1549016603 0
1549016604 0
1549016605 0
1549016606 0
1549016607 0
1549016608 0
1549016609 0
1549016610 0
1549016611 0
1549016612 0
1549016613 0
1549016614 0
1549016615 0
1549016616 0
1549016617 0
1549016618 0
1549016619 0
1549016620 0
1549016621 0
1549016622 0
1549016623 0
1549016624 0
1549016625 0
1549016626 0
1549016627 0
1549016628 0
1549016629 0
1549016630 0
1549016631 0
1549016632 0
1549016633 0
1549016634 0
1549016635 0
1549016636 0
1549016637 0
1549016638 0
1549016639 0
1549016640 0
1549016641 0
1549016642 0
1549016643 0
1549016644 0
1549016645 0
1549016646 0
1549016647 0
1549016648 0
1549016649 0
1549016650 0
1549016651 0
1549016652 0
1549016653 0
1549016654 0
1549016655 0
1549016656 0
1549016657 0
1549016658 0
1549016659 0
1549016660 0
1549016661 0
1549016662 0
1549016663 0
1549016664 0
1549016665 0
1549016666 0
1549016667 0
1549016668 0
1549016669 0
1549016670 0
1549016671 0
1549016672 0
1549016673 0
1549016674 0
1549016675 0
1549016676 0
1549016677 0
1549016678 0
1549016679 0
1549016680 0
1549016681 0
1549016682 0
1549016683 0
1549016684 0
1549016685 0
1549016686 0
1549016687 0
1549016688 0
1549016689 0
1549016690 0
1549016691 0
1549016692 0
1549016693 0
1549016694 0
1549016695 0
1549016696 0
1549016697 0
1549016698 0
1549016699 0
1549016700 0
1549016701 0
1549016702 0
1549016703 0
1549016704 0
1549016705 0
1549016706 0
1549016707 0
1549016708 0
1549016709 0
1549016710 0
1549016711 0
1549016712 0
1549016713 0
1549016714 0
1549016715 0
1549016716 0
1549016717 0
1549016718 0
1549016719 0
1549016720 0
1549016721 0
1549016722 0
1549016723 0
1549016724 0
1549016725 0
1549016726 0
1549016727 0
1549016728 0
1549016729 0
1549016730 0
1549016731 0
1549016732 0
1549016733 0
1549016734 0
1549016735 0
1549016736 0
1549016737 0
1549016738 0
1549016739 0
1549016740 0
1549016741 0
1549016742 0
1549016743 0
1549016744 0
1549016745 0
1549016746 0
1549016747 0
1549016748 0
1549016749 0
1549016750 0
1549016751 0
1549016752 0
1549016753 0
1549016754 0
1549016755 0
1549016756 0
1549016757 0
1549016758 0
1549016759 0
1549016760 0
1549016761 0
1549016762 0
1549016763 0
1549016764 0
1549016765 0
1549016766 0
1549016767 0
1549016768 0
1549016769 0
1549016770 0
1549016771 0
1549016772 0
1549016773 0
1549016774 0
1549016775 0
1549016776 0
1549016777 0
1549016778 0
1549016779 0
1549016780 0
1549016781 0
1549016782 0
1549016783 0
1549016784 0
1549016785 0
1549016786 0
1549016787 0
1549016788 0
1549016789 0
1549016790 0
1549016791 0
1549016792 0
1549016793 0
1549016794 0
1549016795 0
1549016796 0
1549016797 0
1549016798 0
1549016799 0
1549016800 0
1549016801 0
1549016802 0
1549016803 0
1549016804 0
1549016805 0
1549016806 0
1549016807 0
1549016808 0
1549016809 0
1549016810 0
1549016811 0
1549016812 0
1549016813 0
1549016814 0
1549016815 0
1549016816 0
1549016817 0
1549016818 0
1549016819 0
1549016820 0
1549016821 0
1549016822 0
1549016823 0
1549016824 0
1549016825 0
1549016826 0
1549016827 0
1549016828 0
1549016829 0
1549016830 0
1549016831 0
1549016832 0
1549016833 0
1549016834 0
1549016835 0
1549016836 0
1549016837 0
1549016838 0
1549016839 0
1549016840 0
1549016841 0
1549016842 0
1549016843 0
1549016844 0
1549016845 0
1549016846 0
1549016847 0
1549016848 0
1549016849 0
1549016850 0
1549016851 0
1549016852 0
1549016853 0
1549016854 0
1549016855 0
1549016856 0
1549016857 0
1549016858 0
1549016859 0
1549016860 0
1549016861 0
1549016862 0
1549016863 0
1549016864 0
1549016865 0
1549016866 0
1549016867 0
1549016868 0
1549016869 0
1549016870 0
1549016871 0
1549016872 0
1549016873 0
1549016874 0
1549016875 0
1549016876 0
1549016877 0
1549016878 0
1549016879 0
1549016880 0
1549016881 0
1549016882 0
1549016883 0
1549016884 0
1549016885 0
1549016886 0
1549016887 0
1549016888 0
1549016889 0
1549016890 0
1549016891 0
1549016892 0
1549016893 0
1549016894 0
1549016895 0
1549016896 0
1549016897 0
1549016898 0
1549016899 0
1549016900 0
1549016901 0
1549016902 0
1549016903 0
1549016904 0
1549016905 0
1549016906 0
1549016907 0
1549016908 0
1549016909 0
1549016910 0
1549016911 0
1549016912 0
1549016913 0
1549016914 0
1549016915 0
1549016916 0
1549016917 0
1549016918 0
1549016919 0
1549016920 0
1549016921 0
1549016922 0
1549016923 0
1549016924 0
1549016925 0
1549016926 0
1549016927 0
1549016928 0
1549016929 0
1549016930 0
1549016931 0
1549016932 0
1549016933 0
1549016934 0
1549016935 0
1549016936 0
1549016937 0
1549016938 0
1549016939 0
1549016940 0
1549016941 0
1549016942 0
1549016943 0
1549016944 0
1549016945 0
1549016946 0
1549016947 0
1549016948 0
1549016949 0
1549016950 0
1549016951 0
1549016952 0
1549016953 0
1549016954 0
1549016955 0
1549016956 0
1549016957 0
1549016958 0
1549016959 0
1549016960 0
1549016961 0
1549016962 0
1549016963 0
1549016964 0
1549016965 0
1549016966 0
1549016967 0
1549016968 0
1549016969 0
1549016970 0
1549016971 0
1549016972 0
1549016973 0
1549016974 0
1549016975 0
1549016976 0
1549016977 0
1549016978 0
1549016979 0
1549016980 0
1549016981 0
1549016982 0
1549016983 0
1549016984 0
1549016985 0
1549016986 0
1549016987 0
1549016988 0
1549016989 0
1549016990 0
1549016991 0
1549016992 0
1549016993 0
1549016994 0
1549016995 0
1549016996 0
1549016997 0
1549016998 0
1549016999 0
1549017000 0
1549017001 0
1549017002 0
1549017003 0
1549017004 0
1549017005 0
1549017006 0
1549017007 0
1549017008 0
1549017009 0
1549017010 0
1549017011 0
1549017012 0
1549017013 0
1549017014 0
1549017015 0
1549017016 0
1549017017 0
1549017018 0
1549017019 0
1549017020 0
1549017021 0
1549017022 0
1549017023 0
1549017024 0
1549017025 0
1549017026 0
1549017027 0
1549017028 0
1549017029 0
1549017030 0
1549017031 0
1549017032 0
1549017033 0
1549017034 0
1549017035 0
1549017036 0
1549017037 0
1549017038 0
1549017039 0
1549017040 0
1549017041 0
1549017042 0
1549017043 0
1549017044 0
1549017045 0
1549017046 0
1549017047 0
1549017048 0
1549017049 0
1549017050 0
1549017051 0
1549017052 0
1549017053 0
1549017054 0
1549017055 0
1549017056 0
1549017057 0
1549017058 0
1549017059 0
1549017060 0
1549017061 0
1549017062 0
1549017063 0
1549017064 0
1549017065 0
1549017066 0
1549017067 0
1549017068 0
1549017069 0
1549017070 0
1549017071 0
1549017072 0
1549017073 0
1549017074 0
1549017075 0
1549017076 0
1549017077 0
1549017078 0
1549017079 0
1549017080 0
1549017081 0
1549017082 0
1549017083 0
1549017084 0
1549017085 0
1549017086 0
1549017087 0
1549017088 0
1549017089 0
1549017090 0
1549017091 0
1549017092 0
1549017093 0
1549017094 0
1549017095 0
1549017096 0
1549017097 0
1549017098 0
1549017099 0
1549017100 0
1549017101 0
1549017102 0
1549017103 0
1549017104 0
1549017105 0
1549017106 0
1549017107 0
1549017108 0
1549017109 0
1549017110 0
1549017111 0
1549017112 0
1549017113 0
1549017114 0
1549017115 0
1549017116 0
1549017117 0
1549017118 0
1549017119 0
1549017120 0
1549017121 0
1549017122 0
1549017123 0
1549017124 0
1549017125 0
1549017126 0
1549017127 0
1549017128 0
1549017129 0
1549017130 0
1549017131 0
1549017132 0
1549017133 0
1549017134 0
1549017135 0
1549017136 0
1549017137 0
1549017138 0
1549017139 0
1549017140 0
1549017141 0
1549017142 0
1549017143 0
1549017144 0
1549017145 0
1549017146 0
1549017147 0
1549017148 0
1549017149 0
1549017150 0
1549017151 0
1549017152 0
1549017153 0
1549017154 0
1549017155 0
1549017156 0
1549017157 0
1549017158 0
1549017159 0
1549017160 0
1549017161 0
1549017162 0
1549017163 0
1549017164 0
1549017165 0
1549017166 0
1549017167 0
1549017168 0
1549017169 0
1549017170 0
1549017171 0
1549017172 0
1549017173 0
1549017174 0
1549017175 0
1549017176 0
1549017177 0
1549017178 0
1549017179 0
1549017180 0
1549017181 0
1549017182 0
1549017183 0
1549017184 0
1549017185 0
1549017186 0
1549017187 0
1549017188 0
1549017189 0
1549017190 0
1549017191 0
1549017192 0
1549017193 0
1549017194 0
1549017195 0
1549017196 0
1549017197 0
1549017198 0
1549017199 0
1549017200 0
1549017201 0
1549017202 0
1549017203 0
1549017204 0
1549017205 0
1549017206 0
1549017207 0
1549017208 0
1549017209 0
1549017210 0
1549017211 0
1549017212 0
1549017213 0
1549017214 0
1549017215 0
1549017216 0
1549017217 0
1549017218 0
1549017219 0
1549017220 0
1549017221 0
1549017222 0
1549017223 0
1549017224 0
1549017225 0
1549017226 0
1549017227 0
1549017228 0
1549017229 0
1549017230 0
1549017231 0
1549017232 0
1549017233 0
1549017234 0
1549017235 0
1549017236 0
1549017237 0
1549017238 0
1549017239 0
1549017240 0
1549017241 0
1549017242 0
1549017243 0
1549017244 0
1549017245 0
1549017246 0
1549017247 0
1549017248 0
1549017249 0
1549017250 0
1549017251 0
1549017252 0
1549017253 0
1549017254 0
1549017255 0
1549017256 0
1549017257 0
1549017258 0
1549017259 0
1549017260 0
1549017261 0
1549017262 0
1549017263 0
1549017264 0
1549017265 0
1549017266 0
1549017267 0
1549017268 0
1549017269 0
1549017270 0
1549017271 0
1549017272 0
1549017273 0
1549017274 0
1549017275 0
1549017276 0
1549017277 0
1549017278 0
1549017279 0
1549017280 0
1549017281 0
1549017282 0
1549017283 0
1549017284 0
1549017285 0
1549017286 0
1549017287 0
1549017288 0
1549017289 0
1549017290 0
1549017291 0
1549017292 0
1549017293 0
1549017294 0
1549017295 0
1549017296 0
1549017297 0
1549017298 0
1549017299 0
1549017300 0
1549017301 0
1549017302 0
1549017303 0
1549017304 0
1549017305 0
1549017306 0
1549017307 0
1549017308 0
1549017309 0
1549017310 0
1549017311 0
1549017312 0
1549017313 0
1549017314 0
1549017315 0
1549017316 0
1549017317 0
1549017318 0
1549017319 0
1549017320 0
1549017321 0
1549017322 0
1549017323 0
1549017324 0
1549017325 0
1549017326 0
1549017327 0
1549017328 0
1549017329 0
1549017330 0
1549017331 0
1549017332 0
1549017333 0
1549017334 0
1549017335 0
1549017336 0
1549017337 0
1549017338 0
1549017339 0
1549017340 0
1549017341 0
1549017342 0
1549017343 0
1549017344 0
1549017345 0
1549017346 0
1549017347 0
1549017348 0
1549017349 0
1549017350 0
1549017351 0
1549017352 0
1549017353 0
1549017354 0
1549017355 0
1549017356 0
1549017357 0
1549017358 0
1549017359 0
1549017360 0
1549017361 0
1549017362 0
1549017363 0
1549017364 0
1549017365 0
1549017366 0
1549017367 0
1549017368 0
1549017369 0
1549017370 0
1549017371 0
1549017372 0
1549017373 0
1549017374 0
1549017375 0
1549017376 0
1549017377 0
1549017378 0
1549017379 0
1549017380 0
1549017381 0
1549017382 0
1549017383 0
1549017384 0
1549017385 0
1549017386 0
1549017387 0
1549017388 0
1549017389 0
1549017390 0
1549017391 0
1549017392 0
1549017393 0
1549017394 0
1549017395 0
1549017396 0
1549017397 0
1549017398 0
1549017399 0
1549017400 0
1549017401 0
1549017402 0
1549017403 0
1549017404 0
1549017405 0
1549017406 0
1549017407 0
1549017408 0
1549017409 0
1549017410 0
1549017411 0
1549017412 0
1549017413 0
1549017414 0
1549017415 0
1549017416 0
1549017417 0
1549017418 0
1549017419 0
1549017420 0
1549017421 0
1549017422 0
1549017423 0
1549017424 0
1549017425 0
1549017426 0
1549017427 0
1549017428 0
1549017429 0
1549017430 0
1549017431 0
1549017432 0
1549017433 0
1549017434 0
1549017435 0
1549017436 0
1549017437 0
1549017438 0
1549017439 0
1549017440 0
1549017441 0
1549017442 0
1549017443 0
1549017444 0
1549017445 0
1549017446 0
1549017447 0
1549017448 0
1549017449 0
1549017450 0
1549017451 0
1549017452 0
1549017453 0
1549017454 0
1549017455 0
1549017456 0
1549017457 0
1549017458 0
1549017459 0
1549017460 0
1549017461 0
1549017462 0
1549017463 0
1549017464 0
1549017465 0
1549017466 0
1549017467 0
1549017468 0
1549017469 0
1549017470 0
1549017471 0
1549017472 0
1549017473 0
1549017474 0
1549017475 0
1549017476 0
1549017477 0
1549017478 0
1549017479 0
1549017480 0
1549017481 0
1549017482 0
1549017483 0
1549017484 0
1549017485 0
1549017486 0
1549017487 0
1549017488 0
1549017489 0
1549017490 0
1549017491 0
1549017492 0
1549017493 0
1549017494 0
1549017495 0
1549017496 0
1549017497 0
1549017498 0
1549017499 0
1549017500 0
1549017501 0
1549017502 0
1549017503 0
1549017504 0
1549017505 0
1549017506 0
1549017507 0
1549017508 0
1549017509 0
1549017510 0
1549017511 0
1549017512 0
1549017513 0
1549017514 0
1549017515 0
1549017516 0
1549017517 0
1549017518 0
1549017519 0
1549017520 0
1549017521 0
1549017522 0
1549017523 0
1549017524 0
1549017525 0
1549017526 0
1549017527 0
1549017528 0
1549017529 0
1549017530 0
1549017531 0
1549017532 0
1549017533 0
1549017534 0
1549017535 0
1549017536 0
1549017537 0
1549017538 0
1549017539 0
1549017540 0
1549017541 0
1549017542 0
1549017543 0
1549017544 0
1549017545 0
1549017546 0
1549017547 0
1549017548 0
1549017549 0
1549017550 0
1549017551 0
1549017552 0
1549017553 0
1549017554 0
1549017555 0
1549017556 0
1549017557 0
1549017558 0
1549017559 0
1549017560 0
1549017561 0
1549017562 0
1549017563 0
1549017564 0
1549017565 0
1549017566 0
1549017567 0
1549017568 0
1549017569 0
1549017570 0
1549017571 0
1549017572 0
1549017573 0
1549017574 0
1549017575 0
1549017576 0
1549017577 0
1549017578 0
1549017579 0
1549017580 0
1549017581 0
1549017582 0
1549017583 0
1549017584 0
1549017585 0
1549017586 0
1549017587 0
1549017588 0
1549017589 0
1549017590 0
1549017591 0
1549017592 0
1549017593 0
1549017594 0
1549017595 0
1549017596 0
1549017597 0
1549017598 0
1549017599 0
1549017600 0
1549017601 0
1549017602 0
1549017603 0
1549017604 0
1549017605 0
1549017606 0
1549017607 0
1549017608 0
1549017609 0
1549017610 0
1549017611 0
1549017612 0
1549017613 0
1549017614 0
1549017615 0
1549017616 0
1549017617 0
1549017618 0
1549017619 0
1549017620 0
1549017621 0
1549017622 0
1549017623 0
1549017624 0
1549017625 0
1549017626 0
1549017627 0
1549017628 0
1549017629 0
1549017630 0
1549017631 0
1549017632 0
1549017633 0
1549017634 0
1549017635 0
1549017636 0
1549017637 0
1549017638 0
1549017639 0
1549017640 0
1549017641 0
1549017642 0
1549017643 0
1549017644 0
1549017645 0
1549017646 0
1549017647 0
1549017648 0
1549017649 0
1549017650 0
1549017651 0
1549017652 0
1549017653 0
1549017654 0
1549017655 0
1549017656 0
1549017657 0
1549017658 0
1549017659 0
1549017660 0
1549017661 0
1549017662 0
1549017663 0
1549017664 0
1549017665 0
1549017666 0
1549017667 0
1549017668 0
1549017669 0
1549017670 0
1549017671 0
1549017672 0
1549017673 0
1549017674 0
1549017675 0
1549017676 0
1549017677 0
1549017678 0
1549017679 0
1549017680 0
1549017681 0
1549017682 0
1549017683 0
1549017684 0
1549017685 0
1549017686 0
1549017687 0
1549017688 0
1549017689 0
1549017690 0
1549017691 0
1549017692 0
1549017693 0
1549017694 0
1549017695 0
1549017696 0
1549017697 0
1549017698 0
1549017699 0
1549017700 0
1549017701 0
1549017702 0
1549017703 0
1549017704 0
1549017705 0
1549017706 0
1549017707 0
1549017708 0
1549017709 0
1549017710 0
1549017711 0
1549017712 0
1549017713 0
1549017714 0
1549017715 0
1549017716 0
1549017717 0
1549017718 0
1549017719 0
1549017720 0
1549017721 0
1549017722 0
1549017723 0
1549017724 0
1549017725 0
1549017726 0
1549017727 0
1549017728 0
1549017729 0
1549017730 0
1549017731 0
1549017732 0
1549017733 0
1549017734 0
1549017735 0
1549017736 0
1549017737 0
1549017738 0
1549017739 0
1549017740 0
1549017741 0
1549017742 0
1549017743 0
1549017744 0
1549017745 0
1549017746 0
1549017747 0
1549017748 0
1549017749 0
1549017750 0
1549017751 0
1549017752 0
1549017753 0
1549017754 0
1549017755 0
1549017756 0
1549017757 0
1549017758 0
1549017759 0
1549017760 0
1549017761 0
1549017762 0
1549017763 0
1549017764 0
1549017765 0
1549017766 0
1549017767 0
1549017768 0
1549017769 0
1549017770 0
1549017771 0
1549017772 0
1549017773 0
1549017774 0
1549017775 0
1549017776 0
1549017777 0
1549017778 0
1549017779 0
1549017780 0
1549017781 0
1549017782 0
1549017783 0
1549017784 0
1549017785 0
1549017786 0
1549017787 0
1549017788 0
1549017789 0
1549017790 0
1549017791 0
1549017792 0
1549017793 0
1549017794 0
1549017795 0
1549017796 0
1549017797 0
1549017798 0
1549017799 0
1549017800 0
1549017801 0
1549017802 0
1549017803 0
1549017804 0
1549017805 0
1549017806 0
1549017807 0
1549017808 0
1549017809 0
1549017810 0
1549017811 0
1549017812 0
1549017813 0
1549017814 0
1549017815 0
1549017816 0
1549017817 0
1549017818 0
1549017819 0
1549017820 0
1549017821 0
1549017822 0
1549017823 0
1549017824 0
1549017825 0
1549017826 0
1549017827 0
1549017828 0
1549017829 0
1549017830 0
1549017831 0
1549017832 0
1549017833 0
1549017834 0
1549017835 0
1549017836 0
1549017837 0
1549017838 0
1549017839 0
1549017840 0
1549017841 0
1549017842 0
1549017843 0
1549017844 0
1549017845 0
1549017846 0
1549017847 0
1549017848 0
1549017849 0
1549017850 0
1549017851 0
1549017852 0
1549017853 0
1549017854 0
1549017855 0
1549017856 0
1549017857 0
1549017858 0
1549017859 0
1549017860 0
1549017861 0
1549017862 0
1549017863 0
1549017864 0
1549017865 0
1549017866 0
1549017867 0
1549017868 0
1549017869 0
1549017870 0
1549017871 0
1549017872 0
1549017873 0
1549017874 0
1549017875 0
1549017876 0
1549017877 0
1549017878 0
1549017879 0
1549017880 0
1549017881 0
1549017882 0
1549017883 0
1549017884 0
1549017885 0
1549017886 0
1549017887 0
1549017888 0
1549017889 0
1549017890 0
1549017891 0
1549017892 0
1549017893 0
1549017894 0
1549017895 0
1549017896 0
1549017897 0
1549017898 0
1549017899 0
1549017900 0
1549017901 0
1549017902 0
1549017903 0
1549017904 0
1549017905 0
1549017906 0
1549017907 0
1549017908 0
1549017909 0
1549017910 0
1549017911 0
1549017912 0
1549017913 0
1549017914 0
1549017915 0
1549017916 0
1549017917 0
1549017918 0
1549017919 0
1549017920 0
1549017921 0
1549017922 0
1549017923 0
1549017924 0
1549017925 0
1549017926 0
1549017927 0
1549017928 0
1549017929 0
1549017930 0
1549017931 0
1549017932 0
1549017933 0
1549017934 0
1549017935 0
1549017936 0
1549017937 0
1549017938 0
1549017939 0
1549017940 0
1549017941 0
1549017942 0
1549017943 0
1549017944 0
1549017945 0
1549017946 0
1549017947 0
1549017948 0
1549017949 0
1549017950 0
1549017951 0
1549017952 0
1549017953 0
1549017954 0
1549017955 0
1549017956 0
1549017957 0
1549017958 0
1549017959 0
1549017960 0
1549017961 0
1549017962 0
1549017963 0
1549017964 0
1549017965 0
1549017966 0
1549017967 0
1549017968 0
1549017969 0
1549017970 0
1549017971 0
1549017972 0
1549017973 0
1549017974 0
1549017975 0
1549017976 0
1549017977 0
1549017978 0
1549017979 0
1549017980 0
1549017981 0
1549017982 0
1549017983 0
1549017984 0
1549017985 0
1549017986 0
1549017987 0
1549017988 0
1549017989 0
1549017990 0
1549017991 0
1549017992 0
1549017993 0
1549017994 0
1549017995 0
1549017996 0
1549017997 0
1549017998 0
1549017999 0
1549018000 0
1549018001 0
1549018002 0
1549018003 0
1549018004 0
1549018005 0
1549018006 0
1549018007 0
1549018008 0
1549018009 0
1549018010 0
1549018011 0
1549018012 0
1549018013 0
1549018014 0
1549018015 0
1549018016 0
1549018017 0
1549018018 0
1549018019 0
1549018020 0
1549018021 0
1549018022 0
1549018023 0
1549018024 0
1549018025 0
1549018026 0
1549018027 0
1549018028 0
1549018029 0
1549018030 0
1549018031 0
1549018032 0
1549018033 0
1549018034 0
1549018035 0
1549018036 0
1549018037 0
1549018038 0
1549018039 0
1549018040 0
1549018041 0
1549018042 0
1549018043 0
1549018044 0
1549018045 0
1549018046 0
1549018047 0
1549018048 0
1549018049 0
1549018050 0
1549018051 0
1549018052 0
1549018053 0
1549018054 0
1549018055 0
1549018056 0
1549018057 0
1549018058 0
1549018059 0
1549018060 0
1549018061 0
1549018062 0
1549018063 0
1549018064 0
1549018065 0
1549018066 0
1549018067 0
1549018068 0
1549018069 0
1549018070 0
1549018071 0
1549018072 0
1549018073 0
1549018074 0
1549018075 0
1549018076 0
1549018077 0
1549018078 0
1549018079 0
1549018080 0
1549018081 0
1549018082 0
1549018083 0
1549018084 0
1549018085 0
1549018086 0
1549018087 0
1549018088 0
1549018089 0
1549018090 0
1549018091 0
1549018092 0
1549018093 0
1549018094 0
1549018095 0
1549018096 0
1549018097 0
1549018098 0
1549018099 0
1549018100 0
1549018101 0
1549018102 0
1549018103 0
1549018104 0
1549018105 0
1549018106 0
1549018107 0
1549018108 0
1549018109 0
1549018110 0
1549018111 0
1549018112 0
1549018113 0
1549018114 0
1549018115 0
1549018116 0
1549018117 0
1549018118 0
1549018119 0
1549018120 0
1549018121 0
1549018122 0
1549018123 0
1549018124 0
1549018125 0
1549018126 0
1549018127 0
1549018128 0
1549018129 0
1549018130 0
1549018131 0
1549018132 0
1549018133 0
1549018134 0
1549018135 0
1549018136 0
1549018137 0
1549018138 0
1549018139 0
1549018140 0
1549018141 0
1549018142 0
1549018143 0
1549018144 0
1549018145 0
1549018146 0
1549018147 0
1549018148 0
1549018149 0
1549018150 0
1549018151 0
1549018152 0
1549018153 0
1549018154 0
1549018155 0
1549018156 0
1549018157 0
1549018158 0
1549018159 0
1549018160 0
1549018161 0
1549018162 0
1549018163 0
1549018164 0
1549018165 0
1549018166 0
1549018167 0
1549018168 0
1549018169 0
1549018170 0
1549018171 0
1549018172 0
1549018173 0
1549018174 0
1549018175 0
1549018176 0
1549018177 0
1549018178 0
1549018179 0
1549018180 0
1549018181 0
1549018182 0
1549018183 0
1549018184 0
1549018185 0
1549018186 0
1549018187 0
1549018188 0
1549018189 0
1549018190 0
1549018191 0
1549018192 0
1549018193 0
1549018194 0
1549018195 0
1549018196 0
1549018197 0
1549018198 0
1549018199 0
1549018200 0
1549018201 0
1549018202 0
1549018203 0
1549018204 0
1549018205 0
1549018206 0
1549018207 0
1549018208 0
1549018209 0
1549018210 0
1549018211 0
1549018212 0
1549018213 0
1549018214 0
1549018215 0
1549018216 0
1549018217 0
1549018218 0
1549018219 0
1549018220 0
1549018221 0
1549018222 0
1549018223 0
1549018224 0
1549018225 0
1549018226 0
1549018227 0
1549018228 0
1549018229 0
1549018230 0
1549018231 0
1549018232 0
1549018233 0
1549018234 0
1549018235 0
1549018236 0
1549018237 0
1549018238 0
1549018239 0
1549018240 0
1549018241 0
1549018242 0
1549018243 0
1549018244 0
1549018245 0
1549018246 0
1549018247 0
1549018248 0
1549018249 0
1549018250 0
1549018251 0
1549018252 0
1549018253 0
1549018254 0
1549018255 0
1549018256 0
1549018257 0
1549018258 0
1549018259 0
1549018260 0
1549018261 0
1549018262 0
1549018263 0
1549018264 0
1549018265 0
1549018266 0
1549018267 0
1549018268 0
1549018269 0
1549018270 0
1549018271 0
1549018272 0
1549018273 0
1549018274 0
1549018275 0
1549018276 0
1549018277 0
1549018278 0
1549018279 0
1549018280 0
1549018281 0
1549018282 0
1549018283 0
1549018284 0
1549018285 0
1549018286 0
1549018287 0
1549018288 0
1549018289 0
1549018290 0
1549018291 0
1549018292 0
1549018293 0
1549018294 0
1549018295 0
1549018296 0
1549018297 0
1549018298 0
1549018299 0
1549018300 0
1549018301 0
1549018302 0
1549018303 0
1549018304 0
1549018305 0
1549018306 0
1549018307 0
1549018308 0
1549018309 0
1549018310 0
1549018311 0
1549018312 0
1549018313 0
1549018314 0
1549018315 0
1549018316 0
1549018317 0
1549018318 0
1549018319 0
1549018320 0
1549018321 0
1549018322 0
1549018323 0
1549018324 0
1549018325 0
1549018326 0
1549018327 0
1549018328 0
1549018329 0
1549018330 0
1549018331 0
1549018332 0
1549018333 0
1549018334 0
1549018335 0
1549018336 0
1549018337 0
1549018338 0
1549018339 0
1549018340 0
1549018341 0
1549018342 0
1549018343 0
1549018344 0
1549018345 0
1549018346 0
1549018347 0
1549018348 0
1549018349 0
1549018350 0
1549018351 0
1549018352 0
1549018353 0
1549018354 0
1549018355 0
1549018356 0
1549018357 0
1549018358 0
1549018359 0
1549018360 0
1549018361 0
1549018362 0
1549018363 0
1549018364 0
1549018365 0
1549018366 0
1549018367 0
1549018368 0
1549018369 0
1549018370 0
1549018371 0
1549018372 0
1549018373 0
1549018374 0
1549018375 0
1549018376 0
1549018377 0
1549018378 0
1549018379 0
1549018380 0
1549018381 0
1549018382 0
1549018383 0
1549018384 0
1549018385 0
1549018386 0
1549018387 0
1549018388 0
1549018389 0
1549018390 0
1549018391 0
1549018392 0
1549018393 0
1549018394 0
1549018395 0
1549018396 0
1549018397 0
1549018398 0
1549018399 0
1549018400 0
1549018401 0
1549018402 0
1549018403 0
1549018404 0
1549018405 0
1549018406 0
1549018407 0
1549018408 0
1549018409 0
1549018410 0
1549018411 0
1549018412 0
1549018413 0
1549018414 0
1549018415 0
1549018416 0
1549018417 0
1549018418 0
1549018419 0
1549018420 0
1549018421 0
1549018422 0
1549018423 0
1549018424 0
1549018425 0
1549018426 0
1549018427 0
1549018428 0
1549018429 0
1549018430 0
1549018431 0
1549018432 0
1549018433 0
1549018434 0
1549018435 0
1549018436 0
1549018437 0
1549018438 0
1549018439 0
1549018440 0
1549018441 0
1549018442 0
1549018443 0
1549018444 0
1549018445 0
1549018446 0
1549018447 0
1549018448 0
1549018449 0
1549018450 0
1549018451 0
1549018452 0
1549018453 0
1549018454 0
1549018455 0
1549018456 0
1549018457 0
1549018458 0
1549018459 0
1549018460 0
1549018461 0
1549018462 0
1549018463 0
1549018464 0
1549018465 0
1549018466 0
1549018467 0
1549018468 0
1549018469 0
1549018470 0
1549018471 0
1549018472 0
1549018473 0
1549018474 0
1549018475 0
1549018476 0
1549018477 0
1549018478 0
1549018479 0
1549018480 0
1549018481 0
1549018482 0
1549018483 0
1549018484 0
1549018485 0
1549018486 0
1549018487 0
1549018488 0
1549018489 0
1549018490 0
1549018491 0
1549018492 0
1549018493 0
1549018494 0
1549018495 0
1549018496 0
1549018497 0
1549018498 0
1549018499 0
1549018500 0
1549018501 0
1549018502 0
1549018503 0
1549018504 0
1549018505 0
1549018506 0
1549018507 0
1549018508 0
1549018509 0
1549018510 0
1549018511 0
1549018512 0
1549018513 0
1549018514 0
1549018515 0
1549018516 0
1549018517 0
1549018518 0
1549018519 0
1549018520 0
1549018521 0
1549018522 0
1549018523 0
1549018524 0
1549018525 0
1549018526 0
1549018527 0
1549018528 0
1549018529 0
1549018530 0
1549018531 0
1549018532 0
1549018533 0
1549018534 0
1549018535 0
1549018536 0
1549018537 0
1549018538 0
1549018539 0
1549018540 0
1549018541 0
1549018542 0
1549018543 0
1549018544 0
1549018545 0
1549018546 0
1549018547 0
1549018548 0
1549018549 0
1549018550 0
1549018551 0
1549018552 0
1549018553 0
1549018554 0
1549018555 0
1549018556 0
1549018557 0
1549018558 0
1549018559 0
1549018560 0
1549018561 0
1549018562 0
1549018563 0
1549018564 0
1549018565 0
1549018566 0
1549018567 0
1549018568 0
1549018569 0
1549018570 0
1549018571 0
1549018572 0
1549018573 0
1549018574 0
1549018575 0
1549018576 0
1549018577 0
1549018578 0
1549018579 0
1549018580 0
1549018581 0
1549018582 0
1549018583 0
1549018584 0
1549018585 0
1549018586 0
1549018587 0
1549018588 0
1549018589 0
1549018590 0
1549018591 0
1549018592 0
1549018593 0
1549018594 0
1549018595 0
1549018596 0
1549018597 0
1549018598 0
1549018599 0
1549018600 0
1549018601 0
1549018602 0
1549018603 0
1549018604 0
1549018605 0
1549018606 0
1549018607 0
1549018608 0
1549018609 0
1549018610 0
1549018611 0
1549018612 0
1549018613 0
1549018614 0
1549018615 0
1549018616 0
1549018617 0
1549018618 0
1549018619 0
1549018620 0
1549018621 0
1549018622 0
1549018623 0
1549018624 0
1549018625 0
1549018626 0
1549018627 0
1549018628 0
1549018629 0
1549018630 0
1549018631 0
1549018632 0
1549018633 0
1549018634 0
1549018635 0
1549018636 0
1549018637 0
1549018638 0
1549018639 0
1549018640 0
1549018641 0
1549018642 0
1549018643 0
1549018644 0
1549018645 0
1549018646 0
1549018647 0
1549018648 0
1549018649 0
1549018650 0
1549018651 0
1549018652 0
1549018653 0
1549018654 0
1549018655 0
1549018656 0
1549018657 0
1549018658 0
1549018659 0
1549018660 0
1549018661 0
1549018662 0
1549018663 0
1549018664 0
1549018665 0
1549018666 0
1549018667 0
1549018668 0
1549018669 0
1549018670 0
1549018671 0
1549018672 0
1549018673 0
1549018674 0
1549018675 0
1549018676 0
1549018677 0
1549018678 0
1549018679 0
1549018680 0
1549018681 0
1549018682 0
1549018683 0
1549018684 0
1549018685 0
1549018686 0
1549018687 0
1549018688 0
1549018689 0
1549018690 0
1549018691 0
1549018692 0
1549018693 0
1549018694 0
1549018695 0
1549018696 0
1549018697 0
1549018698 0
1549018699 0
1549018700 0
1549018701 0
1549018702 0
1549018703 0
1549018704 0
1549018705 0
1549018706 0
1549018707 0
1549018708 0
1549018709 0
1549018710 0
1549018711 0
1549018712 0
1549018713 0
1549018714 0
1549018715 0
1549018716 0
1549018717 0
1549018718 0
1549018719 0
1549018720 0
1549018721 0
1549018722 0
1549018723 0
1549018724 0
1549018725 0
1549018726 0
1549018727 0
1549018728 0
1549018729 0
1549018730 0
1549018731 0
1549018732 0
1549018733 0
1549018734 0
1549018735 0
1549018736 0
1549018737 0
1549018738 0
1549018739 0
1549018740 0
1549018741 0
1549018742 0
1549018743 0
1549018744 0
1549018745 0
1549018746 0
1549018747 0
1549018748 0
1549018749 0
1549018750 0
1549018751 0
1549018752 0
1549018753 0
1549018754 0
1549018755 0
1549018756 0
1549018757 0
1549018758 0
1549018759 0
1549018760 0
1549018761 0
1549018762 0
1549018763 0
1549018764 0
1549018765 0
1549018766 0
1549018767 0
1549018768 0
1549018769 0
1549018770 0
1549018771 0
1549018772 0
1549018773 0
1549018774 0
1549018775 0
1549018776 0
1549018777 0
1549018778 0
1549018779 0
1549018780 0
1549018781 0
1549018782 0
1549018783 0
1549018784 0
1549018785 0
1549018786 0
1549018787 0
1549018788 0
1549018789 0
1549018790 0
1549018791 0
1549018792 0
1549018793 0
1549018794 0
1549018795 0
1549018796 0
1549018797 0
1549018798 0
1549018799 0
1549018800 0
1549018801 0
1549018802 0
1549018803 0
1549018804 0
1549018805 0
1549018806 0
1549018807 0
1549018808 0
1549018809 0
1549018810 0
1549018811 0
1549018812 0
1549018813 0
1549018814 0
1549018815 0
1549018816 0
1549018817 0
1549018818 0
1549018819 0
1549018820 0
1549018821 0
1549018822 0
1549018823 0
1549018824 0
1549018825 0
1549018826 0
1549018827 0
1549018828 0
1549018829 0
1549018830 0
1549018831 0
1549018832 0
1549018833 0
1549018834 0
1549018835 0
1549018836 0
1549018837 0
1549018838 0
1549018839 0
1549018840 0
1549018841 0
1549018842 0
1549018843 0
1549018844 0
1549018845 0
1549018846 0
1549018847 0
1549018848 0
1549018849 0
1549018850 0
1549018851 0
1549018852 0
1549018853 0
1549018854 0
1549018855 0
1549018856 0
1549018857 0
1549018858 0
1549018859 0
1549018860 0
1549018861 0
1549018862 0
1549018863 0
1549018864 0
1549018865 0
1549018866 0
1549018867 0
1549018868 0
1549018869 0
1549018870 0
1549018871 0
1549018872 0
1549018873 0
1549018874 0
1549018875 0
1549018876 0
1549018877 0
1549018878 0
1549018879 0
1549018880 0
1549018881 0
1549018882 0
1549018883 0
1549018884 0
1549018885 0
1549018886 0
1549018887 0
1549018888 0
1549018889 0
1549018890 0
1549018891 0
1549018892 0
1549018893 0
1549018894 0
1549018895 0
1549018896 0
1549018897 0
1549018898 0
1549018899 0
1549018900 0
1549018901 0
1549018902 0
1549018903 0
1549018904 0
1549018905 0
1549018906 0
1549018907 0
1549018908 0
1549018909 0
1549018910 0
1549018911 0
1549018912 0
1549018913 0
1549018914 0
1549018915 0
1549018916 0
1549018917 0
1549018918 0
1549018919 0
1549018920 0
1549018921 0
1549018922 0
1549018923 0
1549018924 0
1549018925 0
1549018926 0
1549018927 0
1549018928 0
1549018929 0
1549018930 0
1549018931 0
1549018932 0
1549018933 0
1549018934 0
1549018935 0
1549018936 0
1549018937 0
1549018938 0
1549018939 0
1549018940 0
1549018941 0
1549018942 0
1549018943 0
1549018944 0
1549018945 0
1549018946 0
1549018947 0
1549018948 0
1549018949 0
1549018950 0
1549018951 0
1549018952 0
1549018953 0
1549018954 0
1549018955 0
1549018956 0
1549018957 0
1549018958 0
1549018959 0
1549018960 0
1549018961 0
1549018962 0
1549018963 0
1549018964 0
1549018965 0
1549018966 0
1549018967 0
1549018968 0
1549018969 0
1549018970 0
1549018971 0
1549018972 0
1549018973 0
1549018974 0
1549018975 0
1549018976 0
1549018977 0
1549018978 0
1549018979 0
1549018980 0
1549018981 0
1549018982 0
1549018983 0
1549018984 0
1549018985 0
1549018986 0
1549018987 0
1549018988 0
1549018989 0
1549018990 0
1549018991 0
1549018992 0
1549018993 0
1549018994 0
1549018995 0
1549018996 0
1549018997 0
1549018998 0
1549018999 0
1549019000 0
1549019001 0
1549019002 0
1549019003 0
1549019004 0
1549019005 0
1549019006 0
1549019007 0
1549019008 0
1549019009 0
1549019010 0
1549019011 0
1549019012 0
1549019013 0
1549019014 0
1549019015 0
1549019016 0
1549019017 0
1549019018 0
1549019019 0
1549019020 0
1549019021 0
1549019022 0
1549019023 0
1549019024 0
1549019025 0
1549019026 0
1549019027 0
1549019028 0
1549019029 0
1549019030 0
1549019031 0
1549019032 0
1549019033 0
1549019034 0
1549019035 0
1549019036 0
1549019037 0
1549019038 0
1549019039 0
1549019040 0
1549019041 0
1549019042 0
1549019043 0
1549019044 0
1549019045 0
1549019046 0
1549019047 0
1549019048 0
1549019049 0
1549019050 0
1549019051 0
1549019052 0
1549019053 0
1549019054 0
1549019055 0
1549019056 0
1549019057 0
1549019058 0
1549019059 0
1549019060 0
1549019061 0
1549019062 0
1549019063 0
1549019064 0
1549019065 0
1549019066 0
1549019067 0
1549019068 0
1549019069 0
1549019070 0
1549019071 0
1549019072 0
1549019073 0
1549019074 0
1549019075 0
1549019076 0
1549019077 0
1549019078 0
1549019079 0
1549019080 0
1549019081 0
1549019082 0
1549019083 0
1549019084 0
1549019085 0
1549019086 0
1549019087 0
1549019088 0
1549019089 0
1549019090 0
1549019091 0
1549019092 0
1549019093 0
1549019094 0
1549019095 0
1549019096 0
1549019097 0
1549019098 0
1549019099 0
1549019100 0
1549019101 0
1549019102 0
1549019103 0
1549019104 0
1549019105 0
1549019106 0
1549019107 0
1549019108 0
1549019109 0
1549019110 0
1549019111 0
1549019112 0
1549019113 0
1549019114 0
1549019115 0
1549019116 0
1549019117 0
1549019118 0
1549019119 0
1549019120 0
1549019121 0
1549019122 0
1549019123 0
1549019124 0
1549019125 0
1549019126 0
1549019127 0
1549019128 0
1549019129 0
1549019130 0
1549019131 0
1549019132 0
1549019133 0
1549019134 0
1549019135 0
1549019136 0
1549019137 0
1549019138 0
1549019139 0
1549019140 0
1549019141 0
1549019142 0
1549019143 0
1549019144 0
1549019145 0
1549019146 0
1549019147 0
1549019148 0
1549019149 0
1549019150 0
1549019151 0
1549019152 0
1549019153 0
1549019154 0
1549019155 0
1549019156 0
1549019157 0
1549019158 0
1549019159 0
1549019160 0
1549019161 0
1549019162 0
1549019163 0
1549019164 0
1549019165 0
1549019166 0
1549019167 0
1549019168 0
1549019169 0
1549019170 0
1549019171 0
1549019172 0
1549019173 0
1549019174 0
1549019175 0
1549019176 0
1549019177 0
1549019178 0
1549019179 0
1549019180 0
1549019181 0
1549019182 0
1549019183 0
1549019184 0
1549019185 0
1549019186 0
1549019187 0
1549019188 0
1549019189 0
1549019190 0
1549019191 0
1549019192 0
1549019193 0
1549019194 0
1549019195 0
1549019196 0
1549019197 0
1549019198 0
1549019199 0
1549019200 0
1549019201 0
1549019202 0
1549019203 0
1549019204 0
1549019205 0
1549019206 0
1549019207 0
1549019208 0
1549019209 0
1549019210 0
1549019211 0
1549019212 0
1549019213 0
1549019214 0
1549019215 0
1549019216 0
1549019217 0
1549019218 0
1549019219 0
1549019220 0
1549019221 0
1549019222 0
1549019223 0
1549019224 0
1549019225 0
1549019226 0
1549019227 0
1549019228 0
1549019229 0
1549019230 0
1549019231 0
1549019232 0
1549019233 0
1549019234 0
1549019235 0
1549019236 0
1549019237 0
1549019238 0
1549019239 0
1549019240 0
1549019241 0
1549019242 0
1549019243 0
1549019244 0
1549019245 0
1549019246 0
1549019247 0
1549019248 0
1549019249 0
1549019250 0
1549019251 0
1549019252 0
1549019253 0
1549019254 0
1549019255 0
1549019256 0
1549019257 0
1549019258 0
1549019259 0
1549019260 0
1549019261 0
1549019262 0
1549019263 0
1549019264 0
1549019265 0
1549019266 0
1549019267 0
1549019268 0
1549019269 0
1549019270 0
1549019271 0
1549019272 0
1549019273 0
1549019274 0
1549019275 0
1549019276 0
1549019277 0
1549019278 0
1549019279 0
1549019280 0
1549019281 0
1549019282 0
1549019283 0
1549019284 0
1549019285 0
1549019286 0
1549019287 0
1549019288 0
1549019289 0
1549019290 0
1549019291 0
1549019292 0
1549019293 0
1549019294 0
1549019295 0
1549019296 0
1549019297 0
1549019298 0
1549019299 0
1549019300 0
1549019301 0
1549019302 0
1549019303 0
1549019304 0
1549019305 0
1549019306 0
1549019307 0
1549019308 0
1549019309 0
1549019310 0
1549019311 0
1549019312 0
1549019313 0
1549019314 0
1549019315 0
1549019316 0
1549019317 0
1549019318 0
1549019319 0
1549019320 0
1549019321 0
1549019322 0
1549019323 0
1549019324 0
1549019325 0
1549019326 0
1549019327 0
1549019328 0
1549019329 0
1549019330 0
1549019331 0
1549019332 0
1549019333 0
1549019334 0
1549019335 0
1549019336 0
1549019337 0
1549019338 0
1549019339 0
1549019340 0
1549019341 0
1549019342 0
1549019343 0
1549019344 0
1549019345 0
1549019346 0
1549019347 0
1549019348 0
1549019349 0
1549019350 0
1549019351 0
1549019352 0
1549019353 0
1549019354 0
1549019355 0
1549019356 0
1549019357 0
1549019358 0
1549019359 0
1549019360 0
1549019361 0
1549019362 0
1549019363 0
1549019364 0
1549019365 0
1549019366 0
1549019367 0
1549019368 0
1549019369 0
1549019370 0
1549019371 0
1549019372 0
1549019373 0
1549019374 0
1549019375 0
1549019376 0
1549019377 0
1549019378 0
1549019379 0
1549019380 0
1549019381 0
1549019382 0
1549019383 0
1549019384 0
1549019385 0
1549019386 0
1549019387 0
1549019388 0
1549019389 0
1549019390 0
1549019391 0
1549019392 0
1549019393 0
1549019394 0
1549019395 0
1549019396 0
1549019397 0
1549019398 0
1549019399 0
1549019400 0
1549019401 0
1549019402 0
1549019403 0
1549019404 0
1549019405 0
1549019406 0
1549019407 0
1549019408 0
1549019409 0
1549019410 0
1549019411 0
1549019412 0
1549019413 0
1549019414 0
1549019415 0
1549019416 0
1549019417 0
1549019418 0
1549019419 0
1549019420 0
1549019421 0
1549019422 0
1549019423 0
1549019424 0
1549019425 0
1549019426 0
1549019427 0
1549019428 0
1549019429 0
1549019430 0
1549019431 0
1549019432 0
1549019433 0
1549019434 0
1549019435 0
1549019436 0
1549019437 0
1549019438 0
1549019439 0
1549019440 0
1549019441 0
1549019442 0
1549019443 0
1549019444 0
1549019445 0
1549019446 0
1549019447 0
1549019448 0
1549019449 0
1549019450 0
1549019451 0
1549019452 0
1549019453 0
1549019454 0
1549019455 0
1549019456 0
1549019457 0
1549019458 0
1549019459 0
1549019460 0
1549019461 0
1549019462 0
1549019463 0
1549019464 0
1549019465 0
1549019466 0
1549019467 0
1549019468 0
1549019469 0
1549019470 0
1549019471 0
1549019472 0
1549019473 0
1549019474 0
1549019475 0
1549019476 0
1549019477 0
1549019478 0
1549019479 0
1549019480 0
1549019481 0
1549019482 0
1549019483 0
1549019484 0
1549019485 0
1549019486 0
1549019487 0
1549019488 0
1549019489 0
1549019490 0
1549019491 0
1549019492 0
1549019493 0
1549019494 0
1549019495 0
1549019496 0
1549019497 0
1549019498 0
1549019499 0
1549019500 0
1549019501 0
1549019502 0
1549019503 0
1549019504 0
1549019505 0
1549019506 0
1549019507 0
1549019508 0
1549019509 0
1549019510 0
1549019511 0
1549019512 0
1549019513 0
1549019514 0
1549019515 0
1549019516 0
1549019517 0
1549019518 0
1549019519 0
1549019520 0
1549019521 0
1549019522 0
1549019523 0
1549019524 0
1549019525 0
1549019526 0
1549019527 0
1549019528 0
1549019529 0
1549019530 0
1549019531 0
1549019532 0
1549019533 0
1549019534 0
1549019535 0
1549019536 0
1549019537 0
1549019538 0
1549019539 0
1549019540 0
1549019541 0
1549019542 0
1549019543 0
1549019544 0
1549019545 0
1549019546 0
1549019547 0
1549019548 0
1549019549 0
1549019550 0
1549019551 0
1549019552 0
1549019553 0
1549019554 0
1549019555 0
1549019556 0
1549019557 0
1549019558 0
1549019559 0
1549019560 0
1549019561 0
1549019562 0
1549019563 0
1549019564 0
1549019565 0
1549019566 0
1549019567 0
1549019568 0
1549019569 0
1549019570 0
1549019571 0
1549019572 0
1549019573 0
1549019574 0
1549019575 0
1549019576 0
1549019577 0
1549019578 0
1549019579 0
1549019580 0
1549019581 0
1549019582 0
1549019583 0
1549019584 0
1549019585 0
1549019586 0
1549019587 0
1549019588 0
1549019589 0
1549019590 0
1549019591 0
1549019592 0
1549019593 0
1549019594 0
1549019595 0
1549019596 0
1549019597 0
1549019598 0
1549019599 0
1549019600 0
1549019601 0
1549019602 0
1549019603 0
1549019604 0
1549019605 0
1549019606 0
1549019607 0
1549019608 0
1549019609 0
1549019610 0
1549019611 0
1549019612 0
1549019613 0
1549019614 0
1549019615 0
1549019616 0
1549019617 0
1549019618 0
1549019619 0
1549019620 0
1549019621 0
1549019622 0
1549019623 0
1549019624 0
1549019625 0
1549019626 0
1549019627 0
1549019628 0
1549019629 0
1549019630 0
1549019631 0
1549019632 0
1549019633 0
1549019634 0
1549019635 0
1549019636 0
1549019637 0
1549019638 0
1549019639 0
1549019640 0
1549019641 0
1549019642 0
1549019643 0
1549019644 0
1549019645 0
1549019646 0
1549019647 0
1549019648 0
1549019649 0
1549019650 0
1549019651 0
1549019652 0
1549019653 0
1549019654 0
1549019655 0
1549019656 0
1549019657 0
1549019658 0
1549019659 0
1549019660 0
1549019661 0
1549019662 0
1549019663 0
1549019664 0
1549019665 0
1549019666 0
1549019667 0
1549019668 0
1549019669 0
1549019670 0
1549019671 0
1549019672 0
1549019673 0
1549019674 0
1549019675 0
1549019676 0
1549019677 0
1549019678 0
1549019679 0
1549019680 0
1549019681 0
1549019682 0
1549019683 0
1549019684 0
1549019685 0
1549019686 0
1549019687 0
1549019688 0
1549019689 0
1549019690 0
1549019691 0
1549019692 0
1549019693 0
1549019694 0
1549019695 0
1549019696 0
1549019697 0
1549019698 0
1549019699 0
1549019700 0
1549019701 0
1549019702 0
1549019703 0
1549019704 0
1549019705 0
1549019706 0
1549019707 0
1549019708 0
1549019709 0
1549019710 0
1549019711 0
1549019712 0
1549019713 0
1549019714 0
1549019715 0
1549019716 0
1549019717 0
1549019718 0
1549019719 0
1549019720 0
1549019721 0
1549019722 0
1549019723 0
1549019724 0
1549019725 0
1549019726 0
1549019727 0
1549019728 0
1549019729 0
1549019730 0
1549019731 0
1549019732 0
1549019733 0
1549019734 0
1549019735 0
1549019736 0
1549019737 0
1549019738 0
1549019739 0
1549019740 0
1549019741 0
1549019742 0
1549019743 0
1549019744 0
1549019745 0
1549019746 0
1549019747 0
1549019748 0
1549019749 0
1549019750 0
1549019751 0
1549019752 0
1549019753 0
1549019754 0
1549019755 0
1549019756 0
1549019757 0
1549019758 0
1549019759 0
1549019760 0
1549019761 0
1549019762 0
1549019763 0
1549019764 0
1549019765 0
1549019766 0
1549019767 0
1549019768 0
1549019769 0
1549019770 0
1549019771 0
1549019772 0
1549019773 0
1549019774 0
1549019775 0
1549019776 0
1549019777 0
1549019778 0
1549019779 0
1549019780 0
1549019781 0
1549019782 0
1549019783 0
1549019784 0
1549019785 0
1549019786 0
1549019787 0
1549019788 0
1549019789 0
1549019790 0
1549019791 0
1549019792 0
1549019793 0
1549019794 0
1549019795 0
1549019796 0
1549019797 0
1549019798 0
1549019799 0
1549019800 0
1549019801 0
1549019802 0
1549019803 0
1549019804 0
1549019805 0
1549019806 0
1549019807 0
1549019808 0
1549019809 0
1549019810 0
1549019811 0
1549019812 0
1549019813 0
1549019814 0
1549019815 0
1549019816 0
1549019817 0
1549019818 0
1549019819 0
1549019820 0
1549019821 0
1549019822 0
1549019823 0
1549019824 0
1549019825 0
1549019826 0
1549019827 0
1549019828 0
1549019829 0
1549019830 0
1549019831 0
1549019832 0
1549019833 0
1549019834 0
1549019835 0
1549019836 0
1549019837 0
1549019838 0
1549019839 0
1549019840 0
1549019841 0
1549019842 0
1549019843 0
1549019844 0
1549019845 0
1549019846 0
1549019847 0
1549019848 0
1549019849 0
1549019850 0
1549019851 0
1549019852 0
1549019853 0
1549019854 0
1549019855 0
1549019856 0
1549019857 0
1549019858 0
1549019859 0
1549019860 0
1549019861 0
1549019862 0
1549019863 0
1549019864 0
1549019865 0
1549019866 0
1549019867 0
1549019868 0
1549019869 0
1549019870 0
1549019871 0
1549019872 0
1549019873 0
1549019874 0
1549019875 0
1549019876 0
1549019877 0
1549019878 0
1549019879 0
1549019880 0
1549019881 0
1549019882 0
1549019883 0
1549019884 0
1549019885 0
1549019886 0
1549019887 0
1549019888 0
1549019889 0
1549019890 0
1549019891 0
1549019892 0
1549019893 0
1549019894 0
1549019895 0
1549019896 0
1549019897 0
1549019898 0
1549019899 0
1549019900 0
1549019901 0
1549019902 0
1549019903 0
1549019904 0
1549019905 0
1549019906 0
1549019907 0
1549019908 0
1549019909 0
1549019910 0
1549019911 0
1549019912 0
1549019913 0
1549019914 0
1549019915 0
1549019916 0
1549019917 0
1549019918 0
1549019919 0
1549019920 0
1549019921 0
1549019922 0
1549019923 0
1549019924 0
1549019925 0
1549019926 0
1549019927 0
1549019928 0
1549019929 0
1549019930 0
1549019931 0
1549019932 0
1549019933 0
1549019934 0
1549019935 0
1549019936 0
1549019937 0
1549019938 0
1549019939 0
1549019940 0
1549019941 0
1549019942 0
1549019943 0
1549019944 0
1549019945 0
1549019946 0
1549019947 0
1549019948 0
1549019949 0
1549019950 0
1549019951 0
1549019952 0
1549019953 0
1549019954 0
1549019955 0
1549019956 0
1549019957 0
1549019958 0
1549019959 0
1549019960 0
1549019961 0
1549019962 0
1549019963 0
1549019964 0
1549019965 0
1549019966 0
1549019967 0
1549019968 0
1549019969 0
1549019970 0
1549019971 0
1549019972 0
1549019973 0
1549019974 0
1549019975 0
1549019976 0
1549019977 0
1549019978 0
1549019979 0
1549019980 0
1549019981 0
1549019982 0
1549019983 0
1549019984 0
1549019985 0
1549019986 0
1549019987 0
1549019988 0
1549019989 0
1549019990 0
1549019991 0
1549019992 0
1549019993 0
1549019994 0
1549019995 0
1549019996 0
1549019997 0
1549019998 0
1549019999 0
1549020000 0
1549020001 0
1549020002 0
1549020003 0
1549020004 0
1549020005 0
1549020006 0
1549020007 0
1549020008 0
1549020009 0
1549020010 0
1549020011 0
1549020012 0
1549020013 0
1549020014 0
1549020015 0
1549020016 0
1549020017 0
1549020018 0
1549020019 0
1549020020 0
1549020021 0
1549020022 0
1549020023 0
1549020024 0
1549020025 0
1549020026 0
1549020027 0
1549020028 0
1549020029 0
1549020030 0
1549020031 0
1549020032 0
1549020033 0
1549020034 0
1549020035 0
1549020036 0
1549020037 0
1549020038 0
1549020039 0
1549020040 0
1549020041 0
1549020042 0
1549020043 0
1549020044 0
1549020045 0
1549020046 0
1549020047 0
1549020048 0
1549020049 0
1549020050 0
1549020051 0
1549020052 0
1549020053 0
1549020054 0
1549020055 0
1549020056 0
1549020057 0
1549020058 0
1549020059 0
1549020060 0
1549020061 0
1549020062 0
1549020063 0
1549020064 0
1549020065 0
1549020066 0
1549020067 0
1549020068 0
1549020069 0
1549020070 0
1549020071 0
1549020072 0
1549020073 0
1549020074 0
1549020075 0
1549020076 0
1549020077 0
1549020078 0
1549020079 0
1549020080 0
1549020081 0
1549020082 0
1549020083 0
1549020084 0
1549020085 0
1549020086 0
1549020087 0
1549020088 0
1549020089 0
1549020090 0
1549020091 0
1549020092 0
1549020093 0
1549020094 0
1549020095 0
1549020096 0
1549020097 0
1549020098 0
1549020099 0
1549020100 0
1549020101 0
1549020102 0
1549020103 0
1549020104 0
1549020105 0
1549020106 0
1549020107 0
1549020108 0
1549020109 0
1549020110 0
1549020111 0
1549020112 0
1549020113 0
1549020114 0
1549020115 0
1549020116 0
1549020117 0
1549020118 0
1549020119 0
1549020120 0
1549020121 0
1549020122 0
1549020123 0
1549020124 0
1549020125 0
1549020126 0
1549020127 0
1549020128 0
1549020129 0
1549020130 0
1549020131 0
1549020132 0
1549020133 0
1549020134 0
1549020135 0
1549020136 0
1549020137 0
1549020138 0
1549020139 0
1549020140 0
1549020141 0
1549020142 0
1549020143 0
1549020144 0
1549020145 0
1549020146 0
1549020147 0
1549020148 0
1549020149 0
1549020150 0
1549020151 0
1549020152 0
1549020153 0
1549020154 0
1549020155 0
1549020156 0
1549020157 0
1549020158 0
1549020159 0
1549020160 0
1549020161 0
1549020162 0
1549020163 0
1549020164 0
1549020165 0
1549020166 0
1549020167 0
1549020168 0
1549020169 0
1549020170 0
1549020171 0
1549020172 0
1549020173 0
1549020174 0
1549020175 0
1549020176 0
1549020177 0
1549020178 0
1549020179 0
1549020180 0
1549020181 0
1549020182 0
1549020183 0
1549020184 0
1549020185 0
1549020186 0
1549020187 0
1549020188 0
1549020189 0
1549020190 0
1549020191 0
1549020192 0
1549020193 0
1549020194 0
1549020195 0
1549020196 0
1549020197 0
1549020198 0
1549020199 0
1549020200 0
1549020201 0
1549020202 0
1549020203 0
1549020204 0
1549020205 0
1549020206 0
1549020207 0
1549020208 0
1549020209 0
1549020210 0
1549020211 0
1549020212 0
1549020213 0
1549020214 0
1549020215 0
1549020216 0
1549020217 0
1549020218 0
1549020219 0
1549020220 0
1549020221 0
1549020222 0
1549020223 0
1549020224 0
1549020225 0
1549020226 0
1549020227 0
1549020228 0
1549020229 0
1549020230 0
1549020231 0
1549020232 0
1549020233 0
1549020234 0
1549020235 0
1549020236 0
1549020237 0
1549020238 0
1549020239 0
1549020240 0
1549020241 0
1549020242 0
1549020243 0
1549020244 0
1549020245 0
1549020246 0
1549020247 0
1549020248 0
1549020249 0
1549020250 0
1549020251 0
1549020252 0
1549020253 0
1549020254 0
1549020255 0
1549020256 0
1549020257 0
1549020258 0
1549020259 0
1549020260 0
1549020261 0
1549020262 0
1549020263 0
1549020264 0
1549020265 0
1549020266 0
1549020267 0
1549020268 0
1549020269 0
1549020270 0
1549020271 0
1549020272 0
1549020273 0
1549020274 0
1549020275 0
1549020276 0
1549020277 0
1549020278 0
1549020279 0
1549020280 0
1549020281 0
1549020282 0
1549020283 0
1549020284 0
1549020285 0
1549020286 0
1549020287 0
1549020288 0
1549020289 0
1549020290 0
1549020291 0
1549020292 0
1549020293 0
1549020294 0
1549020295 0
1549020296 0
1549020297 0
1549020298 0
1549020299 0
1549020300 0
1549020301 0
1549020302 0
1549020303 0
1549020304 0
1549020305 0
1549020306 0
1549020307 0
1549020308 0
1549020309 0
1549020310 0
1549020311 0
1549020312 0
1549020313 0
1549020314 0
1549020315 0
1549020316 0
1549020317 0
1549020318 0
1549020319 0
1549020320 0
1549020321 0
1549020322 0
1549020323 0
1549020324 0
1549020325 0
1549020326 0
1549020327 0
1549020328 0
1549020329 0
1549020330 0
1549020331 0
1549020332 0
1549020333 0
1549020334 0
1549020335 0
1549020336 0
1549020337 0
1549020338 0
1549020339 0
1549020340 0
1549020341 0
1549020342 0
1549020343 0
1549020344 0
1549020345 0
1549020346 0
1549020347 0
1549020348 0
1549020349 0
1549020350 0
1549020351 0
1549020352 0
1549020353 0
1549020354 0
1549020355 0
1549020356 0
1549020357 0
1549020358 0
1549020359 0
1549020360 0
1549020361 0
1549020362 0
1549020363 0
1549020364 0
1549020365 0
1549020366 0
1549020367 0
1549020368 0
1549020369 0
1549020370 0
1549020371 0
1549020372 0
1549020373 0
1549020374 0
1549020375 0
1549020376 0
1549020377 0
1549020378 0
1549020379 0
1549020380 0
1549020381 0
1549020382 0
1549020383 0
1549020384 0
1549020385 0
1549020386 0
1549020387 0
1549020388 0
1549020389 0
1549020390 0
1549020391 0
1549020392 0
1549020393 0
1549020394 0
1549020395 0
1549020396 0
1549020397 0
1549020398 0
1549020399 0
1549020400 0
1549020401 0
1549020402 0
1549020403 0
1549020404 0
1549020405 0
1549020406 0
1549020407 0
1549020408 0
1549020409 0
1549020410 0
1549020411 0
1549020412 0
1549020413 0
1549020414 0
1549020415 0
1549020416 0
1549020417 0
1549020418 0
1549020419 0
1549020420 0
1549020421 0
1549020422 0
1549020423 0
1549020424 0
1549020425 0
1549020426 0
1549020427 0
1549020428 0
1549020429 0
1549020430 0
1549020431 0
1549020432 0
1549020433 0
1549020434 0
1549020435 0
1549020436 0
1549020437 0
1549020438 0
1549020439 0
1549020440 0
1549020441 0
1549020442 0
1549020443 0
1549020444 0
1549020445 0
1549020446 0
1549020447 0
1549020448 0
1549020449 0
1549020450 0
1549020451 0
1549020452 0
1549020453 0
1549020454 0
1549020455 0
1549020456 0
1549020457 0
1549020458 0
1549020459 0
1549020460 0
1549020461 0
1549020462 0
1549020463 0
1549020464 0
1549020465 0
1549020466 0
1549020467 0
1549020468 0
1549020469 0
1549020470 0
1549020471 0
1549020472 0
1549020473 0
1549020474 0
1549020475 0
1549020476 0
1549020477 0
1549020478 0
1549020479 0
1549020480 0
1549020481 0
1549020482 0
1549020483 0
1549020484 0
1549020485 0
1549020486 0
1549020487 0
1549020488 0
1549020489 0
1549020490 0
1549020491 0
1549020492 0
1549020493 0
1549020494 0
1549020495 0
1549020496 0
1549020497 0
1549020498 0
1549020499 0
1549020500 0
1549020501 0
1549020502 0
1549020503 0
1549020504 0
1549020505 0
1549020506 0
1549020507 0
1549020508 0
1549020509 0
1549020510 0
1549020511 0
1549020512 0
1549020513 0
1549020514 0
1549020515 0
1549020516 0
1549020517 0
1549020518 0
1549020519 0
1549020520 0
1549020521 0
1549020522 0
1549020523 0
1549020524 0
1549020525 0
1549020526 0
1549020527 0
1549020528 0
1549020529 0
1549020530 0
1549020531 0
1549020532 0
1549020533 0
1549020534 0
1549020535 0
1549020536 0
1549020537 0
1549020538 0
1549020539 0
1549020540 0
1549020541 0
1549020542 0
1549020543 0
1549020544 0
1549020545 0
1549020546 0
1549020547 0
1549020548 0
1549020549 0
1549020550 0
1549020551 0
1549020552 0
1549020553 0
1549020554 0
1549020555 0
1549020556 0
1549020557 0
1549020558 0
1549020559 0
1549020560 0
1549020561 0
1549020562 0
1549020563 0
1549020564 0
1549020565 0
1549020566 0
1549020567 0
1549020568 0
1549020569 0
1549020570 0
1549020571 0
1549020572 0
1549020573 0
1549020574 0
1549020575 0
1549020576 0
1549020577 0
1549020578 0
1549020579 0
1549020580 0
1549020581 0
1549020582 0
1549020583 0
1549020584 0
1549020585 0
1549020586 0
1549020587 0
1549020588 0
1549020589 0
1549020590 0
1549020591 0
1549020592 0
1549020593 0
1549020594 0
1549020595 0
1549020596 0
1549020597 0
1549020598 0
1549020599 0
1549020600 0
1549020601 0
1549020602 0
1549020603 0
1549020604 0
1549020605 0
1549020606 0
1549020607 0
1549020608 0
1549020609 0
1549020610 0
1549020611 0
1549020612 0
1549020613 0
1549020614 0
1549020615 0
1549020616 0
1549020617 0
1549020618 0
1549020619 0
1549020620 0
1549020621 0
1549020622 0
1549020623 0
1549020624 0
1549020625 0
1549020626 0
1549020627 0
1549020628 0
1549020629 0
1549020630 0
1549020631 0
1549020632 0
1549020633 0
1549020634 0
1549020635 0
1549020636 0
1549020637 0
1549020638 0
1549020639 0
1549020640 0
1549020641 0
1549020642 0
1549020643 0
1549020644 0
1549020645 0
1549020646 0
1549020647 0
1549020648 0
1549020649 0
1549020650 0
1549020651 0
1549020652 0
1549020653 0
1549020654 0
1549020655 0
1549020656 0
1549020657 0
1549020658 0
1549020659 0
1549020660 0
1549020661 0
1549020662 0
1549020663 0
1549020664 0
1549020665 0
1549020666 0
1549020667 0
1549020668 0
1549020669 0
1549020670 0
1549020671 0
1549020672 0
1549020673 0
1549020674 0
1549020675 0
1549020676 0
1549020677 0
1549020678 0
1549020679 0
1549020680 0
1549020681 0
1549020682 0
1549020683 0
1549020684 0
1549020685 0
1549020686 0
1549020687 0
1549020688 0
1549020689 0
1549020690 0
1549020691 0
1549020692 0
1549020693 0
1549020694 0
1549020695 0
1549020696 0
1549020697 0
1549020698 0
1549020699 0
1549020700 0
1549020701 0
1549020702 0
1549020703 0
1549020704 0
1549020705 0
1549020706 0
1549020707 0
1549020708 0
1549020709 0
1549020710 0
1549020711 0
1549020712 0
1549020713 0
1549020714 0
1549020715 0
1549020716 0
1549020717 0
1549020718 0
1549020719 0
1549020720 0
1549020721 0
1549020722 0
1549020723 0
1549020724 0
1549020725 0
1549020726 0
1549020727 0
1549020728 0
1549020729 0
1549020730 0
1549020731 0
1549020732 0
1549020733 0
1549020734 0
1549020735 0
1549020736 0
1549020737 0
1549020738 0
1549020739 0
1549020740 0
1549020741 0
1549020742 0
1549020743 0
1549020744 0
1549020745 0
1549020746 0
1549020747 0
1549020748 0
1549020749 0
1549020750 0
1549020751 0
1549020752 0
1549020753 0
1549020754 0
1549020755 0
1549020756 0
1549020757 0
1549020758 0
1549020759 0
1549020760 0
1549020761 0
1549020762 0
1549020763 0
1549020764 0
1549020765 0
1549020766 0
1549020767 0
1549020768 0
1549020769 0
1549020770 0
1549020771 0
1549020772 0
1549020773 0
1549020774 0
1549020775 0
1549020776 0
1549020777 0
1549020778 0
1549020779 0
1549020780 0
1549020781 0
1549020782 0
1549020783 0
1549020784 0
1549020785 0
1549020786 0
1549020787 0
1549020788 0
1549020789 0
1549020790 0
1549020791 0
1549020792 0
1549020793 0
1549020794 0
1549020795 0
1549020796 0
1549020797 0
1549020798 0
1549020799 0
1549020800 0
1549020801 0
1549020802 0
1549020803 0
1549020804 0
1549020805 0
1549020806 0
1549020807 0
1549020808 0
1549020809 0
1549020810 0
1549020811 0
1549020812 0
1549020813 0
1549020814 0
1549020815 0
1549020816 0
1549020817 0
1549020818 0
1549020819 0
1549020820 0
1549020821 0
1549020822 0
1549020823 0
1549020824 0
1549020825 0
1549020826 0
1549020827 0
1549020828 0
1549020829 0
1549020830 0
1549020831 0
1549020832 0
1549020833 0
1549020834 0
1549020835 0
1549020836 0
1549020837 0
1549020838 0
1549020839 0
1549020840 0
1549020841 0
1549020842 0
1549020843 0
1549020844 0
1549020845 0
1549020846 0
1549020847 0
1549020848 0
1549020849 0
1549020850 0
1549020851 0
1549020852 0
1549020853 0
1549020854 0
1549020855 0
1549020856 0
1549020857 0
1549020858 0
1549020859 0
1549020860 0
1549020861 0
1549020862 0
1549020863 0
1549020864 0
1549020865 0
1549020866 0
1549020867 0
1549020868 0
1549020869 0
1549020870 0
1549020871 0
1549020872 0
1549020873 0
1549020874 0
1549020875 0
1549020876 0
1549020877 0
1549020878 0
1549020879 0
1549020880 0
1549020881 0
1549020882 0
1549020883 0
1549020884 0
1549020885 0
1549020886 0
1549020887 0
1549020888 0
1549020889 0
1549020890 0
1549020891 0
1549020892 0
1549020893 0
1549020894 0
1549020895 0
1549020896 0
1549020897 0
1549020898 0
1549020899 0
1549020900 0
1549020901 0
1549020902 0
1549020903 0
1549020904 0
1549020905 0
1549020906 0
1549020907 0
1549020908 0
1549020909 0
1549020910 0
1549020911 0
1549020912 0
1549020913 0
1549020914 0
1549020915 0
1549020916 0
1549020917 0
1549020918 0
1549020919 0
1549020920 0
1549020921 0
1549020922 0
1549020923 0
1549020924 0
1549020925 0
1549020926 0
1549020927 0
1549020928 0
1549020929 0
1549020930 0
1549020931 0
1549020932 0
1549020933 0
1549020934 0
1549020935 0
1549020936 0
1549020937 0
1549020938 0
1549020939 0
1549020940 0
1549020941 0
1549020942 0
1549020943 0
1549020944 0
1549020945 0
1549020946 0
1549020947 0
1549020948 0
1549020949 0
1549020950 0
1549020951 0
1549020952 0
1549020953 0
1549020954 0
1549020955 0
1549020956 0
1549020957 0
1549020958 0
1549020959 0
1549020960 0
1549020961 0
1549020962 0
1549020963 0
1549020964 0
1549020965 0
1549020966 0
1549020967 0
1549020968 0
1549020969 0
1549020970 0
1549020971 0
1549020972 0
1549020973 0
1549020974 0
1549020975 0
1549020976 0
1549020977 0
1549020978 0
1549020979 0
1549020980 0
1549020981 0
1549020982 0
1549020983 0
1549020984 0
1549020985 0
1549020986 0
1549020987 0
1549020988 0
1549020989 0
1549020990 0
1549020991 0
1549020992 0
1549020993 0
1549020994 0
1549020995 0
1549020996 0
1549020997 0
1549020998 0
1549020999 0
1549021000 0
1549021001 0
1549021002 0
1549021003 0
1549021004 0
1549021005 0
1549021006 0
1549021007 0
1549021008 0
1549021009 0
1549021010 0
1549021011 0
1549021012 0
1549021013 0
1549021014 0
1549021015 0
1549021016 0
1549021017 0
1549021018 0
1549021019 0
1549021020 0
1549021021 0
1549021022 0
1549021023 0
1549021024 0
1549021025 0
1549021026 0
1549021027 0
1549021028 0
1549021029 0
1549021030 0
1549021031 0
1549021032 0
1549021033 0
1549021034 0
1549021035 0
1549021036 0
1549021037 0
1549021038 0
1549021039 0
1549021040 0
1549021041 0
1549021042 0
1549021043 0
1549021044 0
1549021045 0
1549021046 0
1549021047 0
1549021048 0
1549021049 0
1549021050 0
1549021051 0
1549021052 0
1549021053 0
1549021054 0
1549021055 0
1549021056 0
1549021057 0
1549021058 0
1549021059 0
1549021060 0
1549021061 0
1549021062 0
1549021063 0
1549021064 0
1549021065 0
1549021066 0
1549021067 0
1549021068 0
1549021069 0
1549021070 0
1549021071 0
1549021072 0
1549021073 0
1549021074 0
1549021075 0
1549021076 0
1549021077 0
1549021078 0
1549021079 0
1549021080 0
1549021081 0
1549021082 0
1549021083 0
1549021084 0
1549021085 0
1549021086 0
1549021087 0
1549021088 0
1549021089 0
1549021090 0
1549021091 0
1549021092 0
1549021093 0
1549021094 0
1549021095 0
1549021096 0
1549021097 0
1549021098 0
1549021099 0
1549021100 0
1549021101 0
1549021102 0
1549021103 0
1549021104 0
1549021105 0
1549021106 0
1549021107 0
1549021108 0
1549021109 0
1549021110 0
1549021111 0
1549021112 0
1549021113 0
1549021114 0
1549021115 0
1549021116 0
1549021117 0
1549021118 0
1549021119 0
1549021120 0
1549021121 0
1549021122 0
1549021123 0
1549021124 0
1549021125 0
1549021126 0
1549021127 0
1549021128 0
1549021129 0
1549021130 0
1549021131 0
1549021132 0
1549021133 0
1549021134 0
1549021135 0
1549021136 0
1549021137 0
1549021138 0
1549021139 0
1549021140 0
1549021141 0
1549021142 0
1549021143 0
1549021144 0
1549021145 0
1549021146 0
1549021147 0
1549021148 0
1549021149 0
1549021150 0
1549021151 0
1549021152 0
1549021153 0
1549021154 0
1549021155 0
1549021156 0
1549021157 0
1549021158 0
1549021159 0
1549021160 0
1549021161 0
1549021162 0
1549021163 0
1549021164 0
1549021165 0
1549021166 0
1549021167 0
1549021168 0
1549021169 0
1549021170 0
1549021171 0
1549021172 0
1549021173 0
1549021174 0
1549021175 0
1549021176 0
1549021177 0
1549021178 0
1549021179 0
1549021180 0
1549021181 0
1549021182 0
1549021183 0
1549021184 0
1549021185 0
1549021186 0
1549021187 0
1549021188 0
1549021189 0
1549021190 0
1549021191 0
1549021192 0
1549021193 0
1549021194 0
1549021195 0
1549021196 0
1549021197 0
1549021198 0
1549021199 0
1549021200 0
1549021201 0
1549021202 0
1549021203 0
1549021204 0
1549021205 0
1549021206 0
1549021207 0
1549021208 0
1549021209 0
1549021210 0
1549021211 0
1549021212 0
1549021213 0
1549021214 0
1549021215 0
1549021216 0
1549021217 0
1549021218 0
1549021219 0
1549021220 0
1549021221 0
1549021222 0
1549021223 0
1549021224 0
1549021225 0
1549021226 0
1549021227 0
1549021228 0
1549021229 0
1549021230 0
1549021231 0
1549021232 0
1549021233 0
1549021234 0
1549021235 0
1549021236 0
1549021237 0
1549021238 0
1549021239 0
1549021240 0
1549021241 0
1549021242 0
1549021243 0
1549021244 0
1549021245 0
1549021246 0
1549021247 0
1549021248 0
1549021249 0
1549021250 0
1549021251 0
1549021252 0
1549021253 0
1549021254 0
1549021255 0
1549021256 0
1549021257 0
1549021258 0
1549021259 0
1549021260 0
1549021261 0
1549021262 0
1549021263 0
1549021264 0
1549021265 0
1549021266 0
1549021267 0
1549021268 0
1549021269 0
1549021270 0
1549021271 0
1549021272 0
1549021273 0
1549021274 0
1549021275 0
1549021276 0
1549021277 0
1549021278 0
1549021279 0
1549021280 0
1549021281 0
1549021282 0
1549021283 0
1549021284 0
1549021285 0
1549021286 0
1549021287 0
1549021288 0
1549021289 0
1549021290 0
1549021291 0
1549021292 0
1549021293 0
1549021294 0
1549021295 0
1549021296 0
1549021297 0
1549021298 0
1549021299 0
1549021300 0
1549021301 0
1549021302 0
1549021303 0
1549021304 0
1549021305 0
1549021306 0
1549021307 0
1549021308 0
1549021309 0
1549021310 0
1549021311 0
1549021312 0
1549021313 0
1549021314 0
1549021315 0
1549021316 0
1549021317 0
1549021318 0
1549021319 0
1549021320 0
1549021321 0
1549021322 0
1549021323 0
1549021324 0
1549021325 0
1549021326 0
1549021327 0
1549021328 0
1549021329 0
1549021330 0
1549021331 0
1549021332 0
1549021333 0
1549021334 0
1549021335 0
1549021336 0
1549021337 0
1549021338 0
1549021339 0
1549021340 0
1549021341 0
1549021342 0
1549021343 0
1549021344 0
1549021345 0
1549021346 0
1549021347 0
1549021348 0
1549021349 0
1549021350 0
1549021351 0
1549021352 0
1549021353 0
1549021354 0
1549021355 0
1549021356 0
1549021357 0
1549021358 0
1549021359 0
1549021360 0
1549021361 0
1549021362 0
1549021363 0
1549021364 0
1549021365 0
1549021366 0
1549021367 0
1549021368 0
1549021369 0
1549021370 0
1549021371 0
1549021372 0
1549021373 0
1549021374 0
1549021375 0
1549021376 0
1549021377 0
1549021378 0
1549021379 0
1549021380 0
1549021381 0
1549021382 0
1549021383 0
1549021384 0
1549021385 0
1549021386 0
1549021387 0
1549021388 0
1549021389 0
1549021390 0
1549021391 0
1549021392 0
1549021393 0
1549021394 0
1549021395 0
1549021396 0
1549021397 0
1549021398 0
1549021399 0
1549021400 0
1549021401 0
1549021402 0
1549021403 0
1549021404 0
1549021405 0
1549021406 0
1549021407 0
1549021408 0
1549021409 0
1549021410 0
1549021411 0
1549021412 0
1549021413 0
1549021414 0
1549021415 0
1549021416 0
1549021417 0
1549021418 0
1549021419 0
1549021420 0
1549021421 0
1549021422 0
1549021423 0
1549021424 0
1549021425 0
1549021426 0
1549021427 0
1549021428 0
1549021429 0
1549021430 0
1549021431 0
1549021432 0
1549021433 0
1549021434 0
1549021435 0
1549021436 0
1549021437 0
1549021438 0
1549021439 0
1549021440 0
1549021441 0
1549021442 0
1549021443 0
1549021444 0
1549021445 0
1549021446 0
1549021447 0
1549021448 0
1549021449 0
1549021450 0
1549021451 0
1549021452 0
1549021453 0
1549021454 0
1549021455 0
1549021456 0
1549021457 0
1549021458 0
1549021459 0
1549021460 0
1549021461 0
1549021462 0
1549021463 0
1549021464 0
1549021465 0
1549021466 0
1549021467 0
1549021468 0
1549021469 0
1549021470 0
1549021471 0
1549021472 0
1549021473 0
1549021474 0
1549021475 0
1549021476 0
1549021477 0
1549021478 0
1549021479 0
1549021480 0
1549021481 0
1549021482 0
1549021483 0
1549021484 0
1549021485 0
1549021486 0
1549021487 0
1549021488 0
1549021489 0
1549021490 0
1549021491 0
1549021492 0
1549021493 0
1549021494 0
1549021495 0
1549021496 0
1549021497 0
1549021498 0
1549021499 0
1549021500 0
1549021501 0
1549021502 0
1549021503 0
1549021504 0
1549021505 0
1549021506 0
1549021507 0
1549021508 0
1549021509 0
1549021510 0
1549021511 0
1549021512 0
1549021513 0
1549021514 0
1549021515 0
1549021516 0
1549021517 0
1549021518 0
1549021519 0
1549021520 0
1549021521 0
1549021522 0
1549021523 0
1549021524 0
1549021525 0
1549021526 0
1549021527 0
1549021528 0
1549021529 0
1549021530 0
1549021531 0
1549021532 0
1549021533 0
1549021534 0
1549021535 0
1549021536 0
1549021537 0
1549021538 0
1549021539 0
1549021540 0
1549021541 0
1549021542 0
1549021543 0
1549021544 0
1549021545 0
1549021546 0
1549021547 0
1549021548 0
1549021549 0
1549021550 0
1549021551 0
1549021552 0
1549021553 0
1549021554 0
1549021555 0
1549021556 0
1549021557 0
1549021558 0
1549021559 0
1549021560 0
1549021561 0
1549021562 0
1549021563 0
1549021564 0
1549021565 0
1549021566 0
1549021567 0
1549021568 0
1549021569 0
1549021570 0
1549021571 0
1549021572 0
1549021573 0
1549021574 0
1549021575 0
1549021576 0
1549021577 0
1549021578 0
1549021579 0
1549021580 0
1549021581 0
1549021582 0
1549021583 0
1549021584 0
1549021585 0
1549021586 0
1549021587 0
1549021588 0
1549021589 0
1549021590 0
1549021591 0
1549021592 0
1549021593 0
1549021594 0
1549021595 0
1549021596 0
1549021597 0
1549021598 0
1549021599 0
1549021600 0
1549021601 0
1549021602 0
1549021603 0
1549021604 0
1549021605 0
1549021606 0
1549021607 0
1549021608 0
1549021609 0
1549021610 0
1549021611 0
1549021612 0
1549021613 0
1549021614 0
1549021615 0
1549021616 0
1549021617 0
1549021618 0
1549021619 0
1549021620 0
1549021621 0
1549021622 0
1549021623 0
1549021624 0
1549021625 0
1549021626 0
1549021627 0
1549021628 0
1549021629 0
1549021630 0
1549021631 0
1549021632 0
1549021633 0
1549021634 0
1549021635 0
1549021636 0
1549021637 0
1549021638 0
1549021639 0
1549021640 0
1549021641 0
1549021642 0
1549021643 0
1549021644 0
1549021645 0
1549021646 0
1549021647 0
1549021648 0
1549021649 0
1549021650 0
1549021651 0
1549021652 0
1549021653 0
1549021654 0
1549021655 0
1549021656 0
1549021657 0
1549021658 0
1549021659 0
1549021660 0
1549021661 0
1549021662 0
1549021663 0
1549021664 0
1549021665 0
1549021666 0
1549021667 0
1549021668 0
1549021669 0
1549021670 0
1549021671 0
1549021672 0
1549021673 0
1549021674 0
1549021675 0
1549021676 0
1549021677 0
1549021678 0
1549021679 0
1549021680 0
1549021681 0
1549021682 0
1549021683 0
1549021684 0
1549021685 0
1549021686 0
1549021687 0
1549021688 0
1549021689 0
1549021690 0
1549021691 0
1549021692 0
1549021693 0
1549021694 0
1549021695 0
1549021696 0
1549021697 0
1549021698 0
1549021699 0
1549021700 0
1549021701 0
1549021702 0
1549021703 0
1549021704 0
1549021705 0
1549021706 0
1549021707 0
1549021708 0
1549021709 0
1549021710 0
1549021711 0
1549021712 0
1549021713 0
1549021714 0
1549021715 0
1549021716 0
1549021717 0
1549021718 0
1549021719 0
1549021720 0
1549021721 0
1549021722 0
1549021723 0
1549021724 0
1549021725 0
1549021726 0
1549021727 0
1549021728 0
1549021729 0
1549021730 0
1549021731 0
1549021732 0
1549021733 0
1549021734 0
1549021735 0
1549021736 0
1549021737 0
1549021738 0
1549021739 0
1549021740 0
1549021741 0
1549021742 0
1549021743 0
1549021744 0
1549021745 0
1549021746 0
1549021747 0
1549021748 0
1549021749 0
1549021750 0
1549021751 0
1549021752 0
1549021753 0
1549021754 0
1549021755 0
1549021756 0
1549021757 0
1549021758 0
1549021759 0
1549021760 0
1549021761 0
1549021762 0
1549021763 0
1549021764 0
1549021765 0
1549021766 0
1549021767 0
1549021768 0
1549021769 0
1549021770 0
1549021771 0
1549021772 0
1549021773 0
1549021774 0
1549021775 0
1549021776 0
1549021777 0
1549021778 0
1549021779 0
1549021780 0
1549021781 0
1549021782 0
1549021783 0
1549021784 0
1549021785 0
1549021786 0
1549021787 0
1549021788 0
1549021789 0
1549021790 0
1549021791 0
1549021792 0
1549021793 0
1549021794 0
1549021795 0
1549021796 0
1549021797 0
1549021798 0
1549021799 0
1549021800 0
1549021801 0
1549021802 0
1549021803 0
1549021804 0
1549021805 0
1549021806 0
1549021807 0
1549021808 0
1549021809 0
1549021810 0
1549021811 0
1549021812 0
1549021813 0
1549021814 0
1549021815 0
1549021816 0
1549021817 0
1549021818 0
1549021819 0
1549021820 0
1549021821 0
1549021822 0
1549021823 0
1549021824 0
1549021825 0
1549021826 0
1549021827 0
1549021828 0
1549021829 0
1549021830 0
1549021831 0
1549021832 0
1549021833 0
1549021834 0
1549021835 0
1549021836 0
1549021837 0
1549021838 0
1549021839 0
1549021840 0
1549021841 0
1549021842 0
1549021843 0
1549021844 0
1549021845 0
1549021846 0
1549021847 0
1549021848 0
1549021849 0
1549021850 0
1549021851 0
1549021852 0
1549021853 0
1549021854 0
1549021855 0
1549021856 0
1549021857 0
1549021858 0
1549021859 0
1549021860 0
1549021861 0
1549021862 0
1549021863 0
1549021864 0
1549021865 0
1549021866 0
1549021867 0
1549021868 0
1549021869 0
1549021870 0
1549021871 0
1549021872 0
1549021873 0
1549021874 0
1549021875 0
1549021876 0
1549021877 0
1549021878 0
1549021879 0
1549021880 0
1549021881 0
1549021882 0
1549021883 0
1549021884 0
1549021885 0
1549021886 0
1549021887 0
1549021888 0
1549021889 0
1549021890 0
1549021891 0
1549021892 0
1549021893 0
1549021894 0
1549021895 0
1549021896 0
1549021897 0
1549021898 0
1549021899 0
1549021900 0
1549021901 0
1549021902 0
1549021903 0
1549021904 0
1549021905 0
1549021906 0
1549021907 0
1549021908 0
1549021909 0
1549021910 0
1549021911 0
1549021912 0
1549021913 0
1549021914 0
1549021915 0
1549021916 0
1549021917 0
1549021918 0
1549021919 0
1549021920 0
1549021921 0
1549021922 0
1549021923 0
1549021924 0
1549021925 0
1549021926 0
1549021927 0
1549021928 0
1549021929 0
1549021930 0
1549021931 0
1549021932 0
1549021933 0
1549021934 0
1549021935 0
1549021936 0
1549021937 0
1549021938 0
1549021939 0
1549021940 0
1549021941 0
1549021942 0
1549021943 0
1549021944 0
1549021945 0
1549021946 0
1549021947 0
1549021948 0
1549021949 0
1549021950 0
1549021951 0
1549021952 0
1549021953 0
1549021954 0
1549021955 0
1549021956 0
1549021957 0
1549021958 0
1549021959 0
1549021960 0
1549021961 0
1549021962 0
1549021963 0
1549021964 0
1549021965 0
1549021966 0
1549021967 0
1549021968 0
1549021969 0
1549021970 0
1549021971 0
1549021972 0
1549021973 0
1549021974 0
1549021975 0
1549021976 0
1549021977 0
1549021978 0
1549021979 0
1549021980 0
1549021981 0
1549021982 0
1549021983 0
1549021984 0
1549021985 0
1549021986 0
1549021987 0
1549021988 0
1549021989 0
1549021990 0
1549021991 0
1549021992 0
1549021993 0
1549021994 0
1549021995 0
1549021996 0
1549021997 0
1549021998 0
1549021999 0
1549022000 0
1549022001 0
1549022002 0
1549022003 0
1549022004 0
1549022005 0
1549022006 0
1549022007 0
1549022008 0
1549022009 0
1549022010 0
1549022011 0
1549022012 0
1549022013 0
1549022014 0
1549022015 0
1549022016 0
1549022017 0
1549022018 0
1549022019 0
1549022020 0
1549022021 0
1549022022 0
1549022023 0
1549022024 0
1549022025 0
1549022026 0
1549022027 0
1549022028 0
1549022029 0
1549022030 0
1549022031 0
1549022032 0
1549022033 0
1549022034 0
1549022035 0
1549022036 0
1549022037 0
1549022038 0
1549022039 0
1549022040 0
1549022041 0
1549022042 0
1549022043 0
1549022044 0
1549022045 0
1549022046 0
1549022047 0
1549022048 0
1549022049 0
1549022050 0
1549022051 0
1549022052 0
1549022053 0
1549022054 0
1549022055 0
1549022056 0
1549022057 0
1549022058 0
1549022059 0
1549022060 0
1549022061 0
1549022062 0
1549022063 0
1549022064 0
1549022065 0
1549022066 0
1549022067 0
1549022068 0
1549022069 0
1549022070 0
1549022071 0
1549022072 0
1549022073 0
1549022074 0
1549022075 0
1549022076 0
1549022077 0
1549022078 0
1549022079 0
1549022080 0
1549022081 0
1549022082 0
1549022083 0
1549022084 0
1549022085 0
1549022086 0
1549022087 0
1549022088 0
1549022089 0
1549022090 0
1549022091 0
1549022092 0
1549022093 0
1549022094 0
1549022095 0
1549022096 0
1549022097 0
1549022098 0
1549022099 0
1549022100 0
1549022101 0
1549022102 0
1549022103 0
1549022104 0
1549022105 0
1549022106 0
1549022107 0
1549022108 0
1549022109 0
1549022110 0
1549022111 0
1549022112 0
1549022113 0
1549022114 0
1549022115 0
1549022116 0
1549022117 0
1549022118 0
1549022119 0
1549022120 0
1549022121 0
1549022122 0
1549022123 0
1549022124 0
1549022125 0
1549022126 0
1549022127 0
1549022128 0
1549022129 0
1549022130 0
1549022131 0
1549022132 0
1549022133 0
1549022134 0
1549022135 0
1549022136 0
1549022137 0
1549022138 0
1549022139 0
1549022140 0
1549022141 0
1549022142 0
1549022143 0
1549022144 0
1549022145 0
1549022146 0
1549022147 0
1549022148 0
1549022149 0
1549022150 0
1549022151 0
1549022152 0
1549022153 0
1549022154 0
1549022155 0
1549022156 0
1549022157 0
1549022158 0
1549022159 0
1549022160 0
1549022161 0
1549022162 0
1549022163 0
1549022164 0
1549022165 0
1549022166 0
1549022167 0
1549022168 0
1549022169 0
1549022170 0
1549022171 0
1549022172 0
1549022173 0
1549022174 0
1549022175 0
1549022176 0
1549022177 0
1549022178 0
1549022179 0
1549022180 0
1549022181 0
1549022182 0
1549022183 0
1549022184 0
1549022185 0
1549022186 0
1549022187 0
1549022188 0
1549022189 0
1549022190 0
1549022191 0
1549022192 0
1549022193 0
1549022194 0
1549022195 0
1549022196 0
1549022197 0
1549022198 0
1549022199 0
1549022200 0
1549022201 0
1549022202 0
1549022203 0
1549022204 0
1549022205 0
1549022206 0
1549022207 0
1549022208 0
1549022209 0
1549022210 0
1549022211 0
1549022212 0
1549022213 0
1549022214 0
1549022215 0
1549022216 0
1549022217 0
1549022218 0
1549022219 0
1549022220 0
1549022221 0
1549022222 0
1549022223 0
1549022224 0
1549022225 0
1549022226 0
1549022227 0
1549022228 0
1549022229 0
1549022230 0
1549022231 0
1549022232 0
1549022233 0
1549022234 0
1549022235 0
1549022236 0
1549022237 0
1549022238 0
1549022239 0
1549022240 0
1549022241 0
1549022242 0
1549022243 0
1549022244 0
1549022245 0
1549022246 0
1549022247 0
1549022248 0
1549022249 0
1549022250 0
1549022251 0
1549022252 0
1549022253 0
1549022254 0
1549022255 0
1549022256 0
1549022257 0
1549022258 0
1549022259 0
1549022260 0
1549022261 0
1549022262 0
1549022263 0
1549022264 0
1549022265 0
1549022266 0
1549022267 0
1549022268 0
1549022269 0
1549022270 0
1549022271 0
1549022272 0
1549022273 0
1549022274 0
1549022275 0
1549022276 0
1549022277 0
1549022278 0
1549022279 0
1549022280 0
1549022281 0
1549022282 0
1549022283 0
1549022284 0
1549022285 0
1549022286 0
1549022287 0
1549022288 0
1549022289 0
1549022290 0
1549022291 0
1549022292 0
1549022293 0
1549022294 0
1549022295 0
1549022296 0
1549022297 0
1549022298 0
1549022299 0
1549022300 0
1549022301 0
1549022302 0
1549022303 0
1549022304 0
1549022305 0
1549022306 0
1549022307 0
1549022308 0
1549022309 0
1549022310 0
1549022311 0
1549022312 0
1549022313 0
1549022314 0
1549022315 0
1549022316 0
1549022317 0
1549022318 0
1549022319 0
1549022320 0
1549022321 0
1549022322 0
1549022323 0
1549022324 0
1549022325 0
1549022326 0
1549022327 0
1549022328 0
1549022329 0
1549022330 0
1549022331 0
1549022332 0
1549022333 0
1549022334 0
1549022335 0
1549022336 0
1549022337 0
1549022338 0
1549022339 0
1549022340 0
1549022341 0
1549022342 0
1549022343 0
1549022344 0
1549022345 0
1549022346 0
1549022347 0
1549022348 0
1549022349 0
1549022350 0
1549022351 0
1549022352 0
1549022353 0
1549022354 0
1549022355 0
1549022356 0
1549022357 0
1549022358 0
1549022359 0
1549022360 0
1549022361 0
1549022362 0
1549022363 0
1549022364 0
1549022365 0
1549022366 0
1549022367 0
1549022368 0
1549022369 0
1549022370 0
1549022371 0
1549022372 0
1549022373 0
1549022374 0
1549022375 0
1549022376 0
1549022377 0
1549022378 0
1549022379 0
1549022380 0
1549022381 0
1549022382 0
1549022383 0
1549022384 0
1549022385 0
1549022386 0
1549022387 0
1549022388 0
1549022389 0
1549022390 0
1549022391 0
1549022392 0
1549022393 0
1549022394 0
1549022395 0
1549022396 0
1549022397 0
1549022398 0
1549022399 0
1549022400 0
1549022401 0
1549022402 0
1549022403 0
1549022404 0
1549022405 0
1549022406 0
1549022407 0
1549022408 0
1549022409 0
1549022410 0
1549022411 0
1549022412 0
1549022413 0
1549022414 0
1549022415 0
1549022416 0
1549022417 0
1549022418 0
1549022419 0
1549022420 0
1549022421 0
1549022422 0
1549022423 0
1549022424 0
1549022425 0
1549022426 0
1549022427 0
1549022428 0
1549022429 0
1549022430 0
1549022431 0
1549022432 0
1549022433 0
1549022434 0
1549022435 0
1549022436 0
1549022437 0
1549022438 0
1549022439 0
1549022440 0
1549022441 0
1549022442 0
1549022443 0
1549022444 0
1549022445 0
1549022446 0
1549022447 0
1549022448 0
1549022449 0
1549022450 0
1549022451 0
1549022452 0
1549022453 0
1549022454 0
1549022455 0
1549022456 0
1549022457 0
1549022458 0
1549022459 0
1549022460 0
1549022461 0
1549022462 0
1549022463 0
1549022464 0
1549022465 0
1549022466 0
1549022467 0
1549022468 0
1549022469 0
1549022470 0
1549022471 0
1549022472 0
1549022473 0
1549022474 0
1549022475 0
1549022476 0
1549022477 0
1549022478 0
1549022479 0
1549022480 0
1549022481 0
1549022482 0
1549022483 0
1549022484 0
1549022485 0
1549022486 0
1549022487 0
1549022488 0
1549022489 0
1549022490 0
1549022491 0
1549022492 0
1549022493 0
1549022494 0
1549022495 0
1549022496 0
1549022497 0
1549022498 0
1549022499 0
1549022500 0
1549022501 0
1549022502 0
1549022503 0
1549022504 0
1549022505 0
1549022506 0
1549022507 0
1549022508 0
1549022509 0
1549022510 0
1549022511 0
1549022512 0
1549022513 0
1549022514 0
1549022515 0
1549022516 0
1549022517 0
1549022518 0
1549022519 0
1549022520 0
1549022521 0
1549022522 0
1549022523 0
1549022524 0
1549022525 0
1549022526 0
1549022527 0
1549022528 0
1549022529 0
1549022530 0
1549022531 0
1549022532 0
1549022533 0
1549022534 0
1549022535 0
1549022536 0
1549022537 0
1549022538 0
1549022539 0
1549022540 0
1549022541 0
1549022542 0
1549022543 0
1549022544 0
1549022545 0
1549022546 0
1549022547 0
1549022548 0
1549022549 0
1549022550 0
1549022551 0
1549022552 0
1549022553 0
1549022554 0
1549022555 0
1549022556 0
1549022557 0
1549022558 0
1549022559 0
1549022560 0
1549022561 0
1549022562 0
1549022563 0
1549022564 0
1549022565 0
1549022566 0
1549022567 0
1549022568 0
1549022569 0
1549022570 0
1549022571 0
1549022572 0
1549022573 0
1549022574 0
1549022575 0
1549022576 0
1549022577 0
1549022578 0
1549022579 0
1549022580 0
1549022581 0
1549022582 0
1549022583 0
1549022584 0
1549022585 0
1549022586 0
1549022587 0
1549022588 0
1549022589 0
1549022590 0
1549022591 0
1549022592 0
1549022593 0
1549022594 0
1549022595 0
1549022596 0
1549022597 0
1549022598 0
1549022599 0
1549022600 0
1549022601 0
1549022602 0
1549022603 0
1549022604 0
1549022605 0
1549022606 0
1549022607 0
1549022608 0
1549022609 0
1549022610 0
1549022611 0
1549022612 0
1549022613 0
1549022614 0
1549022615 0
1549022616 0
1549022617 0
1549022618 0
1549022619 0
1549022620 0
1549022621 0
1549022622 0
1549022623 0
1549022624 0
1549022625 0
1549022626 0
1549022627 0
1549022628 0
1549022629 0
1549022630 0
1549022631 0
1549022632 0
1549022633 0
1549022634 0
1549022635 0
1549022636 0
1549022637 0
1549022638 0
1549022639 0
1549022640 0
1549022641 0
1549022642 0
1549022643 0
1549022644 0
1549022645 0
1549022646 0
1549022647 0
1549022648 0
1549022649 0
1549022650 0
1549022651 0
1549022652 0
1549022653 0
1549022654 0
1549022655 0
1549022656 0
1549022657 0
1549022658 0
1549022659 0
1549022660 0
1549022661 0
1549022662 0
1549022663 0
1549022664 0
1549022665 0
1549022666 0
1549022667 0
1549022668 0
1549022669 0
1549022670 0
1549022671 0
1549022672 0
1549022673 0
1549022674 0
1549022675 0
1549022676 0
1549022677 0
1549022678 0
1549022679 0
1549022680 0
1549022681 0
1549022682 0
1549022683 0
1549022684 0
1549022685 0
1549022686 0
1549022687 0
1549022688 0
1549022689 0
1549022690 0
1549022691 0
1549022692 0
1549022693 0
1549022694 0
1549022695 0
1549022696 0
1549022697 0
1549022698 0
1549022699 0
1549022700 0
1549022701 0
1549022702 0
1549022703 0
1549022704 0
1549022705 0
1549022706 0
1549022707 0
1549022708 0
1549022709 0
1549022710 0
1549022711 0
1549022712 0
1549022713 0
1549022714 0
1549022715 0
1549022716 0
1549022717 0
1549022718 0
1549022719 0
1549022720 0
1549022721 0
1549022722 0
1549022723 0
1549022724 0
1549022725 0
1549022726 0
1549022727 0
1549022728 0
1549022729 0
1549022730 0
1549022731 0
1549022732 0
1549022733 0
1549022734 0
1549022735 0
1549022736 0
1549022737 0
1549022738 0
1549022739 0
1549022740 0
1549022741 0
1549022742 0
1549022743 0
1549022744 0
1549022745 0
1549022746 0
1549022747 0
1549022748 0
1549022749 0
1549022750 0
1549022751 0
1549022752 0
1549022753 0
1549022754 0
1549022755 0
1549022756 0
1549022757 0
1549022758 0
1549022759 0
1549022760 0
1549022761 0
1549022762 0
1549022763 0
1549022764 0
1549022765 0
1549022766 0
1549022767 0
1549022768 0
1549022769 0
1549022770 0
1549022771 0
1549022772 0
1549022773 0
1549022774 0
1549022775 0
1549022776 0
1549022777 0
1549022778 0
1549022779 0
1549022780 0
1549022781 0
1549022782 0
1549022783 0
1549022784 0
1549022785 0
1549022786 0
1549022787 0
1549022788 0
1549022789 0
1549022790 0
1549022791 0
1549022792 0
1549022793 0
1549022794 0
1549022795 0
1549022796 0
1549022797 0
1549022798 0
1549022799 0
1549022800 0
1549022801 0
1549022802 0
1549022803 0
1549022804 0
1549022805 0
1549022806 0
1549022807 0
1549022808 0
1549022809 0
1549022810 0
1549022811 0
1549022812 0
1549022813 0
1549022814 0
1549022815 0
1549022816 0
1549022817 0
1549022818 0
1549022819 0
1549022820 0
1549022821 0
1549022822 0
1549022823 0
1549022824 0
1549022825 0
1549022826 0
1549022827 0
1549022828 0
1549022829 0
1549022830 0
1549022831 0
1549022832 0
1549022833 0
1549022834 0
1549022835 0
1549022836 0
1549022837 0
1549022838 0
1549022839 0
1549022840 0
1549022841 0
1549022842 0
1549022843 0
1549022844 0
1549022845 0
1549022846 0
1549022847 0
1549022848 0
1549022849 0
1549022850 0
1549022851 0
1549022852 0
1549022853 0
1549022854 0
1549022855 0
1549022856 0
1549022857 0
1549022858 0
1549022859 0
1549022860 0
1549022861 0
1549022862 0
1549022863 0
1549022864 0
1549022865 0
1549022866 0
1549022867 0
1549022868 0
1549022869 0
1549022870 0
1549022871 0
1549022872 0
1549022873 0
1549022874 0
1549022875 0
1549022876 0
1549022877 0
1549022878 0
1549022879 0
1549022880 0
1549022881 0
1549022882 0
1549022883 0
1549022884 0
1549022885 0
1549022886 0
1549022887 0
1549022888 0
1549022889 0
1549022890 0
1549022891 0
1549022892 0
1549022893 0
1549022894 0
1549022895 0
1549022896 0
1549022897 0
1549022898 0
1549022899 0
1549022900 0
1549022901 0
1549022902 0
1549022903 0
1549022904 0
1549022905 0
1549022906 0
1549022907 0
1549022908 0
1549022909 0
1549022910 0
1549022911 0
1549022912 0
1549022913 0
1549022914 0
1549022915 0
1549022916 0
1549022917 0
1549022918 0
1549022919 0
1549022920 0
1549022921 0
1549022922 0
1549022923 0
1549022924 0
1549022925 0
1549022926 0
1549022927 0
1549022928 0
1549022929 0
1549022930 0
1549022931 0
1549022932 0
1549022933 0
1549022934 0
1549022935 0
1549022936 0
1549022937 0
1549022938 0
1549022939 0
1549022940 0
1549022941 0
1549022942 0
1549022943 0
1549022944 0
1549022945 0
1549022946 0
1549022947 0
1549022948 0
1549022949 0
1549022950 0
1549022951 0
1549022952 0
1549022953 0
1549022954 0
1549022955 0
1549022956 0
1549022957 0
1549022958 0
1549022959 0
1549022960 0
1549022961 0
1549022962 0
1549022963 0
1549022964 0
1549022965 0
1549022966 0
1549022967 0
1549022968 0
1549022969 0
1549022970 0
1549022971 0
1549022972 0
1549022973 0
1549022974 0
1549022975 0
1549022976 0
1549022977 0
1549022978 0
1549022979 0
1549022980 0
1549022981 0
1549022982 0
1549022983 0
1549022984 0
1549022985 0
1549022986 0
1549022987 0
1549022988 0
1549022989 0
1549022990 0
1549022991 0
1549022992 0
1549022993 0
1549022994 0
1549022995 0
1549022996 0
1549022997 0
1549022998 0
1549022999 0
1549023000 0
1549023001 0
1549023002 0
1549023003 0
1549023004 0
1549023005 0
1549023006 0
1549023007 0
1549023008 0
1549023009 0
1549023010 0
1549023011 0
1549023012 0
1549023013 0
1549023014 0
1549023015 0
1549023016 0
1549023017 0
1549023018 0
1549023019 0
1549023020 0
1549023021 0
1549023022 0
1549023023 0
1549023024 0
1549023025 0
1549023026 0
1549023027 0
1549023028 0
1549023029 0
1549023030 0
1549023031 0
1549023032 0
1549023033 0
1549023034 0
1549023035 0
1549023036 0
1549023037 0
1549023038 0
1549023039 0
1549023040 0
1549023041 0
1549023042 0
1549023043 0
1549023044 0
1549023045 0
1549023046 0
1549023047 0
1549023048 0
1549023049 0
1549023050 0
1549023051 0
1549023052 0
1549023053 0
1549023054 0
1549023055 0
1549023056 0
1549023057 0
1549023058 0
1549023059 0
1549023060 0
1549023061 0
1549023062 0
1549023063 0
1549023064 0
1549023065 0
1549023066 0
1549023067 0
1549023068 0
1549023069 0
1549023070 0
1549023071 0
1549023072 0
1549023073 0
1549023074 0
1549023075 0
1549023076 0
1549023077 0
1549023078 0
1549023079 0
1549023080 0
1549023081 0
1549023082 0
1549023083 0
1549023084 0
1549023085 0
1549023086 0
1549023087 0
1549023088 0
1549023089 0
1549023090 0
1549023091 0
1549023092 0
1549023093 0
1549023094 0
1549023095 0
1549023096 0
1549023097 0
1549023098 0
1549023099 0
1549023100 0
1549023101 0
1549023102 0
1549023103 0
1549023104 0
1549023105 0
1549023106 0
1549023107 0
1549023108 0
1549023109 0
1549023110 0
1549023111 0
1549023112 0
1549023113 0
1549023114 0
1549023115 0
1549023116 0
1549023117 0
1549023118 0
1549023119 0
1549023120 0
1549023121 0
1549023122 0
1549023123 0
1549023124 0
1549023125 0
1549023126 0
1549023127 0
1549023128 0
1549023129 0
1549023130 0
1549023131 0
1549023132 0
1549023133 0
1549023134 0
1549023135 0
1549023136 0
1549023137 0
1549023138 0
1549023139 0
1549023140 0
1549023141 0
1549023142 0
1549023143 0
1549023144 0
1549023145 0
1549023146 0
1549023147 0
1549023148 0
1549023149 0
1549023150 0
1549023151 0
1549023152 0
1549023153 0
1549023154 0
1549023155 0
1549023156 0
1549023157 0
1549023158 0
1549023159 0
1549023160 0
1549023161 0
1549023162 0
1549023163 0
1549023164 0
1549023165 0
1549023166 0
1549023167 0
1549023168 0
1549023169 0
1549023170 0
1549023171 0
1549023172 0
1549023173 0
1549023174 0
1549023175 0
1549023176 0
1549023177 0
1549023178 0
1549023179 0
1549023180 0
1549023181 0
1549023182 0
1549023183 0
1549023184 0
1549023185 0
1549023186 0
1549023187 0
1549023188 0
1549023189 0
1549023190 0
1549023191 0
1549023192 0
1549023193 0
1549023194 0
1549023195 0
1549023196 0
1549023197 0
1549023198 0
1549023199 0
1549023200 0
1549023201 0
1549023202 0
1549023203 0
1549023204 0
1549023205 0
1549023206 0
1549023207 0
1549023208 0
1549023209 0
1549023210 0
1549023211 0
1549023212 0
1549023213 0
1549023214 0
1549023215 0
1549023216 0
1549023217 0
1549023218 0
1549023219 0
1549023220 0
1549023221 0
1549023222 0
1549023223 0
1549023224 0
1549023225 0
1549023226 0
1549023227 0
1549023228 0
1549023229 0
1549023230 0
1549023231 0
1549023232 0
1549023233 0
1549023234 0
1549023235 0
1549023236 0
1549023237 0
1549023238 0
1549023239 0
1549023240 0
1549023241 0
1549023242 0
1549023243 0
1549023244 0
1549023245 0
1549023246 0
1549023247 0
1549023248 0
1549023249 0
1549023250 0
1549023251 0
1549023252 0
1549023253 0
1549023254 0
1549023255 0
1549023256 0
1549023257 0
1549023258 0
1549023259 0
1549023260 0
1549023261 0
1549023262 0
1549023263 0
1549023264 0
1549023265 0
1549023266 0
1549023267 0
1549023268 0
1549023269 0
1549023270 0
1549023271 0
1549023272 0
1549023273 0
1549023274 0
1549023275 0
1549023276 0
1549023277 0
1549023278 0
1549023279 0
1549023280 0
1549023281 0
1549023282 0
1549023283 0
1549023284 0
1549023285 0
1549023286 0
1549023287 0
1549023288 0
1549023289 0
1549023290 0
1549023291 0
1549023292 0
1549023293 0
1549023294 0
1549023295 0
1549023296 0
1549023297 0
1549023298 0
1549023299 0
1549023300 0
1549023301 0
1549023302 0
1549023303 0
1549023304 0
1549023305 0
1549023306 0
1549023307 0
1549023308 0
1549023309 0
1549023310 0
1549023311 0
1549023312 0
1549023313 0
1549023314 0
1549023315 0
1549023316 0
1549023317 0
1549023318 0
1549023319 0
1549023320 0
1549023321 0
1549023322 0
1549023323 0
1549023324 0
1549023325 0
1549023326 0
1549023327 0
1549023328 0
1549023329 0
1549023330 0
1549023331 0
1549023332 0
1549023333 0
1549023334 0
1549023335 0
1549023336 0
1549023337 0
1549023338 0
1549023339 0
1549023340 0
1549023341 0
1549023342 0
1549023343 0
1549023344 0
1549023345 0
1549023346 0
1549023347 0
1549023348 0
1549023349 0
1549023350 0
1549023351 0
1549023352 0
1549023353 0
1549023354 0
1549023355 0
1549023356 0
1549023357 0
1549023358 0
1549023359 0
1549023360 0
1549023361 0
1549023362 0
1549023363 0
1549023364 0
1549023365 0
1549023366 0
1549023367 0
1549023368 0
1549023369 0
1549023370 0
1549023371 0
1549023372 0
1549023373 0
1549023374 0
1549023375 0
1549023376 0
1549023377 0
1549023378 0
1549023379 0
1549023380 0
1549023381 0
1549023382 0
1549023383 0
1549023384 0
1549023385 0
1549023386 0
1549023387 0
1549023388 0
1549023389 0
1549023390 0
1549023391 0
1549023392 0
1549023393 0
1549023394 0
1549023395 0
1549023396 0
1549023397 0
1549023398 0
1549023399 0
1549023400 0
1549023401 0
1549023402 0
1549023403 0
1549023404 0
1549023405 0
1549023406 0
1549023407 0
1549023408 0
1549023409 0
1549023410 0
1549023411 0
1549023412 0
1549023413 0
1549023414 0
1549023415 0
1549023416 0
1549023417 0
1549023418 0
1549023419 0
1549023420 0
1549023421 0
1549023422 0
1549023423 0
1549023424 0
1549023425 0
1549023426 0
1549023427 0
1549023428 0
1549023429 0
1549023430 0
1549023431 0
1549023432 0
1549023433 0
1549023434 0
1549023435 0
1549023436 0
1549023437 0
1549023438 0
1549023439 0
1549023440 0
1549023441 0
1549023442 0
1549023443 0
1549023444 0
1549023445 0
1549023446 0
1549023447 0
1549023448 0
1549023449 0
1549023450 0
1549023451 0
1549023452 0
1549023453 0
1549023454 0
1549023455 0
1549023456 0
1549023457 0
1549023458 0
1549023459 0
1549023460 0
1549023461 0
1549023462 0
1549023463 0
1549023464 0
1549023465 0
1549023466 0
1549023467 0
1549023468 0
1549023469 0
1549023470 0
1549023471 0
1549023472 0
1549023473 0
1549023474 0
1549023475 0
1549023476 0
1549023477 0
1549023478 0
1549023479 0
1549023480 0
1549023481 0
1549023482 0
1549023483 0
1549023484 0
1549023485 0
1549023486 0
1549023487 0
1549023488 0
1549023489 0
1549023490 0
1549023491 0
1549023492 0
1549023493 0
1549023494 0
1549023495 0
1549023496 0
1549023497 0
1549023498 0
1549023499 0
1549023500 0
1549023501 0
1549023502 0
1549023503 0
1549023504 0
1549023505 0
1549023506 0
1549023507 0
1549023508 0
1549023509 0
1549023510 0
1549023511 0
1549023512 0
1549023513 0
1549023514 0
1549023515 0
1549023516 0
1549023517 0
1549023518 0
1549023519 0
1549023520 0
1549023521 0
1549023522 0
1549023523 0
1549023524 0
1549023525 0
1549023526 0
1549023527 0
1549023528 0
1549023529 0
1549023530 0
1549023531 0
1549023532 0
1549023533 0
1549023534 0
1549023535 0
1549023536 0
1549023537 0
1549023538 0
1549023539 0
1549023540 0
1549023541 0
1549023542 0
1549023543 0
1549023544 0
1549023545 0
1549023546 0
1549023547 0
1549023548 0
1549023549 0
1549023550 0
1549023551 0
1549023552 0
1549023553 0
1549023554 0
1549023555 0
1549023556 0
1549023557 0
1549023558 0
1549023559 0
1549023560 0
1549023561 0
1549023562 0
1549023563 0
1549023564 0
1549023565 0
1549023566 0
1549023567 0
1549023568 0
1549023569 0
1549023570 0
1549023571 0
1549023572 0
1549023573 0
1549023574 0
1549023575 0
1549023576 0
1549023577 0
1549023578 0
1549023579 0
1549023580 0
1549023581 0
1549023582 0
1549023583 0
1549023584 0
1549023585 0
1549023586 0
1549023587 0
1549023588 0
1549023589 0
1549023590 0
1549023591 0
1549023592 0
1549023593 0
1549023594 0
1549023595 0
1549023596 0
1549023597 0
1549023598 0
1549023599 0
1549023600 0
1549023601 0
1549023602 0
1549023603 0
1549023604 0
1549023605 0
1549023606 0
1549023607 0
1549023608 0
1549023609 0
1549023610 0
1549023611 0
1549023612 0
1549023613 0
1549023614 0
1549023615 0
1549023616 0
1549023617 0
1549023618 0
1549023619 0
1549023620 0
1549023621 0
1549023622 0
1549023623 0
1549023624 0
1549023625 0
1549023626 0
1549023627 0
1549023628 0
1549023629 0
1549023630 0
1549023631 0
1549023632 0
1549023633 0
1549023634 0
1549023635 0
1549023636 0
1549023637 0
1549023638 0
1549023639 0
1549023640 0
1549023641 0
1549023642 0
1549023643 0
1549023644 0
1549023645 0
1549023646 0
1549023647 0
1549023648 0
1549023649 0
1549023650 0
1549023651 0
1549023652 0
1549023653 0
1549023654 0
1549023655 0
1549023656 0
1549023657 0
1549023658 0
1549023659 0
1549023660 0
1549023661 0
1549023662 0
1549023663 0
1549023664 0
1549023665 0
1549023666 0
1549023667 0
1549023668 0
1549023669 0
1549023670 0
1549023671 0
1549023672 0
1549023673 0
1549023674 0
1549023675 0
1549023676 0
1549023677 0
1549023678 0
1549023679 0
1549023680 0
1549023681 0
1549023682 0
1549023683 0
1549023684 0
1549023685 0
1549023686 0
1549023687 0
1549023688 0
1549023689 0
1549023690 0
1549023691 0
1549023692 0
1549023693 0
1549023694 0
1549023695 0
1549023696 0
1549023697 0
1549023698 0
1549023699 0
1549023700 0
1549023701 0
1549023702 0
1549023703 0
1549023704 0
1549023705 0
1549023706 0
1549023707 0
1549023708 0
1549023709 0
1549023710 0
1549023711 0
1549023712 0
1549023713 0
1549023714 0
1549023715 0
1549023716 0
1549023717 0
1549023718 0
1549023719 0
1549023720 0
1549023721 0
1549023722 0
1549023723 0
1549023724 0
1549023725 0
1549023726 0
1549023727 0
1549023728 0
1549023729 0
1549023730 0
1549023731 0
1549023732 0
1549023733 0
1549023734 0
1549023735 0
1549023736 0
1549023737 0
1549023738 0
1549023739 0
1549023740 0
1549023741 0
1549023742 0
1549023743 0
1549023744 0
1549023745 0
1549023746 0
1549023747 0
1549023748 0
1549023749 0
1549023750 0
1549023751 0
1549023752 0
1549023753 0
1549023754 0
1549023755 0
1549023756 0
1549023757 0
1549023758 0
1549023759 0
1549023760 0
1549023761 0
1549023762 0
1549023763 0
1549023764 0
1549023765 0
1549023766 0
1549023767 0
1549023768 0
1549023769 0
1549023770 0
1549023771 0
1549023772 0
1549023773 0
1549023774 0
1549023775 0
1549023776 0
1549023777 0
1549023778 0
1549023779 0
1549023780 0
1549023781 0
1549023782 0
1549023783 0
1549023784 0
1549023785 0
1549023786 0
1549023787 0
1549023788 0
1549023789 0
1549023790 0
1549023791 0
1549023792 0
1549023793 0
1549023794 0
1549023795 0
1549023796 0
1549023797 0
1549023798 0
1549023799 0
1549023800 0
1549023801 0
1549023802 0
1549023803 0
1549023804 0
1549023805 0
1549023806 0
1549023807 0
1549023808 0
1549023809 0
1549023810 0
1549023811 0
1549023812 0
1549023813 0
1549023814 0
1549023815 0
1549023816 0
1549023817 0
1549023818 0
1549023819 0
1549023820 0
1549023821 0
1549023822 0
1549023823 0
1549023824 0
1549023825 0
1549023826 0
1549023827 0
1549023828 0
1549023829 0
1549023830 0
1549023831 0
1549023832 0
1549023833 0
1549023834 0
1549023835 0
1549023836 0
1549023837 0
1549023838 0
1549023839 0
1549023840 0
1549023841 0
1549023842 0
1549023843 0
1549023844 0
1549023845 0
1549023846 0
1549023847 0
1549023848 0
1549023849 0
1549023850 0
1549023851 0
1549023852 0
1549023853 0
1549023854 0
1549023855 0
1549023856 0
1549023857 0
1549023858 0
1549023859 0
1549023860 0
1549023861 0
1549023862 0
1549023863 0
1549023864 0
1549023865 0
1549023866 0
1549023867 0
1549023868 0
1549023869 0
1549023870 0
1549023871 0
1549023872 0
1549023873 0
1549023874 0
1549023875 0
1549023876 0
1549023877 0
1549023878 0
1549023879 0
1549023880 0
1549023881 0
1549023882 0
1549023883 0
1549023884 0
1549023885 0
1549023886 0
1549023887 0
1549023888 0
1549023889 0
1549023890 0
1549023891 0
1549023892 0
1549023893 0
1549023894 0
1549023895 0
1549023896 0
1549023897 0
1549023898 0
1549023899 0
1549023900 0
1549023901 0
1549023902 0
1549023903 0
1549023904 0
1549023905 0
1549023906 0
1549023907 0
1549023908 0
1549023909 0
1549023910 0
1549023911 0
1549023912 0
1549023913 0
1549023914 0
1549023915 0
1549023916 0
1549023917 0
1549023918 0
1549023919 0
1549023920 0
1549023921 0
1549023922 0
1549023923 0
1549023924 0
1549023925 0
1549023926 0
1549023927 0
1549023928 0
1549023929 0
1549023930 0
1549023931 0
1549023932 0
1549023933 0
1549023934 0
1549023935 0
1549023936 0
1549023937 0
1549023938 0
1549023939 0
1549023940 0
1549023941 0
1549023942 0
1549023943 0
1549023944 0
1549023945 0
1549023946 0
1549023947 0
1549023948 0
1549023949 0
1549023950 0
1549023951 0
1549023952 0
1549023953 0
1549023954 0
1549023955 0
1549023956 0
1549023957 0
1549023958 0
1549023959 0
1549023960 0
1549023961 0
1549023962 0
1549023963 0
1549023964 0
1549023965 0
1549023966 0
1549023967 0
1549023968 0
1549023969 0
1549023970 0
1549023971 0
1549023972 0
1549023973 0
1549023974 0
1549023975 0
1549023976 0
1549023977 0
1549023978 0
1549023979 0
1549023980 0
1549023981 0
1549023982 0
1549023983 0
1549023984 0
1549023985 0
1549023986 0
1549023987 0
1549023988 0
1549023989 0
1549023990 0
1549023991 0
1549023992 0
1549023993 0
1549023994 0
1549023995 0
1549023996 0
1549023997 0
1549023998 0
1549023999 0
1549024000 0
1549024001 0
1549024002 0
1549024003 0
1549024004 0
1549024005 0
1549024006 0
1549024007 0
1549024008 0
1549024009 0
1549024010 0
1549024011 0
1549024012 0
1549024013 0
1549024014 0
1549024015 0
1549024016 0
1549024017 0
1549024018 0
1549024019 0
1549024020 0
1549024021 0
1549024022 0
1549024023 0
1549024024 0
1549024025 0
1549024026 0
1549024027 0
1549024028 0
1549024029 0
1549024030 0
1549024031 0
1549024032 0
1549024033 0
1549024034 0
1549024035 0
1549024036 0
1549024037 0
1549024038 0
1549024039 0
1549024040 0
1549024041 0
1549024042 0
1549024043 0
1549024044 0
1549024045 0
1549024046 0
1549024047 0
1549024048 0
1549024049 0
1549024050 0
1549024051 0
1549024052 0
1549024053 0
1549024054 0
1549024055 0
1549024056 0
1549024057 0
1549024058 0
1549024059 0
1549024060 0
1549024061 0
1549024062 0
1549024063 0
1549024064 0
1549024065 0
1549024066 0
1549024067 0
1549024068 0
1549024069 0
1549024070 0
1549024071 0
1549024072 0
1549024073 0
1549024074 0
1549024075 0
1549024076 0
1549024077 0
1549024078 0
1549024079 0
1549024080 0
1549024081 0
1549024082 0
1549024083 0
1549024084 0
1549024085 0
1549024086 0
1549024087 0
1549024088 0
1549024089 0
1549024090 0
1549024091 0
1549024092 0
1549024093 0
1549024094 0
1549024095 0
1549024096 0
1549024097 0
1549024098 0
1549024099 0
1549024100 0
1549024101 0
1549024102 0
1549024103 0
1549024104 0
1549024105 0
1549024106 0
1549024107 0
1549024108 0
1549024109 0
1549024110 0
1549024111 0
1549024112 0
1549024113 0
1549024114 0
1549024115 0
1549024116 0
1549024117 0
1549024118 0
1549024119 0
1549024120 0
1549024121 0
1549024122 0
1549024123 0
1549024124 0
1549024125 0
1549024126 0
1549024127 0
1549024128 0
1549024129 0
1549024130 0
1549024131 0
1549024132 0
1549024133 0
1549024134 0
1549024135 0
1549024136 0
1549024137 0
1549024138 0
1549024139 0
1549024140 0
1549024141 0
1549024142 0
1549024143 0
1549024144 0
1549024145 0
1549024146 0
1549024147 0
1549024148 0
1549024149 0
1549024150 0
1549024151 0
1549024152 0
1549024153 0
1549024154 0
1549024155 0
1549024156 0
1549024157 0
1549024158 0
1549024159 0
1549024160 0
1549024161 0
1549024162 0
1549024163 0
1549024164 0
1549024165 0
1549024166 0
1549024167 0
1549024168 0
1549024169 0
1549024170 0
1549024171 0
1549024172 0
1549024173 0
1549024174 0
1549024175 0
1549024176 0
1549024177 0
1549024178 0
1549024179 0
1549024180 0
1549024181 0
1549024182 0
1549024183 0
1549024184 0
1549024185 0
1549024186 0
1549024187 0
1549024188 0
1549024189 0
1549024190 0
1549024191 0
1549024192 0
1549024193 0
1549024194 0
1549024195 0
1549024196 0
1549024197 0
1549024198 0
1549024199 0
1549024200 0
1549024201 0
1549024202 0
1549024203 0
1549024204 0
1549024205 0
1549024206 0
1549024207 0
1549024208 0
1549024209 0
1549024210 0
1549024211 0
1549024212 0
1549024213 0
1549024214 0
1549024215 0
1549024216 0
1549024217 0
1549024218 0
1549024219 0
1549024220 0
1549024221 0
1549024222 0
1549024223 0
1549024224 0
1549024225 0
1549024226 0
1549024227 0
1549024228 0
1549024229 0
1549024230 0
1549024231 0
1549024232 0
1549024233 0
1549024234 0
1549024235 0
1549024236 0
1549024237 0
1549024238 0
1549024239 0
1549024240 0
1549024241 0
1549024242 0
1549024243 0
1549024244 0
1549024245 0
1549024246 0
1549024247 0
1549024248 0
1549024249 0
1549024250 0
1549024251 0
1549024252 0
1549024253 0
1549024254 0
1549024255 0
1549024256 0
1549024257 0
1549024258 0
1549024259 0
1549024260 0
1549024261 0
1549024262 0
1549024263 0
1549024264 0
1549024265 0
1549024266 0
1549024267 0
1549024268 0
1549024269 0
1549024270 0
1549024271 0
1549024272 0
1549024273 0
1549024274 0
1549024275 0
1549024276 0
1549024277 0
1549024278 0
1549024279 0
1549024280 0
1549024281 0
1549024282 0
1549024283 0
1549024284 0
1549024285 0
1549024286 0
1549024287 0
1549024288 0
1549024289 0
1549024290 0
1549024291 0
1549024292 0
1549024293 0
1549024294 0
1549024295 0
1549024296 0
1549024297 0
1549024298 0
1549024299 0
1549024300 0
1549024301 0
1549024302 0
1549024303 0
1549024304 0
1549024305 0
1549024306 0
1549024307 0
1549024308 0
1549024309 0
1549024310 0
1549024311 0
1549024312 0
1549024313 0
1549024314 0
1549024315 0
1549024316 0
1549024317 0
1549024318 0
1549024319 0
1549024320 0
1549024321 0
1549024322 0
1549024323 0
1549024324 0
1549024325 0
1549024326 0
1549024327 0
1549024328 0
1549024329 0
1549024330 0
1549024331 0
1549024332 0
1549024333 0
1549024334 0
1549024335 0
1549024336 0
1549024337 0
1549024338 0
1549024339 0
1549024340 0
1549024341 0
1549024342 0
1549024343 0
1549024344 0
1549024345 0
1549024346 0
1549024347 0
1549024348 0
1549024349 0
1549024350 0
1549024351 0
1549024352 0
1549024353 0
1549024354 0
1549024355 0
1549024356 0
1549024357 0
1549024358 0
1549024359 0
1549024360 0
1549024361 0
1549024362 0
1549024363 0
1549024364 0
1549024365 0
1549024366 0
1549024367 0
1549024368 0
1549024369 0
1549024370 0
1549024371 0
1549024372 0
1549024373 0
1549024374 0
1549024375 0
1549024376 0
1549024377 0
1549024378 0
1549024379 0
1549024380 0
1549024381 0
1549024382 0
1549024383 0
1549024384 0
1549024385 0
1549024386 0
1549024387 0
1549024388 0
1549024389 0
1549024390 0
1549024391 0
1549024392 0
1549024393 0
1549024394 0
1549024395 0
1549024396 0
1549024397 0
1549024398 0
1549024399 0
1549024400 0
1549024401 0
1549024402 0
1549024403 0
1549024404 0
1549024405 0
1549024406 0
1549024407 0
1549024408 0
1549024409 0
1549024410 0
1549024411 0
1549024412 0
1549024413 0
1549024414 0
1549024415 0
1549024416 0
1549024417 0
1549024418 0
1549024419 0
1549024420 0
1549024421 0
1549024422 0
1549024423 0
1549024424 0
1549024425 0
1549024426 0
1549024427 0
1549024428 0
1549024429 0
1549024430 0
1549024431 0
1549024432 0
1549024433 0
1549024434 0
1549024435 0
1549024436 0
1549024437 0
1549024438 0
1549024439 0
1549024440 0
1549024441 0
1549024442 0
1549024443 0
1549024444 0
1549024445 0
1549024446 0
1549024447 0
1549024448 0
1549024449 0
1549024450 0
1549024451 0
1549024452 0
1549024453 0
1549024454 0
1549024455 0
1549024456 0
1549024457 0
1549024458 0
1549024459 0
1549024460 0
1549024461 0
1549024462 0
1549024463 0
1549024464 0
1549024465 0
1549024466 0
1549024467 0
1549024468 0
1549024469 0
1549024470 0
1549024471 0
1549024472 0
1549024473 0
1549024474 0
1549024475 0
1549024476 0
1549024477 0
1549024478 0
1549024479 0
1549024480 0
1549024481 0
1549024482 0
1549024483 0
1549024484 0
1549024485 0
1549024486 0
1549024487 0
1549024488 0
1549024489 0
1549024490 0
1549024491 0
1549024492 0
1549024493 0
1549024494 0
1549024495 0
1549024496 0
1549024497 0
1549024498 0
1549024499 0
1549024500 0
1549024501 0
1549024502 0
1549024503 0
1549024504 0
1549024505 0
1549024506 0
1549024507 0
1549024508 0
1549024509 0
1549024510 0
1549024511 0
1549024512 0
1549024513 0
1549024514 0
1549024515 0
1549024516 0
1549024517 0
1549024518 0
1549024519 0
1549024520 0
1549024521 0
1549024522 0
1549024523 0
1549024524 0
1549024525 0
1549024526 0
1549024527 0
1549024528 0
1549024529 0
1549024530 0
1549024531 0
1549024532 0
1549024533 0
1549024534 0
1549024535 0
1549024536 0
1549024537 0
1549024538 0
1549024539 0
1549024540 0
1549024541 0
1549024542 0
1549024543 0
1549024544 0
1549024545 0
1549024546 0
1549024547 0
1549024548 0
1549024549 0
1549024550 0
1549024551 0
1549024552 0
1549024553 0
1549024554 0
1549024555 0
1549024556 0
1549024557 0
1549024558 0
1549024559 0
1549024560 0
1549024561 0
1549024562 0
1549024563 0
1549024564 0
1549024565 0
1549024566 0
1549024567 0
1549024568 0
1549024569 0
1549024570 0
1549024571 0
1549024572 0
1549024573 0
1549024574 0
1549024575 0
1549024576 0
1549024577 0
1549024578 0
1549024579 0
1549024580 0
1549024581 0
1549024582 0
1549024583 0
1549024584 0
1549024585 0
1549024586 0
1549024587 0
1549024588 0
1549024589 0
1549024590 0
1549024591 0
1549024592 0
1549024593 0
1549024594 0
1549024595 0
1549024596 0
1549024597 0
1549024598 0
1549024599 0
1549024600 0
1549024601 0
1549024602 0
1549024603 0
1549024604 0
1549024605 0
1549024606 0
1549024607 0
1549024608 0
1549024609 0
1549024610 0
1549024611 0
1549024612 0
1549024613 0
1549024614 0
1549024615 0
1549024616 0
1549024617 0
1549024618 0
1549024619 0
1549024620 0
1549024621 0
1549024622 0
1549024623 0
1549024624 0
1549024625 0
1549024626 0
1549024627 0
1549024628 0
1549024629 0
1549024630 0
1549024631 0
1549024632 0
1549024633 0
1549024634 0
1549024635 0
1549024636 0
1549024637 0
1549024638 0
1549024639 0
1549024640 0
1549024641 0
1549024642 0
1549024643 0
1549024644 0
1549024645 0
1549024646 0
1549024647 0
1549024648 0
1549024649 0
1549024650 0
1549024651 0
1549024652 0
1549024653 0
1549024654 0
1549024655 0
1549024656 0
1549024657 0
1549024658 0
1549024659 0
1549024660 0
1549024661 0
1549024662 0
1549024663 0
1549024664 0
1549024665 0
1549024666 0
1549024667 0
1549024668 0
1549024669 0
1549024670 0
1549024671 0
1549024672 0
1549024673 0
1549024674 0
1549024675 0
1549024676 0
1549024677 0
1549024678 0
1549024679 0
1549024680 0
1549024681 0
1549024682 0
1549024683 0
1549024684 0
1549024685 0
1549024686 0
1549024687 0
1549024688 0
1549024689 0
1549024690 0
1549024691 0
1549024692 0
1549024693 0
1549024694 0
1549024695 0
1549024696 0
1549024697 0
1549024698 0
1549024699 0
1549024700 0
1549024701 0
1549024702 0
1549024703 0
1549024704 0
1549024705 0
1549024706 0
1549024707 0
1549024708 0
1549024709 0
1549024710 0
1549024711 0
1549024712 0
1549024713 0
1549024714 0
1549024715 0
1549024716 0
1549024717 0
1549024718 0
1549024719 0
1549024720 0
1549024721 0
1549024722 0
1549024723 0
1549024724 0
1549024725 0
1549024726 0
1549024727 0
1549024728 0
1549024729 0
1549024730 0
1549024731 0
1549024732 0
1549024733 0
1549024734 0
1549024735 0
1549024736 0
1549024737 0
1549024738 0
1549024739 0
1549024740 0
1549024741 0
1549024742 0
1549024743 0
1549024744 0
1549024745 0
1549024746 0
1549024747 0
1549024748 0
1549024749 0
1549024750 0
1549024751 0
1549024752 0
1549024753 0
1549024754 0
1549024755 0
1549024756 0
1549024757 0
1549024758 0
1549024759 0
1549024760 0
1549024761 0
1549024762 0
1549024763 0
1549024764 0
1549024765 0
1549024766 0
1549024767 0
1549024768 0
1549024769 0
1549024770 0
1549024771 0
1549024772 0
1549024773 0
1549024774 0
1549024775 0
1549024776 0
1549024777 0
1549024778 0
1549024779 0
1549024780 0
1549024781 0
1549024782 0
1549024783 0
1549024784 0
1549024785 0
1549024786 0
1549024787 0
1549024788 0
1549024789 0
1549024790 0
1549024791 0
1549024792 0
1549024793 0
1549024794 0
1549024795 0
1549024796 0
1549024797 0
1549024798 0
1549024799 0
1549024800 0
1549024801 0
1549024802 0
1549024803 0
1549024804 0
1549024805 0
1549024806 0
1549024807 0
1549024808 0
1549024809 0
1549024810 0
1549024811 0
1549024812 0
1549024813 0
1549024814 0
1549024815 0
1549024816 0
1549024817 0
1549024818 0
1549024819 0
1549024820 0
1549024821 0
1549024822 0
1549024823 0
1549024824 0
1549024825 0
1549024826 0
1549024827 0
1549024828 0
1549024829 0
1549024830 0
1549024831 0
1549024832 0
1549024833 0
1549024834 0
1549024835 0
1549024836 0
1549024837 0
1549024838 0
1549024839 0
1549024840 0
1549024841 0
1549024842 0
1549024843 0
1549024844 0
1549024845 0
1549024846 0
1549024847 0
1549024848 0
1549024849 0
1549024850 0
1549024851 0
1549024852 0
1549024853 0
1549024854 0
1549024855 0
1549024856 0
1549024857 0
1549024858 0
1549024859 0
1549024860 0
1549024861 0
1549024862 0
1549024863 0
1549024864 0
1549024865 0
1549024866 0
1549024867 0
1549024868 0
1549024869 0
1549024870 0
1549024871 0
1549024872 0
1549024873 0
1549024874 0
1549024875 0
1549024876 0
1549024877 0
1549024878 0
1549024879 0
1549024880 0
1549024881 0
1549024882 0
1549024883 0
1549024884 0
1549024885 0
1549024886 0
1549024887 0
1549024888 0
1549024889 0
1549024890 0
1549024891 0
1549024892 0
1549024893 0
1549024894 0
1549024895 0
1549024896 0
1549024897 0
1549024898 0
1549024899 0
1549024900 0
1549024901 0
1549024902 0
1549024903 0
1549024904 0
1549024905 0
1549024906 0
1549024907 0
1549024908 0
1549024909 0
1549024910 0
1549024911 0
1549024912 0
1549024913 0
1549024914 0
1549024915 0
1549024916 0
1549024917 0
1549024918 0
1549024919 0
1549024920 0
1549024921 0
1549024922 0
1549024923 0
1549024924 0
1549024925 0
1549024926 0
1549024927 0
1549024928 0
1549024929 0
1549024930 0
1549024931 0
1549024932 0
1549024933 0
1549024934 0
1549024935 0
1549024936 0
1549024937 0
1549024938 0
1549024939 0
1549024940 0
1549024941 0
1549024942 0
1549024943 0
1549024944 0
1549024945 0
1549024946 0
1549024947 0
1549024948 0
1549024949 0
1549024950 0
1549024951 0
1549024952 0
1549024953 0
1549024954 0
1549024955 0
1549024956 0
1549024957 0
1549024958 0
1549024959 0
1549024960 0
1549024961 0
1549024962 0
1549024963 0
1549024964 0
1549024965 0
1549024966 0
1549024967 0
1549024968 0
1549024969 0
1549024970 0
1549024971 0
1549024972 0
1549024973 0
1549024974 0
1549024975 0
1549024976 0
1549024977 0
1549024978 0
1549024979 0
1549024980 0
1549024981 0
1549024982 0
1549024983 0
1549024984 0
1549024985 0
1549024986 0
1549024987 0
1549024988 0
1549024989 0
1549024990 0
1549024991 0
1549024992 0
1549024993 0
1549024994 0
1549024995 0
1549024996 0
1549024997 0
1549024998 0
1549024999 0
1549025000 0
1549025001 0
1549025002 0
1549025003 0
1549025004 0
1549025005 0
1549025006 0
1549025007 0
1549025008 0
1549025009 0
1549025010 0
1549025011 0
1549025012 0
1549025013 0
1549025014 0
1549025015 0
1549025016 0
1549025017 0
1549025018 0
1549025019 0
1549025020 0
1549025021 0
1549025022 0
1549025023 0
1549025024 0
1549025025 0
1549025026 0
1549025027 0
1549025028 0
1549025029 0
1549025030 0
1549025031 0
1549025032 0
1549025033 0
1549025034 0
1549025035 0
1549025036 0
1549025037 0
1549025038 0
1549025039 0
1549025040 0
1549025041 0
1549025042 0
1549025043 0
1549025044 0
1549025045 0
1549025046 0
1549025047 0
1549025048 0
1549025049 0
1549025050 0
1549025051 0
1549025052 0
1549025053 0
1549025054 0
1549025055 0
1549025056 0
1549025057 0
1549025058 0
1549025059 0
1549025060 0
1549025061 0
1549025062 0
1549025063 0
1549025064 0
1549025065 0
1549025066 0
1549025067 0
1549025068 0
1549025069 0
1549025070 0
1549025071 0
1549025072 0
1549025073 0
1549025074 0
1549025075 0
1549025076 0
1549025077 0
1549025078 0
1549025079 0
1549025080 0
1549025081 0
1549025082 0
1549025083 0
1549025084 0
1549025085 0
1549025086 0
1549025087 0
1549025088 0
1549025089 0
1549025090 0
1549025091 0
1549025092 0
1549025093 0
1549025094 0
1549025095 0
1549025096 0
1549025097 0
1549025098 0
1549025099 0
1549025100 0
1549025101 0
1549025102 0
1549025103 0
1549025104 0
1549025105 0
1549025106 0
1549025107 0
1549025108 0
1549025109 0
1549025110 0
1549025111 0
1549025112 0
1549025113 0
1549025114 0
1549025115 0
1549025116 0
1549025117 0
1549025118 0
1549025119 0
1549025120 0
1549025121 0
1549025122 0
1549025123 0
1549025124 0
1549025125 0
1549025126 0
1549025127 0
1549025128 0
1549025129 0
1549025130 0
1549025131 0
1549025132 0
1549025133 0
1549025134 0
1549025135 0
1549025136 0
1549025137 0
1549025138 0
1549025139 0
1549025140 0
1549025141 0
1549025142 0
1549025143 0
1549025144 0
1549025145 0
1549025146 0
1549025147 0
1549025148 0
1549025149 0
1549025150 0
1549025151 0
1549025152 0
1549025153 0
1549025154 0
1549025155 0
1549025156 0
1549025157 0
1549025158 0
1549025159 0
1549025160 0
1549025161 0
1549025162 0
1549025163 0
1549025164 0
1549025165 0
1549025166 0
1549025167 0
1549025168 0
1549025169 0
1549025170 0
1549025171 0
1549025172 0
1549025173 0
1549025174 0
1549025175 0
1549025176 0
1549025177 0
1549025178 0
1549025179 0
1549025180 0
1549025181 0
1549025182 0
1549025183 0
1549025184 0
1549025185 0
1549025186 0
1549025187 0
1549025188 0
1549025189 0
1549025190 0
1549025191 0
1549025192 0
1549025193 0
1549025194 0
1549025195 0
1549025196 0
1549025197 0
1549025198 0
1549025199 0
1549025200 0
1549025201 0
1549025202 0
1549025203 0
1549025204 0
1549025205 0
1549025206 0
1549025207 0
1549025208 0
1549025209 0
1549025210 0
1549025211 0
1549025212 0
1549025213 0
1549025214 0
1549025215 0
1549025216 0
1549025217 0
1549025218 0
1549025219 0
1549025220 0
1549025221 0
1549025222 0
1549025223 0
1549025224 0
1549025225 0
1549025226 0
1549025227 0
1549025228 0
1549025229 0
1549025230 0
1549025231 0
1549025232 0
1549025233 0
1549025234 0
1549025235 0
1549025236 0
1549025237 0
1549025238 0
1549025239 0
1549025240 0
1549025241 0
1549025242 0
1549025243 0
1549025244 0
1549025245 0
1549025246 0
1549025247 0
1549025248 0
1549025249 0
1549025250 0
1549025251 0
1549025252 0
1549025253 0
1549025254 0
1549025255 0
1549025256 0
1549025257 0
1549025258 0
1549025259 0
1549025260 0
1549025261 0
1549025262 0
1549025263 0
1549025264 0
1549025265 0
1549025266 0
1549025267 0
1549025268 0
1549025269 0
1549025270 0
1549025271 0
1549025272 0
1549025273 0
1549025274 0
1549025275 0
1549025276 0
1549025277 0
1549025278 0
1549025279 0
1549025280 0
1549025281 0
1549025282 0
1549025283 0
1549025284 0
1549025285 0
1549025286 0
1549025287 0
1549025288 0
1549025289 0
1549025290 0
1549025291 0
1549025292 0
1549025293 0
1549025294 0
1549025295 0
1549025296 0
1549025297 0
1549025298 0
1549025299 0
1549025300 0
1549025301 0
1549025302 0
1549025303 0
1549025304 0
1549025305 0
1549025306 0
1549025307 0
1549025308 0
1549025309 0
1549025310 0
1549025311 0
1549025312 0
1549025313 0
1549025314 0
1549025315 0
1549025316 0
1549025317 0
1549025318 0
1549025319 0
1549025320 0
1549025321 0
1549025322 0
1549025323 0
1549025324 0
1549025325 0
1549025326 0
1549025327 0
1549025328 0
1549025329 0
1549025330 0
1549025331 0
1549025332 0
1549025333 0
1549025334 0
1549025335 0
1549025336 0
1549025337 0
1549025338 0
1549025339 0
1549025340 0
1549025341 0
1549025342 0
1549025343 0
1549025344 0
1549025345 0
1549025346 0
1549025347 0
1549025348 0
1549025349 0
1549025350 0
1549025351 0
1549025352 0
1549025353 0
1549025354 0
1549025355 0
1549025356 0
1549025357 0
1549025358 0
1549025359 0
1549025360 0
1549025361 0
1549025362 0
1549025363 0
1549025364 0
1549025365 0
1549025366 0
1549025367 0
1549025368 0
1549025369 0
1549025370 0
1549025371 0
1549025372 0
1549025373 0
1549025374 0
1549025375 0
1549025376 0
1549025377 0
1549025378 0
1549025379 0
1549025380 0
1549025381 0
1549025382 0
1549025383 0
1549025384 0
1549025385 0
1549025386 0
1549025387 0
1549025388 0
1549025389 0
1549025390 0
1549025391 0
1549025392 0
1549025393 0
1549025394 0
1549025395 0
1549025396 0
1549025397 0
1549025398 0
1549025399 0
1549025400 0
1549025401 0
1549025402 0
1549025403 0
1549025404 0
1549025405 0
1549025406 0
1549025407 0
1549025408 0
1549025409 0
1549025410 0
1549025411 0
1549025412 0
1549025413 0
1549025414 0
1549025415 0
1549025416 0
1549025417 0
1549025418 0
1549025419 0
1549025420 0
1549025421 0
1549025422 0
1549025423 0
1549025424 0
1549025425 0
1549025426 0
1549025427 0
1549025428 0
1549025429 0
1549025430 0
1549025431 0
1549025432 0
1549025433 0
1549025434 0
1549025435 0
1549025436 0
1549025437 0
1549025438 0
1549025439 0
1549025440 0
1549025441 0
1549025442 0
1549025443 0
1549025444 0
1549025445 0
1549025446 0
1549025447 0
1549025448 0
1549025449 0
1549025450 0
1549025451 0
1549025452 0
1549025453 0
1549025454 0
1549025455 0
1549025456 0
1549025457 0
1549025458 0
1549025459 0
1549025460 0
1549025461 0
1549025462 0
1549025463 0
1549025464 0
1549025465 0
1549025466 0
1549025467 0
1549025468 0
1549025469 0
1549025470 0
1549025471 0
1549025472 0
1549025473 0
1549025474 0
1549025475 0
1549025476 0
1549025477 0
1549025478 0
1549025479 0
1549025480 0
1549025481 0
1549025482 0
1549025483 0
1549025484 0
1549025485 0
1549025486 0
1549025487 0
1549025488 0
1549025489 0
1549025490 0
1549025491 0
1549025492 0
1549025493 0
1549025494 0
1549025495 0
1549025496 0
1549025497 0
1549025498 0
1549025499 0
1549025500 0
1549025501 0
1549025502 0
1549025503 0
1549025504 0
1549025505 0
1549025506 0
1549025507 0
1549025508 0
1549025509 0
1549025510 0
1549025511 0
1549025512 0
1549025513 0
1549025514 0
1549025515 0
1549025516 0
1549025517 0
1549025518 0
1549025519 0
1549025520 0
1549025521 0
1549025522 0
1549025523 0
1549025524 0
1549025525 0
1549025526 0
1549025527 0
1549025528 0
1549025529 0
1549025530 0
1549025531 0
1549025532 0
1549025533 0
1549025534 0
1549025535 0
1549025536 0
1549025537 0
1549025538 0
1549025539 0
1549025540 0
1549025541 0
1549025542 0
1549025543 0
1549025544 0
1549025545 0
1549025546 0
1549025547 0
1549025548 0
1549025549 0
1549025550 0
1549025551 0
1549025552 0
1549025553 0
1549025554 0
1549025555 0
1549025556 0
1549025557 0
1549025558 0
1549025559 0
1549025560 0
1549025561 0
1549025562 0
1549025563 0
1549025564 0
1549025565 0
1549025566 0
1549025567 0
1549025568 0
1549025569 0
1549025570 0
1549025571 0
1549025572 0
1549025573 0
1549025574 0
1549025575 0
1549025576 0
1549025577 0
1549025578 0
1549025579 0
1549025580 0
1549025581 0
1549025582 0
1549025583 0
1549025584 0
1549025585 0
1549025586 0
1549025587 0
1549025588 0
1549025589 0
1549025590 0
1549025591 0
1549025592 0
1549025593 0
1549025594 0
1549025595 0
1549025596 0
1549025597 0
1549025598 0
1549025599 0
1549025600 0
1549025601 0
1549025602 0
1549025603 0
1549025604 0
1549025605 0
1549025606 0
1549025607 0
1549025608 0
1549025609 0
1549025610 0
1549025611 0
1549025612 0
1549025613 0
1549025614 0
1549025615 0
1549025616 0
1549025617 0
1549025618 0
1549025619 0
1549025620 0
1549025621 0
1549025622 0
1549025623 0
1549025624 0
1549025625 0
1549025626 0
1549025627 0
1549025628 0
1549025629 0
1549025630 0
1549025631 0
1549025632 0
1549025633 0
1549025634 0
1549025635 0
1549025636 0
1549025637 0
1549025638 0
1549025639 0
1549025640 0
1549025641 0
1549025642 0
1549025643 0
1549025644 0
1549025645 0
1549025646 0
1549025647 0
1549025648 0
1549025649 0
1549025650 0
1549025651 0
1549025652 0
1549025653 0
1549025654 0
1549025655 0
1549025656 0
1549025657 0
1549025658 0
1549025659 0
1549025660 0
1549025661 0
1549025662 0
1549025663 0
1549025664 0
1549025665 0
1549025666 0
1549025667 0
1549025668 0
1549025669 0
1549025670 0
1549025671 0
1549025672 0
1549025673 0
1549025674 0
1549025675 0
1549025676 0
1549025677 0
1549025678 0
1549025679 0
1549025680 0
1549025681 0
1549025682 0
1549025683 0
1549025684 0
1549025685 0
1549025686 0
1549025687 0
1549025688 0
1549025689 0
1549025690 0
1549025691 0
1549025692 0
1549025693 0
1549025694 0
1549025695 0
1549025696 0
1549025697 0
1549025698 0
1549025699 0
1549025700 0
1549025701 0
1549025702 0
1549025703 0
1549025704 0
1549025705 0
1549025706 0
1549025707 0
1549025708 0
1549025709 0
1549025710 0
1549025711 0
1549025712 0
1549025713 0
1549025714 0
1549025715 0
1549025716 0
1549025717 0
1549025718 0
1549025719 0
1549025720 0
1549025721 0
1549025722 0
1549025723 0
1549025724 0
1549025725 0
1549025726 0
1549025727 0
1549025728 0
1549025729 0
1549025730 0
1549025731 0
1549025732 0
1549025733 0
1549025734 0
1549025735 0
1549025736 0
1549025737 0
1549025738 0
1549025739 0
1549025740 0
1549025741 0
1549025742 0
1549025743 0
1549025744 0
1549025745 0
1549025746 0
1549025747 0
1549025748 0
1549025749 0
1549025750 0
1549025751 0
1549025752 0
1549025753 0
1549025754 0
1549025755 0
1549025756 0
1549025757 0
1549025758 0
1549025759 0
1549025760 0
1549025761 0
1549025762 0
1549025763 0
1549025764 0
1549025765 0
1549025766 0
1549025767 0
1549025768 0
1549025769 0
1549025770 0
1549025771 0
1549025772 0
1549025773 0
1549025774 0
1549025775 0
1549025776 0
1549025777 0
1549025778 0
1549025779 0
1549025780 0
1549025781 0
1549025782 0
1549025783 0
1549025784 0
1549025785 0
1549025786 0
1549025787 0
1549025788 0
1549025789 0
1549025790 0
1549025791 0
1549025792 0
1549025793 0
1549025794 0
1549025795 0
1549025796 0
1549025797 0
1549025798 0
1549025799 0
1549025800 0
1549025801 0
1549025802 0
1549025803 0
1549025804 0
1549025805 0
1549025806 0
1549025807 0
1549025808 0
1549025809 0
1549025810 0
1549025811 0
1549025812 0
1549025813 0
1549025814 0
1549025815 0
1549025816 0
1549025817 0
1549025818 0
1549025819 0
1549025820 0
1549025821 0
1549025822 0
1549025823 0
1549025824 0
1549025825 0
1549025826 0
1549025827 0
1549025828 0
1549025829 0
1549025830 0
1549025831 0
1549025832 0
1549025833 0
1549025834 0
1549025835 0
1549025836 0
1549025837 0
1549025838 0
1549025839 0
1549025840 0
1549025841 0
1549025842 0
1549025843 0
1549025844 0
1549025845 0
1549025846 0
1549025847 0
1549025848 0
1549025849 0
1549025850 0
1549025851 0
1549025852 0
1549025853 0
1549025854 0
1549025855 0
1549025856 0
1549025857 0
1549025858 0
1549025859 0
1549025860 0
1549025861 0
1549025862 0
1549025863 0
1549025864 0
1549025865 0
1549025866 0
1549025867 0
1549025868 0
1549025869 0
1549025870 0
1549025871 0
1549025872 0
1549025873 0
1549025874 0
1549025875 0
1549025876 0
1549025877 0
1549025878 0
1549025879 0
1549025880 0
1549025881 0
1549025882 0
1549025883 0
1549025884 0
1549025885 0
1549025886 0
1549025887 0
1549025888 0
1549025889 0
1549025890 0
1549025891 0
1549025892 0
1549025893 0
1549025894 0
1549025895 0
1549025896 0
1549025897 0
1549025898 0
1549025899 0
1549025900 0
1549025901 0
1549025902 0
1549025903 0
1549025904 0
1549025905 0
1549025906 0
1549025907 0
1549025908 0
1549025909 0
1549025910 0
1549025911 0
1549025912 0
1549025913 0
1549025914 0
1549025915 0
1549025916 0
1549025917 0
1549025918 0
1549025919 0
1549025920 0
1549025921 0
1549025922 0
1549025923 0
1549025924 0
1549025925 0
1549025926 0
1549025927 0
1549025928 0
1549025929 0
1549025930 0
1549025931 0
1549025932 0
1549025933 0
1549025934 0
1549025935 0
1549025936 0
1549025937 0
1549025938 0
1549025939 0
1549025940 0
1549025941 0
1549025942 0
1549025943 0
1549025944 0
1549025945 0
1549025946 0
1549025947 0
1549025948 0
1549025949 0
1549025950 0
1549025951 0
1549025952 0
1549025953 0
1549025954 0
1549025955 0
1549025956 0
1549025957 0
1549025958 0
1549025959 0
1549025960 0
1549025961 0
1549025962 0
1549025963 0
1549025964 0
1549025965 0
1549025966 0
1549025967 0
1549025968 0
1549025969 0
1549025970 0
1549025971 0
1549025972 0
1549025973 0
1549025974 0
1549025975 0
1549025976 0
1549025977 0
1549025978 0
1549025979 0
1549025980 0
1549025981 0
1549025982 0
1549025983 0
1549025984 0
1549025985 0
1549025986 0
1549025987 0
1549025988 0
1549025989 0
1549025990 0
1549025991 0
1549025992 0
1549025993 0
1549025994 0
1549025995 0
1549025996 0
1549025997 0
1549025998 0
1549025999 0
1549026000 0
1549026001 0
1549026002 0
1549026003 0
1549026004 0
1549026005 0
1549026006 0
1549026007 0
1549026008 0
1549026009 0
1549026010 0
1549026011 0
1549026012 0
1549026013 0
1549026014 0
1549026015 0
1549026016 0
1549026017 0
1549026018 0
1549026019 0
1549026020 0
1549026021 0
1549026022 0
1549026023 0
1549026024 0
1549026025 0
1549026026 0
1549026027 0
1549026028 0
1549026029 0
1549026030 0
1549026031 0
1549026032 0
1549026033 0
1549026034 0
1549026035 0
1549026036 0
1549026037 0
1549026038 0
1549026039 0
1549026040 0
1549026041 0
1549026042 0
1549026043 0
1549026044 0
1549026045 0
1549026046 0
1549026047 0
1549026048 0
1549026049 0
1549026050 0
1549026051 0
1549026052 0
1549026053 0
1549026054 0
1549026055 0
1549026056 0
1549026057 0
1549026058 0
1549026059 0
1549026060 0
1549026061 0
1549026062 0
1549026063 0
1549026064 0
1549026065 0
1549026066 0
1549026067 0
1549026068 0
1549026069 0
1549026070 0
1549026071 0
1549026072 0
1549026073 0
1549026074 0
1549026075 0
1549026076 0
1549026077 0
1549026078 0
1549026079 0
1549026080 0
1549026081 0
1549026082 0
1549026083 0
1549026084 0
1549026085 0
1549026086 0
1549026087 0
1549026088 0
1549026089 0
1549026090 0
1549026091 0
1549026092 0
1549026093 0
1549026094 0
1549026095 0
1549026096 0
1549026097 0
1549026098 0
1549026099 0
1549026100 0
1549026101 0
1549026102 0
1549026103 0
1549026104 0
1549026105 0
1549026106 0
1549026107 0
1549026108 0
1549026109 0
1549026110 0
1549026111 0
1549026112 0
1549026113 0
1549026114 0
1549026115 0
1549026116 0
1549026117 0
1549026118 0
1549026119 0
1549026120 0
1549026121 0
1549026122 0
1549026123 0
1549026124 0
1549026125 0
1549026126 0
1549026127 0
1549026128 0
1549026129 0
1549026130 0
1549026131 0
1549026132 0
1549026133 0
1549026134 0
1549026135 0
1549026136 0
1549026137 0
1549026138 0
1549026139 0
1549026140 0
1549026141 0
1549026142 0
1549026143 0
1549026144 0
1549026145 0
1549026146 0
1549026147 0
1549026148 0
1549026149 0
1549026150 0
1549026151 0
1549026152 0
1549026153 0
1549026154 0
1549026155 0
1549026156 0
1549026157 0
1549026158 0
1549026159 0
1549026160 0
1549026161 0
1549026162 0
1549026163 0
1549026164 0
1549026165 0
1549026166 0
1549026167 0
1549026168 0
1549026169 0
1549026170 0
1549026171 0
1549026172 0
1549026173 0
1549026174 0
1549026175 0
1549026176 0
1549026177 0
1549026178 0
1549026179 0
1549026180 0
1549026181 0
1549026182 0
1549026183 0
1549026184 0
1549026185 0
1549026186 0
1549026187 0
1549026188 0
1549026189 0
1549026190 0
1549026191 0
1549026192 0
1549026193 0
1549026194 0
1549026195 0
1549026196 0
1549026197 0
1549026198 0
1549026199 0
1549026200 0
1549026201 0
1549026202 0
1549026203 0
1549026204 0
1549026205 0
1549026206 0
1549026207 0
1549026208 0
1549026209 0
1549026210 0
1549026211 0
1549026212 0
1549026213 0
1549026214 0
1549026215 0
1549026216 0
1549026217 0
1549026218 0
1549026219 0
1549026220 0
1549026221 0
1549026222 0
1549026223 0
1549026224 0
1549026225 0
1549026226 0
1549026227 0
1549026228 0
1549026229 0
1549026230 0
1549026231 0
1549026232 0
1549026233 0
1549026234 0
1549026235 0
1549026236 0
1549026237 0
1549026238 0
1549026239 0
1549026240 0
1549026241 0
1549026242 0
1549026243 0
1549026244 0
1549026245 0
1549026246 0
1549026247 0
1549026248 0
1549026249 0
1549026250 0
1549026251 0
1549026252 0
1549026253 0
1549026254 0
1549026255 0
1549026256 0
1549026257 0
1549026258 0
1549026259 0
1549026260 0
1549026261 0
1549026262 0
1549026263 0
1549026264 0
1549026265 0
1549026266 0
1549026267 0
1549026268 0
1549026269 0
1549026270 0
1549026271 0
1549026272 0
1549026273 0
1549026274 0
1549026275 0
1549026276 0
1549026277 0
1549026278 0
1549026279 0
1549026280 0
1549026281 0
1549026282 0
1549026283 0
1549026284 0
1549026285 0
1549026286 0
1549026287 0
1549026288 0
1549026289 0
1549026290 0
1549026291 0
1549026292 0
1549026293 0
1549026294 0
1549026295 0
1549026296 0
1549026297 0
1549026298 0
1549026299 0
1549026300 0
1549026301 0
1549026302 0
1549026303 0
1549026304 0
1549026305 0
1549026306 0
1549026307 0
1549026308 0
1549026309 0
1549026310 0
1549026311 0
1549026312 0
1549026313 0
1549026314 0
1549026315 0
1549026316 0
1549026317 0
1549026318 0
1549026319 0
1549026320 0
1549026321 0
1549026322 0
1549026323 0
1549026324 0
1549026325 0
1549026326 0
1549026327 0
1549026328 0
1549026329 0
1549026330 0
1549026331 0
1549026332 0
1549026333 0
1549026334 0
1549026335 0
1549026336 0
1549026337 0
1549026338 0
1549026339 0
1549026340 0
1549026341 0
1549026342 0
1549026343 0
1549026344 0
1549026345 0
1549026346 0
1549026347 0
1549026348 0
1549026349 0
1549026350 0
1549026351 0
1549026352 0
1549026353 0
1549026354 0
1549026355 0
1549026356 0
1549026357 0
1549026358 0
1549026359 0
1549026360 0
1549026361 0
1549026362 0
1549026363 0
1549026364 0
1549026365 0
1549026366 0
1549026367 0
1549026368 0
1549026369 0
1549026370 0
1549026371 0
1549026372 0
1549026373 0
1549026374 0
1549026375 0
1549026376 0
1549026377 0
1549026378 0
1549026379 0
1549026380 0
1549026381 0
1549026382 0
1549026383 0
1549026384 0
1549026385 0
1549026386 0
1549026387 0
1549026388 0
1549026389 0
1549026390 0
1549026391 0
1549026392 0
1549026393 0
1549026394 0
1549026395 0
1549026396 0
1549026397 0
1549026398 0
1549026399 0
1549026400 0
1549026401 0
1549026402 0
1549026403 0
1549026404 0
1549026405 0
1549026406 0
1549026407 0
1549026408 0
1549026409 0
1549026410 0
1549026411 0
1549026412 0
1549026413 0
1549026414 0
1549026415 0
1549026416 0
1549026417 0
1549026418 0
1549026419 0
1549026420 0
1549026421 0
1549026422 0
1549026423 0
1549026424 0
1549026425 0
1549026426 0
1549026427 0
1549026428 0
1549026429 0
1549026430 0
1549026431 0
1549026432 0
1549026433 0
1549026434 0
1549026435 0
1549026436 0
1549026437 0
1549026438 0
1549026439 0
1549026440 0
1549026441 0
1549026442 0
1549026443 0
1549026444 0
1549026445 0
1549026446 0
1549026447 0
1549026448 0
1549026449 0
1549026450 0
1549026451 0
1549026452 0
1549026453 0
1549026454 0
1549026455 0
1549026456 0
1549026457 0
1549026458 0
1549026459 0
1549026460 0
1549026461 0
1549026462 0
1549026463 0
1549026464 0
1549026465 0
1549026466 0
1549026467 0
1549026468 0
1549026469 0
1549026470 0
1549026471 0
1549026472 0
1549026473 0
1549026474 0
1549026475 0
1549026476 0
1549026477 0
1549026478 0
1549026479 0
1549026480 0
1549026481 0
1549026482 0
1549026483 0
1549026484 0
1549026485 0
1549026486 0
1549026487 0
1549026488 0
1549026489 0
1549026490 0
1549026491 0
1549026492 0
1549026493 0
1549026494 0
1549026495 0
1549026496 0
1549026497 0
1549026498 0
1549026499 0
1549026500 0
1549026501 0
1549026502 0
1549026503 0
1549026504 0
1549026505 0
1549026506 0
1549026507 0
1549026508 0
1549026509 0
1549026510 0
1549026511 0
1549026512 0
1549026513 0
1549026514 0
1549026515 0
1549026516 0
1549026517 0
1549026518 0
1549026519 0
1549026520 0
1549026521 0
1549026522 0
1549026523 0
1549026524 0
1549026525 0
1549026526 0
1549026527 0
1549026528 0
1549026529 0
1549026530 0
1549026531 0
1549026532 0
1549026533 0
1549026534 0
1549026535 0
1549026536 0
1549026537 0
1549026538 0
1549026539 0
1549026540 0
1549026541 0
1549026542 0
1549026543 0
1549026544 0
1549026545 0
1549026546 0
1549026547 0
1549026548 0
1549026549 0
1549026550 0
1549026551 0
1549026552 0
1549026553 0
1549026554 0
1549026555 0
1549026556 0
1549026557 0
1549026558 0
1549026559 0
1549026560 0
1549026561 0
1549026562 0
1549026563 0
1549026564 0
1549026565 0
1549026566 0
1549026567 0
1549026568 0
1549026569 0
1549026570 0
1549026571 0
1549026572 0
1549026573 0
1549026574 0
1549026575 0
1549026576 0
1549026577 0
1549026578 0
1549026579 0
1549026580 0
1549026581 0
1549026582 0
1549026583 0
1549026584 0
1549026585 0
1549026586 0
1549026587 0
1549026588 0
1549026589 0
1549026590 0
1549026591 0
1549026592 0
1549026593 0
1549026594 0
1549026595 0
1549026596 0
1549026597 0
1549026598 0
1549026599 0
1549026600 0
1549026601 0
1549026602 0
1549026603 0
1549026604 0
1549026605 0
1549026606 0
1549026607 0
1549026608 0
1549026609 0
1549026610 0
1549026611 0
1549026612 0
1549026613 0
1549026614 0
1549026615 0
1549026616 0
1549026617 0
1549026618 0
1549026619 0
1549026620 0
1549026621 0
1549026622 0
1549026623 0
1549026624 0
1549026625 0
1549026626 0
1549026627 0
1549026628 0
1549026629 0
1549026630 0
1549026631 0
1549026632 0
1549026633 0
1549026634 0
1549026635 0
1549026636 0
1549026637 0
1549026638 0
1549026639 0
1549026640 0
1549026641 0
1549026642 0
1549026643 0
1549026644 0
1549026645 0
1549026646 0
1549026647 0
1549026648 0
1549026649 0
1549026650 0
1549026651 0
1549026652 0
1549026653 0
1549026654 0
1549026655 0
1549026656 0
1549026657 0
1549026658 0
1549026659 0
1549026660 0
1549026661 0
1549026662 0
1549026663 0
1549026664 0
1549026665 0
1549026666 0
1549026667 0
1549026668 0
1549026669 0
1549026670 0
1549026671 0
1549026672 0
1549026673 0
1549026674 0
1549026675 0
1549026676 0
1549026677 0
1549026678 0
1549026679 0
1549026680 0
1549026681 0
1549026682 0
1549026683 0
1549026684 0
1549026685 0
1549026686 0
1549026687 0
1549026688 0
1549026689 0
1549026690 0
1549026691 0
1549026692 0
1549026693 0
1549026694 0
1549026695 0
1549026696 0
1549026697 0
1549026698 0
1549026699 0
1549026700 0
1549026701 0
1549026702 0
1549026703 0
1549026704 0
1549026705 0
1549026706 0
1549026707 0
1549026708 0
1549026709 0
1549026710 0
1549026711 0
1549026712 0
1549026713 0
1549026714 0
1549026715 0
1549026716 0
1549026717 0
1549026718 0
1549026719 0
1549026720 0
1549026721 0
1549026722 0
1549026723 0
1549026724 0
1549026725 0
1549026726 0
1549026727 0
1549026728 0
1549026729 0
1549026730 0
1549026731 0
1549026732 0
1549026733 0
1549026734 0
1549026735 0
1549026736 0
1549026737 0
1549026738 0
1549026739 0
1549026740 0
1549026741 0
1549026742 0
1549026743 0
1549026744 0
1549026745 0
1549026746 0
1549026747 0
1549026748 0
1549026749 0
1549026750 0
1549026751 0
1549026752 0
1549026753 0
1549026754 0
1549026755 0
1549026756 0
1549026757 0
1549026758 0
1549026759 0
1549026760 0
1549026761 0
1549026762 0
1549026763 0
1549026764 0
1549026765 0
1549026766 0
1549026767 0
1549026768 0
1549026769 0
1549026770 0
1549026771 0
1549026772 0
1549026773 0
1549026774 0
1549026775 0
1549026776 0
1549026777 0
1549026778 0
1549026779 0
1549026780 0
1549026781 0
1549026782 0
1549026783 0
1549026784 0
1549026785 0
1549026786 0
1549026787 0
1549026788 0
1549026789 0
1549026790 0
1549026791 0
1549026792 0
1549026793 0
1549026794 0
1549026795 0
1549026796 0
1549026797 0
1549026798 0
1549026799 0
1549026800 0
1549026801 0
1549026802 0
1549026803 0
1549026804 0
1549026805 0
1549026806 0
1549026807 0
1549026808 0
1549026809 0
1549026810 0
1549026811 0
1549026812 0
1549026813 0
1549026814 0
1549026815 0
1549026816 0
1549026817 0
1549026818 0
1549026819 0
1549026820 0
1549026821 0
1549026822 0
1549026823 0
1549026824 0
1549026825 0
1549026826 0
1549026827 0
1549026828 0
1549026829 0
1549026830 0
1549026831 0
1549026832 0
1549026833 0
1549026834 0
1549026835 0
1549026836 0
1549026837 0
1549026838 0
1549026839 0
1549026840 0
1549026841 0
1549026842 0
1549026843 0
1549026844 0
1549026845 0
1549026846 0
1549026847 0
1549026848 0
1549026849 0
1549026850 0
1549026851 0
1549026852 0
1549026853 0
1549026854 0
1549026855 0
1549026856 0
1549026857 0
1549026858 0
1549026859 0
1549026860 0
1549026861 0
1549026862 0
1549026863 0
1549026864 0
1549026865 0
1549026866 0
1549026867 0
1549026868 0
1549026869 0
1549026870 0
1549026871 0
1549026872 0
1549026873 0
1549026874 0
1549026875 0
1549026876 0
1549026877 0
1549026878 0
1549026879 0
1549026880 0
1549026881 0
1549026882 0
1549026883 0
1549026884 0
1549026885 0
1549026886 0
1549026887 0
1549026888 0
1549026889 0
1549026890 0
1549026891 0
1549026892 0
1549026893 0
1549026894 0
1549026895 0
1549026896 0
1549026897 0
1549026898 0
1549026899 0
1549026900 0
1549026901 0
1549026902 0
1549026903 0
1549026904 0
1549026905 0
1549026906 0
1549026907 0
1549026908 0
1549026909 0
1549026910 0
1549026911 0
1549026912 0
1549026913 0
1549026914 0
1549026915 0
1549026916 0
1549026917 0
1549026918 0
1549026919 0
1549026920 0
1549026921 0
1549026922 0
1549026923 0
1549026924 0
1549026925 0
1549026926 0
1549026927 0
1549026928 0
1549026929 0
1549026930 0
1549026931 0
1549026932 0
1549026933 0
1549026934 0
1549026935 0
1549026936 0
1549026937 0
1549026938 0
1549026939 0
1549026940 0
1549026941 0
1549026942 0
1549026943 0
1549026944 0
1549026945 0
1549026946 0
1549026947 0
1549026948 0
1549026949 0
1549026950 0
1549026951 0
1549026952 0
1549026953 0
1549026954 0
1549026955 0
1549026956 0
1549026957 0
1549026958 0
1549026959 0
1549026960 0
1549026961 0
1549026962 0
1549026963 0
1549026964 0
1549026965 0
1549026966 0
1549026967 0
1549026968 0
1549026969 0
1549026970 0
1549026971 0
1549026972 0
1549026973 0
1549026974 0
1549026975 0
1549026976 0
1549026977 0
1549026978 0
1549026979 0
1549026980 0
1549026981 0
1549026982 0
1549026983 0
1549026984 0
1549026985 0
1549026986 0
1549026987 0
1549026988 0
1549026989 0
1549026990 0
1549026991 0
1549026992 0
1549026993 0
1549026994 0
1549026995 0
1549026996 0
1549026997 0
1549026998 0
1549026999 0
1549027000 0
1549027001 0
1549027002 0
1549027003 0
1549027004 0
1549027005 0
1549027006 0
1549027007 0
1549027008 0
1549027009 0
1549027010 0
1549027011 0
1549027012 0
1549027013 0
1549027014 0
1549027015 0
1549027016 0
1549027017 0
1549027018 0
1549027019 0
1549027020 0
1549027021 0
1549027022 0
1549027023 0
1549027024 0
1549027025 0
1549027026 0
1549027027 0
1549027028 0
1549027029 0
1549027030 0
1549027031 0
1549027032 0
1549027033 0
1549027034 0
1549027035 0
1549027036 0
1549027037 0
1549027038 0
1549027039 0
1549027040 0
1549027041 0
1549027042 0
1549027043 0
1549027044 0
1549027045 0
1549027046 0
1549027047 0
1549027048 0
1549027049 0
1549027050 0
1549027051 0
1549027052 0
1549027053 0
1549027054 0
1549027055 0
1549027056 0
1549027057 0
1549027058 0
1549027059 0
1549027060 0
1549027061 0
1549027062 0
1549027063 0
1549027064 0
1549027065 0
1549027066 0
1549027067 0
1549027068 0
1549027069 0
1549027070 0
1549027071 0
1549027072 0
1549027073 0
1549027074 0
1549027075 0
1549027076 0
1549027077 0
1549027078 0
1549027079 0
1549027080 0
1549027081 0
1549027082 0
1549027083 0
1549027084 0
1549027085 0
1549027086 0
1549027087 0
1549027088 0
1549027089 0
1549027090 0
1549027091 0
1549027092 0
1549027093 0
1549027094 0
1549027095 0
1549027096 0
1549027097 0
1549027098 0
1549027099 0
1549027100 0
1549027101 0
1549027102 0
1549027103 0
1549027104 0
1549027105 0
1549027106 0
1549027107 0
1549027108 0
1549027109 0
1549027110 0
1549027111 0
1549027112 0
1549027113 0
1549027114 0
1549027115 0
1549027116 0
1549027117 0
1549027118 0
1549027119 0
1549027120 0
1549027121 0
1549027122 0
1549027123 0
1549027124 0
1549027125 0
1549027126 0
1549027127 0
1549027128 0
1549027129 0
1549027130 0
1549027131 0
1549027132 0
1549027133 0
1549027134 0
1549027135 0
1549027136 0
1549027137 0
1549027138 0
1549027139 0
1549027140 0
1549027141 0
1549027142 0
1549027143 0
1549027144 0
1549027145 0
1549027146 0
1549027147 0
1549027148 0
1549027149 0
1549027150 0
1549027151 0
1549027152 0
1549027153 0
1549027154 0
1549027155 0
1549027156 0
1549027157 0
1549027158 0
1549027159 0
1549027160 0
1549027161 0
1549027162 0
1549027163 0
1549027164 0
1549027165 0
1549027166 0
1549027167 0
1549027168 0
1549027169 0
1549027170 0
1549027171 0
1549027172 0
1549027173 0
1549027174 0
1549027175 0
1549027176 0
1549027177 0
1549027178 0
1549027179 0
1549027180 0
1549027181 0
1549027182 0
1549027183 0
1549027184 0
1549027185 0
1549027186 0
1549027187 0
1549027188 0
1549027189 0
1549027190 0
1549027191 0
1549027192 0
1549027193 0
1549027194 0
1549027195 0
1549027196 0
1549027197 0
1549027198 0
1549027199 0
1549027200 0
1549027201 0
1549027202 0
1549027203 0
1549027204 0
1549027205 0
1549027206 0
1549027207 0
1549027208 0
1549027209 0
1549027210 0
1549027211 0
1549027212 0
1549027213 0
1549027214 0
1549027215 0
1549027216 0
1549027217 0
1549027218 0
1549027219 0
1549027220 0
1549027221 0
1549027222 0
1549027223 0
1549027224 0
1549027225 0
1549027226 0
1549027227 0
1549027228 0
1549027229 0
1549027230 0
1549027231 0
1549027232 0
1549027233 0
1549027234 0
1549027235 0
1549027236 0
1549027237 0
1549027238 0
1549027239 0
1549027240 0
1549027241 0
1549027242 0
1549027243 0
1549027244 0
1549027245 0
1549027246 0
1549027247 0
1549027248 0
1549027249 0
1549027250 0
1549027251 0
1549027252 0
1549027253 0
1549027254 0
1549027255 0
1549027256 0
1549027257 0
1549027258 0
1549027259 0
1549027260 0
1549027261 0
1549027262 0
1549027263 0
1549027264 0
1549027265 0
1549027266 0
1549027267 0
1549027268 0
1549027269 0
1549027270 0
1549027271 0
1549027272 0
1549027273 0
1549027274 0
1549027275 0
1549027276 0
1549027277 0
1549027278 0
1549027279 0
1549027280 0
1549027281 0
1549027282 0
1549027283 0
1549027284 0
1549027285 0
1549027286 0
1549027287 0
1549027288 0
1549027289 0
1549027290 0
1549027291 0
1549027292 0
1549027293 0
1549027294 0
1549027295 0
1549027296 0
1549027297 0
1549027298 0
1549027299 0
1549027300 0
1549027301 0
1549027302 0
1549027303 0
1549027304 0
1549027305 0
1549027306 0
1549027307 0
1549027308 0
1549027309 0
1549027310 0
1549027311 0
1549027312 0
1549027313 0
1549027314 0
1549027315 0
1549027316 0
1549027317 0
1549027318 0
1549027319 0
1549027320 0
1549027321 0
1549027322 0
1549027323 0
1549027324 0
1549027325 0
1549027326 0
1549027327 0
1549027328 0
1549027329 0
1549027330 0
1549027331 0
1549027332 0
1549027333 0
1549027334 0
1549027335 0
1549027336 0
1549027337 0
1549027338 0
1549027339 0
1549027340 0
1549027341 0
1549027342 0
1549027343 0
1549027344 0
1549027345 0
1549027346 0
1549027347 0
1549027348 0
1549027349 0
1549027350 0
1549027351 0
1549027352 0
1549027353 0
1549027354 0
1549027355 0
1549027356 0
1549027357 0
1549027358 0
1549027359 0
1549027360 0
1549027361 0
1549027362 0
1549027363 0
1549027364 0
1549027365 0
1549027366 0
1549027367 0
1549027368 0
1549027369 0
1549027370 0
1549027371 0
1549027372 0
1549027373 0
1549027374 0
1549027375 0
1549027376 0
1549027377 0
1549027378 0
1549027379 0
1549027380 0
1549027381 0
1549027382 0
1549027383 0
1549027384 0
1549027385 0
1549027386 0
1549027387 0
1549027388 0
1549027389 0
1549027390 0
1549027391 0
1549027392 0
1549027393 0
1549027394 0
1549027395 0
1549027396 0
1549027397 0
1549027398 0
1549027399 0
1549027400 0
1549027401 0
1549027402 0
1549027403 0
1549027404 0
1549027405 0
1549027406 0
1549027407 0
1549027408 0
1549027409 0
1549027410 0
1549027411 0
1549027412 0
1549027413 0
1549027414 0
1549027415 0
1549027416 0
1549027417 0
1549027418 0
1549027419 0
1549027420 0
1549027421 0
1549027422 0
1549027423 0
1549027424 0
1549027425 0
1549027426 0
1549027427 0
1549027428 0
1549027429 0
1549027430 0
1549027431 0
1549027432 0
1549027433 0
1549027434 0
1549027435 0
1549027436 0
1549027437 0
1549027438 0
1549027439 0
1549027440 0
1549027441 0
1549027442 0
1549027443 0
1549027444 0
1549027445 0
1549027446 0
1549027447 0
1549027448 0
1549027449 0
1549027450 0
1549027451 0
1549027452 0
1549027453 0
1549027454 0
1549027455 0
1549027456 0
1549027457 0
1549027458 0
1549027459 0
1549027460 0
1549027461 0
1549027462 0
1549027463 0
1549027464 0
1549027465 0
1549027466 0
1549027467 0
1549027468 0
1549027469 0
1549027470 0
1549027471 0
1549027472 0
1549027473 0
1549027474 0
1549027475 0
1549027476 0
1549027477 0
1549027478 0
1549027479 0
1549027480 0
1549027481 0
1549027482 0
1549027483 0
1549027484 0
1549027485 0
1549027486 0
1549027487 0
1549027488 0
1549027489 0
1549027490 0
1549027491 0
1549027492 0
1549027493 0
1549027494 0
1549027495 0
1549027496 0
1549027497 0
1549027498 0
1549027499 0
1549027500 0
1549027501 0
1549027502 0
1549027503 0
1549027504 0
1549027505 0
1549027506 0
1549027507 0
1549027508 0
1549027509 0
1549027510 0
1549027511 0
1549027512 0
1549027513 0
1549027514 0
1549027515 0
1549027516 0
1549027517 0
1549027518 0
1549027519 0
1549027520 0
1549027521 0
1549027522 0
1549027523 0
1549027524 0
1549027525 0
1549027526 0
1549027527 0
1549027528 0
1549027529 0
1549027530 0
1549027531 0
1549027532 0
1549027533 0
1549027534 0
1549027535 0
1549027536 0
1549027537 0
1549027538 0
1549027539 0
1549027540 0
1549027541 0
1549027542 0
1549027543 0
1549027544 0
1549027545 0
1549027546 0
1549027547 0
1549027548 0
1549027549 0
1549027550 0
1549027551 0
1549027552 0
1549027553 0
1549027554 0
1549027555 0
1549027556 0
1549027557 0
1549027558 0
1549027559 0
1549027560 0
1549027561 0
1549027562 0
1549027563 0
1549027564 0
1549027565 0
1549027566 0
1549027567 0
1549027568 0
1549027569 0
1549027570 0
1549027571 0
1549027572 0
1549027573 0
1549027574 0
1549027575 0
1549027576 0
1549027577 0
1549027578 0
1549027579 0
1549027580 0
1549027581 0
1549027582 0
1549027583 0
1549027584 0
1549027585 0
1549027586 0
1549027587 0
1549027588 0
1549027589 0
1549027590 0
1549027591 0
1549027592 0
1549027593 0
1549027594 0
1549027595 0
1549027596 0
1549027597 0
1549027598 0
1549027599 0
1549027600 0
1549027601 0
1549027602 0
1549027603 0
1549027604 0
1549027605 0
1549027606 0
1549027607 0
1549027608 0
1549027609 0
1549027610 0
1549027611 0
1549027612 0
1549027613 0
1549027614 0
1549027615 0
1549027616 0
1549027617 0
1549027618 0
1549027619 0
1549027620 0
1549027621 0
1549027622 0
1549027623 0
1549027624 0
1549027625 0
1549027626 0
1549027627 0
1549027628 0
1549027629 0
1549027630 0
1549027631 0
1549027632 0
1549027633 0
1549027634 0
1549027635 0
1549027636 0
1549027637 0
1549027638 0
1549027639 0
1549027640 0
1549027641 0
1549027642 0
1549027643 0
1549027644 0
1549027645 0
1549027646 0
1549027647 0
1549027648 0
1549027649 0
1549027650 0
1549027651 0
1549027652 0
1549027653 0
1549027654 0
1549027655 0
1549027656 0
1549027657 0
1549027658 0
1549027659 0
1549027660 0
1549027661 0
1549027662 0
1549027663 0
1549027664 0
1549027665 0
1549027666 0
1549027667 0
1549027668 0
1549027669 0
1549027670 0
1549027671 0
1549027672 0
1549027673 0
1549027674 0
1549027675 0
1549027676 0
1549027677 0
1549027678 0
1549027679 0
1549027680 0
1549027681 0
1549027682 0
1549027683 0
1549027684 0
1549027685 0
1549027686 0
1549027687 0
1549027688 0
1549027689 0
1549027690 0
1549027691 0
1549027692 0
1549027693 0
1549027694 0
1549027695 0
1549027696 0
1549027697 0
1549027698 0
1549027699 0
1549027700 0
1549027701 0
1549027702 0
1549027703 0
1549027704 0
1549027705 0
1549027706 0
1549027707 0
1549027708 0
1549027709 0
1549027710 0
1549027711 0
1549027712 0
1549027713 0
1549027714 0
1549027715 0
1549027716 0
1549027717 0
1549027718 0
1549027719 0
1549027720 0
1549027721 0
1549027722 0
1549027723 0
1549027724 0
1549027725 0
1549027726 0
1549027727 0
1549027728 0
1549027729 0
1549027730 0
1549027731 0
1549027732 0
1549027733 0
1549027734 0
1549027735 0
1549027736 0
1549027737 0
1549027738 0
1549027739 0
1549027740 0
1549027741 0
1549027742 0
1549027743 0
1549027744 0
1549027745 0
1549027746 0
1549027747 0
1549027748 0
1549027749 0
1549027750 0
1549027751 0
1549027752 0
1549027753 0
1549027754 0
1549027755 0
1549027756 0
1549027757 0
1549027758 0
1549027759 0
1549027760 0
1549027761 0
1549027762 0
1549027763 0
1549027764 0
1549027765 0
1549027766 0
1549027767 0
1549027768 0
1549027769 0
1549027770 0
1549027771 0
1549027772 0
1549027773 0
1549027774 0
1549027775 0
1549027776 0
1549027777 0
1549027778 0
1549027779 0
1549027780 0
1549027781 0
1549027782 0
1549027783 0
1549027784 0
1549027785 0
1549027786 0
1549027787 0
1549027788 0
1549027789 0
1549027790 0
1549027791 0
1549027792 0
1549027793 0
1549027794 0
1549027795 0
1549027796 0
1549027797 0
1549027798 0
1549027799 0
1549027800 0
1549027801 0
1549027802 0
1549027803 0
1549027804 0
1549027805 0
1549027806 0
1549027807 0
1549027808 0
1549027809 0
1549027810 0
1549027811 0
1549027812 0
1549027813 0
1549027814 0
1549027815 0
1549027816 0
1549027817 0
1549027818 0
1549027819 0
1549027820 0
1549027821 0
1549027822 0
1549027823 0
1549027824 0
1549027825 0
1549027826 0
1549027827 0
1549027828 0
1549027829 0
1549027830 0
1549027831 0
1549027832 0
1549027833 0
1549027834 0
1549027835 0
1549027836 0
1549027837 0
1549027838 0
1549027839 0
1549027840 0
1549027841 0
1549027842 0
1549027843 0
1549027844 0
1549027845 0
1549027846 0
1549027847 0
1549027848 0
1549027849 0
1549027850 0
1549027851 0
1549027852 0
1549027853 0
1549027854 0
1549027855 0
1549027856 0
1549027857 0
1549027858 0
1549027859 0
1549027860 0
1549027861 0
1549027862 0
1549027863 0
1549027864 0
1549027865 0
1549027866 0
1549027867 0
1549027868 0
1549027869 0
1549027870 0
1549027871 0
1549027872 0
1549027873 0
1549027874 0
1549027875 0
1549027876 0
1549027877 0
1549027878 0
1549027879 0
1549027880 0
1549027881 0
1549027882 0
1549027883 0
1549027884 0
1549027885 0
1549027886 0
1549027887 0
1549027888 0
1549027889 0
1549027890 0
1549027891 0
1549027892 0
1549027893 0
1549027894 0
1549027895 0
1549027896 0
1549027897 0
1549027898 0
1549027899 0
1549027900 0
1549027901 0
1549027902 0
1549027903 0
1549027904 0
1549027905 0
1549027906 0
1549027907 0
1549027908 0
1549027909 0
1549027910 0
1549027911 0
1549027912 0
1549027913 0
1549027914 0
1549027915 0
1549027916 0
1549027917 0
1549027918 0
1549027919 0
1549027920 0
1549027921 0
1549027922 0
1549027923 0
1549027924 0
1549027925 0
1549027926 0
1549027927 0
1549027928 0
1549027929 0
1549027930 0
1549027931 0
1549027932 0
1549027933 0
1549027934 0
1549027935 0
1549027936 0
1549027937 0
1549027938 0
1549027939 0
1549027940 0
1549027941 0
1549027942 0
1549027943 0
1549027944 0
1549027945 0
1549027946 0
1549027947 0
1549027948 0
1549027949 0
1549027950 0
1549027951 0
1549027952 0
1549027953 0
1549027954 0
1549027955 0
1549027956 0
1549027957 0
1549027958 0
1549027959 0
1549027960 0
1549027961 0
1549027962 0
1549027963 0
1549027964 0
1549027965 0
1549027966 0
1549027967 0
1549027968 0
1549027969 0
1549027970 0
1549027971 0
1549027972 0
1549027973 0
1549027974 0
1549027975 0
1549027976 0
1549027977 0
1549027978 0
1549027979 0
1549027980 0
1549027981 0
1549027982 0
1549027983 0
1549027984 0
1549027985 0
1549027986 0
1549027987 0
1549027988 0
1549027989 0
1549027990 0
1549027991 0
1549027992 0
1549027993 0
1549027994 0
1549027995 0
1549027996 0
1549027997 0
1549027998 0
1549027999 0
1549028000 0
1549028001 0
1549028002 0
1549028003 0
1549028004 0
1549028005 0
1549028006 0
1549028007 0
1549028008 0
1549028009 0
1549028010 0
1549028011 0
1549028012 0
1549028013 0
1549028014 0
1549028015 0
1549028016 0
1549028017 0
1549028018 0
1549028019 0
1549028020 0
1549028021 0
1549028022 0
1549028023 0
1549028024 0
1549028025 0
1549028026 0
1549028027 0
1549028028 0
1549028029 0
1549028030 0
1549028031 0
1549028032 0
1549028033 0
1549028034 0
1549028035 0
1549028036 0
1549028037 0
1549028038 0
1549028039 0
1549028040 0
1549028041 0
1549028042 0
1549028043 0
1549028044 0
1549028045 0
1549028046 0
1549028047 0
1549028048 0
1549028049 0
1549028050 0
1549028051 0
1549028052 0
1549028053 0
1549028054 0
1549028055 0
1549028056 0
1549028057 0
1549028058 0
1549028059 0
1549028060 0
1549028061 0
1549028062 0
1549028063 0
1549028064 0
1549028065 0
1549028066 0
1549028067 0
1549028068 0
1549028069 0
1549028070 0
1549028071 0
1549028072 0
1549028073 0
1549028074 0
1549028075 0
1549028076 0
1549028077 0
1549028078 0
1549028079 0
1549028080 0
1549028081 0
1549028082 0
1549028083 0
1549028084 0
1549028085 0
1549028086 0
1549028087 0
1549028088 0
1549028089 0
1549028090 0
1549028091 0
1549028092 0
1549028093 0
1549028094 0
1549028095 0
1549028096 0
1549028097 0
1549028098 0
1549028099 0
1549028100 0
1549028101 0
1549028102 0
1549028103 0
1549028104 0
1549028105 0
1549028106 0
1549028107 0
1549028108 0
1549028109 0
1549028110 0
1549028111 0
1549028112 0
1549028113 0
1549028114 0
1549028115 0
1549028116 0
1549028117 0
1549028118 0
1549028119 0
1549028120 0
1549028121 0
1549028122 0
1549028123 0
1549028124 0
1549028125 0
1549028126 0
1549028127 0
1549028128 0
1549028129 0
1549028130 0
1549028131 0
1549028132 0
1549028133 0
1549028134 0
1549028135 0
1549028136 0
1549028137 0
1549028138 0
1549028139 0
1549028140 0
1549028141 0
1549028142 0
1549028143 0
1549028144 0
1549028145 0
1549028146 0
1549028147 0
1549028148 0
1549028149 0
1549028150 0
1549028151 0
1549028152 0
1549028153 0
1549028154 0
1549028155 0
1549028156 0
1549028157 0
1549028158 0
1549028159 0
1549028160 0
1549028161 0
1549028162 0
1549028163 0
1549028164 0
1549028165 0
1549028166 0
1549028167 0
1549028168 0
1549028169 0
1549028170 0
1549028171 0
1549028172 0
1549028173 0
1549028174 0
1549028175 0
1549028176 0
1549028177 0
1549028178 0
1549028179 0
1549028180 0
1549028181 0
1549028182 0
1549028183 0
1549028184 0
1549028185 0
1549028186 0
1549028187 0
1549028188 0
1549028189 0
1549028190 0
1549028191 0
1549028192 0
1549028193 0
1549028194 0
1549028195 0
1549028196 0
1549028197 0
1549028198 0
1549028199 0
1549028200 0
1549028201 0
1549028202 0
1549028203 0
1549028204 0
1549028205 0
1549028206 0
1549028207 0
1549028208 0
1549028209 0
1549028210 0
1549028211 0
1549028212 0
1549028213 0
1549028214 0
1549028215 0
1549028216 0
1549028217 0
1549028218 0
1549028219 0
1549028220 0
1549028221 0
1549028222 0
1549028223 0
1549028224 0
1549028225 0
1549028226 0
1549028227 0
1549028228 0
1549028229 0
1549028230 0
1549028231 0
1549028232 0
1549028233 0
1549028234 0
1549028235 0
1549028236 0
1549028237 0
1549028238 0
1549028239 0
1549028240 0
1549028241 0
1549028242 0
1549028243 0
1549028244 0
1549028245 0
1549028246 0
1549028247 0
1549028248 0
1549028249 0
1549028250 0
1549028251 0
1549028252 0
1549028253 0
1549028254 0
1549028255 0
1549028256 0
1549028257 0
1549028258 0
1549028259 0
1549028260 0
1549028261 0
1549028262 0
1549028263 0
1549028264 0
1549028265 0
1549028266 0
1549028267 0
1549028268 0
1549028269 0
1549028270 0
1549028271 0
1549028272 0
1549028273 0
1549028274 0
1549028275 0
1549028276 0
1549028277 0
1549028278 0
1549028279 0
1549028280 0
1549028281 0
1549028282 0
1549028283 0
1549028284 0
1549028285 0
1549028286 0
1549028287 0
1549028288 0
1549028289 0
1549028290 0
1549028291 0
1549028292 0
1549028293 0
1549028294 0
1549028295 0
1549028296 0
1549028297 0
1549028298 0
1549028299 0
1549028300 0
1549028301 0
1549028302 0
1549028303 0
1549028304 0
1549028305 0
1549028306 0
1549028307 0
1549028308 0
1549028309 0
1549028310 0
1549028311 0
1549028312 0
1549028313 0
1549028314 0
1549028315 0
1549028316 0
1549028317 0
1549028318 0
1549028319 0
1549028320 0
1549028321 0
1549028322 0
1549028323 0
1549028324 0
1549028325 0
1549028326 0
1549028327 0
1549028328 0
1549028329 0
1549028330 0
1549028331 0
1549028332 0
1549028333 0
1549028334 0
1549028335 0
1549028336 0
1549028337 0
1549028338 0
1549028339 0
1549028340 0
1549028341 0
1549028342 0
1549028343 0
1549028344 0
1549028345 0
1549028346 0
1549028347 0
1549028348 0
1549028349 0
1549028350 0
1549028351 0
1549028352 0
1549028353 0
1549028354 0
1549028355 0
1549028356 0
1549028357 0
1549028358 0
1549028359 0
1549028360 0
1549028361 0
1549028362 0
1549028363 0
1549028364 0
1549028365 0
1549028366 0
1549028367 0
1549028368 0
1549028369 0
1549028370 0
1549028371 0
1549028372 0
1549028373 0
1549028374 0
1549028375 0
1549028376 0
1549028377 0
1549028378 0
1549028379 0
1549028380 0
1549028381 0
1549028382 0
1549028383 0
1549028384 0
1549028385 0
1549028386 0
1549028387 0
1549028388 0
1549028389 0
1549028390 0
1549028391 0
1549028392 0
1549028393 0
1549028394 0
1549028395 0
1549028396 0
1549028397 0
1549028398 0
1549028399 0
1549028400 0
1549028401 0
1549028402 0
1549028403 0
1549028404 0
1549028405 0
1549028406 0
1549028407 0
1549028408 0
1549028409 0
1549028410 0
1549028411 0
1549028412 0
1549028413 0
1549028414 0
1549028415 0
1549028416 0
1549028417 0
1549028418 0
1549028419 0
1549028420 0
1549028421 0
1549028422 0
1549028423 0
1549028424 0
1549028425 0
1549028426 0
1549028427 0
1549028428 0
1549028429 0
1549028430 0
1549028431 0
1549028432 0
1549028433 0
1549028434 0
1549028435 0
1549028436 0
1549028437 0
1549028438 0
1549028439 0
1549028440 0
1549028441 0
1549028442 0
1549028443 0
1549028444 0
1549028445 0
1549028446 0
1549028447 0
1549028448 0
1549028449 0
1549028450 0
1549028451 0
1549028452 0
1549028453 0
1549028454 0
1549028455 0
1549028456 0
1549028457 0
1549028458 0
1549028459 0
1549028460 0
1549028461 0
1549028462 0
1549028463 0
1549028464 0
1549028465 0
1549028466 0
1549028467 0
1549028468 0
1549028469 0
1549028470 0
1549028471 0
1549028472 0
1549028473 0
1549028474 0
1549028475 0
1549028476 0
1549028477 0
1549028478 0
1549028479 0
1549028480 0
1549028481 0
1549028482 0
1549028483 0
1549028484 0
1549028485 0
1549028486 0
1549028487 0
1549028488 0
1549028489 0
1549028490 0
1549028491 0
1549028492 0
1549028493 0
1549028494 0
1549028495 0
1549028496 0
1549028497 0
1549028498 0
1549028499 0
1549028500 0
1549028501 0
1549028502 0
1549028503 0
1549028504 0
1549028505 0
1549028506 0
1549028507 0
1549028508 0
1549028509 0
1549028510 0
1549028511 0
1549028512 0
1549028513 0
1549028514 0
1549028515 0
1549028516 0
1549028517 0
1549028518 0
1549028519 0
1549028520 0
1549028521 0
1549028522 0
1549028523 0
1549028524 0
1549028525 0
1549028526 0
1549028527 0
1549028528 0
1549028529 0
1549028530 0
1549028531 0
1549028532 0
1549028533 0
1549028534 0
1549028535 0
1549028536 0
1549028537 0
1549028538 0
1549028539 0
1549028540 0
1549028541 0
1549028542 0
1549028543 0
1549028544 0
1549028545 0
1549028546 0
1549028547 0
1549028548 0
1549028549 0
1549028550 0
1549028551 0
1549028552 0
1549028553 0
1549028554 0
1549028555 0
1549028556 0
1549028557 0
1549028558 0
1549028559 0
1549028560 0
1549028561 0
1549028562 0
1549028563 0
1549028564 0
1549028565 0
1549028566 0
1549028567 0
1549028568 0
1549028569 0
1549028570 0
1549028571 0
1549028572 0
1549028573 0
1549028574 0
1549028575 0
1549028576 0
1549028577 0
1549028578 0
1549028579 0
1549028580 0
1549028581 0
1549028582 0
1549028583 0
1549028584 0
1549028585 0
1549028586 0
1549028587 0
1549028588 0
1549028589 0
1549028590 0
1549028591 0
1549028592 0
1549028593 0
1549028594 0
1549028595 0
1549028596 0
1549028597 0
1549028598 0
1549028599 0
1549028600 0
1549028601 0
1549028602 0
1549028603 0
1549028604 0
1549028605 0
1549028606 0
1549028607 0
1549028608 0
1549028609 0
1549028610 0
1549028611 0
1549028612 0
1549028613 0
1549028614 0
1549028615 0
1549028616 0
1549028617 0
1549028618 0
1549028619 0
1549028620 0
1549028621 0
1549028622 0
1549028623 0
1549028624 0
1549028625 0
1549028626 0
1549028627 0
1549028628 0
1549028629 0
1549028630 0
1549028631 0
1549028632 0
1549028633 0
1549028634 0
1549028635 0
1549028636 0
1549028637 0
1549028638 0
1549028639 0
1549028640 0
1549028641 0
1549028642 0
1549028643 0
1549028644 0
1549028645 0
1549028646 0
1549028647 0
1549028648 0
1549028649 0
1549028650 0
1549028651 0
1549028652 0
1549028653 0
1549028654 0
1549028655 0
1549028656 0
1549028657 0
1549028658 0
1549028659 0
1549028660 0
1549028661 0
1549028662 0
1549028663 0
1549028664 0
1549028665 0
1549028666 0
1549028667 0
1549028668 0
1549028669 0
1549028670 0
1549028671 0
1549028672 0
1549028673 0
1549028674 0
1549028675 0
1549028676 0
1549028677 0
1549028678 0
1549028679 0
1549028680 0
1549028681 0
1549028682 0
1549028683 0
1549028684 0
1549028685 0
1549028686 0
1549028687 0
1549028688 0
1549028689 0
1549028690 0
1549028691 0
1549028692 0
1549028693 0
1549028694 0
1549028695 0
1549028696 0
1549028697 0
1549028698 0
1549028699 0
1549028700 0
1549028701 0
1549028702 0
1549028703 0
1549028704 0
1549028705 0
1549028706 0
1549028707 0
1549028708 0
1549028709 0
1549028710 0
1549028711 0
1549028712 0
1549028713 0
1549028714 0
1549028715 0
1549028716 0
1549028717 0
1549028718 0
1549028719 0
1549028720 0
1549028721 0
1549028722 0
1549028723 0
1549028724 0
1549028725 0
1549028726 0
1549028727 0
1549028728 0
1549028729 0
1549028730 0
1549028731 0
1549028732 0
1549028733 0
1549028734 0
1549028735 0
1549028736 0
1549028737 0
1549028738 0
1549028739 0
1549028740 0
1549028741 0
1549028742 0
1549028743 0
1549028744 0
1549028745 0
1549028746 0
1549028747 0
1549028748 0
1549028749 0
1549028750 0
1549028751 0
1549028752 0
1549028753 0
1549028754 0
1549028755 0
1549028756 0
1549028757 0
1549028758 0
1549028759 0
1549028760 0
1549028761 0
1549028762 0
1549028763 0
1549028764 0
1549028765 0
1549028766 0
1549028767 0
1549028768 0
1549028769 0
1549028770 0
1549028771 0
1549028772 0
1549028773 0
1549028774 0
1549028775 0
1549028776 0
1549028777 0
1549028778 0
1549028779 0
1549028780 0
1549028781 0
1549028782 0
1549028783 0
1549028784 0
1549028785 0
1549028786 0
1549028787 0
1549028788 0
1549028789 0
1549028790 0
1549028791 0
1549028792 0
1549028793 0
1549028794 0
1549028795 0
1549028796 0
1549028797 0
1549028798 0
1549028799 0
1549028800 0
1549028801 0
1549028802 0
1549028803 0
1549028804 0
1549028805 0
1549028806 0
1549028807 0
1549028808 0
1549028809 0
1549028810 0
1549028811 0
1549028812 0
1549028813 0
1549028814 0
1549028815 0
1549028816 0
1549028817 0
1549028818 0
1549028819 0
1549028820 0
1549028821 0
1549028822 0
1549028823 0
1549028824 0
1549028825 0
1549028826 0
1549028827 0
1549028828 0
1549028829 0
1549028830 0
1549028831 0
1549028832 0
1549028833 0
1549028834 0
1549028835 0
1549028836 0
1549028837 0
1549028838 0
1549028839 0
1549028840 0
1549028841 0
1549028842 0
1549028843 0
1549028844 0
1549028845 0
1549028846 0
1549028847 0
1549028848 0
1549028849 0
1549028850 0
1549028851 0
1549028852 0
1549028853 0
1549028854 0
1549028855 0
1549028856 0
1549028857 0
1549028858 0
1549028859 0
1549028860 0
1549028861 0
1549028862 0
1549028863 0
1549028864 0
1549028865 0
1549028866 0
1549028867 0
1549028868 0
1549028869 0
1549028870 0
1549028871 0
1549028872 0
1549028873 0
1549028874 0
1549028875 0
1549028876 0
1549028877 0
1549028878 0
1549028879 0
1549028880 0
1549028881 0
1549028882 0
1549028883 0
1549028884 0
1549028885 0
1549028886 0
1549028887 0
1549028888 0
1549028889 0
1549028890 0
1549028891 0
1549028892 0
1549028893 0
1549028894 0
1549028895 0
1549028896 0
1549028897 0
1549028898 0
1549028899 0
1549028900 0
1549028901 0
1549028902 0
1549028903 0
1549028904 0
1549028905 0
1549028906 0
1549028907 0
1549028908 0
1549028909 0
1549028910 0
1549028911 0
1549028912 0
1549028913 0
1549028914 0
1549028915 0
1549028916 0
1549028917 0
1549028918 0
1549028919 0
1549028920 0
1549028921 0
1549028922 0
1549028923 0
1549028924 0
1549028925 0
1549028926 0
1549028927 0
1549028928 0
1549028929 0
1549028930 0
1549028931 0
1549028932 0
1549028933 0
1549028934 0
1549028935 0
1549028936 0
1549028937 0
1549028938 0
1549028939 0
1549028940 0
1549028941 0
1549028942 0
1549028943 0
1549028944 0
1549028945 0
1549028946 0
1549028947 0
1549028948 0
1549028949 0
1549028950 0
1549028951 0
1549028952 0
1549028953 0
1549028954 0
1549028955 0
1549028956 0
1549028957 0
1549028958 0
1549028959 0
1549028960 0
1549028961 0
1549028962 0
1549028963 0
1549028964 0
1549028965 0
1549028966 0
1549028967 0
1549028968 0
1549028969 0
1549028970 0
1549028971 0
1549028972 0
1549028973 0
1549028974 0
1549028975 0
1549028976 0
1549028977 0
1549028978 0
1549028979 0
1549028980 0
1549028981 0
1549028982 0
1549028983 0
1549028984 0
1549028985 0
1549028986 0
1549028987 0
1549028988 0
1549028989 0
1549028990 0
1549028991 0
1549028992 0
1549028993 0
1549028994 0
1549028995 0
1549028996 0
1549028997 0
1549028998 0
1549028999 0
1549029000 0
1549029001 0
1549029002 0
1549029003 0
1549029004 0
1549029005 0
1549029006 0
1549029007 0
1549029008 0
1549029009 0
1549029010 0
1549029011 0
1549029012 0
1549029013 0
1549029014 0
1549029015 0
1549029016 0
1549029017 0
1549029018 0
1549029019 0
1549029020 0
1549029021 0
1549029022 0
1549029023 0
1549029024 0
1549029025 0
1549029026 0
1549029027 0
1549029028 0
1549029029 0
1549029030 0
1549029031 0
1549029032 0
1549029033 0
1549029034 0
1549029035 0
1549029036 0
1549029037 0
1549029038 0
1549029039 0
1549029040 0
1549029041 0
1549029042 0
1549029043 0
1549029044 0
1549029045 0
1549029046 0
1549029047 0
1549029048 0
1549029049 0
1549029050 0
1549029051 0
1549029052 0
1549029053 0
1549029054 0
1549029055 0
1549029056 0
1549029057 0
1549029058 0
1549029059 0
1549029060 0
1549029061 0
1549029062 0
1549029063 0
1549029064 0
1549029065 0
1549029066 0
1549029067 0
1549029068 0
1549029069 0
1549029070 0
1549029071 0
1549029072 0
1549029073 0
1549029074 0
1549029075 0
1549029076 0
1549029077 0
1549029078 0
1549029079 0
1549029080 0
1549029081 0
1549029082 0
1549029083 0
1549029084 0
1549029085 0
1549029086 0
1549029087 0
1549029088 0
1549029089 0
1549029090 0
1549029091 0
1549029092 0
1549029093 0
1549029094 0
1549029095 0
1549029096 0
1549029097 0
1549029098 0
1549029099 0
1549029100 0
1549029101 0
1549029102 0
1549029103 0
1549029104 0
1549029105 0
1549029106 0
1549029107 0
1549029108 0
1549029109 0
1549029110 0
1549029111 0
1549029112 0
1549029113 0
1549029114 0
1549029115 0
1549029116 0
1549029117 0
1549029118 0
1549029119 0
1549029120 0
1549029121 0
1549029122 0
1549029123 0
1549029124 0
1549029125 0
1549029126 0
1549029127 0
1549029128 0
1549029129 0
1549029130 0
1549029131 0
1549029132 0
1549029133 0
1549029134 0
1549029135 0
1549029136 0
1549029137 0
1549029138 0
1549029139 0
1549029140 0
1549029141 0
1549029142 0
1549029143 0
1549029144 0
1549029145 0
1549029146 0
1549029147 0
1549029148 0
1549029149 0
1549029150 0
1549029151 0
1549029152 0
1549029153 0
1549029154 0
1549029155 0
1549029156 0
1549029157 0
1549029158 0
1549029159 0
1549029160 0
1549029161 0
1549029162 0
1549029163 0
1549029164 0
1549029165 0
1549029166 0
1549029167 0
1549029168 0
1549029169 0
1549029170 0
1549029171 0
1549029172 0
1549029173 0
1549029174 0
1549029175 0
1549029176 0
1549029177 0
1549029178 0
1549029179 0
1549029180 0
1549029181 0
1549029182 0
1549029183 0
1549029184 0
1549029185 0
1549029186 0
1549029187 0
1549029188 0
1549029189 0
1549029190 0
1549029191 0
1549029192 0
1549029193 0
1549029194 0
1549029195 0
1549029196 0
1549029197 0
1549029198 0
1549029199 0
1549029200 0
1549029201 0
1549029202 0
1549029203 0
1549029204 0
1549029205 0
1549029206 0
1549029207 0
1549029208 0
1549029209 0
1549029210 0
1549029211 0
1549029212 0
1549029213 0
1549029214 0
1549029215 0
1549029216 0
1549029217 0
1549029218 0
1549029219 0
1549029220 0
1549029221 0
1549029222 0
1549029223 0
1549029224 0
1549029225 0
1549029226 0
1549029227 0
1549029228 0
1549029229 0
1549029230 0
1549029231 0
1549029232 0
1549029233 0
1549029234 0
1549029235 0
1549029236 0
1549029237 0
1549029238 0
1549029239 0
1549029240 0
1549029241 0
1549029242 0
1549029243 0
1549029244 0
1549029245 0
1549029246 0
1549029247 0
1549029248 0
1549029249 0
1549029250 0
1549029251 0
1549029252 0
1549029253 0
1549029254 0
1549029255 0
1549029256 0
1549029257 0
1549029258 0
1549029259 0
1549029260 0
1549029261 0
1549029262 0
1549029263 0
1549029264 0
1549029265 0
1549029266 0
1549029267 0
1549029268 0
1549029269 0
1549029270 0
1549029271 0
1549029272 0
1549029273 0
1549029274 0
1549029275 0
1549029276 0
1549029277 0
1549029278 0
1549029279 0
1549029280 0
1549029281 0
1549029282 0
1549029283 0
1549029284 0
1549029285 0
1549029286 0
1549029287 0
1549029288 0
1549029289 0
1549029290 0
1549029291 0
1549029292 0
1549029293 0
1549029294 0
1549029295 0
1549029296 0
1549029297 0
1549029298 0
1549029299 0
1549029300 0
1549029301 0
1549029302 0
1549029303 0
1549029304 0
1549029305 0
1549029306 0
1549029307 0
1549029308 0
1549029309 0
1549029310 0
1549029311 0
1549029312 0
1549029313 0
1549029314 0
1549029315 0
1549029316 0
1549029317 0
1549029318 0
1549029319 0
1549029320 0
1549029321 0
1549029322 0
1549029323 0
1549029324 0
1549029325 0
1549029326 0
1549029327 0
1549029328 0
1549029329 0
1549029330 0
1549029331 0
1549029332 0
1549029333 0
1549029334 0
1549029335 0
1549029336 0
1549029337 0
1549029338 0
1549029339 0
1549029340 0
1549029341 0
1549029342 0
1549029343 0
1549029344 0
1549029345 0
1549029346 0
1549029347 0
1549029348 0
1549029349 0
1549029350 0
1549029351 0
1549029352 0
1549029353 0
1549029354 0
1549029355 0
1549029356 0
1549029357 0
1549029358 0
1549029359 0
1549029360 0
1549029361 0
1549029362 0
1549029363 0
1549029364 0
1549029365 0
1549029366 0
1549029367 0
1549029368 0
1549029369 0
1549029370 0
1549029371 0
1549029372 0
1549029373 0
1549029374 0
1549029375 0
1549029376 0
1549029377 0
1549029378 0
1549029379 0
1549029380 0
1549029381 0
1549029382 0
1549029383 0
1549029384 0
1549029385 0
1549029386 0
1549029387 0
1549029388 0
1549029389 0
1549029390 0
1549029391 0
1549029392 0
1549029393 0
1549029394 0
1549029395 0
1549029396 0
1549029397 0
1549029398 0
1549029399 0
1549029400 0
1549029401 0
1549029402 0
1549029403 0
1549029404 0
1549029405 0
1549029406 0
1549029407 0
1549029408 0
1549029409 0
1549029410 0
1549029411 0
1549029412 0
1549029413 0
1549029414 0
1549029415 0
1549029416 0
1549029417 0
1549029418 0
1549029419 0
1549029420 0
1549029421 0
1549029422 0
1549029423 0
1549029424 0
1549029425 0
1549029426 0
1549029427 0
1549029428 0
1549029429 0
1549029430 0
1549029431 0
1549029432 0
1549029433 0
1549029434 0
1549029435 0
1549029436 0
1549029437 0
1549029438 0
1549029439 0
1549029440 0
1549029441 0
1549029442 0
1549029443 0
1549029444 0
1549029445 0
1549029446 0
1549029447 0
1549029448 0
1549029449 0
1549029450 0
1549029451 0
1549029452 0
1549029453 0
1549029454 0
1549029455 0
1549029456 0
1549029457 0
1549029458 0
1549029459 0
1549029460 0
1549029461 0
1549029462 0
1549029463 0
1549029464 0
1549029465 0
1549029466 0
1549029467 0
1549029468 0
1549029469 0
1549029470 0
1549029471 0
1549029472 0
1549029473 0
1549029474 0
1549029475 0
1549029476 0
1549029477 0
1549029478 0
1549029479 0
1549029480 0
1549029481 0
1549029482 0
1549029483 0
1549029484 0
1549029485 0
1549029486 0
1549029487 0
1549029488 0
1549029489 0
1549029490 0
1549029491 0
1549029492 0
1549029493 0
1549029494 0
1549029495 0
1549029496 0
1549029497 0
1549029498 0
1549029499 0
1549029500 0
1549029501 0
1549029502 0
1549029503 0
1549029504 0
1549029505 0
1549029506 0
1549029507 0
1549029508 0
1549029509 0
1549029510 0
1549029511 0
1549029512 0
1549029513 0
1549029514 0
1549029515 0
1549029516 0
1549029517 0
1549029518 0
1549029519 0
1549029520 0
1549029521 0
1549029522 0
1549029523 0
1549029524 0
1549029525 0
1549029526 0
1549029527 0
1549029528 0
1549029529 0
1549029530 0
1549029531 0
1549029532 0
1549029533 0
1549029534 0
1549029535 0
1549029536 0
1549029537 0
1549029538 0
1549029539 0
1549029540 0
1549029541 0
1549029542 0
1549029543 0
1549029544 0
1549029545 0
1549029546 0
1549029547 0
1549029548 0
1549029549 0
1549029550 0
1549029551 0
1549029552 0
1549029553 0
1549029554 0
1549029555 0
1549029556 0
1549029557 0
1549029558 0
1549029559 0
1549029560 0
1549029561 0
1549029562 0
1549029563 0
1549029564 0
1549029565 0
1549029566 0
1549029567 0
1549029568 0
1549029569 0
1549029570 0
1549029571 0
1549029572 0
1549029573 0
1549029574 0
1549029575 0
1549029576 0
1549029577 0
1549029578 0
1549029579 0
1549029580 0
1549029581 0
1549029582 0
1549029583 0
1549029584 0
1549029585 0
1549029586 0
1549029587 0
1549029588 0
1549029589 0
1549029590 0
1549029591 0
1549029592 0
1549029593 0
1549029594 0
1549029595 0
1549029596 0
1549029597 0
1549029598 0
1549029599 0
1549029600 0
1549029601 0
1549029602 0
1549029603 0
1549029604 0
1549029605 0
1549029606 0
1549029607 0
1549029608 0
1549029609 0
1549029610 0
1549029611 0
1549029612 0
1549029613 0
1549029614 0
1549029615 0
1549029616 0
1549029617 0
1549029618 0
1549029619 0
1549029620 0
1549029621 0
1549029622 0
1549029623 0
1549029624 0
1549029625 0
1549029626 0
1549029627 0
1549029628 0
1549029629 0
1549029630 0
1549029631 0
1549029632 0
1549029633 0
1549029634 0
1549029635 0
1549029636 0
1549029637 0
1549029638 0
1549029639 0
1549029640 0
1549029641 0
1549029642 0
1549029643 0
1549029644 0
1549029645 0
1549029646 0
1549029647 0
1549029648 0
1549029649 0
1549029650 0
1549029651 0
1549029652 0
1549029653 0
1549029654 0
1549029655 0
1549029656 0
1549029657 0
1549029658 0
1549029659 0
1549029660 0
1549029661 0
1549029662 0
1549029663 0
1549029664 0
1549029665 0
1549029666 0
1549029667 0
1549029668 0
1549029669 0
1549029670 0
1549029671 0
1549029672 0
1549029673 0
1549029674 0
1549029675 0
1549029676 0
1549029677 0
1549029678 0
1549029679 0
1549029680 0
1549029681 0
1549029682 0
1549029683 0
1549029684 0
1549029685 0
1549029686 0
1549029687 0
1549029688 0
1549029689 0
1549029690 0
1549029691 0
1549029692 0
1549029693 0
1549029694 0
1549029695 0
1549029696 0
1549029697 0
1549029698 0
1549029699 0
1549029700 0
1549029701 0
1549029702 0
1549029703 0
1549029704 0
1549029705 0
1549029706 0
1549029707 0
1549029708 0
1549029709 0
1549029710 0
1549029711 0
1549029712 0
1549029713 0
1549029714 0
1549029715 0
1549029716 0
1549029717 0
1549029718 0
1549029719 0
1549029720 0
1549029721 0
1549029722 0
1549029723 0
1549029724 0
1549029725 0
1549029726 0
1549029727 0
1549029728 0
1549029729 0
1549029730 0
1549029731 0
1549029732 0
1549029733 0
1549029734 0
1549029735 0
1549029736 0
1549029737 0
1549029738 0
1549029739 0
1549029740 0
1549029741 0
1549029742 0
1549029743 0
1549029744 0
1549029745 0
1549029746 0
1549029747 0
1549029748 0
1549029749 0
1549029750 0
1549029751 0
1549029752 0
1549029753 0
1549029754 0
1549029755 0
1549029756 0
1549029757 0
1549029758 0
1549029759 0
1549029760 0
1549029761 0
1549029762 0
1549029763 0
1549029764 0
1549029765 0
1549029766 0
1549029767 0
1549029768 0
1549029769 0
1549029770 0
1549029771 0
1549029772 0
1549029773 0
1549029774 0
1549029775 0
1549029776 0
1549029777 0
1549029778 0
1549029779 0
1549029780 0
1549029781 0
1549029782 0
1549029783 0
1549029784 0
1549029785 0
1549029786 0
1549029787 0
1549029788 0
1549029789 0
1549029790 0
1549029791 0
1549029792 0
1549029793 0
1549029794 0
1549029795 0
1549029796 0
1549029797 0
1549029798 0
1549029799 0
1549029800 0
1549029801 0
1549029802 0
1549029803 0
1549029804 0
1549029805 0
1549029806 0
1549029807 0
1549029808 0
1549029809 0
1549029810 0
1549029811 0
1549029812 0
1549029813 0
1549029814 0
1549029815 0
1549029816 0
1549029817 0
1549029818 0
1549029819 0
1549029820 0
1549029821 0
1549029822 0
1549029823 0
1549029824 0
1549029825 0
1549029826 0
1549029827 0
1549029828 0
1549029829 0
1549029830 0
1549029831 0
1549029832 0
1549029833 0
1549029834 0
1549029835 0
1549029836 0
1549029837 0
1549029838 0
1549029839 0
1549029840 0
1549029841 0
1549029842 0
1549029843 0
1549029844 0
1549029845 0
1549029846 0
1549029847 0
1549029848 0
1549029849 0
1549029850 0
1549029851 0
1549029852 0
1549029853 0
1549029854 0
1549029855 0
1549029856 0
1549029857 0
1549029858 0
1549029859 0
1549029860 0
1549029861 0
1549029862 0
1549029863 0
1549029864 0
1549029865 0
1549029866 0
1549029867 0
1549029868 0
1549029869 0
1549029870 0
1549029871 0
1549029872 0
1549029873 0
1549029874 0
1549029875 0
1549029876 0
1549029877 0
1549029878 0
1549029879 0
1549029880 0
1549029881 0
1549029882 0
1549029883 0
1549029884 0
1549029885 0
1549029886 0
1549029887 0
1549029888 0
1549029889 0
1549029890 0
1549029891 0
1549029892 0
1549029893 0
1549029894 0
1549029895 0
1549029896 0
1549029897 0
1549029898 0
1549029899 0
1549029900 0
1549029901 0
1549029902 0
1549029903 0
1549029904 0
1549029905 0
1549029906 0
1549029907 0
1549029908 0
1549029909 0
1549029910 0
1549029911 0
1549029912 0
1549029913 0
1549029914 0
1549029915 0
1549029916 0
1549029917 0
1549029918 0
1549029919 0
1549029920 0
1549029921 0
1549029922 0
1549029923 0
1549029924 0
1549029925 0
1549029926 0
1549029927 0
1549029928 0
1549029929 0
1549029930 0
1549029931 0
1549029932 0
1549029933 0
1549029934 0
1549029935 0
1549029936 0
1549029937 0
1549029938 0
1549029939 0
1549029940 0
1549029941 0
1549029942 0
1549029943 0
1549029944 0
1549029945 0
1549029946 0
1549029947 0
1549029948 0
1549029949 0
1549029950 0
1549029951 0
1549029952 0
1549029953 0
1549029954 0
1549029955 0
1549029956 0
1549029957 0
1549029958 0
1549029959 0
1549029960 0
1549029961 0
1549029962 0
1549029963 0
1549029964 0
1549029965 0
1549029966 0
1549029967 0
1549029968 0
1549029969 0
1549029970 0
1549029971 0
1549029972 0
1549029973 0
1549029974 0
1549029975 0
1549029976 0
1549029977 0
1549029978 0
1549029979 0
1549029980 0
1549029981 0
1549029982 0
1549029983 0
1549029984 0
1549029985 0
1549029986 0
1549029987 0
1549029988 0
1549029989 0
1549029990 0
1549029991 0
1549029992 0
1549029993 0
1549029994 0
1549029995 0
1549029996 0
1549029997 0
1549029998 0
1549029999 0
1549030000 0
1549030001 0
1549030002 0
1549030003 0
1549030004 0
1549030005 0
1549030006 0
1549030007 0
1549030008 0
1549030009 0
1549030010 0
1549030011 0
1549030012 0
1549030013 0
1549030014 0
1549030015 0
1549030016 0
1549030017 0
1549030018 0
1549030019 0
1549030020 0
1549030021 0
1549030022 0
1549030023 0
1549030024 0
1549030025 0
1549030026 0
1549030027 0
1549030028 0
1549030029 0
1549030030 0
1549030031 0
1549030032 0
1549030033 0
1549030034 0
1549030035 0
1549030036 0
1549030037 0
1549030038 0
1549030039 0
1549030040 0
1549030041 0
1549030042 0
1549030043 0
1549030044 0
1549030045 0
1549030046 0
1549030047 0
1549030048 0
1549030049 0
1549030050 0
1549030051 0
1549030052 0
1549030053 0
1549030054 0
1549030055 0
1549030056 0
1549030057 0
1549030058 0
1549030059 0
1549030060 0
1549030061 0
1549030062 0
1549030063 0
1549030064 0
1549030065 0
1549030066 0
1549030067 0
1549030068 0
1549030069 0
1549030070 0
1549030071 0
1549030072 0
1549030073 0
1549030074 0
1549030075 0
1549030076 0
1549030077 0
1549030078 0
1549030079 0
1549030080 0
1549030081 0
1549030082 0
1549030083 0
1549030084 0
1549030085 0
1549030086 0
1549030087 0
1549030088 0
1549030089 0
1549030090 0
1549030091 0
1549030092 0
1549030093 0
1549030094 0
1549030095 0
1549030096 0
1549030097 0
1549030098 0
1549030099 0
1549030100 0
1549030101 0
1549030102 0
1549030103 0
1549030104 0
1549030105 0
1549030106 0
1549030107 0
1549030108 0
1549030109 0
1549030110 0
1549030111 0
1549030112 0
1549030113 0
1549030114 0
1549030115 0
1549030116 0
1549030117 0
1549030118 0
1549030119 0
1549030120 0
1549030121 0
1549030122 0
1549030123 0
1549030124 0
1549030125 0
1549030126 0
1549030127 0
1549030128 0
1549030129 0
1549030130 0
1549030131 0
1549030132 0
1549030133 0
1549030134 0
1549030135 0
1549030136 0
1549030137 0
1549030138 0
1549030139 0
1549030140 0
1549030141 0
1549030142 0
1549030143 0
1549030144 0
1549030145 0
1549030146 0
1549030147 0
1549030148 0
1549030149 0
1549030150 0
1549030151 0
1549030152 0
1549030153 0
1549030154 0
1549030155 0
1549030156 0
1549030157 0
1549030158 0
1549030159 0
1549030160 0
1549030161 0
1549030162 0
1549030163 0
1549030164 0
1549030165 0
1549030166 0
1549030167 0
1549030168 0
1549030169 0
1549030170 0
1549030171 0
1549030172 0
1549030173 0
1549030174 0
1549030175 0
1549030176 0
1549030177 0
1549030178 0
1549030179 0
1549030180 0
1549030181 0
1549030182 0
1549030183 0
1549030184 0
1549030185 0
1549030186 0
1549030187 0
1549030188 0
1549030189 0
1549030190 0
1549030191 0
1549030192 0
1549030193 0
1549030194 0
1549030195 0
1549030196 0
1549030197 0
1549030198 0
1549030199 0
1549030200 0
1549030201 0
1549030202 0
1549030203 0
1549030204 0
1549030205 0
1549030206 0
1549030207 0
1549030208 0
1549030209 0
1549030210 0
1549030211 0
1549030212 0
1549030213 0
1549030214 0
1549030215 0
1549030216 0
1549030217 0
1549030218 0
1549030219 0
1549030220 0
1549030221 0
1549030222 0
1549030223 0
1549030224 0
1549030225 0
1549030226 0
1549030227 0
1549030228 0
1549030229 0
1549030230 0
1549030231 0
1549030232 0
1549030233 0
1549030234 0
1549030235 0
1549030236 0
1549030237 0
1549030238 0
1549030239 0
1549030240 0
1549030241 0
1549030242 0
1549030243 0
1549030244 0
1549030245 0
1549030246 0
1549030247 0
1549030248 0
1549030249 0
1549030250 0
1549030251 0
1549030252 0
1549030253 0
1549030254 0
1549030255 0
1549030256 0
1549030257 0
1549030258 0
1549030259 0
1549030260 0
1549030261 0
1549030262 0
1549030263 0
1549030264 0
1549030265 0
1549030266 0
1549030267 0
1549030268 0
1549030269 0
1549030270 0
1549030271 0
1549030272 0
1549030273 0
1549030274 0
1549030275 0
1549030276 0
1549030277 0
1549030278 0
1549030279 0
1549030280 0
1549030281 0
1549030282 0
1549030283 0
1549030284 0
1549030285 0
1549030286 0
1549030287 0
1549030288 0
1549030289 0
1549030290 0
1549030291 0
1549030292 0
1549030293 0
1549030294 0
1549030295 0
1549030296 0
1549030297 0
1549030298 0
1549030299 0
1549030300 0
1549030301 0
1549030302 0
1549030303 0
1549030304 0
1549030305 0
1549030306 0
1549030307 0
1549030308 0
1549030309 0
1549030310 0
1549030311 0
1549030312 0
1549030313 0
1549030314 0
1549030315 0
1549030316 0
1549030317 0
1549030318 0
1549030319 0
1549030320 0
1549030321 0
1549030322 0
1549030323 0
1549030324 0
1549030325 0
1549030326 0
1549030327 0
1549030328 0
1549030329 0
1549030330 0
1549030331 0
1549030332 0
1549030333 0
1549030334 0
1549030335 0
1549030336 0
1549030337 0
1549030338 0
1549030339 0
1549030340 0
1549030341 0
1549030342 0
1549030343 0
1549030344 0
1549030345 0
1549030346 0
1549030347 0
1549030348 0
1549030349 0
1549030350 0
1549030351 0
1549030352 0
1549030353 0
1549030354 0
1549030355 0
1549030356 0
1549030357 0
1549030358 0
1549030359 0
1549030360 0
1549030361 0
1549030362 0
1549030363 0
1549030364 0
1549030365 0
1549030366 0
1549030367 0
1549030368 0
1549030369 0
1549030370 0
1549030371 0
1549030372 0
1549030373 0
1549030374 0
1549030375 0
1549030376 0
1549030377 0
1549030378 0
1549030379 0
1549030380 0
1549030381 0
1549030382 0
1549030383 0
1549030384 0
1549030385 0
1549030386 0
1549030387 0
1549030388 0
1549030389 0
1549030390 0
1549030391 0
1549030392 0
1549030393 0
1549030394 0
1549030395 0
1549030396 0
1549030397 0
1549030398 0
1549030399 0
1549030400 0
1549030401 0
1549030402 0
1549030403 0
1549030404 0
1549030405 0
1549030406 0
1549030407 0
1549030408 0
1549030409 0
1549030410 0
1549030411 0
1549030412 0
1549030413 0
1549030414 0
1549030415 0
1549030416 0
1549030417 0
1549030418 0
1549030419 0
1549030420 0
1549030421 0
1549030422 0
1549030423 0
1549030424 0
1549030425 0
1549030426 0
1549030427 0
1549030428 0
1549030429 0
1549030430 0
1549030431 0
1549030432 0
1549030433 0
1549030434 0
1549030435 0
1549030436 0
1549030437 0
1549030438 0
1549030439 0
1549030440 0
1549030441 0
1549030442 0
1549030443 0
1549030444 0
1549030445 0
1549030446 0
1549030447 0
1549030448 0
1549030449 0
1549030450 0
1549030451 0
1549030452 0
1549030453 0
1549030454 0
1549030455 0
1549030456 0
1549030457 0
1549030458 0
1549030459 0
1549030460 0
1549030461 0
1549030462 0
1549030463 0
1549030464 0
1549030465 0
1549030466 0
1549030467 0
1549030468 0
1549030469 0
1549030470 0
1549030471 0
1549030472 0
1549030473 0
1549030474 0
1549030475 0
1549030476 0
1549030477 0
1549030478 0
1549030479 0
1549030480 0
1549030481 0
1549030482 0
1549030483 0
1549030484 0
1549030485 0
1549030486 0
1549030487 0
1549030488 0
1549030489 0
1549030490 0
1549030491 0
1549030492 0
1549030493 0
1549030494 0
1549030495 0
1549030496 0
1549030497 0
1549030498 0
1549030499 0
1549030500 0
1549030501 0
1549030502 0
1549030503 0
1549030504 0
1549030505 0
1549030506 0
1549030507 0
1549030508 0
1549030509 0
1549030510 0
1549030511 0
1549030512 0
1549030513 0
1549030514 0
1549030515 0
1549030516 0
1549030517 0
1549030518 0
1549030519 0
1549030520 0
1549030521 0
1549030522 0
1549030523 0
1549030524 0
1549030525 0
1549030526 0
1549030527 0
1549030528 0
1549030529 0
1549030530 0
1549030531 0
1549030532 0
1549030533 0
1549030534 0
1549030535 0
1549030536 0
1549030537 0
1549030538 0
1549030539 0
1549030540 0
1549030541 0
1549030542 0
1549030543 0
1549030544 0
1549030545 0
1549030546 0
1549030547 0
1549030548 0
1549030549 0
1549030550 0
1549030551 0
1549030552 0
1549030553 0
1549030554 0
1549030555 0
1549030556 0
1549030557 0
1549030558 0
1549030559 0
1549030560 0
1549030561 0
1549030562 0
1549030563 0
1549030564 0
1549030565 0
1549030566 0
1549030567 0
1549030568 0
1549030569 0
1549030570 0
1549030571 0
1549030572 0
1549030573 0
1549030574 0
1549030575 0
1549030576 0
1549030577 0
1549030578 0
1549030579 0
1549030580 0
1549030581 0
1549030582 0
1549030583 0
1549030584 0
1549030585 0
1549030586 0
1549030587 0
1549030588 0
1549030589 0
1549030590 0
1549030591 0
1549030592 0
1549030593 0
1549030594 0
1549030595 0
1549030596 0
1549030597 0
1549030598 0
1549030599 0
1549030600 0
1549030601 0
1549030602 0
1549030603 0
1549030604 0
1549030605 0
1549030606 0
1549030607 0
1549030608 0
1549030609 0
1549030610 0
1549030611 0
1549030612 0
1549030613 0
1549030614 0
1549030615 0
1549030616 0
1549030617 0
1549030618 0
1549030619 0
1549030620 0
1549030621 0
1549030622 0
1549030623 0
1549030624 0
1549030625 0
1549030626 0
1549030627 0
1549030628 0
1549030629 0
1549030630 0
1549030631 0
1549030632 0
1549030633 0
1549030634 0
1549030635 0
1549030636 0
1549030637 0
1549030638 0
1549030639 0
1549030640 0
1549030641 0
1549030642 0
1549030643 0
1549030644 0
1549030645 0
1549030646 0
1549030647 0
1549030648 0
1549030649 0
1549030650 0
1549030651 0
1549030652 0
1549030653 0
1549030654 0
1549030655 0
1549030656 0
1549030657 0
1549030658 0
1549030659 0
1549030660 0
1549030661 0
1549030662 0
1549030663 0
1549030664 0
1549030665 0
1549030666 0
1549030667 0
1549030668 0
1549030669 0
1549030670 0
1549030671 0
1549030672 0
1549030673 0
1549030674 0
1549030675 0
1549030676 0
1549030677 0
1549030678 0
1549030679 0
1549030680 0
1549030681 0
1549030682 0
1549030683 0
1549030684 0
1549030685 0
1549030686 0
1549030687 0
1549030688 0
1549030689 0
1549030690 0
1549030691 0
1549030692 0
1549030693 0
1549030694 0
1549030695 0
1549030696 0
1549030697 0
1549030698 0
1549030699 0
1549030700 0
1549030701 0
1549030702 0
1549030703 0
1549030704 0
1549030705 0
1549030706 0
1549030707 0
1549030708 0
1549030709 0
1549030710 0
1549030711 0
1549030712 0
1549030713 0
1549030714 0
1549030715 0
1549030716 0
1549030717 0
1549030718 0
1549030719 0
1549030720 0
1549030721 0
1549030722 0
1549030723 0
1549030724 0
1549030725 0
1549030726 0
1549030727 0
1549030728 0
1549030729 0
1549030730 0
1549030731 0
1549030732 0
1549030733 0
1549030734 0
1549030735 0
1549030736 0
1549030737 0
1549030738 0
1549030739 0
1549030740 0
1549030741 0
1549030742 0
1549030743 0
1549030744 0
1549030745 0
1549030746 0
1549030747 0
1549030748 0
1549030749 0
1549030750 0
1549030751 0
1549030752 0
1549030753 0
1549030754 0
1549030755 0
1549030756 0
1549030757 0
1549030758 0
1549030759 0
1549030760 0
1549030761 0
1549030762 0
1549030763 0
1549030764 0
1549030765 0
1549030766 0
1549030767 0
1549030768 0
1549030769 0
1549030770 0
1549030771 0
1549030772 0
1549030773 0
1549030774 0
1549030775 0
1549030776 0
1549030777 0
1549030778 0
1549030779 0
1549030780 0
1549030781 0
1549030782 0
1549030783 0
1549030784 0
1549030785 0
1549030786 0
1549030787 0
1549030788 0
1549030789 0
1549030790 0
1549030791 0
1549030792 0
1549030793 0
1549030794 0
1549030795 0
1549030796 0
1549030797 0
1549030798 0
1549030799 0
1549030800 0
1549030801 0
1549030802 0
1549030803 0
1549030804 0
1549030805 0
1549030806 0
1549030807 0
1549030808 0
1549030809 0
1549030810 0
1549030811 0
1549030812 0
1549030813 0
1549030814 0
1549030815 0
1549030816 0
1549030817 0
1549030818 0
1549030819 0
1549030820 0
1549030821 0
1549030822 0
1549030823 0
1549030824 0
1549030825 0
1549030826 0
1549030827 0
1549030828 0
1549030829 0
1549030830 0
1549030831 0
1549030832 0
1549030833 0
1549030834 0
1549030835 0
1549030836 0
1549030837 0
1549030838 0
1549030839 0
1549030840 0
1549030841 0
1549030842 0
1549030843 0
1549030844 0
1549030845 0
1549030846 0
1549030847 0
1549030848 0
1549030849 0
1549030850 0
1549030851 0
1549030852 0
1549030853 0
1549030854 0
1549030855 0
1549030856 0
1549030857 0
1549030858 0
1549030859 0
1549030860 0
1549030861 0
1549030862 0
1549030863 0
1549030864 0
1549030865 0
1549030866 0
1549030867 0
1549030868 0
1549030869 0
1549030870 0
1549030871 0
1549030872 0
1549030873 0
1549030874 0
1549030875 0
1549030876 0
1549030877 0
1549030878 0
1549030879 0
1549030880 0
1549030881 0
1549030882 0
1549030883 0
1549030884 0
1549030885 0
1549030886 0
1549030887 0
1549030888 0
1549030889 0
1549030890 0
1549030891 0
1549030892 0
1549030893 0
1549030894 0
1549030895 0
1549030896 0
1549030897 0
1549030898 0
1549030899 0
1549030900 0
1549030901 0
1549030902 0
1549030903 0
1549030904 0
1549030905 0
1549030906 0
1549030907 0
1549030908 0
1549030909 0
1549030910 0
1549030911 0
1549030912 0
1549030913 0
1549030914 0
1549030915 0
1549030916 0
1549030917 0
1549030918 0
1549030919 0
1549030920 0
1549030921 0
1549030922 0
1549030923 0
1549030924 0
1549030925 0
1549030926 0
1549030927 0
1549030928 0
1549030929 0
1549030930 0
1549030931 0
1549030932 0
1549030933 0
1549030934 0
1549030935 0
1549030936 0
1549030937 0
1549030938 0
1549030939 0
1549030940 0
1549030941 0
1549030942 0
1549030943 0
1549030944 0
1549030945 0
1549030946 0
1549030947 0
1549030948 0
1549030949 0
1549030950 0
1549030951 0
1549030952 0
1549030953 0
1549030954 0
1549030955 0
1549030956 0
1549030957 0
1549030958 0
1549030959 0
1549030960 0
1549030961 0
1549030962 0
1549030963 0
1549030964 0
1549030965 0
1549030966 0
1549030967 0
1549030968 0
1549030969 0
1549030970 0
1549030971 0
1549030972 0
1549030973 0
1549030974 0
1549030975 0
1549030976 0
1549030977 0
1549030978 0
1549030979 0
1549030980 0
1549030981 0
1549030982 0
1549030983 0
1549030984 0
1549030985 0
1549030986 0
1549030987 0
1549030988 0
1549030989 0
1549030990 0
1549030991 0
1549030992 0
1549030993 0
1549030994 0
1549030995 0
1549030996 0
1549030997 0
1549030998 0
1549030999 0
1549031000 0
1549031001 0
1549031002 0
1549031003 0
1549031004 0
1549031005 0
1549031006 0
1549031007 0
1549031008 0
1549031009 0
1549031010 0
1549031011 0
1549031012 0
1549031013 0
1549031014 0
1549031015 0
1549031016 0
1549031017 0
1549031018 0
1549031019 0
1549031020 0
1549031021 0
1549031022 0
1549031023 0
1549031024 0
1549031025 0
1549031026 0
1549031027 0
1549031028 0
1549031029 0
1549031030 0
1549031031 0
1549031032 0
1549031033 0
1549031034 0
1549031035 0
1549031036 0
1549031037 0
1549031038 0
1549031039 0
1549031040 0
1549031041 0
1549031042 0
1549031043 0
1549031044 0
1549031045 0
1549031046 0
1549031047 0
1549031048 0
1549031049 0
1549031050 0
1549031051 0
1549031052 0
1549031053 0
1549031054 0
1549031055 0
1549031056 0
1549031057 0
1549031058 0
1549031059 0
1549031060 0
1549031061 0
1549031062 0
1549031063 0
1549031064 0
1549031065 0
1549031066 0
1549031067 0
1549031068 0
1549031069 0
1549031070 0
1549031071 0
1549031072 0
1549031073 0
1549031074 0
1549031075 0
1549031076 0
1549031077 0
1549031078 0
1549031079 0
1549031080 0
1549031081 0
1549031082 0
1549031083 0
1549031084 0
1549031085 0
1549031086 0
1549031087 0
1549031088 0
1549031089 0
1549031090 0
1549031091 0
1549031092 0
1549031093 0
1549031094 0
1549031095 0
1549031096 0
1549031097 0
1549031098 0
1549031099 0
1549031100 0
1549031101 0
1549031102 0
1549031103 0
1549031104 0
1549031105 0
1549031106 0
1549031107 0
1549031108 0
1549031109 0
1549031110 0
1549031111 0
1549031112 0
1549031113 0
1549031114 0
1549031115 0
1549031116 0
1549031117 0
1549031118 0
1549031119 0
1549031120 0
1549031121 0
1549031122 0
1549031123 0
1549031124 0
1549031125 0
1549031126 0
1549031127 0
1549031128 0
1549031129 0
1549031130 0
1549031131 0
1549031132 0
1549031133 0
1549031134 0
1549031135 0
1549031136 0
1549031137 0
1549031138 0
1549031139 0
1549031140 0
1549031141 0
1549031142 0
1549031143 0
1549031144 0
1549031145 0
1549031146 0
1549031147 0
1549031148 0
1549031149 0
1549031150 0
1549031151 0
1549031152 0
1549031153 0
1549031154 0
1549031155 0
1549031156 0
1549031157 0
1549031158 0
1549031159 0
1549031160 0
1549031161 0
1549031162 0
1549031163 0
1549031164 0
1549031165 0
1549031166 0
1549031167 0
1549031168 0
1549031169 0
1549031170 0
1549031171 0
1549031172 0
1549031173 0
1549031174 0
1549031175 0
1549031176 0
1549031177 0
1549031178 0
1549031179 0
1549031180 0
1549031181 0
1549031182 0
1549031183 0
1549031184 0
1549031185 0
1549031186 0
1549031187 0
1549031188 0
1549031189 0
1549031190 0
1549031191 0
1549031192 0
1549031193 0
1549031194 0
1549031195 0
1549031196 0
1549031197 0
1549031198 0
1549031199 0
1549031200 0
1549031201 0
1549031202 0
1549031203 0
1549031204 0
1549031205 0
1549031206 0
1549031207 0
1549031208 0
1549031209 0
1549031210 0
1549031211 0
1549031212 0
1549031213 0
1549031214 0
1549031215 0
1549031216 0
1549031217 0
1549031218 0
1549031219 0
1549031220 0
1549031221 0
1549031222 0
1549031223 0
1549031224 0
1549031225 0
1549031226 0
1549031227 0
1549031228 0
1549031229 0
1549031230 0
1549031231 0
1549031232 0
1549031233 0
1549031234 0
1549031235 0
1549031236 0
1549031237 0
1549031238 0
1549031239 0
1549031240 0
1549031241 0
1549031242 0
1549031243 0
1549031244 0
1549031245 0
1549031246 0
1549031247 0
1549031248 0
1549031249 0
1549031250 0
1549031251 0
1549031252 0
1549031253 0
1549031254 0
1549031255 0
1549031256 0
1549031257 0
1549031258 0
1549031259 0
1549031260 0
1549031261 0
1549031262 0
1549031263 0
1549031264 0
1549031265 0
1549031266 0
1549031267 0
1549031268 0
1549031269 0
1549031270 0
1549031271 0
1549031272 0
1549031273 0
1549031274 0
1549031275 0
1549031276 0
1549031277 0
1549031278 0
1549031279 0
1549031280 0
1549031281 0
1549031282 0
1549031283 0
1549031284 0
1549031285 0
1549031286 0
1549031287 0
1549031288 0
1549031289 0
1549031290 0
1549031291 0
1549031292 0
1549031293 0
1549031294 0
1549031295 0
1549031296 0
1549031297 0
1549031298 0
1549031299 0
1549031300 0
1549031301 0
1549031302 0
1549031303 0
1549031304 0
1549031305 0
1549031306 0
1549031307 0
1549031308 0
1549031309 0
1549031310 0
1549031311 0
1549031312 0
1549031313 0
1549031314 0
1549031315 0
1549031316 0
1549031317 0
1549031318 0
1549031319 0
1549031320 0
1549031321 0
1549031322 0
1549031323 0
1549031324 0
1549031325 0
1549031326 0
1549031327 0
1549031328 0
1549031329 0
1549031330 0
1549031331 0
1549031332 0
1549031333 0
1549031334 0
1549031335 0
1549031336 0
1549031337 0
1549031338 0
1549031339 0
1549031340 0
1549031341 0
1549031342 0
1549031343 0
1549031344 0
1549031345 0
1549031346 0
1549031347 0
1549031348 0
1549031349 0
1549031350 0
1549031351 0
1549031352 0
1549031353 0
1549031354 0
1549031355 0
1549031356 0
1549031357 0
1549031358 0
1549031359 0
1549031360 0
1549031361 0
1549031362 0
1549031363 0
1549031364 0
1549031365 0
1549031366 0
1549031367 0
1549031368 0
1549031369 0
1549031370 0
1549031371 0
1549031372 0
1549031373 0
1549031374 0
1549031375 0
1549031376 0
1549031377 0
1549031378 0
1549031379 0
1549031380 0
1549031381 0
1549031382 0
1549031383 0
1549031384 0
1549031385 0
1549031386 0
1549031387 0
1549031388 0
1549031389 0
1549031390 0
1549031391 0
1549031392 0
1549031393 0
1549031394 0
1549031395 0
1549031396 0
1549031397 0
1549031398 0
1549031399 0
1549031400 0
1549031401 0
1549031402 0
1549031403 0
1549031404 0
1549031405 0
1549031406 0
1549031407 0
1549031408 0
1549031409 0
1549031410 0
1549031411 0
1549031412 0
1549031413 0
1549031414 0
1549031415 0
1549031416 0
1549031417 0
1549031418 0
1549031419 0
1549031420 0
1549031421 0
1549031422 0
1549031423 0
1549031424 0
1549031425 0
1549031426 0
1549031427 0
1549031428 0
1549031429 0
1549031430 0
1549031431 0
1549031432 0
1549031433 0
1549031434 0
1549031435 0
1549031436 0
1549031437 0
1549031438 0
1549031439 0
1549031440 0
1549031441 0
1549031442 0
1549031443 0
1549031444 0
1549031445 0
1549031446 0
1549031447 0
1549031448 0
1549031449 0
1549031450 0
1549031451 0
1549031452 0
1549031453 0
1549031454 0
1549031455 0
1549031456 0
1549031457 0
1549031458 0
1549031459 0
1549031460 0
1549031461 0
1549031462 0
1549031463 0
1549031464 0
1549031465 0
1549031466 0
1549031467 0
1549031468 0
1549031469 0
1549031470 0
1549031471 0
1549031472 0
1549031473 0
1549031474 0
1549031475 0
1549031476 0
1549031477 0
1549031478 0
1549031479 0
1549031480 0
1549031481 0
1549031482 0
1549031483 0
1549031484 0
1549031485 0
1549031486 0
1549031487 0
1549031488 0
1549031489 0
1549031490 0
1549031491 0
1549031492 0
1549031493 0
1549031494 0
1549031495 0
1549031496 0
1549031497 0
1549031498 0
1549031499 0
1549031500 0
1549031501 0
1549031502 0
1549031503 0
1549031504 0
1549031505 0
1549031506 0
1549031507 0
1549031508 0
1549031509 0
1549031510 0
1549031511 0
1549031512 0
1549031513 0
1549031514 0
1549031515 0
1549031516 0
1549031517 0
1549031518 0
1549031519 0
1549031520 0
1549031521 0
1549031522 0
1549031523 0
1549031524 0
1549031525 0
1549031526 0
1549031527 0
1549031528 0
1549031529 0
1549031530 0
1549031531 0
1549031532 0
1549031533 0
1549031534 0
1549031535 0
1549031536 0
1549031537 0
1549031538 0
1549031539 0
1549031540 0
1549031541 0
1549031542 0
1549031543 0
1549031544 0
1549031545 0
1549031546 0
1549031547 0
1549031548 0
1549031549 0
1549031550 0
1549031551 0
1549031552 0
1549031553 0
1549031554 0
1549031555 0
1549031556 0
1549031557 0
1549031558 0
1549031559 0
1549031560 0
1549031561 0
1549031562 0
1549031563 0
1549031564 0
1549031565 0
1549031566 0
1549031567 0
1549031568 0
1549031569 0
1549031570 0
1549031571 0
1549031572 0
1549031573 0
1549031574 0
1549031575 0
1549031576 0
1549031577 0
1549031578 0
1549031579 0
1549031580 0
1549031581 0
1549031582 0
1549031583 0
1549031584 0
1549031585 0
1549031586 0
1549031587 0
1549031588 0
1549031589 0
1549031590 0
1549031591 0
1549031592 0
1549031593 0
1549031594 0
1549031595 0
1549031596 0
1549031597 0
1549031598 0
1549031599 0
1549031600 0
1549031601 0
1549031602 0
1549031603 0
1549031604 0
1549031605 0
1549031606 0
1549031607 0
1549031608 0
1549031609 0
1549031610 0
1549031611 0
1549031612 0
1549031613 0
1549031614 0
1549031615 0
1549031616 0
1549031617 0
1549031618 0
1549031619 0
1549031620 0
1549031621 0
1549031622 0
1549031623 0
1549031624 0
1549031625 0
1549031626 0
1549031627 0
1549031628 0
1549031629 0
1549031630 0
1549031631 0
1549031632 0
1549031633 0
1549031634 0
1549031635 0
1549031636 0
1549031637 0
1549031638 0
1549031639 0
1549031640 0
1549031641 0
1549031642 0
1549031643 0
1549031644 0
1549031645 0
1549031646 0
1549031647 0
1549031648 0
1549031649 0
1549031650 0
1549031651 0
1549031652 0
1549031653 0
1549031654 0
1549031655 0
1549031656 0
1549031657 0
1549031658 0
1549031659 0
1549031660 0
1549031661 0
1549031662 0
1549031663 0
1549031664 0
1549031665 0
1549031666 0
1549031667 0
1549031668 0
1549031669 0
1549031670 0
1549031671 0
1549031672 0
1549031673 0
1549031674 0
1549031675 0
1549031676 0
1549031677 0
1549031678 0
1549031679 0
1549031680 0
1549031681 0
1549031682 0
1549031683 0
1549031684 0
1549031685 0
1549031686 0
1549031687 0
1549031688 0
1549031689 0
1549031690 0
1549031691 0
1549031692 0
1549031693 0
1549031694 0
1549031695 0
1549031696 0
1549031697 0
1549031698 0
1549031699 0
1549031700 0
1549031701 0
1549031702 0
1549031703 0
1549031704 0
1549031705 0
1549031706 0
1549031707 0
1549031708 0
1549031709 0
1549031710 0
1549031711 0
1549031712 0
1549031713 0
1549031714 0
1549031715 0
1549031716 0
1549031717 0
1549031718 0
1549031719 0
1549031720 0
1549031721 0
1549031722 0
1549031723 0
1549031724 0
1549031725 0
1549031726 0
1549031727 0
1549031728 0
1549031729 0
1549031730 0
1549031731 0
1549031732 0
1549031733 0
1549031734 0
1549031735 0
1549031736 0
1549031737 0
1549031738 0
1549031739 0
1549031740 0
1549031741 0
1549031742 0
1549031743 0
1549031744 0
1549031745 0
1549031746 0
1549031747 0
1549031748 0
1549031749 0
1549031750 0
1549031751 0
1549031752 0
1549031753 0
1549031754 0
1549031755 0
1549031756 0
1549031757 0
1549031758 0
1549031759 0
1549031760 0
1549031761 0
1549031762 0
1549031763 0
1549031764 0
1549031765 0
1549031766 0
1549031767 0
1549031768 0
1549031769 0
1549031770 0
1549031771 0
1549031772 0
1549031773 0
1549031774 0
1549031775 0
1549031776 0
1549031777 0
1549031778 0
1549031779 0
1549031780 0
1549031781 0
1549031782 0
1549031783 0
1549031784 0
1549031785 0
1549031786 0
1549031787 0
1549031788 0
1549031789 0
1549031790 0
1549031791 0
1549031792 0
1549031793 0
1549031794 0
1549031795 0
1549031796 0
1549031797 0
1549031798 0
1549031799 0
1549031800 0
1549031801 0
1549031802 0
1549031803 0
1549031804 0
1549031805 0
1549031806 0
1549031807 0
1549031808 0
1549031809 0
1549031810 0
1549031811 0
1549031812 0
1549031813 0
1549031814 0
1549031815 0
1549031816 0
1549031817 0
1549031818 0
1549031819 0
1549031820 0
1549031821 0
1549031822 0
1549031823 0
1549031824 0
1549031825 0
1549031826 0
1549031827 0
1549031828 0
1549031829 0
1549031830 0
1549031831 0
1549031832 0
1549031833 0
1549031834 0
1549031835 0
1549031836 0
1549031837 0
1549031838 0
1549031839 0
1549031840 0
1549031841 0
1549031842 0
1549031843 0
1549031844 0
1549031845 0
1549031846 0
1549031847 0
1549031848 0
1549031849 0
1549031850 0
1549031851 0
1549031852 0
1549031853 0
1549031854 0
1549031855 0
1549031856 0
1549031857 0
1549031858 0
1549031859 0
1549031860 0
1549031861 0
1549031862 0
1549031863 0
1549031864 0
1549031865 0
1549031866 0
1549031867 0
1549031868 0
1549031869 0
1549031870 0
1549031871 0
1549031872 0
1549031873 0
1549031874 0
1549031875 0
1549031876 0
1549031877 0
1549031878 0
1549031879 0
1549031880 0
1549031881 0
1549031882 0
1549031883 0
1549031884 0
1549031885 0
1549031886 0
1549031887 0
1549031888 0
1549031889 0
1549031890 0
1549031891 0
1549031892 0
1549031893 0
1549031894 0
1549031895 0
1549031896 0
1549031897 0
1549031898 0
1549031899 0
1549031900 0
1549031901 0
1549031902 0
1549031903 0
1549031904 0
1549031905 0
1549031906 0
1549031907 0
1549031908 0
1549031909 0
1549031910 0
1549031911 0
1549031912 0
1549031913 0
1549031914 0
1549031915 0
1549031916 0
1549031917 0
1549031918 0
1549031919 0
1549031920 0
1549031921 0
1549031922 0
1549031923 0
1549031924 0
1549031925 0
1549031926 0
1549031927 0
1549031928 0
1549031929 0
1549031930 0
1549031931 0
1549031932 0
1549031933 0
1549031934 0
1549031935 0
1549031936 0
1549031937 0
1549031938 0
1549031939 0
1549031940 0
1549031941 0
1549031942 0
1549031943 0
1549031944 0
1549031945 0
1549031946 0
1549031947 0
1549031948 0
1549031949 0
1549031950 0
1549031951 0
1549031952 0
1549031953 0
1549031954 0
1549031955 0
1549031956 0
1549031957 0
1549031958 0
1549031959 0
1549031960 0
1549031961 0
1549031962 0
1549031963 0
1549031964 0
1549031965 0
1549031966 0
1549031967 0
1549031968 0
1549031969 0
1549031970 0
1549031971 0
1549031972 0
1549031973 0
1549031974 0
1549031975 0
1549031976 0
1549031977 0
1549031978 0
1549031979 0
1549031980 0
1549031981 0
1549031982 0
1549031983 0
1549031984 0
1549031985 0
1549031986 0
1549031987 0
1549031988 0
1549031989 0
1549031990 0
1549031991 0
1549031992 0
1549031993 0
1549031994 0
1549031995 0
1549031996 0
1549031997 0
1549031998 0
1549031999 0
1549032000 0
1549032001 0
1549032002 0
1549032003 0
1549032004 0
1549032005 0
1549032006 0
1549032007 0
1549032008 0
1549032009 0
1549032010 0
1549032011 0
1549032012 0
1549032013 0
1549032014 0
1549032015 0
1549032016 0
1549032017 0
1549032018 0
1549032019 0
1549032020 0
1549032021 0
1549032022 0
1549032023 0
1549032024 0
1549032025 0
1549032026 0
1549032027 0
1549032028 0
1549032029 0
1549032030 0
1549032031 0
1549032032 0
1549032033 0
1549032034 0
1549032035 0
1549032036 0
1549032037 0
1549032038 0
1549032039 0
1549032040 0
1549032041 0
1549032042 0
1549032043 0
1549032044 0
1549032045 0
1549032046 0
1549032047 0
1549032048 0
1549032049 0
1549032050 0
1549032051 0
1549032052 0
1549032053 0
1549032054 0
1549032055 0
1549032056 0
1549032057 0
1549032058 0
1549032059 0
1549032060 0
1549032061 0
1549032062 0
1549032063 0
1549032064 0
1549032065 0
1549032066 0
1549032067 0
1549032068 0
1549032069 0
1549032070 0
1549032071 0
1549032072 0
1549032073 0
1549032074 0
1549032075 0
1549032076 0
1549032077 0
1549032078 0
1549032079 0
1549032080 0
1549032081 0
1549032082 0
1549032083 0
1549032084 0
1549032085 0
1549032086 0
1549032087 0
1549032088 0
1549032089 0
1549032090 0
1549032091 0
1549032092 0
1549032093 0
1549032094 0
1549032095 0
1549032096 0
1549032097 0
1549032098 0
1549032099 0
1549032100 0
1549032101 0
1549032102 0
1549032103 0
1549032104 0
1549032105 0
1549032106 0
1549032107 0
1549032108 0
1549032109 0
1549032110 0
1549032111 0
1549032112 0
1549032113 0
1549032114 0
1549032115 0
1549032116 0
1549032117 0
1549032118 0
1549032119 0
1549032120 0
1549032121 0
1549032122 0
1549032123 0
1549032124 0
1549032125 0
1549032126 0
1549032127 0
1549032128 0
1549032129 0
1549032130 0
1549032131 0
1549032132 0
1549032133 0
1549032134 0
1549032135 0
1549032136 0
1549032137 0
1549032138 0
1549032139 0
1549032140 0
1549032141 0
1549032142 0
1549032143 0
1549032144 0
1549032145 0
1549032146 0
1549032147 0
1549032148 0
1549032149 0
1549032150 0
1549032151 0
1549032152 0
1549032153 0
1549032154 0
1549032155 0
1549032156 0
1549032157 0
1549032158 0
1549032159 0
1549032160 0
1549032161 0
1549032162 0
1549032163 0
1549032164 0
1549032165 0
1549032166 0
1549032167 0
1549032168 0
1549032169 0
1549032170 0
1549032171 0
1549032172 0
1549032173 0
1549032174 0
1549032175 0
1549032176 0
1549032177 0
1549032178 0
1549032179 0
1549032180 0
1549032181 0
1549032182 0
1549032183 0
1549032184 0
1549032185 0
1549032186 0
1549032187 0
1549032188 0
1549032189 0
1549032190 0
1549032191 0
1549032192 0
1549032193 0
1549032194 0
1549032195 0
1549032196 0
1549032197 0
1549032198 0
1549032199 0
1549032200 0
1549032201 0
1549032202 0
1549032203 0
1549032204 0
1549032205 0
1549032206 0
1549032207 0
1549032208 0
1549032209 0
1549032210 0
1549032211 0
1549032212 0
1549032213 0
1549032214 0
1549032215 0
1549032216 0
1549032217 0
1549032218 0
1549032219 0
1549032220 0
1549032221 0
1549032222 0
1549032223 0
1549032224 0
1549032225 0
1549032226 0
1549032227 0
1549032228 0
1549032229 0
1549032230 0
1549032231 0
1549032232 0
1549032233 0
1549032234 0
1549032235 0
1549032236 0
1549032237 0
1549032238 0
1549032239 0
1549032240 0
1549032241 0
1549032242 0
1549032243 0
1549032244 0
1549032245 0
1549032246 0
1549032247 0
1549032248 0
1549032249 0
1549032250 0
1549032251 0
1549032252 0
1549032253 0
1549032254 0
1549032255 0
1549032256 0
1549032257 0
1549032258 0
1549032259 0
1549032260 0
1549032261 0
1549032262 0
1549032263 0
1549032264 0
1549032265 0
1549032266 0
1549032267 0
1549032268 0
1549032269 0
1549032270 0
1549032271 0
1549032272 0
1549032273 0
1549032274 0
1549032275 0
1549032276 0
1549032277 0
1549032278 0
1549032279 0
1549032280 0
1549032281 0
1549032282 0
1549032283 0
1549032284 0
1549032285 0
1549032286 0
1549032287 0
1549032288 0
1549032289 0
1549032290 0
1549032291 0
1549032292 0
1549032293 0
1549032294 0
1549032295 0
1549032296 0
1549032297 0
1549032298 0
1549032299 0
1549032300 0
1549032301 0
1549032302 0
1549032303 0
1549032304 0
1549032305 0
1549032306 0
1549032307 0
1549032308 0
1549032309 0
1549032310 0
1549032311 0
1549032312 0
1549032313 0
1549032314 0
1549032315 0
1549032316 0
1549032317 0
1549032318 0
1549032319 0
1549032320 0
1549032321 0
1549032322 0
1549032323 0
1549032324 0
1549032325 0
1549032326 0
1549032327 0
1549032328 0
1549032329 0
1549032330 0
1549032331 0
1549032332 0
1549032333 0
1549032334 0
1549032335 0
1549032336 0
1549032337 0
1549032338 0
1549032339 0
1549032340 0
1549032341 0
1549032342 0
1549032343 0
1549032344 0
1549032345 0
1549032346 0
1549032347 0
1549032348 0
1549032349 0
1549032350 0
1549032351 0
1549032352 0
1549032353 0
1549032354 0
1549032355 0
1549032356 0
1549032357 0
1549032358 0
1549032359 0
1549032360 0
1549032361 0
1549032362 0
1549032363 0
1549032364 0
1549032365 0
1549032366 0
1549032367 0
1549032368 0
1549032369 0
1549032370 0
1549032371 0
1549032372 0
1549032373 0
1549032374 0
1549032375 0
1549032376 0
1549032377 0
1549032378 0
1549032379 0
1549032380 0
1549032381 0
1549032382 0
1549032383 0
1549032384 0
1549032385 0
1549032386 0
1549032387 0
1549032388 0
1549032389 0
1549032390 0
1549032391 0
1549032392 0
1549032393 0
1549032394 0
1549032395 0
1549032396 0
1549032397 0
1549032398 0
1549032399 0
1549032400 0
1549032401 0
1549032402 0
1549032403 0
1549032404 0
1549032405 0
1549032406 0
1549032407 0
1549032408 0
1549032409 0
1549032410 0
1549032411 0
1549032412 0
1549032413 0
1549032414 0
1549032415 0
1549032416 0
1549032417 0
1549032418 0
1549032419 0
1549032420 0
1549032421 0
1549032422 0
1549032423 0
1549032424 0
1549032425 0
1549032426 0
1549032427 0
1549032428 0
1549032429 0
1549032430 0
1549032431 0
1549032432 0
1549032433 0
1549032434 0
1549032435 0
1549032436 0
1549032437 0
1549032438 0
1549032439 0
1549032440 0
1549032441 0
1549032442 0
1549032443 0
1549032444 0
1549032445 0
1549032446 0
1549032447 0
1549032448 0
1549032449 0
1549032450 0
1549032451 0
1549032452 0
1549032453 0
1549032454 0
1549032455 0
1549032456 0
1549032457 0
1549032458 0
1549032459 0
1549032460 0
1549032461 0
1549032462 0
1549032463 0
1549032464 0
1549032465 0
1549032466 0
1549032467 0
1549032468 0
1549032469 0
1549032470 0
1549032471 0
1549032472 0
1549032473 0
1549032474 0
1549032475 0
1549032476 0
1549032477 0
1549032478 0
1549032479 0
1549032480 0
1549032481 0
1549032482 0
1549032483 0
1549032484 0
1549032485 0
1549032486 0
1549032487 0
1549032488 0
1549032489 0
1549032490 0
1549032491 0
1549032492 0
1549032493 0
1549032494 0
1549032495 0
1549032496 0
1549032497 0
1549032498 0
1549032499 0
1549032500 0
1549032501 0
1549032502 0
1549032503 0
1549032504 0
1549032505 0
1549032506 0
1549032507 0
1549032508 0
1549032509 0
1549032510 0
1549032511 0
1549032512 0
1549032513 0
1549032514 0
1549032515 0
1549032516 0
1549032517 0
1549032518 0
1549032519 0
1549032520 0
1549032521 0
1549032522 0
1549032523 0
1549032524 0
1549032525 0
1549032526 0
1549032527 0
1549032528 0
1549032529 0
1549032530 0
1549032531 0
1549032532 0
1549032533 0
1549032534 0
1549032535 0
1549032536 0
1549032537 0
1549032538 0
1549032539 0
1549032540 0
1549032541 0
1549032542 0
1549032543 0
1549032544 0
1549032545 0
1549032546 0
1549032547 0
1549032548 0
1549032549 0
1549032550 0
1549032551 0
1549032552 0
1549032553 0
1549032554 0
1549032555 0
1549032556 0
1549032557 0
1549032558 0
1549032559 0
1549032560 0
1549032561 0
1549032562 0
1549032563 0
1549032564 0
1549032565 0
1549032566 0
1549032567 0
1549032568 0
1549032569 0
1549032570 0
1549032571 0
1549032572 0
1549032573 0
1549032574 0
1549032575 0
1549032576 0
1549032577 0
1549032578 0
1549032579 0
1549032580 0
1549032581 0
1549032582 0
1549032583 0
1549032584 0
1549032585 0
1549032586 0
1549032587 0
1549032588 0
1549032589 0
1549032590 0
1549032591 0
1549032592 0
1549032593 0
1549032594 0
1549032595 0
1549032596 0
1549032597 0
1549032598 0
1549032599 0
1549032600 0
1549032601 0
1549032602 0
1549032603 0
1549032604 0
1549032605 0
1549032606 0
1549032607 0
1549032608 0
1549032609 0
1549032610 0
1549032611 0
1549032612 0
1549032613 0
1549032614 0
1549032615 0
1549032616 0
1549032617 0
1549032618 0
1549032619 0
1549032620 0
1549032621 0
1549032622 0
1549032623 0
1549032624 0
1549032625 0
1549032626 0
1549032627 0
1549032628 0
1549032629 0
1549032630 0
1549032631 0
1549032632 0
1549032633 0
1549032634 0
1549032635 0
1549032636 0
1549032637 0
1549032638 0
1549032639 0
1549032640 0
1549032641 0
1549032642 0
1549032643 0
1549032644 0
1549032645 0
1549032646 0
1549032647 0
1549032648 0
1549032649 0
1549032650 0
1549032651 0
1549032652 0
1549032653 0
1549032654 0
1549032655 0
1549032656 0
1549032657 0
1549032658 0
1549032659 0
1549032660 0
1549032661 0
1549032662 0
1549032663 0
1549032664 0
1549032665 0
1549032666 0
1549032667 0
1549032668 0
1549032669 0
1549032670 0
1549032671 0
1549032672 0
1549032673 0
1549032674 0
1549032675 0
1549032676 0
1549032677 0
1549032678 0
1549032679 0
1549032680 0
1549032681 0
1549032682 0
1549032683 0
1549032684 0
1549032685 0
1549032686 0
1549032687 0
1549032688 0
1549032689 0
1549032690 0
1549032691 0
1549032692 0
1549032693 0
1549032694 0
1549032695 0
1549032696 0
1549032697 0
1549032698 0
1549032699 0
1549032700 0
1549032701 0
1549032702 0
1549032703 0
1549032704 0
1549032705 0
1549032706 0
1549032707 0
1549032708 0
1549032709 0
1549032710 0
1549032711 0
1549032712 0
1549032713 0
1549032714 0
1549032715 0
1549032716 0
1549032717 0
1549032718 0
1549032719 0
1549032720 0
1549032721 0
1549032722 0
1549032723 0
1549032724 0
1549032725 0
1549032726 0
1549032727 0
1549032728 0
1549032729 0
1549032730 0
1549032731 0
1549032732 0
1549032733 0
1549032734 0
1549032735 0
1549032736 0
1549032737 0
1549032738 0
1549032739 0
1549032740 0
1549032741 0
1549032742 0
1549032743 0
1549032744 0
1549032745 0
1549032746 0
1549032747 0
1549032748 0
1549032749 0
1549032750 0
1549032751 0
1549032752 0
1549032753 0
1549032754 0
1549032755 0
1549032756 0
1549032757 0
1549032758 0
1549032759 0
1549032760 0
1549032761 0
1549032762 0
1549032763 0
1549032764 0
1549032765 0
1549032766 0
1549032767 0
1549032768 0
1549032769 0
1549032770 0
1549032771 0
1549032772 0
1549032773 0
1549032774 0
1549032775 0
1549032776 0
1549032777 0
1549032778 0
1549032779 0
1549032780 0
1549032781 0
1549032782 0
1549032783 0
1549032784 0
1549032785 0
1549032786 0
1549032787 0
1549032788 0
1549032789 0
1549032790 0
1549032791 0
1549032792 0
1549032793 0
1549032794 0
1549032795 0
1549032796 0
1549032797 0
1549032798 0
1549032799 0
1549032800 0
1549032801 0
1549032802 0
1549032803 0
1549032804 0
1549032805 0
1549032806 0
1549032807 0
1549032808 0
1549032809 0
1549032810 0
1549032811 0
1549032812 0
1549032813 0
1549032814 0
1549032815 0
1549032816 0
1549032817 0
1549032818 0
1549032819 0
1549032820 0
1549032821 0
1549032822 0
1549032823 0
1549032824 0
1549032825 0
1549032826 0
1549032827 0
1549032828 0
1549032829 0
1549032830 0
1549032831 0
1549032832 0
1549032833 0
1549032834 0
1549032835 0
1549032836 0
1549032837 0
1549032838 0
1549032839 0
1549032840 0
1549032841 0
1549032842 0
1549032843 0
1549032844 0
1549032845 0
1549032846 0
1549032847 0
1549032848 0
1549032849 0
1549032850 0
1549032851 0
1549032852 0
1549032853 0
1549032854 0
1549032855 0
1549032856 0
1549032857 0
1549032858 0
1549032859 0
1549032860 0
1549032861 0
1549032862 0
1549032863 0
1549032864 0
1549032865 0
1549032866 0
1549032867 0
1549032868 0
1549032869 0
1549032870 0
1549032871 0
1549032872 0
1549032873 0
1549032874 0
1549032875 0
1549032876 0
1549032877 0
1549032878 0
1549032879 0
1549032880 0
1549032881 0
1549032882 0
1549032883 0
1549032884 0
1549032885 0
1549032886 0
1549032887 0
1549032888 0
1549032889 0
1549032890 0
1549032891 0
1549032892 0
1549032893 0
1549032894 0
1549032895 0
1549032896 0
1549032897 0
1549032898 0
1549032899 0
1549032900 0
1549032901 0
1549032902 0
1549032903 0
1549032904 0
1549032905 0
1549032906 0
1549032907 0
1549032908 0
1549032909 0
1549032910 0
1549032911 0
1549032912 0
1549032913 0
1549032914 0
1549032915 0
1549032916 0
1549032917 0
1549032918 0
1549032919 0
1549032920 0
1549032921 0
1549032922 0
1549032923 0
1549032924 0
1549032925 0
1549032926 0
1549032927 0
1549032928 0
1549032929 0
1549032930 0
1549032931 0
1549032932 0
1549032933 0
1549032934 0
1549032935 0
1549032936 0
1549032937 0
1549032938 0
1549032939 0
1549032940 0
1549032941 0
1549032942 0
1549032943 0
1549032944 0
1549032945 0
1549032946 0
1549032947 0
1549032948 0
1549032949 0
1549032950 0
1549032951 0
1549032952 0
1549032953 0
1549032954 0
1549032955 0
1549032956 0
1549032957 0
1549032958 0
1549032959 0
1549032960 0
1549032961 0
1549032962 0
1549032963 0
1549032964 0
1549032965 0
1549032966 0
1549032967 0
1549032968 0
1549032969 0
1549032970 0
1549032971 0
1549032972 0
1549032973 0
1549032974 0
1549032975 0
1549032976 0
1549032977 0
1549032978 0
1549032979 0
1549032980 0
1549032981 0
1549032982 0
1549032983 0
1549032984 0
1549032985 0
1549032986 0
1549032987 0
1549032988 0
1549032989 0
1549032990 0
1549032991 0
1549032992 0
1549032993 0
1549032994 0
1549032995 0
1549032996 0
1549032997 0
1549032998 0
1549032999 0
1549033000 0
1549033001 0
1549033002 0
1549033003 0
1549033004 0
1549033005 0
1549033006 0
1549033007 0
1549033008 0
1549033009 0
1549033010 0
1549033011 0
1549033012 0
1549033013 0
1549033014 0
1549033015 0
1549033016 0
1549033017 0
1549033018 0
1549033019 0
1549033020 0
1549033021 0
1549033022 0
1549033023 0
1549033024 0
1549033025 0
1549033026 0
1549033027 0
1549033028 0
1549033029 0
1549033030 0
1549033031 0
1549033032 0
1549033033 0
1549033034 0
1549033035 0
1549033036 0
1549033037 0
1549033038 0
1549033039 0
1549033040 0
1549033041 0
1549033042 0
1549033043 0
1549033044 0
1549033045 0
1549033046 0
1549033047 0
1549033048 0
1549033049 0
1549033050 0
1549033051 0
1549033052 0
1549033053 0
1549033054 0
1549033055 0
1549033056 0
1549033057 0
1549033058 0
1549033059 0
1549033060 0
1549033061 0
1549033062 0
1549033063 0
1549033064 0
1549033065 0
1549033066 0
1549033067 0
1549033068 0
1549033069 0
1549033070 0
1549033071 0
1549033072 0
1549033073 0
1549033074 0
1549033075 0
1549033076 0
1549033077 0
1549033078 0
1549033079 0
1549033080 0
1549033081 0
1549033082 0
1549033083 0
1549033084 0
1549033085 0
1549033086 0
1549033087 0
1549033088 0
1549033089 0
1549033090 0
1549033091 0
1549033092 0
1549033093 0
1549033094 0
1549033095 0
1549033096 0
1549033097 0
1549033098 0
1549033099 0
1549033100 0
1549033101 0
1549033102 0
1549033103 0
1549033104 0
1549033105 0
1549033106 0
1549033107 0
1549033108 0
1549033109 0
1549033110 0
1549033111 0
1549033112 0
1549033113 0
1549033114 0
1549033115 0
1549033116 0
1549033117 0
1549033118 0
1549033119 0
1549033120 0
1549033121 0
1549033122 0
1549033123 0
1549033124 0
1549033125 0
1549033126 0
1549033127 0
1549033128 0
1549033129 0
1549033130 0
1549033131 0
1549033132 0
1549033133 0
1549033134 0
1549033135 0
1549033136 0
1549033137 0
1549033138 0
1549033139 0
1549033140 0
1549033141 0
1549033142 0
1549033143 0
1549033144 0
1549033145 0
1549033146 0
1549033147 0
1549033148 0
1549033149 0
1549033150 0
1549033151 0
1549033152 0
1549033153 0
1549033154 0
1549033155 0
1549033156 0
1549033157 0
1549033158 0
1549033159 0
1549033160 0
1549033161 0
1549033162 0
1549033163 0
1549033164 0
1549033165 0
1549033166 0
1549033167 0
1549033168 0
1549033169 0
1549033170 0
1549033171 0
1549033172 0
1549033173 0
1549033174 0
1549033175 0
1549033176 0
1549033177 0
1549033178 0
1549033179 0
1549033180 0
1549033181 0
1549033182 0
1549033183 0
1549033184 0
1549033185 0
1549033186 0
1549033187 0
1549033188 0
1549033189 0
1549033190 0
1549033191 0
1549033192 0
1549033193 0
1549033194 0
1549033195 0
1549033196 0
1549033197 0
1549033198 0
1549033199 0
1549033200 0
1549033201 0
1549033202 0
1549033203 0
1549033204 0
1549033205 0
1549033206 0
1549033207 0
1549033208 0
1549033209 0
1549033210 0
1549033211 0
1549033212 0
1549033213 0
1549033214 0
1549033215 0
1549033216 0
1549033217 0
1549033218 0
1549033219 0
1549033220 0
1549033221 0
1549033222 0
1549033223 0
1549033224 0
1549033225 0
1549033226 0
1549033227 0
1549033228 0
1549033229 0
1549033230 0
1549033231 0
1549033232 0
1549033233 0
1549033234 0
1549033235 0
1549033236 0
1549033237 0
1549033238 0
1549033239 0
1549033240 0
1549033241 0
1549033242 0
1549033243 0
1549033244 0
1549033245 0
1549033246 0
1549033247 0
1549033248 0
1549033249 0
1549033250 0
1549033251 0
1549033252 0
1549033253 0
1549033254 0
1549033255 0
1549033256 0
1549033257 0
1549033258 0
1549033259 0
1549033260 0
1549033261 0
1549033262 0
1549033263 0
1549033264 0
1549033265 0
1549033266 0
1549033267 0
1549033268 0
1549033269 0
1549033270 0
1549033271 0
1549033272 0
1549033273 0
1549033274 0
1549033275 0
1549033276 0
1549033277 0
1549033278 0
1549033279 0
1549033280 0
1549033281 0
1549033282 0
1549033283 0
1549033284 0
1549033285 0
1549033286 0
1549033287 0
1549033288 0
1549033289 0
1549033290 0
1549033291 0
1549033292 0
1549033293 0
1549033294 0
1549033295 0
1549033296 0
1549033297 0
1549033298 0
1549033299 0
1549033300 0
1549033301 0
1549033302 0
1549033303 0
1549033304 0
1549033305 0
1549033306 0
1549033307 0
1549033308 0
1549033309 0
1549033310 0
1549033311 0
1549033312 0
1549033313 0
1549033314 0
1549033315 0
1549033316 0
1549033317 0
1549033318 0
1549033319 0
1549033320 0
1549033321 0
1549033322 0
1549033323 0
1549033324 0
1549033325 0
1549033326 0
1549033327 0
1549033328 0
1549033329 0
1549033330 0
1549033331 0
1549033332 0
1549033333 0
1549033334 0
1549033335 0
1549033336 0
1549033337 0
1549033338 0
1549033339 0
1549033340 0
1549033341 0
1549033342 0
1549033343 0
1549033344 0
1549033345 0
1549033346 0
1549033347 0
1549033348 0
1549033349 0
1549033350 0
1549033351 0
1549033352 0
1549033353 0
1549033354 0
1549033355 0
1549033356 0
1549033357 0
1549033358 0
1549033359 0
1549033360 0
1549033361 0
1549033362 0
1549033363 0
1549033364 0
1549033365 0
1549033366 0
1549033367 0
1549033368 0
1549033369 0
1549033370 0
1549033371 0
1549033372 0
1549033373 0
1549033374 0
1549033375 0
1549033376 0
1549033377 0
1549033378 0
1549033379 0
1549033380 0
1549033381 0
1549033382 0
1549033383 0
1549033384 0
1549033385 0
1549033386 0
1549033387 0
1549033388 0
1549033389 0
1549033390 0
1549033391 0
1549033392 0
1549033393 0
1549033394 0
1549033395 0
1549033396 0
1549033397 0
1549033398 0
1549033399 0
1549033400 0
1549033401 0
1549033402 0
1549033403 0
1549033404 0
1549033405 0
1549033406 0
1549033407 0
1549033408 0
1549033409 0
1549033410 0
1549033411 0
1549033412 0
1549033413 0
1549033414 0
1549033415 0
1549033416 0
1549033417 0
1549033418 0
1549033419 0
1549033420 0
1549033421 0
1549033422 0
1549033423 0
1549033424 0
1549033425 0
1549033426 0
1549033427 0
1549033428 0
1549033429 0
1549033430 0
1549033431 0
1549033432 0
1549033433 0
1549033434 0
1549033435 0
1549033436 0
1549033437 0
1549033438 0
1549033439 0
1549033440 0
1549033441 0
1549033442 0
1549033443 0
1549033444 0
1549033445 0
1549033446 0
1549033447 0
1549033448 0
1549033449 0
1549033450 0
1549033451 0
1549033452 0
1549033453 0
1549033454 0
1549033455 0
1549033456 0
1549033457 0
1549033458 0
1549033459 0
1549033460 0
1549033461 0
1549033462 0
1549033463 0
1549033464 0
1549033465 0
1549033466 0
1549033467 0
1549033468 0
1549033469 0
1549033470 0
1549033471 0
1549033472 0
1549033473 0
1549033474 0
1549033475 0
1549033476 0
1549033477 0
1549033478 0
1549033479 0
1549033480 0
1549033481 0
1549033482 0
1549033483 0
1549033484 0
1549033485 0
1549033486 0
1549033487 0
1549033488 0
1549033489 0
1549033490 0
1549033491 0
1549033492 0
1549033493 0
1549033494 0
1549033495 0
1549033496 0
1549033497 0
1549033498 0
1549033499 0
1549033500 0
1549033501 0
1549033502 0
1549033503 0
1549033504 0
1549033505 0
1549033506 0
1549033507 0
1549033508 0
1549033509 0
1549033510 0
1549033511 0
1549033512 0
1549033513 0
1549033514 0
1549033515 0
1549033516 0
1549033517 0
1549033518 0
1549033519 0
1549033520 0
1549033521 0
1549033522 0
1549033523 0
1549033524 0
1549033525 0
1549033526 0
1549033527 0
1549033528 0
1549033529 0
1549033530 0
1549033531 0
1549033532 0
1549033533 0
1549033534 0
1549033535 0
1549033536 0
1549033537 0
1549033538 0
1549033539 0
1549033540 0
1549033541 0
1549033542 0
1549033543 0
1549033544 0
1549033545 0
1549033546 0
1549033547 0
1549033548 0
1549033549 0
1549033550 0
1549033551 0
1549033552 0
1549033553 0
1549033554 0
1549033555 0
1549033556 0
1549033557 0
1549033558 0
1549033559 0
1549033560 0
1549033561 0
1549033562 0
1549033563 0
1549033564 0
1549033565 0
1549033566 0
1549033567 0
1549033568 0
1549033569 0
1549033570 0
1549033571 0
1549033572 0
1549033573 0
1549033574 0
1549033575 0
1549033576 0
1549033577 0
1549033578 0
1549033579 0
1549033580 0
1549033581 0
1549033582 0
1549033583 0
1549033584 0
1549033585 0
1549033586 0
1549033587 0
1549033588 0
1549033589 0
1549033590 0
1549033591 0
1549033592 0
1549033593 0
1549033594 0
1549033595 0
1549033596 0
1549033597 0
1549033598 0
1549033599 0
1549033600 0
1549033601 0
1549033602 0
1549033603 0
1549033604 0
1549033605 0
1549033606 0
1549033607 0
1549033608 0
1549033609 0
1549033610 0
1549033611 0
1549033612 0
1549033613 0
1549033614 0
1549033615 0
1549033616 0
1549033617 0
1549033618 0
1549033619 0
1549033620 0
1549033621 0
1549033622 0
1549033623 0
1549033624 0
1549033625 0
1549033626 0
1549033627 0
1549033628 0
1549033629 0
1549033630 0
1549033631 0
1549033632 0
1549033633 0
1549033634 0
1549033635 0
1549033636 0
1549033637 0
1549033638 0
1549033639 0
1549033640 0
1549033641 0
1549033642 0
1549033643 0
1549033644 0
1549033645 0
1549033646 0
1549033647 0
1549033648 0
1549033649 0
1549033650 0
1549033651 0
1549033652 0
1549033653 0
1549033654 0
1549033655 0
1549033656 0
1549033657 0
1549033658 0
1549033659 0
1549033660 0
1549033661 0
1549033662 0
1549033663 0
1549033664 0
1549033665 0
1549033666 0
1549033667 0
1549033668 0
1549033669 0
1549033670 0
1549033671 0
1549033672 0
1549033673 0
1549033674 0
1549033675 0
1549033676 0
1549033677 0
1549033678 0
1549033679 0
1549033680 0
1549033681 0
1549033682 0
1549033683 0
1549033684 0
1549033685 0
1549033686 0
1549033687 0
1549033688 0
1549033689 0
1549033690 0
1549033691 0
1549033692 0
1549033693 0
1549033694 0
1549033695 0
1549033696 0
1549033697 0
1549033698 0
1549033699 0
1549033700 0
1549033701 0
1549033702 0
1549033703 0
1549033704 0
1549033705 0
1549033706 0
1549033707 0
1549033708 0
1549033709 0
1549033710 0
1549033711 0
1549033712 0
1549033713 0
1549033714 0
1549033715 0
1549033716 0
1549033717 0
1549033718 0
1549033719 0
1549033720 0
1549033721 0
1549033722 0
1549033723 0
1549033724 0
1549033725 0
1549033726 0
1549033727 0
1549033728 0
1549033729 0
1549033730 0
1549033731 0
1549033732 0
1549033733 0
1549033734 0
1549033735 0
1549033736 0
1549033737 0
1549033738 0
1549033739 0
1549033740 0
1549033741 0
1549033742 0
1549033743 0
1549033744 0
1549033745 0
1549033746 0
1549033747 0
1549033748 0
1549033749 0
1549033750 0
1549033751 0
1549033752 0
1549033753 0
1549033754 0
1549033755 0
1549033756 0
1549033757 0
1549033758 0
1549033759 0
1549033760 0
1549033761 0
1549033762 0
1549033763 0
1549033764 0
1549033765 0
1549033766 0
1549033767 0
1549033768 0
1549033769 0
1549033770 0
1549033771 0
1549033772 0
1549033773 0
1549033774 0
1549033775 0
1549033776 0
1549033777 0
1549033778 0
1549033779 0
1549033780 0
1549033781 0
1549033782 0
1549033783 0
1549033784 0
1549033785 0
1549033786 0
1549033787 0
1549033788 0
1549033789 0
1549033790 0
1549033791 0
1549033792 0
1549033793 0
1549033794 0
1549033795 0
1549033796 0
1549033797 0
1549033798 0
1549033799 0
1549033800 0
1549033801 0
1549033802 0
1549033803 0
1549033804 0
1549033805 0
1549033806 0
1549033807 0
1549033808 0
1549033809 0
1549033810 0
1549033811 0
1549033812 0
1549033813 0
1549033814 0
1549033815 0
1549033816 0
1549033817 0
1549033818 0
1549033819 0
1549033820 0
1549033821 0
1549033822 0
1549033823 0
1549033824 0
1549033825 0
1549033826 0
1549033827 0
1549033828 0
1549033829 0
1549033830 0
1549033831 0
1549033832 0
1549033833 0
1549033834 0
1549033835 0
1549033836 0
1549033837 0
1549033838 0
1549033839 0
1549033840 0
1549033841 0
1549033842 0
1549033843 0
1549033844 0
1549033845 0
1549033846 0
1549033847 0
1549033848 0
1549033849 0
1549033850 0
1549033851 0
1549033852 0
1549033853 0
1549033854 0
1549033855 0
1549033856 0
1549033857 0
1549033858 0
1549033859 0
1549033860 0
1549033861 0
1549033862 0
1549033863 0
1549033864 0
1549033865 0
1549033866 0
1549033867 0
1549033868 0
1549033869 0
1549033870 0
1549033871 0
1549033872 0
1549033873 0
1549033874 0
1549033875 0
1549033876 0
1549033877 0
1549033878 0
1549033879 0
1549033880 0
1549033881 0
1549033882 0
1549033883 0
1549033884 0
1549033885 0
1549033886 0
1549033887 0
1549033888 0
1549033889 0
1549033890 0
1549033891 0
1549033892 0
1549033893 0
1549033894 0
1549033895 0
1549033896 0
1549033897 0
1549033898 0
1549033899 0
1549033900 0
1549033901 0
1549033902 0
1549033903 0
1549033904 0
1549033905 0
1549033906 0
1549033907 0
1549033908 0
1549033909 0
1549033910 0
1549033911 0
1549033912 0
1549033913 0
1549033914 0
1549033915 0
1549033916 0
1549033917 0
1549033918 0
1549033919 0
1549033920 0
1549033921 0
1549033922 0
1549033923 0
1549033924 0
1549033925 0
1549033926 0
1549033927 0
1549033928 0
1549033929 0
1549033930 0
1549033931 0
1549033932 0
1549033933 0
1549033934 0
1549033935 0
1549033936 0
1549033937 0
1549033938 0
1549033939 0
1549033940 0
1549033941 0
1549033942 0
1549033943 0
1549033944 0
1549033945 0
1549033946 0
1549033947 0
1549033948 0
1549033949 0
1549033950 0
1549033951 0
1549033952 0
1549033953 0
1549033954 0
1549033955 0
1549033956 0
1549033957 0
1549033958 0
1549033959 0
1549033960 0
1549033961 0
1549033962 0
1549033963 0
1549033964 0
1549033965 0
1549033966 0
1549033967 0
1549033968 0
1549033969 0
1549033970 0
1549033971 0
1549033972 0
1549033973 0
1549033974 0
1549033975 0
1549033976 0
1549033977 0
1549033978 0
1549033979 0
1549033980 0
1549033981 0
1549033982 0
1549033983 0
1549033984 0
1549033985 0
1549033986 0
1549033987 0
1549033988 0
1549033989 0
1549033990 0
1549033991 0
1549033992 0
1549033993 0
1549033994 0
1549033995 0
1549033996 0
1549033997 0
1549033998 0
1549033999 0
1549034000 0
1549034001 0
1549034002 0
1549034003 0
1549034004 0
1549034005 0
1549034006 0
1549034007 0
1549034008 0
1549034009 0
1549034010 0
1549034011 0
1549034012 0
1549034013 0
1549034014 0
1549034015 0
1549034016 0
1549034017 0
1549034018 0
1549034019 0
1549034020 0
1549034021 0
1549034022 0
1549034023 0
1549034024 0
1549034025 0
1549034026 0
1549034027 0
1549034028 0
1549034029 0
1549034030 0
1549034031 0
1549034032 0
1549034033 0
1549034034 0
1549034035 0
1549034036 0
1549034037 0
1549034038 0
1549034039 0
1549034040 0
1549034041 0
1549034042 0
1549034043 0
1549034044 0
1549034045 0
1549034046 0
1549034047 0
1549034048 0
1549034049 0
1549034050 0
1549034051 0
1549034052 0
1549034053 0
1549034054 0
1549034055 0
1549034056 0
1549034057 0
1549034058 0
1549034059 0
1549034060 0
1549034061 0
1549034062 0
1549034063 0
1549034064 0
1549034065 0
1549034066 0
1549034067 0
1549034068 0
1549034069 0
1549034070 0
1549034071 0
1549034072 0
1549034073 0
1549034074 0
1549034075 0
1549034076 0
1549034077 0
1549034078 0
1549034079 0
1549034080 0
1549034081 0
1549034082 0
1549034083 0
1549034084 0
1549034085 0
1549034086 0
1549034087 0
1549034088 0
1549034089 0
1549034090 0
1549034091 0
1549034092 0
1549034093 0
1549034094 0
1549034095 0
1549034096 0
1549034097 0
1549034098 0
1549034099 0
1549034100 0
1549034101 0
1549034102 0
1549034103 0
1549034104 0
1549034105 0
1549034106 0
1549034107 0
1549034108 0
1549034109 0
1549034110 0
1549034111 0
1549034112 0
1549034113 0
1549034114 0
1549034115 0
1549034116 0
1549034117 0
1549034118 0
1549034119 0
1549034120 0
1549034121 0
1549034122 0
1549034123 0
1549034124 0
1549034125 0
1549034126 0
1549034127 0
1549034128 0
1549034129 0
1549034130 0
1549034131 0
1549034132 0
1549034133 0
1549034134 0
1549034135 0
1549034136 0
1549034137 0
1549034138 0
1549034139 0
1549034140 0
1549034141 0
1549034142 0
1549034143 0
1549034144 0
1549034145 0
1549034146 0
1549034147 0
1549034148 0
1549034149 0
1549034150 0
1549034151 0
1549034152 0
1549034153 0
1549034154 0
1549034155 0
1549034156 0
1549034157 0
1549034158 0
1549034159 0
1549034160 0
1549034161 0
1549034162 0
1549034163 0
1549034164 0
1549034165 0
1549034166 0
1549034167 0
1549034168 0
1549034169 0
1549034170 0
1549034171 0
1549034172 0
1549034173 0
1549034174 0
1549034175 0
1549034176 0
1549034177 0
1549034178 0
1549034179 0
1549034180 0
1549034181 0
1549034182 0
1549034183 0
1549034184 0
1549034185 0
1549034186 0
1549034187 0
1549034188 0
1549034189 0
1549034190 0
1549034191 0
1549034192 0
1549034193 0
1549034194 0
1549034195 0
1549034196 0
1549034197 0
1549034198 0
1549034199 0
1549034200 0
1549034201 0
1549034202 0
1549034203 0
1549034204 0
1549034205 0
1549034206 0
1549034207 0
1549034208 0
1549034209 0
1549034210 0
1549034211 0
1549034212 0
1549034213 0
1549034214 0
1549034215 0
1549034216 0
1549034217 0
1549034218 0
1549034219 0
1549034220 0
1549034221 0
1549034222 0
1549034223 0
1549034224 0
1549034225 0
1549034226 0
1549034227 0
1549034228 0
1549034229 0
1549034230 0
1549034231 0
1549034232 0
1549034233 0
1549034234 0
1549034235 0
1549034236 0
1549034237 0
1549034238 0
1549034239 0
1549034240 0
1549034241 0
1549034242 0
1549034243 0
1549034244 0
1549034245 0
1549034246 0
1549034247 0
1549034248 0
1549034249 0
1549034250 0
1549034251 0
1549034252 0
1549034253 0
1549034254 0
1549034255 0
1549034256 0
1549034257 0
1549034258 0
1549034259 0
1549034260 0
1549034261 0
1549034262 0
1549034263 0
1549034264 0
1549034265 0
1549034266 0
1549034267 0
1549034268 0
1549034269 0
1549034270 0
1549034271 0
1549034272 0
1549034273 0
1549034274 0
1549034275 0
1549034276 0
1549034277 0
1549034278 0
1549034279 0
1549034280 0
1549034281 0
1549034282 0
1549034283 0
1549034284 0
1549034285 0
1549034286 0
1549034287 0
1549034288 0
1549034289 0
1549034290 0
1549034291 0
1549034292 0
1549034293 0
1549034294 0
1549034295 0
1549034296 0
1549034297 0
1549034298 0
1549034299 0
1549034300 0
1549034301 0
1549034302 0
1549034303 0
1549034304 0
1549034305 0
1549034306 0
1549034307 0
1549034308 0
1549034309 0
1549034310 0
1549034311 0
1549034312 0
1549034313 0
1549034314 0
1549034315 0
1549034316 0
1549034317 0
1549034318 0
1549034319 0
1549034320 0
1549034321 0
1549034322 0
1549034323 0
1549034324 0
1549034325 0
1549034326 0
1549034327 0
1549034328 0
1549034329 0
1549034330 0
1549034331 0
1549034332 0
1549034333 0
1549034334 0
1549034335 0
1549034336 0
1549034337 0
1549034338 0
1549034339 0
1549034340 0
1549034341 0
1549034342 0
1549034343 0
1549034344 0
1549034345 0
1549034346 0
1549034347 0
1549034348 0
1549034349 0
1549034350 0
1549034351 0
1549034352 0
1549034353 0
1549034354 0
1549034355 0
1549034356 0
1549034357 0
1549034358 0
1549034359 0
1549034360 0
1549034361 0
1549034362 0
1549034363 0
1549034364 0
1549034365 0
1549034366 0
1549034367 0
1549034368 0
1549034369 0
1549034370 0
1549034371 0
1549034372 0
1549034373 0
1549034374 0
1549034375 0
1549034376 0
1549034377 0
1549034378 0
1549034379 0
1549034380 0
1549034381 0
1549034382 0
1549034383 0
1549034384 0
1549034385 0
1549034386 0
1549034387 0
1549034388 0
1549034389 0
1549034390 0
1549034391 0
1549034392 0
1549034393 0
1549034394 0
1549034395 0
1549034396 0
1549034397 0
1549034398 0
1549034399 0
1549034400 0
1549034401 0
1549034402 0
1549034403 0
1549034404 0
1549034405 0
1549034406 0
1549034407 0
1549034408 0
1549034409 0
1549034410 0
1549034411 0
1549034412 0
1549034413 0
1549034414 0
1549034415 0
1549034416 0
1549034417 0
1549034418 0
1549034419 0
1549034420 0
1549034421 0
1549034422 0
1549034423 0
1549034424 0
1549034425 0
1549034426 0
1549034427 0
1549034428 0
1549034429 0
1549034430 0
1549034431 0
1549034432 0
1549034433 0
1549034434 0
1549034435 0
1549034436 0
1549034437 0
1549034438 0
1549034439 0
1549034440 0
1549034441 0
1549034442 0
1549034443 0
1549034444 0
1549034445 0
1549034446 0
1549034447 0
1549034448 0
1549034449 0
1549034450 0
1549034451 0
1549034452 0
1549034453 0
1549034454 0
1549034455 0
1549034456 0
1549034457 0
1549034458 0
1549034459 0
1549034460 0
1549034461 0
1549034462 0
1549034463 0
1549034464 0
1549034465 0
1549034466 0
1549034467 0
1549034468 0
1549034469 0
1549034470 0
1549034471 0
1549034472 0
1549034473 0
1549034474 0
1549034475 0
1549034476 0
1549034477 0
1549034478 0
1549034479 0
1549034480 0
1549034481 0
1549034482 0
1549034483 0
1549034484 0
1549034485 0
1549034486 0
1549034487 0
1549034488 0
1549034489 0
1549034490 0
1549034491 0
1549034492 0
1549034493 0
1549034494 0
1549034495 0
1549034496 0
1549034497 0
1549034498 0
1549034499 0
1549034500 0
1549034501 0
1549034502 0
1549034503 0
1549034504 0
1549034505 0
1549034506 0
1549034507 0
1549034508 0
1549034509 0
1549034510 0
1549034511 0
1549034512 0
1549034513 0
1549034514 0
1549034515 0
1549034516 0
1549034517 0
1549034518 0
1549034519 0
1549034520 0
1549034521 0
1549034522 0
1549034523 0
1549034524 0
1549034525 0
1549034526 0
1549034527 0
1549034528 0
1549034529 0
1549034530 0
1549034531 0
1549034532 0
1549034533 0
1549034534 0
1549034535 0
1549034536 0
1549034537 0
1549034538 0
1549034539 0
1549034540 0
1549034541 0
1549034542 0
1549034543 0
1549034544 0
1549034545 0
1549034546 0
1549034547 0
1549034548 0
1549034549 0
1549034550 0
1549034551 0
1549034552 0
1549034553 0
1549034554 0
1549034555 0
1549034556 0
1549034557 0
1549034558 0
1549034559 0
1549034560 0
1549034561 0
1549034562 0
1549034563 0
1549034564 0
1549034565 0
1549034566 0
1549034567 0
1549034568 0
1549034569 0
1549034570 0
1549034571 0
1549034572 0
1549034573 0
1549034574 0
1549034575 0
1549034576 0
1549034577 0
1549034578 0
1549034579 0
1549034580 0
1549034581 0
1549034582 0
1549034583 0
1549034584 0
1549034585 0
1549034586 0
1549034587 0
1549034588 0
1549034589 0
1549034590 0
1549034591 0
1549034592 0
1549034593 0
1549034594 0
1549034595 0
1549034596 0
1549034597 0
1549034598 0
1549034599 0
1549034600 0
1549034601 0
1549034602 0
1549034603 0
1549034604 0
1549034605 0
1549034606 0
1549034607 0
1549034608 0
1549034609 0
1549034610 0
1549034611 0
1549034612 0
1549034613 0
1549034614 0
1549034615 0
1549034616 0
1549034617 0
1549034618 0
1549034619 0
1549034620 0
1549034621 0
1549034622 0
1549034623 0
1549034624 0
1549034625 0
1549034626 0
1549034627 0
1549034628 0
1549034629 0
1549034630 0
1549034631 0
1549034632 0
1549034633 0
1549034634 0
1549034635 0
1549034636 0
1549034637 0
1549034638 0
1549034639 0
1549034640 0
1549034641 0
1549034642 0
1549034643 0
1549034644 0
1549034645 0
1549034646 0
1549034647 0
1549034648 0
1549034649 0
1549034650 0
1549034651 0
1549034652 0
1549034653 0
1549034654 0
1549034655 0
1549034656 0
1549034657 0
1549034658 0
1549034659 0
1549034660 0
1549034661 0
1549034662 0
1549034663 0
1549034664 0
1549034665 0
1549034666 0
1549034667 0
1549034668 0
1549034669 0
1549034670 0
1549034671 0
1549034672 0
1549034673 0
1549034674 0
1549034675 0
1549034676 0
1549034677 0
1549034678 0
1549034679 0
1549034680 0
1549034681 0
1549034682 0
1549034683 0
1549034684 0
1549034685 0
1549034686 0
1549034687 0
1549034688 0
1549034689 0
1549034690 0
1549034691 0
1549034692 0
1549034693 0
1549034694 0
1549034695 0
1549034696 0
1549034697 0
1549034698 0
1549034699 0
1549034700 0
1549034701 0
1549034702 0
1549034703 0
1549034704 0
1549034705 0
1549034706 0
1549034707 0
1549034708 0
1549034709 0
1549034710 0
1549034711 0
1549034712 0
1549034713 0
1549034714 0
1549034715 0
1549034716 0
1549034717 0
1549034718 0
1549034719 0
1549034720 0
1549034721 0
1549034722 0
1549034723 0
1549034724 0
1549034725 0
1549034726 0
1549034727 0
1549034728 0
1549034729 0
1549034730 0
1549034731 0
1549034732 0
1549034733 0
1549034734 0
1549034735 0
1549034736 0
1549034737 0
1549034738 0
1549034739 0
1549034740 0
1549034741 0
1549034742 0
1549034743 0
1549034744 0
1549034745 0
1549034746 0
1549034747 0
1549034748 0
1549034749 0
1549034750 0
1549034751 0
1549034752 0
1549034753 0
1549034754 0
1549034755 0
1549034756 0
1549034757 0
1549034758 0
1549034759 0
1549034760 0
1549034761 0
1549034762 0
1549034763 0
1549034764 0
1549034765 0
1549034766 0
1549034767 0
1549034768 0
1549034769 0
1549034770 0
1549034771 0
1549034772 0
1549034773 0
1549034774 0
1549034775 0
1549034776 0
1549034777 0
1549034778 0
1549034779 0
1549034780 0
1549034781 0
1549034782 0
1549034783 0
1549034784 0
1549034785 0
1549034786 0
1549034787 0
1549034788 0
1549034789 0
1549034790 0
1549034791 0
1549034792 0
1549034793 0
1549034794 0
1549034795 0
1549034796 0
1549034797 0
1549034798 0
1549034799 0
1549034800 0
1549034801 0
1549034802 0
1549034803 0
1549034804 0
1549034805 0
1549034806 0
1549034807 0
1549034808 0
1549034809 0
1549034810 0
1549034811 0
1549034812 0
1549034813 0
1549034814 0
1549034815 0
1549034816 0
1549034817 0
1549034818 0
1549034819 0
1549034820 0
1549034821 0
1549034822 0
1549034823 0
1549034824 0
1549034825 0
1549034826 0
1549034827 0
1549034828 0
1549034829 0
1549034830 0
1549034831 0
1549034832 0
1549034833 0
1549034834 0
1549034835 0
1549034836 0
1549034837 0
1549034838 0
1549034839 0
1549034840 0
1549034841 0
1549034842 0
1549034843 0
1549034844 0
1549034845 0
1549034846 0
1549034847 0
1549034848 0
1549034849 0
1549034850 0
1549034851 0
1549034852 0
1549034853 0
1549034854 0
1549034855 0
1549034856 0
1549034857 0
1549034858 0
1549034859 0
1549034860 0
1549034861 0
1549034862 0
1549034863 0
1549034864 0
1549034865 0
1549034866 0
1549034867 0
1549034868 0
1549034869 0
1549034870 0
1549034871 0
1549034872 0
1549034873 0
1549034874 0
1549034875 0
1549034876 0
1549034877 0
1549034878 0
1549034879 0
1549034880 0
1549034881 0
1549034882 0
1549034883 0
1549034884 0
1549034885 0
1549034886 0
1549034887 0
1549034888 0
1549034889 0
1549034890 0
1549034891 0
1549034892 0
1549034893 0
1549034894 0
1549034895 0
1549034896 0
1549034897 0
1549034898 0
1549034899 0
1549034900 0
1549034901 0
1549034902 0
1549034903 0
1549034904 0
1549034905 0
1549034906 0
1549034907 0
1549034908 0
1549034909 0
1549034910 0
1549034911 0
1549034912 0
1549034913 0
1549034914 0
1549034915 0
1549034916 0
1549034917 0
1549034918 0
1549034919 0
1549034920 0
1549034921 0
1549034922 0
1549034923 0
1549034924 0
1549034925 0
1549034926 0
1549034927 0
1549034928 0
1549034929 0
1549034930 0
1549034931 0
1549034932 0
1549034933 0
1549034934 0
1549034935 0
1549034936 0
1549034937 0
1549034938 0
1549034939 0
1549034940 0
1549034941 0
1549034942 0
1549034943 0
1549034944 0
1549034945 0
1549034946 0
1549034947 0
1549034948 0
1549034949 0
1549034950 0
1549034951 0
1549034952 0
1549034953 0
1549034954 0
1549034955 0
1549034956 0
1549034957 0
1549034958 0
1549034959 0
1549034960 0
1549034961 0
1549034962 0
1549034963 0
1549034964 0
1549034965 0
1549034966 0
1549034967 0
1549034968 0
1549034969 0
1549034970 0
1549034971 0
1549034972 0
1549034973 0
1549034974 0
1549034975 0
1549034976 0
1549034977 0
1549034978 0
1549034979 0
1549034980 0
1549034981 0
1549034982 0
1549034983 0
1549034984 0
1549034985 0
1549034986 0
1549034987 0
1549034988 0
1549034989 0
1549034990 0
1549034991 0
1549034992 0
1549034993 0
1549034994 0
1549034995 0
1549034996 0
1549034997 0
1549034998 0
1549034999 0
1549035000 0
1549035001 0
1549035002 0
1549035003 0
1549035004 0
1549035005 0
1549035006 0
1549035007 0
1549035008 0
1549035009 0
1549035010 0
1549035011 0
1549035012 0
1549035013 0
1549035014 0
1549035015 0
1549035016 0
1549035017 0
1549035018 0
1549035019 0
1549035020 0
1549035021 0
1549035022 0
1549035023 0
1549035024 0
1549035025 0
1549035026 0
1549035027 0
1549035028 0
1549035029 0
1549035030 0
1549035031 0
1549035032 0
1549035033 0
1549035034 0
1549035035 0
1549035036 0
1549035037 0
1549035038 0
1549035039 0
1549035040 0
1549035041 0
1549035042 0
1549035043 0
1549035044 0
1549035045 0
1549035046 0
1549035047 0
1549035048 0
1549035049 0
1549035050 0
1549035051 0
1549035052 0
1549035053 0
1549035054 0
1549035055 0
1549035056 0
1549035057 0
1549035058 0
1549035059 0
1549035060 0
1549035061 0
1549035062 0
1549035063 0
1549035064 0
1549035065 0
1549035066 0
1549035067 0
1549035068 0
1549035069 0
1549035070 0
1549035071 0
1549035072 0
1549035073 0
1549035074 0
1549035075 0
1549035076 0
1549035077 0
1549035078 0
1549035079 0
1549035080 0
1549035081 0
1549035082 0
1549035083 0
1549035084 0
1549035085 0
1549035086 0
1549035087 0
1549035088 0
1549035089 0
1549035090 0
1549035091 0
1549035092 0
1549035093 0
1549035094 0
1549035095 0
1549035096 0
1549035097 0
1549035098 0
1549035099 0
1549035100 0
1549035101 0
1549035102 0
1549035103 0
1549035104 0
1549035105 0
1549035106 0
1549035107 0
1549035108 0
1549035109 0
1549035110 0
1549035111 0
1549035112 0
1549035113 0
1549035114 0
1549035115 0
1549035116 0
1549035117 0
1549035118 0
1549035119 0
1549035120 0
1549035121 0
1549035122 0
1549035123 0
1549035124 0
1549035125 0
1549035126 0
1549035127 0
1549035128 0
1549035129 0
1549035130 0
1549035131 0
1549035132 0
1549035133 0
1549035134 0
1549035135 0
1549035136 0
1549035137 0
1549035138 0
1549035139 0
1549035140 0
1549035141 0
1549035142 0
1549035143 0
1549035144 0
1549035145 0
1549035146 0
1549035147 0
1549035148 0
1549035149 0
1549035150 0
1549035151 0
1549035152 0
1549035153 0
1549035154 0
1549035155 0
1549035156 0
1549035157 0
1549035158 0
1549035159 0
1549035160 0
1549035161 0
1549035162 0
1549035163 0
1549035164 0
1549035165 0
1549035166 0
1549035167 0
1549035168 0
1549035169 0
1549035170 0
1549035171 0
1549035172 0
1549035173 0
1549035174 0
1549035175 0
1549035176 0
1549035177 0
1549035178 0
1549035179 0
1549035180 0
1549035181 0
1549035182 0
1549035183 0
1549035184 0
1549035185 0
1549035186 0
1549035187 0
1549035188 0
1549035189 0
1549035190 0
1549035191 0
1549035192 0
1549035193 0
1549035194 0
1549035195 0
1549035196 0
1549035197 0
1549035198 0
1549035199 0
1549035200 0
1549035201 0
1549035202 0
1549035203 0
1549035204 0
1549035205 0
1549035206 0
1549035207 0
1549035208 0
1549035209 0
1549035210 0
1549035211 0
1549035212 0
1549035213 0
1549035214 0
1549035215 0
1549035216 0
1549035217 0
1549035218 0
1549035219 0
1549035220 0
1549035221 0
1549035222 0
1549035223 0
1549035224 0
1549035225 0
1549035226 0
1549035227 0
1549035228 0
1549035229 0
1549035230 0
1549035231 0
1549035232 0
1549035233 0
1549035234 0
1549035235 0
1549035236 0
1549035237 0
1549035238 0
1549035239 0
1549035240 0
1549035241 0
1549035242 0
1549035243 0
1549035244 0
1549035245 0
1549035246 0
1549035247 0
1549035248 0
1549035249 0
1549035250 0
1549035251 0
1549035252 0
1549035253 0
1549035254 0
1549035255 0
1549035256 0
1549035257 0
1549035258 0
1549035259 0
1549035260 0
1549035261 0
1549035262 0
1549035263 0
1549035264 0
1549035265 0
1549035266 0
1549035267 0
1549035268 0
1549035269 0
1549035270 0
1549035271 0
1549035272 0
1549035273 0
1549035274 0
1549035275 0
1549035276 0
1549035277 0
1549035278 0
1549035279 0
1549035280 0
1549035281 0
1549035282 0
1549035283 0
1549035284 0
1549035285 0
1549035286 0
1549035287 0
1549035288 0
1549035289 0
1549035290 0
1549035291 0
1549035292 0
1549035293 0
1549035294 0
1549035295 0
1549035296 0
1549035297 0
1549035298 0
1549035299 0
1549035300 0
1549035301 0
1549035302 0
1549035303 0
1549035304 0
1549035305 0
1549035306 0
1549035307 0
1549035308 0
1549035309 0
1549035310 0
1549035311 0
1549035312 0
1549035313 0
1549035314 0
1549035315 0
1549035316 0
1549035317 0
1549035318 0
1549035319 0
1549035320 0
1549035321 0
1549035322 0
1549035323 0
1549035324 0
1549035325 0
1549035326 0
1549035327 0
1549035328 0
1549035329 0
1549035330 0
1549035331 0
1549035332 0
1549035333 0
1549035334 0
1549035335 0
1549035336 0
1549035337 0
1549035338 0
1549035339 0
1549035340 0
1549035341 0
1549035342 0
1549035343 0
1549035344 0
1549035345 0
1549035346 0
1549035347 0
1549035348 0
1549035349 0
1549035350 0
1549035351 0
1549035352 0
1549035353 0
1549035354 0
1549035355 0
1549035356 0
1549035357 0
1549035358 0
1549035359 0
1549035360 0
1549035361 0
1549035362 0
1549035363 0
1549035364 0
1549035365 0
1549035366 0
1549035367 0
1549035368 0
1549035369 0
1549035370 0
1549035371 0
1549035372 0
1549035373 0
1549035374 0
1549035375 0
1549035376 0
1549035377 0
1549035378 0
1549035379 0
1549035380 0
1549035381 0
1549035382 0
1549035383 0
1549035384 0
1549035385 0
1549035386 0
1549035387 0
1549035388 0
1549035389 0
1549035390 0
1549035391 0
1549035392 0
1549035393 0
1549035394 0
1549035395 0
1549035396 0
1549035397 0
1549035398 0
1549035399 0
1549035400 0
1549035401 0
1549035402 0
1549035403 0
1549035404 0
1549035405 0
1549035406 0
1549035407 0
1549035408 0
1549035409 0
1549035410 0
1549035411 0
1549035412 0
1549035413 0
1549035414 0
1549035415 0
1549035416 0
1549035417 0
1549035418 0
1549035419 0
1549035420 0
1549035421 0
1549035422 0
1549035423 0
1549035424 0
1549035425 0
1549035426 0
1549035427 0
1549035428 0
1549035429 0
1549035430 0
1549035431 0
1549035432 0
1549035433 0
1549035434 0
1549035435 0
1549035436 0
1549035437 0
1549035438 0
1549035439 0
1549035440 0
1549035441 0
1549035442 0
1549035443 0
1549035444 0
1549035445 0
1549035446 0
1549035447 0
1549035448 0
1549035449 0
1549035450 0
1549035451 0
1549035452 0
1549035453 0
1549035454 0
1549035455 0
1549035456 0
1549035457 0
1549035458 0
1549035459 0
1549035460 0
1549035461 0
1549035462 0
1549035463 0
1549035464 0
1549035465 0
1549035466 0
1549035467 0
1549035468 0
1549035469 0
1549035470 0
1549035471 0
1549035472 0
1549035473 0
1549035474 0
1549035475 0
1549035476 0
1549035477 0
1549035478 0
1549035479 0
1549035480 0
1549035481 0
1549035482 0
1549035483 0
1549035484 0
1549035485 0
1549035486 0
1549035487 0
1549035488 0
1549035489 0
1549035490 0
1549035491 0
1549035492 0
1549035493 0
1549035494 0
1549035495 0
1549035496 0
1549035497 0
1549035498 0
1549035499 0
1549035500 0
1549035501 0
1549035502 0
1549035503 0
1549035504 0
1549035505 0
1549035506 0
1549035507 0
1549035508 0
1549035509 0
1549035510 0
1549035511 0
1549035512 0
1549035513 0
1549035514 0
1549035515 0
1549035516 0
1549035517 0
1549035518 0
1549035519 0
1549035520 0
1549035521 0
1549035522 0
1549035523 0
1549035524 0
1549035525 0
1549035526 0
1549035527 0
1549035528 0
1549035529 0
1549035530 0
1549035531 0
1549035532 0
1549035533 0
1549035534 0
1549035535 0
1549035536 0
1549035537 0
1549035538 0
1549035539 0
1549035540 0
1549035541 0
1549035542 0
1549035543 0
1549035544 0
1549035545 0
1549035546 0
1549035547 0
1549035548 0
1549035549 0
1549035550 0
1549035551 0
1549035552 0
1549035553 0
1549035554 0
1549035555 0
1549035556 0
1549035557 0
1549035558 0
1549035559 0
1549035560 0
1549035561 0
1549035562 0
1549035563 0
1549035564 0
1549035565 0
1549035566 0
1549035567 0
1549035568 0
1549035569 0
1549035570 0
1549035571 0
1549035572 0
1549035573 0
1549035574 0
1549035575 0
1549035576 0
1549035577 0
1549035578 0
1549035579 0
1549035580 0
1549035581 0
1549035582 0
1549035583 0
1549035584 0
1549035585 0
1549035586 0
1549035587 0
1549035588 0
1549035589 0
1549035590 0
1549035591 0
1549035592 0
1549035593 0
1549035594 0
1549035595 0
1549035596 0
1549035597 0
1549035598 0
1549035599 0
1549035600 0
1549035601 0
1549035602 0
1549035603 0
1549035604 0
1549035605 0
1549035606 0
1549035607 0
1549035608 0
1549035609 0
1549035610 0
1549035611 0
1549035612 0
1549035613 0
1549035614 0
1549035615 0
1549035616 0
1549035617 0
1549035618 0
1549035619 0
1549035620 0
1549035621 0
1549035622 0
1549035623 0
1549035624 0
1549035625 0
1549035626 0
1549035627 0
1549035628 0
1549035629 0
1549035630 0
1549035631 0
1549035632 0
1549035633 0
1549035634 0
1549035635 0
1549035636 0
1549035637 0
1549035638 0
1549035639 0
1549035640 0
1549035641 0
1549035642 0
1549035643 0
1549035644 0
1549035645 0
1549035646 0
1549035647 0
1549035648 0
1549035649 0
1549035650 0
1549035651 0
1549035652 0
1549035653 0
1549035654 0
1549035655 0
1549035656 0
1549035657 0
1549035658 0
1549035659 0
1549035660 0
1549035661 0
1549035662 0
1549035663 0
1549035664 0
1549035665 0
1549035666 0
1549035667 0
1549035668 0
1549035669 0
1549035670 0
1549035671 0
1549035672 0
1549035673 0
1549035674 0
1549035675 0
1549035676 0
1549035677 0
1549035678 0
1549035679 0
1549035680 0
1549035681 0
1549035682 0
1549035683 0
1549035684 0
1549035685 0
1549035686 0
1549035687 0
1549035688 0
1549035689 0
1549035690 0
1549035691 0
1549035692 0
1549035693 0
1549035694 0
1549035695 0
1549035696 0
1549035697 0
1549035698 0
1549035699 0
1549035700 0
1549035701 0
1549035702 0
1549035703 0
1549035704 0
1549035705 0
1549035706 0
1549035707 0
1549035708 0
1549035709 0
1549035710 0
1549035711 0
1549035712 0
1549035713 0
1549035714 0
1549035715 0
1549035716 0
1549035717 0
1549035718 0
1549035719 0
1549035720 0
1549035721 0
1549035722 0
1549035723 0
1549035724 0
1549035725 0
1549035726 0
1549035727 0
1549035728 0
1549035729 0
1549035730 0
1549035731 0
1549035732 0
1549035733 0
1549035734 0
1549035735 0
1549035736 0
1549035737 0
1549035738 0
1549035739 0
1549035740 0
1549035741 0
1549035742 0
1549035743 0
1549035744 0
1549035745 0
1549035746 0
1549035747 0
1549035748 0
1549035749 0
1549035750 0
1549035751 0
1549035752 0
1549035753 0
1549035754 0
1549035755 0
1549035756 0
1549035757 0
1549035758 0
1549035759 0
1549035760 0
1549035761 0
1549035762 0
1549035763 0
1549035764 0
1549035765 0
1549035766 0
1549035767 0
1549035768 0
1549035769 0
1549035770 0
1549035771 0
1549035772 0
1549035773 0
1549035774 0
1549035775 0
1549035776 0
1549035777 0
1549035778 0
1549035779 0
1549035780 0
1549035781 0
1549035782 0
1549035783 0
1549035784 0
1549035785 0
1549035786 0
1549035787 0
1549035788 0
1549035789 0
1549035790 0
1549035791 0
1549035792 0
1549035793 0
1549035794 0
1549035795 0
1549035796 0
1549035797 0
1549035798 0
1549035799 0
1549035800 0
1549035801 0
1549035802 0
1549035803 0
1549035804 0
1549035805 0
1549035806 0
1549035807 0
1549035808 0
1549035809 0
1549035810 0
1549035811 0
1549035812 0
1549035813 0
1549035814 0
1549035815 0
1549035816 0
1549035817 0
1549035818 0
1549035819 0
1549035820 0
1549035821 0
1549035822 0
1549035823 0
1549035824 0
1549035825 0
1549035826 0
1549035827 0
1549035828 0
1549035829 0
1549035830 0
1549035831 0
1549035832 0
1549035833 0
1549035834 0
1549035835 0
1549035836 0
1549035837 0
1549035838 0
1549035839 0
1549035840 0
1549035841 0
1549035842 0
1549035843 0
1549035844 0
1549035845 0
1549035846 0
1549035847 0
1549035848 0
1549035849 0
1549035850 0
1549035851 0
1549035852 0
1549035853 0
1549035854 0
1549035855 0
1549035856 0
1549035857 0
1549035858 0
1549035859 0
1549035860 0
1549035861 0
1549035862 0
1549035863 0
1549035864 0
1549035865 0
1549035866 0
1549035867 0
1549035868 0
1549035869 0
1549035870 0
1549035871 0
1549035872 0
1549035873 0
1549035874 0
1549035875 0
1549035876 0
1549035877 0
1549035878 0
1549035879 0
1549035880 0
1549035881 0
1549035882 0
1549035883 0
1549035884 0
1549035885 0
1549035886 0
1549035887 0
1549035888 0
1549035889 0
1549035890 0
1549035891 0
1549035892 0
1549035893 0
1549035894 0
1549035895 0
1549035896 0
1549035897 0
1549035898 0
1549035899 0
1549035900 0
1549035901 0
1549035902 0
1549035903 0
1549035904 0
1549035905 0
1549035906 0
1549035907 0
1549035908 0
1549035909 0
1549035910 0
1549035911 0
1549035912 0
1549035913 0
1549035914 0
1549035915 0
1549035916 0
1549035917 0
1549035918 0
1549035919 0
1549035920 0
1549035921 0
1549035922 0
1549035923 0
1549035924 0
1549035925 0
1549035926 0
1549035927 0
1549035928 0
1549035929 0
1549035930 0
1549035931 0
1549035932 0
1549035933 0
1549035934 0
1549035935 0
1549035936 0
1549035937 0
1549035938 0
1549035939 0
1549035940 0
1549035941 0
1549035942 0
1549035943 0
1549035944 0
1549035945 0
1549035946 0
1549035947 0
1549035948 0
1549035949 0
1549035950 0
1549035951 0
1549035952 0
1549035953 0
1549035954 0
1549035955 0
1549035956 0
1549035957 0
1549035958 0
1549035959 0
1549035960 0
1549035961 0
1549035962 0
1549035963 0
1549035964 0
1549035965 0
1549035966 0
1549035967 0
1549035968 0
1549035969 0
1549035970 0
1549035971 0
1549035972 0
1549035973 0
1549035974 0
1549035975 0
1549035976 0
1549035977 0
1549035978 0
1549035979 0
1549035980 0
1549035981 0
1549035982 0
1549035983 0
1549035984 0
1549035985 0
1549035986 0
1549035987 0
1549035988 0
1549035989 0
1549035990 0
1549035991 0
1549035992 0
1549035993 0
1549035994 0
1549035995 0
1549035996 0
1549035997 0
1549035998 0
1549035999 0
1549036000 0
1549036001 0
1549036002 0
1549036003 0
1549036004 0
1549036005 0
1549036006 0
1549036007 0
1549036008 0
1549036009 0
1549036010 0
1549036011 0
1549036012 0
1549036013 0
1549036014 0
1549036015 0
1549036016 0
1549036017 0
1549036018 0
1549036019 0
1549036020 0
1549036021 0
1549036022 0
1549036023 0
1549036024 0
1549036025 0
1549036026 0
1549036027 0
1549036028 0
1549036029 0
1549036030 0
1549036031 0
1549036032 0
1549036033 0
1549036034 0
1549036035 0
1549036036 0
1549036037 0
1549036038 0
1549036039 0
1549036040 0
1549036041 0
1549036042 0
1549036043 0
1549036044 0
1549036045 0
1549036046 0
1549036047 0
1549036048 0
1549036049 0
1549036050 0
1549036051 0
1549036052 0
1549036053 0
1549036054 0
1549036055 0
1549036056 0
1549036057 0
1549036058 0
1549036059 0
1549036060 0
1549036061 0
1549036062 0
1549036063 0
1549036064 0
1549036065 0
1549036066 0
1549036067 0
1549036068 0
1549036069 0
1549036070 0
1549036071 0
1549036072 0
1549036073 0
1549036074 0
1549036075 0
1549036076 0
1549036077 0
1549036078 0
1549036079 0
1549036080 0
1549036081 0
1549036082 0
1549036083 0
1549036084 0
1549036085 0
1549036086 0
1549036087 0
1549036088 0
1549036089 0
1549036090 0
1549036091 0
1549036092 0
1549036093 0
1549036094 0
1549036095 0
1549036096 0
1549036097 0
1549036098 0
1549036099 0
1549036100 0
1549036101 0
1549036102 0
1549036103 0
1549036104 0
1549036105 0
1549036106 0
1549036107 0
1549036108 0
1549036109 0
1549036110 0
1549036111 0
1549036112 0
1549036113 0
1549036114 0
1549036115 0
1549036116 0
1549036117 0
1549036118 0
1549036119 0
1549036120 0
1549036121 0
1549036122 0
1549036123 0
1549036124 0
1549036125 0
1549036126 0
1549036127 0
1549036128 0
1549036129 0
1549036130 0
1549036131 0
1549036132 0
1549036133 0
1549036134 0
1549036135 0
1549036136 0
1549036137 0
1549036138 0
1549036139 0
1549036140 0
1549036141 0
1549036142 0
1549036143 0
1549036144 0
1549036145 0
1549036146 0
1549036147 0
1549036148 0
1549036149 0
1549036150 0
1549036151 0
1549036152 0
1549036153 0
1549036154 0
1549036155 0
1549036156 0
1549036157 0
1549036158 0
1549036159 0
1549036160 0
1549036161 0
1549036162 0
1549036163 0
1549036164 0
1549036165 0
1549036166 0
1549036167 0
1549036168 0
1549036169 0
1549036170 0
1549036171 0
1549036172 0
1549036173 0
1549036174 0
1549036175 0
1549036176 0
1549036177 0
1549036178 0
1549036179 0
1549036180 0
1549036181 0
1549036182 0
1549036183 0
1549036184 0
1549036185 0
1549036186 0
1549036187 0
1549036188 0
1549036189 0
1549036190 0
1549036191 0
1549036192 0
1549036193 0
1549036194 0
1549036195 0
1549036196 0
1549036197 0
1549036198 0
1549036199 0
1549036200 0
1549036201 0
1549036202 0
1549036203 0
1549036204 0
1549036205 0
1549036206 0
1549036207 0
1549036208 0
1549036209 0
1549036210 0
1549036211 0
1549036212 0
1549036213 0
1549036214 0
1549036215 0
1549036216 0
1549036217 0
1549036218 0
1549036219 0
1549036220 0
1549036221 0
1549036222 0
1549036223 0
1549036224 0
1549036225 0
1549036226 0
1549036227 0
1549036228 0
1549036229 0
1549036230 0
1549036231 0
1549036232 0
1549036233 0
1549036234 0
1549036235 0
1549036236 0
1549036237 0
1549036238 0
1549036239 0
1549036240 0
1549036241 0
1549036242 0
1549036243 0
1549036244 0
1549036245 0
1549036246 0
1549036247 0
1549036248 0
1549036249 0
1549036250 0
1549036251 0
1549036252 0
1549036253 0
1549036254 0
1549036255 0
1549036256 0
1549036257 0
1549036258 0
1549036259 0
1549036260 0
1549036261 0
1549036262 0
1549036263 0
1549036264 0
1549036265 0
1549036266 0
1549036267 0
1549036268 0
1549036269 0
1549036270 0
1549036271 0
1549036272 0
1549036273 0
1549036274 0
1549036275 0
1549036276 0
1549036277 0
1549036278 0
1549036279 0
1549036280 0
1549036281 0
1549036282 0
1549036283 0
1549036284 0
1549036285 0
1549036286 0
1549036287 0
1549036288 0
1549036289 0
1549036290 0
1549036291 0
1549036292 0
1549036293 0
1549036294 0
1549036295 0
1549036296 0
1549036297 0
1549036298 0
1549036299 0
1549036300 0
1549036301 0
1549036302 0
1549036303 0
1549036304 0
1549036305 0
1549036306 0
1549036307 0
1549036308 0
1549036309 0
1549036310 0
1549036311 0
1549036312 0
1549036313 0
1549036314 0
1549036315 0
1549036316 0
1549036317 0
1549036318 0
1549036319 0
1549036320 0
1549036321 0
1549036322 0
1549036323 0
1549036324 0
1549036325 0
1549036326 0
1549036327 0
1549036328 0
1549036329 0
1549036330 0
1549036331 0
1549036332 0
1549036333 0
1549036334 0
1549036335 0
1549036336 0
1549036337 0
1549036338 0
1549036339 0
1549036340 0
1549036341 0
1549036342 0
1549036343 0
1549036344 0
1549036345 0
1549036346 0
1549036347 0
1549036348 0
1549036349 0
1549036350 0
1549036351 0
1549036352 0
1549036353 0
1549036354 0
1549036355 0
1549036356 0
1549036357 0
1549036358 0
1549036359 0
1549036360 0
1549036361 0
1549036362 0
1549036363 0
1549036364 0
1549036365 0
1549036366 0
1549036367 0
1549036368 0
1549036369 0
1549036370 0
1549036371 0
1549036372 0
1549036373 0
1549036374 0
1549036375 0
1549036376 0
1549036377 0
1549036378 0
1549036379 0
1549036380 0
1549036381 0
1549036382 0
1549036383 0
1549036384 0
1549036385 0
1549036386 0
1549036387 0
1549036388 0
1549036389 0
1549036390 0
1549036391 0
1549036392 0
1549036393 0
1549036394 0
1549036395 0
1549036396 0
1549036397 0
1549036398 0
1549036399 0
1549036400 0
1549036401 0
1549036402 0
1549036403 0
1549036404 0
1549036405 0
1549036406 0
1549036407 0
1549036408 0
1549036409 0
1549036410 0
1549036411 0
1549036412 0
1549036413 0
1549036414 0
1549036415 0
1549036416 0
1549036417 0
1549036418 0
1549036419 0
1549036420 0
1549036421 0
1549036422 0
1549036423 0
1549036424 0
1549036425 0
1549036426 0
1549036427 0
1549036428 0
1549036429 0
1549036430 0
1549036431 0
1549036432 0
1549036433 0
1549036434 0
1549036435 0
1549036436 0
1549036437 0
1549036438 0
1549036439 0
1549036440 0
1549036441 0
1549036442 0
1549036443 0
1549036444 0
1549036445 0
1549036446 0
1549036447 0
1549036448 0
1549036449 0
1549036450 0
1549036451 0
1549036452 0
1549036453 0
1549036454 0
1549036455 0
1549036456 0
1549036457 0
1549036458 0
1549036459 0
1549036460 0
1549036461 0
1549036462 0
1549036463 0
1549036464 0
1549036465 0
1549036466 0
1549036467 0
1549036468 0
1549036469 0
1549036470 0
1549036471 0
1549036472 0
1549036473 0
1549036474 0
1549036475 0
1549036476 0
1549036477 0
1549036478 0
1549036479 0
1549036480 0
1549036481 0
1549036482 0
1549036483 0
1549036484 0
1549036485 0
1549036486 0
1549036487 0
1549036488 0
1549036489 0
1549036490 0
1549036491 0
1549036492 0
1549036493 0
1549036494 0
1549036495 0
1549036496 0
1549036497 0
1549036498 0
1549036499 0
1549036500 0
1549036501 0
1549036502 0
1549036503 0
1549036504 0
1549036505 0
1549036506 0
1549036507 0
1549036508 0
1549036509 0
1549036510 0
1549036511 0
1549036512 0
1549036513 0
1549036514 0
1549036515 0
1549036516 0
1549036517 0
1549036518 0
1549036519 0
1549036520 0
1549036521 0
1549036522 0
1549036523 0
1549036524 0
1549036525 0
1549036526 0
1549036527 0
1549036528 0
1549036529 0
1549036530 0
1549036531 0
1549036532 0
1549036533 0
1549036534 0
1549036535 0
1549036536 0
1549036537 0
1549036538 0
1549036539 0
1549036540 0
1549036541 0
1549036542 0
1549036543 0
1549036544 0
1549036545 0
1549036546 0
1549036547 0
1549036548 0
1549036549 0
1549036550 0
1549036551 0
1549036552 0
1549036553 0
1549036554 0
1549036555 0
1549036556 0
1549036557 0
1549036558 0
1549036559 0
1549036560 0
1549036561 0
1549036562 0
1549036563 0
1549036564 0
1549036565 0
1549036566 0
1549036567 0
1549036568 0
1549036569 0
1549036570 0
1549036571 0
1549036572 0
1549036573 0
1549036574 0
1549036575 0
1549036576 0
1549036577 0
1549036578 0
1549036579 0
1549036580 0
1549036581 0
1549036582 0
1549036583 0
1549036584 0
1549036585 0
1549036586 0
1549036587 0
1549036588 0
1549036589 0
1549036590 0
1549036591 0
1549036592 0
1549036593 0
1549036594 0
1549036595 0
1549036596 0
1549036597 0
1549036598 0
1549036599 0
1549036600 0
1549036601 0
1549036602 0
1549036603 0
1549036604 0
1549036605 0
1549036606 0
1549036607 0
1549036608 0
1549036609 0
1549036610 0
1549036611 0
1549036612 0
1549036613 0
1549036614 0
1549036615 0
1549036616 0
1549036617 0
1549036618 0
1549036619 0
1549036620 0
1549036621 0
1549036622 0
1549036623 0
1549036624 0
1549036625 0
1549036626 0
1549036627 0
1549036628 0
1549036629 0
1549036630 0
1549036631 0
1549036632 0
1549036633 0
1549036634 0
1549036635 0
1549036636 0
1549036637 0
1549036638 0
1549036639 0
1549036640 0
1549036641 0
1549036642 0
1549036643 0
1549036644 0
1549036645 0
1549036646 0
1549036647 0
1549036648 0
1549036649 0
1549036650 0
1549036651 0
1549036652 0
1549036653 0
1549036654 0
1549036655 0
1549036656 0
1549036657 0
1549036658 0
1549036659 0
1549036660 0
1549036661 0
1549036662 0
1549036663 0
1549036664 0
1549036665 0
1549036666 0
1549036667 0
1549036668 0
1549036669 0
1549036670 0
1549036671 0
1549036672 0
1549036673 0
1549036674 0
1549036675 0
1549036676 0
1549036677 0
1549036678 0
1549036679 0
1549036680 0
1549036681 0
1549036682 0
1549036683 0
1549036684 0
1549036685 0
1549036686 0
1549036687 0
1549036688 0
1549036689 0
1549036690 0
1549036691 0
1549036692 0
1549036693 0
1549036694 0
1549036695 0
1549036696 0
1549036697 0
1549036698 0
1549036699 0
1549036700 0
1549036701 0
1549036702 0
1549036703 0
1549036704 0
1549036705 0
1549036706 0
1549036707 0
1549036708 0
1549036709 0
1549036710 0
1549036711 0
1549036712 0
1549036713 0
1549036714 0
1549036715 0
1549036716 0
1549036717 0
1549036718 0
1549036719 0
1549036720 0
1549036721 0
1549036722 0
1549036723 0
1549036724 0
1549036725 0
1549036726 0
1549036727 0
1549036728 0
1549036729 0
1549036730 0
1549036731 0
1549036732 0
1549036733 0
1549036734 0
1549036735 0
1549036736 0
1549036737 0
1549036738 0
1549036739 0
1549036740 0
1549036741 0
1549036742 0
1549036743 0
1549036744 0
1549036745 0
1549036746 0
1549036747 0
1549036748 0
1549036749 0
1549036750 0
1549036751 0
1549036752 0
1549036753 0
1549036754 0
1549036755 0
1549036756 0
1549036757 0
1549036758 0
1549036759 0
1549036760 0
1549036761 0
1549036762 0
1549036763 0
1549036764 0
1549036765 0
1549036766 0
1549036767 0
1549036768 0
1549036769 0
1549036770 0
1549036771 0
1549036772 0
1549036773 0
1549036774 0
1549036775 0
1549036776 0
1549036777 0
1549036778 0
1549036779 0
1549036780 0
1549036781 0
1549036782 0
1549036783 0
1549036784 0
1549036785 0
1549036786 0
1549036787 0
1549036788 0
1549036789 0
1549036790 0
1549036791 0
1549036792 0
1549036793 0
1549036794 0
1549036795 0
1549036796 0
1549036797 0
1549036798 0
1549036799 0
1549036800 0
1549036801 0
1549036802 0
1549036803 0
1549036804 0
1549036805 0
1549036806 0
1549036807 0
1549036808 0
1549036809 0
1549036810 0
1549036811 0
1549036812 0
1549036813 0
1549036814 0
1549036815 0
1549036816 0
1549036817 0
1549036818 0
1549036819 0
1549036820 0
1549036821 0
1549036822 0
1549036823 0
1549036824 0
1549036825 0
1549036826 0
1549036827 0
1549036828 0
1549036829 0
1549036830 0
1549036831 0
1549036832 0
1549036833 0
1549036834 0
1549036835 0
1549036836 0
1549036837 0
1549036838 0
1549036839 0
1549036840 0
1549036841 0
1549036842 0
1549036843 0
1549036844 0
1549036845 0
1549036846 0
1549036847 0
1549036848 0
1549036849 0
1549036850 0
1549036851 0
1549036852 0
1549036853 0
1549036854 0
1549036855 0
1549036856 0
1549036857 0
1549036858 0
1549036859 0
1549036860 0
1549036861 0
1549036862 0
1549036863 0
1549036864 0
1549036865 0
1549036866 0
1549036867 0
1549036868 0
1549036869 0
1549036870 0
1549036871 0
1549036872 0
1549036873 0
1549036874 0
1549036875 0
1549036876 0
1549036877 0
1549036878 0
1549036879 0
1549036880 0
1549036881 0
1549036882 0
1549036883 0
1549036884 0
1549036885 0
1549036886 0
1549036887 0
1549036888 0
1549036889 0
1549036890 0
1549036891 0
1549036892 0
1549036893 0
1549036894 0
1549036895 0
1549036896 0
1549036897 0
1549036898 0
1549036899 0
1549036900 0
1549036901 0
1549036902 0
1549036903 0
1549036904 0
1549036905 0
1549036906 0
1549036907 0
1549036908 0
1549036909 0
1549036910 0
1549036911 0
1549036912 0
1549036913 0
1549036914 0
1549036915 0
1549036916 0
1549036917 0
1549036918 0
1549036919 0
1549036920 0
1549036921 0
1549036922 0
1549036923 0
1549036924 0
1549036925 0
1549036926 0
1549036927 0
1549036928 0
1549036929 0
1549036930 0
1549036931 0
1549036932 0
1549036933 0
1549036934 0
1549036935 0
1549036936 0
1549036937 0
1549036938 0
1549036939 0
1549036940 0
1549036941 0
1549036942 0
1549036943 0
1549036944 0
1549036945 0
1549036946 0
1549036947 0
1549036948 0
1549036949 0
1549036950 0
1549036951 4
1549036952 35
1549036953 0
1549036954 0
1549036955 0
1549036956 0
1549036957 0
1549036958 25
1549036959 0
1549036960 0
1549036961 0
1549036962 30
1549036963 0
1549036964 0
1549036965 15
1549036966 0
1549036967 0
1549036968 0
1549036969 0
1549036970 0
1549036971 63
1549036972 0
1549036973 0
1549036974 0
1549036975 0
1549036976 0
1549036977 0
1549036978 0
1549036979 0
1549036980 1
1549036981 0
1549036982 0
1549036983 0
1549036984 0
1549036985 22
1549036986 0
1549036987 44
1549036988 0
1549036989 0
1549036990 0
1549036991 19
1549036992 0
1549036993 0
1549036994 7
1549036995 0
1549036996 5
1549036997 38
1549036998 0
1549036999 0
1549037000 0
1549037001 0
1549037002 0
1549037003 0
1549037004 0
1549037005 0
1549037006 0
1549037007 0
1549037008 0
1549037009 0
1549037010 0
1549037011 0
1549037012 0
1549037013 78
1549037014 0
1549037015 0
1549037016 10
1549037017 0
1549037018 2
1549037019 19
1549037020 0
1549037021 0
1549037022 0
1549037023 0
1549037024 0
1549037025 38
1549037026 0
1549037027 1
1549037028 0
1549037029 0
1549037030 0
1549037031 0
1549037032 0
1549037033 1
1549037034 42
1549037035 60
1549037036 0
1549037037 0
1549037038 0
1549037039 0
1549037040 0
1549037041 0
1549037042 0
1549037043 0
1549037044 31
1549037045 0
1549037046 0
1549037047 3
1549037048 0
1549037049 0
1549037050 0
1549037051 0
1549037052 0
1549037053 0
1549037054 0
1549037055 0
1549037056 0
1549037057 2
1549037058 0
1549037059 0
1549037060 0
1549037061 0
1549037062 17
1549037063 0
1549037064 0
1549037065 0
1549037066 28
1549037067 0
1549037068 0
1549037069 0
1549037070 0
1549037071 0
1549037072 0
1549037073 0
1549037074 31
1549037075 0
1549037076 0
1549037077 0
1549037078 0
1549037079 0
1549037080 0
1549037081 0
1549037082 49
1549037083 0
1549037084 5
1549037085 36
1549037086 0
1549037087 21
1549037088 0
1549037089 0
1549037090 0
1549037091 0
1549037092 12
1549037093 0
1549037094 0
1549037095 0
1549037096 54
1549037097 0
1549037098 0
1549037099 0
1549037100 0
1549037101 0
1549037102 0
1549037103 0
1549037104 0
1549037105 0
1549037106 14
1549037107 0
1549037108 0
1549037109 0
1549037110 0
1549037111 0
1549037112 0
1549037113 0
1549037114 0
1549037115 0
1549037116 0
1549037117 9
1549037118 0
1549037119 22
1549037120 0
1549037121 6
1549037122 0
1549037123 0
1549037124 38
1549037125 0
1549037126 0
1549037127 2
1549037128 4
1549037129 21
1549037130 23
1549037131 0
1549037132 0
1549037133 0
1549037134 9
1549037135 0
1549037136 0
1549037137 0
1549037138 0
1549037139 0
1549037140 0
1549037141 0
1549037142 0
1549037143 0
1549037144 26
1549037145 0
1549037146 0
1549037147 0
1549037148 0
1549037149 0
1549037150 0
1549037151 0
1549037152 74
1549037153 0
1549037154 11
1549037155 0
1549037156 0
1549037157 5
1549037158 0
1549037159 0
1549037160 0
1549037161 0
1549037162 0
1549037163 0
1549037164 7
1549037165 0
1549037166 0
1549037167 33
1549037168 33
1549037169 0
1549037170 39
1549037171 0
1549037172 0
1549037173 20
1549037174 36
1549037175 0
1549037176 0
1549037177 0
1549037178 0
1549037179 35
1549037180 0
1549037181 5
1549037182 0
1549037183 14
1549037184 0
1549037185 0
1549037186 0
1549037187 0
1549037188 0
1549037189 58
1549037190 0
1549037191 0
1549037192 0
1549037193 0
1549037194 0
1549037195 0
1549037196 0
1549037197 0
1549037198 0
1549037199 24
1549037200 127
1549037201 1
1549037202 0
1549037203 7
1549037204 0
1549037205 0
1549037206 45
1549037207 0
1549037208 0
1549037209 0
1549037210 0
1549037211 0
1549037212 0
1549037213 0
1549037214 0
1549037215 0
1549037216 0
1549037217 0
1549037218 0
1549037219 0
1549037220 0
1549037221 0
1549037222 0
1549037223 86
1549037224 26
1549037225 14
1549037226 0
1549037227 0
1549037228 7
1549037229 0
1549037230 6
1549037231 0
1549037232 71
1549037233 0
1549037234 0
1549037235 0
1549037236 13
1549037237 0
1549037238 0
1549037239 0
1549037240 0
1549037241 0
1549037242 0
1549037243 0
1549037244 67
1549037245 26
1549037246 0
1549037247 0
1549037248 0
1549037249 0
1549037250 28
1549037251 34
1549037252 0
1549037253 0
1549037254 40
1549037255 0
1549037256 0
1549037257 0
1549037258 0
1549037259 0
1549037260 70
1549037261 0
1549037262 0
1549037263 0
1549037264 0
1549037265 0
1549037266 0
1549037267 0
1549037268 0
1549037269 0
1549037270 0
1549037271 0
1549037272 45
1549037273 0
1549037274 25
1549037275 0
1549037276 0
1549037277 0
1549037278 0
1549037279 0
1549037280 0
1549037281 0
1549037282 0
1549037283 0
1549037284 0
1549037285 0
1549037286 0
1549037287 0
1549037288 0
1549037289 35
1549037290 0
1549037291 0
1549037292 0
1549037293 78
1549037294 29
1549037295 0
1549037296 0
1549037297 36
1549037298 0
1549037299 0
1549037300 0
1549037301 0
1549037302 6
1549037303 61
1549037304 0
1549037305 0
1549037306 37
1549037307 0
1549037308 0
1549037309 0
1549037310 0
1549037311 0
1549037312 0
1549037313 0
1549037314 0
1549037315 0
1549037316 0
1549037317 0
1549037318 0
1549037319 38
1549037320 0
1549037321 0
1549037322 0
1549037323 0
1549037324 0
1549037325 0
1549037326 40
1549037327 0
1549037328 0
1549037329 0
1549037330 3
1549037331 0
1549037332 0
1549037333 0
1549037334 4
1549037335 0
1549037336 5
1549037337 0
1549037338 10
1549037339 0
1549037340 0
1549037341 0
1549037342 91
1549037343 0
1549037344 0
1549037345 0
1549037346 0
1549037347 0
1549037348 14
1549037349 0
1549037350 0
1549037351 0
1549037352 0
1549037353 25
1549037354 0
1549037355 28
1549037356 0
1549037357 42
1549037358 0
1549037359 0
1549037360 0
1549037361 0
1549037362 0
1549037363 0
1549037364 0
1549037365 0
1549037366 0
1549037367 0
1549037368 0
1549037369 0
1549037370 77
1549037371 0
1549037372 25
1549037373 0
1549037374 17
1549037375 0
1549037376 21
1549037377 0
1549037378 0
1549037379 0
1549037380 41
1549037381 0
1549037382 0
1549037383 0
1549037384 0
1549037385 0
1549037386 28
1549037387 0
1549037388 0
1549037389 0
1549037390 0
1549037391 0
1549037392 0
1549037393 0
1549037394 0
1549037395 0
1549037396 0
1549037397 0
1549037398 0
1549037399 0
1549037400 6
1549037401 0
1549037402 0
1549037403 31
1549037404 16
1549037405 0
1549037406 29
1549037407 8
1549037408 0
1549037409 0
1549037410 76
1549037411 0
1549037412 0
1549037413 0
1549037414 85
1549037415 1
1549037416 0
1549037417 0
1549037418 26
1549037419 0
1549037420 0
1549037421 0
1549037422 0
1549037423 0
1549037424 0
1549037425 0
1549037426 0
1549037427 0
1549037428 0
1549037429 0
1549037430 0
1549037431 0
1549037432 0
1549037433 0
1549037434 0
1549037435 0
1549037436 0
1549037437 0
1549037438 0
1549037439 0
1549037440 0
1549037441 0
1549037442 0
1549037443 0
1549037444 0
1549037445 0
1549037446 0
1549037447 0
1549037448 0
1549037449 0
1549037450 0
1549037451 0
1549037452 16
1549037453 0
1549037454 0
1549037455 0
1549037456 10
1549037457 0
1549037458 0
1549037459 2
1549037460 0
1549037461 0
1549037462 0
1549037463 0
1549037464 6
1549037465 0
1549037466 0
1549037467 0
1549037468 0
1549037469 0
1549037470 22
1549037471 0
1549037472 0
1549037473 0
1549037474 13
1549037475 0
1549037476 0
1549037477 0
1549037478 35
1549037479 0
1549037480 0
1549037481 0
1549037482 0
1549037483 103
1549037484 0
1549037485 0
1549037486 0
1549037487 15
1549037488 6
1549037489 0
1549037490 2
1549037491 0
1549037492 14
1549037493 24
1549037494 0
1549037495 0
1549037496 0
1549037497 0
1549037498 0
1549037499 0
1549037500 0
1549037501 0
1549037502 40
1549037503 0
1549037504 0
1549037505 0
1549037506 0
1549037507 0
1549037508 0
1549037509 0
1549037510 0
1549037511 3
1549037512 3
1549037513 0
1549037514 0
1549037515 0
1549037516 35
1549037517 9
1549037518 0
1549037519 0
1549037520 0
1549037521 0
1549037522 0
1549037523 0
1549037524 0
1549037525 0
1549037526 0
1549037527 0
1549037528 7
1549037529 0
1549037530 0
1549037531 0
1549037532 0
1549037533 12
1549037534 41
1549037535 0
1549037536 0
1549037537 0
1549037538 41
1549037539 0
1549037540 0
1549037541 0
1549037542 0
1549037543 0
1549037544 0
1549037545 0
1549037546 0
1549037547 0
1549037548 0
1549037549 0
1549037550 0
1549037551 0
1549037552 0
1549037553 0
1549037554 0
1549037555 0
1549037556 3
1549037557 0
1549037558 65
1549037559 0
1549037560 0
1549037561 0
1549037562 0
1549037563 0
1549037564 1
1549037565 0
1549037566 42
1549037567 0
1549037568 0
1549037569 6
1549037570 0
1549037571 0
1549037572 0
1549037573 0
1549037574 0
1549037575 0
1549037576 0
1549037577 13
1549037578 0
1549037579 0
1549037580 0
1549037581 0
1549037582 0
1549037583 0
1549037584 0
1549037585 14
1549037586 7
1549037587 0
1549037588 6
1549037589 0
1549037590 35
1549037591 0
1549037592 0
1549037593 0
1549037594 0
1549037595 0
1549037596 0
1549037597 0
1549037598 9
1549037599 0
1549037600 0
1549037601 14
1549037602 12
1549037603 0
1549037604 0
1549037605 0
1549037606 0
1549037607 14
1549037608 0
1549037609 0
1549037610 0
1549037611 0
1549037612 0
1549037613 0
1549037614 0
1549037615 5
1549037616 0
1549037617 0
1549037618 89
1549037619 0
1549037620 0
1549037621 0
1549037622 15
1549037623 0
1549037624 0
1549037625 0
1549037626 47
1549037627 52
1549037628 0
1549037629 128
1549037630 0
1549037631 0
1549037632 0
1549037633 0
1549037634 28
1549037635 0
1549037636 0
1549037637 0
1549037638 0
1549037639 0
1549037640 0
1549037641 12
1549037642 5
1549037643 0
1549037644 0
1549037645 0
1549037646 0
1549037647 0
1549037648 0
1549037649 0
1549037650 0
1549037651 0
1549037652 48
1549037653 0
1549037654 0
1549037655 0
1549037656 0
1549037657 21
1549037658 0
1549037659 34
1549037660 0
1549037661 0
1549037662 29
1549037663 0
1549037664 0
1549037665 0
1549037666 0
1549037667 0
1549037668 0
1549037669 0
1549037670 0
1549037671 25
1549037672 0
1549037673 0
1549037674 27
1549037675 0
1549037676 0
1549037677 10
1549037678 0
1549037679 0
1549037680 0
1549037681 9
1549037682 0
1549037683 0
1549037684 0
1549037685 0
1549037686 0
1549037687 0
1549037688 0
1549037689 0
1549037690 0
1549037691 0
1549037692 0
1549037693 0
1549037694 0
1549037695 13
1549037696 0
1549037697 20
1549037698 0
1549037699 38
1549037700 0
1549037701 28
1549037702 0
1549037703 0
1549037704 0
1549037705 0
1549037706 0
1549037707 0
1549037708 84
1549037709 0
1549037710 0
1549037711 0
1549037712 0
1549037713 0
1549037714 12
1549037715 21
1549037716 33
1549037717 0
1549037718 0
1549037719 3
1549037720 0
1549037721 0
1549037722 0
1549037723 0
1549037724 0
1549037725 0
1549037726 0
1549037727 0
1549037728 0
1549037729 0
1549037730 0
1549037731 0
1549037732 0
1549037733 0
1549037734 0
1549037735 0
1549037736 0
1549037737 0
1549037738 0
1549037739 0
1549037740 0
1549037741 0
1549037742 0
1549037743 0
1549037744 0
1549037745 0
1549037746 0
1549037747 0
1549037748 0
1549037749 0
1549037750 0
1549037751 0
1549037752 0
1549037753 0
1549037754 0
1549037755 0
1549037756 0
1549037757 0
1549037758 0
1549037759 0
1549037760 0
1549037761 0
1549037762 0
1549037763 0
1549037764 0
1549037765 0
1549037766 0
1549037767 0
1549037768 0
1549037769 0
1549037770 0
1549037771 0
1549037772 0
1549037773 0
1549037774 0
1549037775 0
1549037776 0
1549037777 0
1549037778 0
1549037779 0
1549037780 0
1549037781 0
1549037782 0
1549037783 0
1549037784 0
1549037785 0
1549037786 0
1549037787 0
1549037788 0
1549037789 0
1549037790 0
1549037791 0
1549037792 0
1549037793 0
1549037794 0
1549037795 0
1549037796 0
1549037797 0
1549037798 0
1549037799 0
1549037800 0
1549037801 0
1549037802 0
1549037803 0
1549037804 0
1549037805 0
1549037806 0
1549037807 0
1549037808 0
1549037809 0
1549037810 0
1549037811 0
1549037812 0
1549037813 0
1549037814 0
1549037815 0
1549037816 0
1549037817 0
1549037818 0
1549037819 0
1549037820 0
1549037821 0
1549037822 0
1549037823 0
1549037824 0
1549037825 0
1549037826 0
1549037827 0
1549037828 0
1549037829 0
1549037830 0
1549037831 0
1549037832 0
1549037833 0
1549037834 0
1549037835 0
1549037836 0
1549037837 0
1549037838 0
1549037839 0
1549037840 0
1549037841 0
1549037842 0
1549037843 0
1549037844 0
1549037845 0
1549037846 0
1549037847 0
1549037848 0
1549037849 0
1549037850 0
1549037851 0
1549037852 0
1549037853 0
1549037854 0
1549037855 0
1549037856 0
1549037857 0
1549037858 0
1549037859 0
1549037860 0
1549037861 0
1549037862 0
1549037863 0
1549037864 0
1549037865 0
1549037866 0
1549037867 0
1549037868 0
1549037869 0
1549037870 0
1549037871 0
1549037872 0
1549037873 0
1549037874 0
1549037875 0
1549037876 0
1549037877 0
1549037878 0
1549037879 0
1549037880 0
1549037881 0
1549037882 0
1549037883 0
1549037884 0
1549037885 0
1549037886 0
1549037887 0
1549037888 0
1549037889 0
1549037890 0
1549037891 0
1549037892 0
1549037893 0
1549037894 0
1549037895 0
1549037896 0
1549037897 0
1549037898 0
1549037899 0
1549037900 0
1549037901 0
1549037902 0
1549037903 0
1549037904 0
1549037905 0
1549037906 0
1549037907 0
1549037908 0
1549037909 0
1549037910 0
1549037911 0
1549037912 0
1549037913 0
1549037914 0
1549037915 0
1549037916 0
1549037917 0
1549037918 0
1549037919 0
1549037920 0
1549037921 0
1549037922 0
1549037923 0
1549037924 0
1549037925 0
1549037926 0
1549037927 0
1549037928 0
1549037929 0
1549037930 0
1549037931 0
1549037932 0
1549037933 0
1549037934 0
1549037935 0
1549037936 0
1549037937 0
1549037938 0
1549037939 0
1549037940 0
1549037941 0
1549037942 0
1549037943 0
1549037944 0
1549037945 0
1549037946 0
1549037947 0
1549037948 0
1549037949 0
1549037950 0
1549037951 0
1549037952 0
1549037953 0
1549037954 0
1549037955 0
1549037956 0
1549037957 0
1549037958 0
1549037959 0
1549037960 0
1549037961 0
1549037962 0
1549037963 0
1549037964 0
1549037965 0
1549037966 0
1549037967 0
1549037968 0
1549037969 0
1549037970 0
1549037971 0
1549037972 0
1549037973 0
1549037974 0
1549037975 0
1549037976 0
1549037977 0
1549037978 0
1549037979 0
1549037980 0
1549037981 0
1549037982 0
1549037983 0
1549037984 0
1549037985 0
1549037986 0
1549037987 0
1549037988 0
1549037989 0
1549037990 0
1549037991 0
1549037992 0
1549037993 0
1549037994 0
1549037995 0
1549037996 0
1549037997 0
1549037998 0
1549037999 0
1549038000 0
1549038001 0
1549038002 0
1549038003 0
1549038004 0
1549038005 0
1549038006 0
1549038007 0
1549038008 0
1549038009 0
1549038010 0
1549038011 0
1549038012 0
1549038013 0
1549038014 0
1549038015 0
1549038016 0
1549038017 0
1549038018 0
1549038019 0
1549038020 0
1549038021 0
1549038022 0
1549038023 0
1549038024 0
1549038025 0
1549038026 0
1549038027 0
1549038028 0
1549038029 0
1549038030 0
1549038031 0
1549038032 0
1549038033 0
1549038034 0
1549038035 0
1549038036 0
1549038037 0
1549038038 0
1549038039 0
1549038040 0
1549038041 0
1549038042 0
1549038043 0
1549038044 0
1549038045 0
1549038046 0
1549038047 0
1549038048 0
1549038049 0
1549038050 0
1549038051 0
1549038052 0
1549038053 0
1549038054 0
1549038055 0
1549038056 0
1549038057 0
1549038058 0
1549038059 0
1549038060 0
1549038061 0
1549038062 0
1549038063 0
1549038064 0
1549038065 0
1549038066 0
1549038067 0
1549038068 0
1549038069 0
1549038070 0
1549038071 0
1549038072 0
1549038073 0
1549038074 0
1549038075 0
1549038076 0
1549038077 0
1549038078 0
1549038079 0
1549038080 0
1549038081 0
1549038082 0
1549038083 0
1549038084 0
1549038085 0
1549038086 0
1549038087 0
1549038088 0
1549038089 0
1549038090 0
1549038091 0
1549038092 0
1549038093 0
1549038094 0
1549038095 0
1549038096 0
1549038097 0
1549038098 0
1549038099 0
1549038100 0
1549038101 0
1549038102 0
1549038103 0
1549038104 0
1549038105 0
1549038106 0
1549038107 0
1549038108 0
1549038109 0
1549038110 0
1549038111 0
1549038112 0
1549038113 0
1549038114 0
1549038115 0
1549038116 0
1549038117 0
1549038118 0
1549038119 0
1549038120 0
1549038121 0
1549038122 0
1549038123 0
1549038124 0
1549038125 0
1549038126 0
1549038127 0
1549038128 0
1549038129 0
1549038130 0
1549038131 0
1549038132 0
1549038133 0
1549038134 0
1549038135 0
1549038136 0
1549038137 0
1549038138 0
1549038139 0
1549038140 0
1549038141 0
1549038142 0
1549038143 0
1549038144 0
1549038145 0
1549038146 0
1549038147 0
1549038148 0
1549038149 0
1549038150 0
1549038151 0
1549038152 0
1549038153 0
1549038154 0
1549038155 0
1549038156 0
1549038157 0
1549038158 0
1549038159 0
1549038160 0
1549038161 0
1549038162 0
1549038163 0
1549038164 0
1549038165 0
1549038166 0
1549038167 0
1549038168 0
1549038169 0
1549038170 0
1549038171 0
1549038172 0
1549038173 0
1549038174 0
1549038175 0
1549038176 0
1549038177 0
1549038178 0
1549038179 0
1549038180 0
1549038181 0
1549038182 0
1549038183 0
1549038184 0
1549038185 0
1549038186 0
1549038187 0
1549038188 0
1549038189 0
1549038190 0
1549038191 0
1549038192 0
1549038193 0
1549038194 0
1549038195 0
1549038196 0
1549038197 0
1549038198 0
1549038199 0
1549038200 0
1549038201 0
1549038202 0
1549038203 0
1549038204 0
1549038205 0
1549038206 0
1549038207 0
1549038208 0
1549038209 0
1549038210 0
1549038211 0
1549038212 0
1549038213 0
1549038214 0
1549038215 0
1549038216 0
1549038217 0
1549038218 0
1549038219 0
1549038220 0
1549038221 0
1549038222 0
1549038223 0
1549038224 0
1549038225 0
1549038226 0
1549038227 0
1549038228 0
1549038229 0
1549038230 0
1549038231 0
1549038232 0
1549038233 0
1549038234 0
1549038235 0
1549038236 0
1549038237 0
1549038238 0
1549038239 0
1549038240 0
1549038241 0
1549038242 0
1549038243 0
1549038244 0
1549038245 0
1549038246 0
1549038247 0
1549038248 0
1549038249 0
1549038250 0
1549038251 0
1549038252 0
1549038253 0
1549038254 0
1549038255 0
1549038256 0
1549038257 0
1549038258 0
1549038259 0
1549038260 0
1549038261 0
1549038262 0
1549038263 0
1549038264 0
1549038265 0
1549038266 0
1549038267 0
1549038268 0
1549038269 0
1549038270 0
1549038271 0
1549038272 0
1549038273 0
1549038274 0
1549038275 0
1549038276 0
1549038277 0
1549038278 0
1549038279 0
1549038280 0
1549038281 0
1549038282 0
1549038283 0
1549038284 0
1549038285 0
1549038286 0
1549038287 0
1549038288 0
1549038289 0
1549038290 0
1549038291 0
1549038292 0
1549038293 0
1549038294 0
1549038295 0
1549038296 0
1549038297 0
1549038298 0
1549038299 0
1549038300 0
1549038301 0
1549038302 0
1549038303 0
1549038304 0
1549038305 0
1549038306 0
1549038307 0
1549038308 0
1549038309 0
1549038310 0
1549038311 0
1549038312 0
1549038313 0
1549038314 0
1549038315 0
1549038316 0
1549038317 0
1549038318 0
1549038319 0
1549038320 0
1549038321 0
1549038322 0
1549038323 0
1549038324 0
1549038325 0
1549038326 0
1549038327 0
1549038328 0
1549038329 0
1549038330 0
1549038331 0
1549038332 0
1549038333 0
1549038334 0
1549038335 0
1549038336 0
1549038337 0
1549038338 0
1549038339 0
1549038340 0
1549038341 0
1549038342 0
1549038343 0
1549038344 0
1549038345 0
1549038346 0
1549038347 0
1549038348 0
1549038349 0
1549038350 0
1549038351 0
1549038352 0
1549038353 0
1549038354 0
1549038355 0
1549038356 0
1549038357 0
1549038358 0
1549038359 0
1549038360 0
1549038361 0
1549038362 0
1549038363 0
1549038364 0
1549038365 0
1549038366 0
1549038367 0
1549038368 0
1549038369 0
1549038370 0
1549038371 0
1549038372 0
1549038373 0
1549038374 0
1549038375 0
1549038376 0
1549038377 0
1549038378 0
1549038379 0
1549038380 0
1549038381 0
1549038382 0
1549038383 0
1549038384 0
1549038385 0
1549038386 0
1549038387 0
1549038388 0
1549038389 0
1549038390 0
1549038391 0
1549038392 0
1549038393 0
1549038394 0
1549038395 0
1549038396 0
1549038397 0
1549038398 0
1549038399 0
1549038400 0
1549038401 0
1549038402 0
1549038403 0
1549038404 0
1549038405 0
1549038406 0
1549038407 0
1549038408 0
1549038409 0
1549038410 0
1549038411 0
1549038412 0
1549038413 0
1549038414 0
1549038415 0
1549038416 0
1549038417 0
1549038418 0
1549038419 0
1549038420 0
1549038421 0
1549038422 0
1549038423 0
1549038424 0
1549038425 0
1549038426 0
1549038427 0
1549038428 0
1549038429 0
1549038430 0
1549038431 0
1549038432 0
1549038433 0
1549038434 0
1549038435 0
1549038436 0
1549038437 0
1549038438 0
1549038439 0
1549038440 0
1549038441 0
1549038442 0
1549038443 0
1549038444 0
1549038445 0
1549038446 0
1549038447 0
1549038448 0
1549038449 0
1549038450 0
1549038451 0
1549038452 0
1549038453 0
1549038454 0
1549038455 0
1549038456 0
1549038457 0
1549038458 0
1549038459 0
1549038460 0
1549038461 0
1549038462 0
1549038463 0
1549038464 0
1549038465 0
1549038466 0
1549038467 0
1549038468 0
1549038469 0
1549038470 0
1549038471 0
1549038472 0
1549038473 0
1549038474 0
1549038475 0
1549038476 0
1549038477 0
1549038478 0
1549038479 0
1549038480 0
1549038481 0
1549038482 0
1549038483 0
1549038484 0
1549038485 0
1549038486 0
1549038487 0
1549038488 0
1549038489 0
1549038490 0
1549038491 0
1549038492 0
1549038493 0
1549038494 0
1549038495 0
1549038496 0
1549038497 0
1549038498 0
1549038499 0
1549038500 0
1549038501 0
1549038502 0
1549038503 0
1549038504 0
1549038505 0
1549038506 0
1549038507 0
1549038508 0
1549038509 0
1549038510 0
1549038511 0
1549038512 0
1549038513 0
1549038514 0
1549038515 0
1549038516 0
1549038517 0
1549038518 0
1549038519 0
1549038520 0
1549038521 0
1549038522 0
1549038523 0
1549038524 0
1549038525 0
1549038526 0
1549038527 0
1549038528 0
1549038529 0
1549038530 0
1549038531 0
1549038532 0
1549038533 0
1549038534 0
1549038535 0
1549038536 0
1549038537 0
1549038538 0
1549038539 0
1549038540 0
1549038541 0
1549038542 0
1549038543 0
1549038544 0
1549038545 0
1549038546 0
1549038547 0
1549038548 0
1549038549 0
1549038550 0
1549038551 0
1549038552 0
1549038553 0
1549038554 0
1549038555 0
1549038556 0
1549038557 0
1549038558 0
1549038559 0
1549038560 0
1549038561 0
1549038562 0
1549038563 0
1549038564 0
1549038565 0
1549038566 0
1549038567 0
1549038568 0
1549038569 0
1549038570 0
1549038571 0
1549038572 0
1549038573 0
1549038574 0
1549038575 0
1549038576 0
1549038577 0
1549038578 0
1549038579 0
1549038580 0
1549038581 0
1549038582 0
1549038583 0
1549038584 0
1549038585 0
1549038586 0
1549038587 0
1549038588 0
1549038589 0
1549038590 0
1549038591 0
1549038592 0
1549038593 0
1549038594 0
1549038595 0
1549038596 0
1549038597 0
1549038598 0
1549038599 0
1549038600 0
1549038601 0
1549038602 0
1549038603 0
1549038604 0
1549038605 0
1549038606 0
1549038607 0
1549038608 0
1549038609 0
1549038610 0
1549038611 0
1549038612 0
1549038613 0
1549038614 0
1549038615 0
1549038616 0
1549038617 0
1549038618 0
1549038619 0
1549038620 0
1549038621 0
1549038622 0
1549038623 0
1549038624 0
1549038625 0
1549038626 0
1549038627 0
1549038628 0
1549038629 0
1549038630 0
1549038631 0
1549038632 0
1549038633 0
1549038634 0
1549038635 0
1549038636 0
1549038637 0
1549038638 0
1549038639 0
1549038640 0
1549038641 0
1549038642 0
1549038643 0
1549038644 0
1549038645 0
1549038646 0
1549038647 0
1549038648 0
1549038649 0
1549038650 0
1549038651 0
1549038652 0
1549038653 0
1549038654 0
1549038655 0
1549038656 0
1549038657 0
1549038658 0
1549038659 0
1549038660 0
1549038661 0
1549038662 0
1549038663 0
1549038664 0
1549038665 0
1549038666 0
1549038667 0
1549038668 0
1549038669 0
1549038670 0
1549038671 0
1549038672 0
1549038673 0
1549038674 0
1549038675 0
1549038676 0
1549038677 0
1549038678 0
1549038679 0
1549038680 0
1549038681 0
1549038682 0
1549038683 0
1549038684 0
1549038685 0
1549038686 0
1549038687 0
1549038688 0
1549038689 0
1549038690 0
1549038691 0
1549038692 0
1549038693 0
1549038694 0
1549038695 0
1549038696 0
1549038697 0
1549038698 0
1549038699 0
1549038700 0
1549038701 0
1549038702 0
1549038703 0
1549038704 0
1549038705 0
1549038706 0
1549038707 0
1549038708 0
1549038709 0
1549038710 0
1549038711 0
1549038712 0
1549038713 0
1549038714 0
1549038715 0
1549038716 0
1549038717 0
1549038718 0
1549038719 0
1549038720 0
1549038721 0
1549038722 0
1549038723 0
1549038724 0
1549038725 0
1549038726 0
1549038727 0
1549038728 0
1549038729 0
1549038730 0
1549038731 0
1549038732 0
1549038733 0
1549038734 0
1549038735 0
1549038736 0
1549038737 0
1549038738 0
1549038739 0
1549038740 0
1549038741 0
1549038742 0
1549038743 0
1549038744 0
1549038745 0
1549038746 0
1549038747 0
1549038748 0
1549038749 0
1549038750 0
1549038751 0
1549038752 0
1549038753 0
1549038754 0
1549038755 0
1549038756 0
1549038757 0
1549038758 0
1549038759 0
1549038760 0
1549038761 0
1549038762 0
1549038763 0
1549038764 0
1549038765 0
1549038766 0
1549038767 0
1549038768 0
1549038769 0
1549038770 0
1549038771 0
1549038772 0
1549038773 0
1549038774 0
1549038775 0
1549038776 0
1549038777 0
1549038778 0
1549038779 0
1549038780 0
1549038781 0
1549038782 0
1549038783 0
1549038784 0
1549038785 0
1549038786 0
1549038787 0
1549038788 0
1549038789 0
1549038790 0
1549038791 0
1549038792 0
1549038793 0
1549038794 0
1549038795 0
1549038796 0
1549038797 0
1549038798 0
1549038799 0
1549038800 0
1549038801 0
1549038802 0
1549038803 0
1549038804 0
1549038805 0
1549038806 0
1549038807 0
1549038808 0
1549038809 0
1549038810 0
1549038811 0
1549038812 0
1549038813 0
1549038814 0
1549038815 0
1549038816 0
1549038817 0
1549038818 0
1549038819 0
1549038820 0
1549038821 0
1549038822 0
1549038823 0
1549038824 0
1549038825 0
1549038826 0
1549038827 0
1549038828 0
1549038829 0
1549038830 0
1549038831 0
1549038832 0
1549038833 0
1549038834 0
1549038835 0
1549038836 0
1549038837 0
1549038838 0
1549038839 0
1549038840 0
1549038841 0
1549038842 0
1549038843 0
1549038844 0
1549038845 0
1549038846 0
1549038847 0
1549038848 0
1549038849 0
1549038850 0
1549038851 0
1549038852 0
1549038853 0
1549038854 0
1549038855 0
1549038856 0
1549038857 0
1549038858 0
1549038859 0
1549038860 0
1549038861 0
1549038862 0
1549038863 0
1549038864 0
1549038865 0
1549038866 0
1549038867 0
1549038868 0
1549038869 0
1549038870 0
1549038871 0
1549038872 0
1549038873 0
1549038874 0
1549038875 0
1549038876 0
1549038877 0
1549038878 0
1549038879 0
1549038880 0
1549038881 0
1549038882 0
1549038883 0
1549038884 0
1549038885 0
1549038886 0
1549038887 0
1549038888 0
1549038889 0
1549038890 0
1549038891 0
1549038892 0
1549038893 0
1549038894 0
1549038895 0
1549038896 0
1549038897 0
1549038898 0
1549038899 0
1549038900 0
1549038901 0
1549038902 0
1549038903 0
1549038904 0
1549038905 0
1549038906 0
1549038907 0
1549038908 0
1549038909 0
1549038910 0
1549038911 0
1549038912 0
1549038913 0
1549038914 0
1549038915 0
1549038916 0
1549038917 0
1549038918 0
1549038919 0
1549038920 0
1549038921 0
1549038922 0
1549038923 0
1549038924 0
1549038925 0
1549038926 0
1549038927 0
1549038928 0
1549038929 0
1549038930 0
1549038931 0
1549038932 0
1549038933 0
1549038934 0
1549038935 0
1549038936 0
1549038937 0
1549038938 0
1549038939 0
1549038940 0
1549038941 0
1549038942 0
1549038943 0
1549038944 0
1549038945 0
1549038946 0
1549038947 0
1549038948 0
1549038949 0
1549038950 0
1549038951 0
1549038952 0
1549038953 0
1549038954 0
1549038955 0
1549038956 0
1549038957 0
1549038958 0
1549038959 0
1549038960 0
1549038961 0
1549038962 0
1549038963 0
1549038964 0
1549038965 0
1549038966 0
1549038967 0
1549038968 0
1549038969 0
1549038970 0
1549038971 0
1549038972 0
1549038973 0
1549038974 0
1549038975 0
1549038976 0
1549038977 0
1549038978 0
1549038979 0
1549038980 0
1549038981 0
1549038982 0
1549038983 0
1549038984 0
1549038985 0
1549038986 0
1549038987 0
1549038988 0
1549038989 0
1549038990 0
1549038991 0
1549038992 0
1549038993 0
1549038994 0
1549038995 0
1549038996 0
1549038997 0
1549038998 0
1549038999 0
1549039000 0
1549039001 0
1549039002 0
1549039003 0
1549039004 0
1549039005 0
1549039006 0
1549039007 0
1549039008 0
1549039009 0
1549039010 0
1549039011 0
1549039012 0
1549039013 0
1549039014 0
1549039015 0
1549039016 0
1549039017 0
1549039018 0
1549039019 0
1549039020 0
1549039021 0
1549039022 0
1549039023 0
1549039024 0
1549039025 0
1549039026 0
1549039027 0
1549039028 0
1549039029 0
1549039030 0
1549039031 0
1549039032 0
1549039033 0
1549039034 0
1549039035 0
1549039036 0
1549039037 0
1549039038 0
1549039039 0
1549039040 0
1549039041 0
1549039042 0
1549039043 0
1549039044 0
1549039045 0
1549039046 0
1549039047 0
1549039048 0
1549039049 0
1549039050 0
1549039051 0
1549039052 0
1549039053 0
1549039054 0
1549039055 0
1549039056 0
1549039057 0
1549039058 0
1549039059 0
1549039060 0
1549039061 0
1549039062 0
1549039063 0
1549039064 0
1549039065 0
1549039066 0
1549039067 0
1549039068 0
1549039069 0
1549039070 0
1549039071 0
1549039072 0
1549039073 0
1549039074 0
1549039075 0
1549039076 0
1549039077 0
1549039078 0
1549039079 0
1549039080 0
1549039081 0
1549039082 0
1549039083 0
1549039084 0
1549039085 0
1549039086 0
1549039087 0
1549039088 0
1549039089 0
1549039090 0
1549039091 0
1549039092 0
1549039093 0
1549039094 0
1549039095 0
1549039096 0
1549039097 0
1549039098 0
1549039099 0
1549039100 0
1549039101 0
1549039102 0
1549039103 0
1549039104 0
1549039105 0
1549039106 0
1549039107 0
1549039108 0
1549039109 0
1549039110 0
1549039111 0
1549039112 0
1549039113 0
1549039114 0
1549039115 0
1549039116 0
1549039117 0
1549039118 0
1549039119 0
1549039120 0
1549039121 0
1549039122 0
1549039123 0
1549039124 0
1549039125 0
1549039126 0
1549039127 0
1549039128 0
1549039129 0
1549039130 0
1549039131 0
1549039132 0
1549039133 0
1549039134 0
1549039135 0
1549039136 0
1549039137 0
1549039138 0
1549039139 0
1549039140 0
1549039141 0
1549039142 0
1549039143 0
1549039144 0
1549039145 0
1549039146 0
1549039147 0
1549039148 0
1549039149 0
1549039150 0
1549039151 0
1549039152 0
1549039153 0
1549039154 0
1549039155 0
1549039156 0
1549039157 0
1549039158 0
1549039159 0
1549039160 0
1549039161 0
1549039162 0
1549039163 0
1549039164 0
1549039165 0
1549039166 0
1549039167 0
1549039168 0
1549039169 0
1549039170 0
1549039171 0
1549039172 0
1549039173 0
1549039174 0
1549039175 0
1549039176 0
1549039177 0
1549039178 0
1549039179 0
1549039180 0
1549039181 0
1549039182 0
1549039183 0
1549039184 0
1549039185 0
1549039186 0
1549039187 0
1549039188 0
1549039189 0
1549039190 0
1549039191 0
1549039192 0
1549039193 0
1549039194 0
1549039195 0
1549039196 0
1549039197 0
1549039198 0
1549039199 0
1549039200 0
1549039201 0
1549039202 0
1549039203 0
1549039204 0
1549039205 0
1549039206 0
1549039207 0
1549039208 0
1549039209 0
1549039210 0
1549039211 0
1549039212 0
1549039213 0
1549039214 0
1549039215 0
1549039216 0
1549039217 0
1549039218 0
1549039219 0
1549039220 0
1549039221 0
1549039222 0
1549039223 0
1549039224 0
1549039225 0
1549039226 0
1549039227 0
1549039228 0
1549039229 0
1549039230 0
1549039231 0
1549039232 0
1549039233 0
1549039234 0
1549039235 0
1549039236 0
1549039237 0
1549039238 0
1549039239 0
1549039240 0
1549039241 0
1549039242 0
1549039243 0
1549039244 0
1549039245 0
1549039246 0
1549039247 0
1549039248 0
1549039249 0
1549039250 0
1549039251 0
1549039252 0
1549039253 0
1549039254 0
1549039255 0
1549039256 0
1549039257 0
1549039258 0
1549039259 0
1549039260 0
1549039261 0
1549039262 0
1549039263 0
1549039264 0
1549039265 0
1549039266 0
1549039267 0
1549039268 0
1549039269 0
1549039270 0
1549039271 0
1549039272 0
1549039273 0
1549039274 0
1549039275 0
1549039276 0
1549039277 0
1549039278 0
1549039279 0
1549039280 0
1549039281 0
1549039282 0
1549039283 0
1549039284 0
1549039285 0
1549039286 0
1549039287 0
1549039288 0
1549039289 0
1549039290 0
1549039291 0
1549039292 0
1549039293 0
1549039294 0
1549039295 0
1549039296 0
1549039297 0
1549039298 0
1549039299 0
1549039300 0
1549039301 0
1549039302 0
1549039303 0
1549039304 0
1549039305 0
1549039306 0
1549039307 0
1549039308 0
1549039309 0
1549039310 0
1549039311 0
1549039312 0
1549039313 0
1549039314 0
1549039315 0
1549039316 0
1549039317 0
1549039318 0
1549039319 0
1549039320 0
1549039321 0
1549039322 0
1549039323 0
1549039324 0
1549039325 0
1549039326 0
1549039327 0
1549039328 0
1549039329 0
1549039330 0
1549039331 0
1549039332 0
1549039333 0
1549039334 0
1549039335 0
1549039336 0
1549039337 0
1549039338 0
1549039339 0
1549039340 0
1549039341 0
1549039342 0
1549039343 0
1549039344 0
1549039345 0
1549039346 0
1549039347 0
1549039348 0
1549039349 0
1549039350 0
1549039351 0
1549039352 0
1549039353 0
1549039354 0
1549039355 0
1549039356 0
1549039357 0
1549039358 0
1549039359 0
1549039360 0
1549039361 0
1549039362 0
1549039363 0
1549039364 0
1549039365 0
1549039366 0
1549039367 0
1549039368 0
1549039369 0
1549039370 0
1549039371 0
1549039372 0
1549039373 0
1549039374 0
1549039375 0
1549039376 0
1549039377 0
1549039378 0
1549039379 0
1549039380 0
1549039381 0
1549039382 0
1549039383 0
1549039384 0
1549039385 0
1549039386 0
1549039387 0
1549039388 0
1549039389 0
1549039390 0
1549039391 0
1549039392 0
1549039393 0
1549039394 0
1549039395 0
1549039396 0
1549039397 0
1549039398 0
1549039399 0
1549039400 0
1549039401 0
1549039402 0
1549039403 0
1549039404 0
1549039405 0
1549039406 0
1549039407 0
1549039408 0
1549039409 0
1549039410 0
1549039411 0
1549039412 0
1549039413 0
1549039414 0
1549039415 0
1549039416 0
1549039417 0
1549039418 0
1549039419 0
1549039420 0
1549039421 0
1549039422 0
1549039423 0
1549039424 0
1549039425 0
1549039426 0
1549039427 0
1549039428 0
1549039429 0
1549039430 0
1549039431 0
1549039432 0
1549039433 0
1549039434 0
1549039435 0
1549039436 0
1549039437 0
1549039438 0
1549039439 0
1549039440 0
1549039441 0
1549039442 0
1549039443 0
1549039444 0
1549039445 0
1549039446 0
1549039447 0
1549039448 0
1549039449 0
1549039450 0
1549039451 0
1549039452 0
1549039453 0
1549039454 0
1549039455 0
1549039456 0
1549039457 0
1549039458 0
1549039459 0
1549039460 0
1549039461 0
1549039462 0
1549039463 0
1549039464 0
1549039465 0
1549039466 0
1549039467 0
1549039468 0
1549039469 0
1549039470 0
1549039471 0
1549039472 0
1549039473 0
1549039474 0
1549039475 0
1549039476 0
1549039477 0
1549039478 0
1549039479 0
1549039480 0
1549039481 0
1549039482 0
1549039483 0
1549039484 0
1549039485 0
1549039486 0
1549039487 0
1549039488 0
1549039489 0
1549039490 0
1549039491 0
1549039492 0
1549039493 0
1549039494 0
1549039495 0
1549039496 0
1549039497 0
1549039498 0
1549039499 0
1549039500 0
1549039501 0
1549039502 0
1549039503 0
1549039504 0
1549039505 0
1549039506 0
1549039507 0
1549039508 0
1549039509 0
1549039510 0
1549039511 0
1549039512 0
1549039513 0
1549039514 0
1549039515 0
1549039516 0
1549039517 0
1549039518 0
1549039519 0
1549039520 0
1549039521 0
1549039522 0
1549039523 0
1549039524 0
1549039525 0
1549039526 0
1549039527 0
1549039528 0
1549039529 0
1549039530 0
1549039531 0
1549039532 0
1549039533 0
1549039534 0
1549039535 0
1549039536 0
1549039537 0
1549039538 0
1549039539 0
1549039540 0
1549039541 0
1549039542 0
1549039543 0
1549039544 0
1549039545 0
1549039546 0
1549039547 0
1549039548 0
1549039549 0
1549039550 0
1549039551 0
1549039552 0
1549039553 0
1549039554 0
1549039555 0
1549039556 0
1549039557 0
1549039558 0
1549039559 0
1549039560 0
1549039561 0
1549039562 0
1549039563 0
1549039564 0
1549039565 0
1549039566 0
1549039567 0
1549039568 0
1549039569 0
1549039570 0
1549039571 0
1549039572 0
1549039573 0
1549039574 0
1549039575 0
1549039576 0
1549039577 0
1549039578 0
1549039579 0
1549039580 0
1549039581 0
1549039582 0
1549039583 0
1549039584 0
1549039585 0
1549039586 0
1549039587 0
1549039588 0
1549039589 0
1549039590 0
1549039591 0
1549039592 0
1549039593 0
1549039594 0
1549039595 0
1549039596 0
1549039597 0
1549039598 0
1549039599 0
1549039600 0
1549039601 0
1549039602 0
1549039603 0
1549039604 0
1549039605 0
1549039606 0
1549039607 0
1549039608 0
1549039609 0
1549039610 0
1549039611 0
1549039612 0
1549039613 0
1549039614 0
1549039615 0
1549039616 0
1549039617 0
1549039618 0
1549039619 0
1549039620 0
1549039621 0
1549039622 0
1549039623 0
1549039624 0
1549039625 0
1549039626 0
1549039627 0
1549039628 0
1549039629 0
1549039630 0
1549039631 0
1549039632 0
1549039633 0
1549039634 0
1549039635 0
1549039636 0
1549039637 0
1549039638 0
1549039639 0
1549039640 0
1549039641 0
1549039642 0
1549039643 0
1549039644 0
1549039645 0
1549039646 0
1549039647 0
1549039648 0
1549039649 0
1549039650 0
1549039651 0
1549039652 0
1549039653 0
1549039654 0
1549039655 0
1549039656 0
1549039657 0
1549039658 0
1549039659 0
1549039660 0
1549039661 0
1549039662 0
1549039663 0
1549039664 0
1549039665 0
1549039666 0
1549039667 0
1549039668 0
1549039669 0
1549039670 0
1549039671 0
1549039672 0
1549039673 0
1549039674 0
1549039675 0
1549039676 0
1549039677 0
1549039678 0
1549039679 0
1549039680 0
1549039681 0
1549039682 0
1549039683 0
1549039684 0
1549039685 0
1549039686 0
1549039687 0
1549039688 0
1549039689 0
1549039690 0
1549039691 0
1549039692 0
1549039693 0
1549039694 0
1549039695 0
1549039696 0
1549039697 0
1549039698 0
1549039699 0
1549039700 0
1549039701 0
1549039702 0
1549039703 0
1549039704 0
1549039705 0
1549039706 0
1549039707 0
1549039708 0
1549039709 0
1549039710 0
1549039711 0
1549039712 0
1549039713 0
1549039714 0
1549039715 0
1549039716 0
1549039717 0
1549039718 0
1549039719 0
1549039720 0
1549039721 0
1549039722 0
1549039723 0
1549039724 0
1549039725 0
1549039726 0
1549039727 0
1549039728 0
1549039729 0
1549039730 0
1549039731 0
1549039732 0
1549039733 0
1549039734 0
1549039735 0
1549039736 0
1549039737 0
1549039738 0
1549039739 0
1549039740 0
1549039741 0
1549039742 0
1549039743 0
1549039744 0
1549039745 0
1549039746 0
1549039747 0
1549039748 0
1549039749 0
1549039750 0
1549039751 0
1549039752 0
1549039753 0
1549039754 0
1549039755 0
1549039756 0
1549039757 0
1549039758 0
1549039759 0
1549039760 0
1549039761 0
1549039762 0
1549039763 0
1549039764 0
1549039765 0
1549039766 0
1549039767 0
1549039768 0
1549039769 0
1549039770 0
1549039771 0
1549039772 0
1549039773 0
1549039774 0
1549039775 0
1549039776 0
1549039777 0
1549039778 0
1549039779 0
1549039780 0
1549039781 0
1549039782 0
1549039783 0
1549039784 0
1549039785 0
1549039786 0
1549039787 0
1549039788 0
1549039789 0
1549039790 0
1549039791 0
1549039792 0
1549039793 0
1549039794 0
1549039795 0
1549039796 0
1549039797 0
1549039798 0
1549039799 0
1549039800 0
1549039801 0
1549039802 0
1549039803 0
1549039804 0
1549039805 0
1549039806 0
1549039807 0
1549039808 0
1549039809 0
1549039810 0
1549039811 0
1549039812 0
1549039813 0
1549039814 0
1549039815 0
1549039816 0
1549039817 0
1549039818 0
1549039819 0
1549039820 0
1549039821 0
1549039822 0
1549039823 0
1549039824 0
1549039825 0
1549039826 0
1549039827 0
1549039828 0
1549039829 0
1549039830 0
1549039831 0
1549039832 0
1549039833 0
1549039834 0
1549039835 0
1549039836 0
1549039837 0
1549039838 0
1549039839 0
1549039840 0
1549039841 0
1549039842 0
1549039843 0
1549039844 0
1549039845 0
1549039846 0
1549039847 0
1549039848 0
1549039849 0
1549039850 0
1549039851 0
1549039852 0
1549039853 0
1549039854 0
1549039855 0
1549039856 0
1549039857 0
1549039858 0
1549039859 0
1549039860 0
1549039861 0
1549039862 0
1549039863 0
1549039864 0
1549039865 0
1549039866 0
1549039867 0
1549039868 0
1549039869 0
1549039870 0
1549039871 0
1549039872 0
1549039873 0
1549039874 0
1549039875 0
1549039876 0
1549039877 0
1549039878 0
1549039879 0
1549039880 0
1549039881 0
1549039882 0
1549039883 0
1549039884 0
1549039885 0
1549039886 0
1549039887 0
1549039888 0
1549039889 0
1549039890 0
1549039891 0
1549039892 0
1549039893 0
1549039894 0
1549039895 0
1549039896 0
1549039897 0
1549039898 0
1549039899 0
1549039900 0
1549039901 0
1549039902 0
1549039903 0
1549039904 0
1549039905 0
1549039906 0
1549039907 0
1549039908 0
1549039909 0
1549039910 0
1549039911 0
1549039912 0
1549039913 0
1549039914 0
1549039915 0
1549039916 0
1549039917 0
1549039918 0
1549039919 0
1549039920 0
1549039921 0
1549039922 0
1549039923 0
1549039924 0
1549039925 0
1549039926 0
1549039927 0
1549039928 0
1549039929 0
1549039930 0
1549039931 0
1549039932 0
1549039933 0
1549039934 0
1549039935 0
1549039936 0
1549039937 0
1549039938 0
1549039939 0
1549039940 0
1549039941 0
1549039942 0
1549039943 0
1549039944 0
1549039945 0
1549039946 0
1549039947 0
1549039948 0
1549039949 0
1549039950 0
1549039951 0
1549039952 0
1549039953 0
1549039954 0
1549039955 0
1549039956 0
1549039957 0
1549039958 0
1549039959 0
1549039960 0
1549039961 0
1549039962 0
1549039963 0
1549039964 0
1549039965 0
1549039966 0
1549039967 0
1549039968 0
1549039969 0
1549039970 0
1549039971 0
1549039972 0
1549039973 0
1549039974 0
1549039975 0
1549039976 0
1549039977 0
1549039978 0
1549039979 0
1549039980 0
1549039981 0
1549039982 0
1549039983 0
1549039984 0
1549039985 0
1549039986 0
1549039987 0
1549039988 0
1549039989 0
1549039990 0
1549039991 0
1549039992 0
1549039993 0
1549039994 0
1549039995 0
1549039996 0
1549039997 0
1549039998 0
1549039999 0
1549040000 0
1549040001 0
1549040002 0
1549040003 0
1549040004 0
1549040005 0
1549040006 0
1549040007 0
1549040008 0
1549040009 0
1549040010 0
1549040011 0
1549040012 0
1549040013 0
1549040014 0
1549040015 0
1549040016 0
1549040017 0
1549040018 0
1549040019 0
1549040020 0
1549040021 0
1549040022 0
1549040023 0
1549040024 0
1549040025 0
1549040026 0
1549040027 0
1549040028 0
1549040029 0
1549040030 0
1549040031 0
1549040032 0
1549040033 0
1549040034 0
1549040035 0
1549040036 0
1549040037 0
1549040038 0
1549040039 0
1549040040 0
1549040041 0
1549040042 0
1549040043 0
1549040044 0
1549040045 0
1549040046 0
1549040047 0
1549040048 0
1549040049 0
1549040050 0
1549040051 0
1549040052 0
1549040053 0
1549040054 0
1549040055 0
1549040056 0
1549040057 0
1549040058 0
1549040059 0
1549040060 0
1549040061 0
1549040062 0
1549040063 0
1549040064 0
1549040065 0
1549040066 0
1549040067 0
1549040068 0
1549040069 0
1549040070 0
1549040071 0
1549040072 0
1549040073 0
1549040074 0
1549040075 0
1549040076 0
1549040077 0
1549040078 0
1549040079 0
1549040080 0
1549040081 0
1549040082 0
1549040083 0
1549040084 0
1549040085 0
1549040086 0
1549040087 0
1549040088 0
1549040089 0
1549040090 0
1549040091 0
1549040092 0
1549040093 0
1549040094 0
1549040095 0
1549040096 0
1549040097 0
1549040098 0
1549040099 0
1549040100 0
1549040101 0
1549040102 0
1549040103 0
1549040104 0
1549040105 0
1549040106 0
1549040107 0
1549040108 0
1549040109 0
1549040110 0
1549040111 0
1549040112 0
1549040113 0
1549040114 0
1549040115 0
1549040116 0
1549040117 0
1549040118 0
1549040119 0
1549040120 0
1549040121 0
1549040122 0
1549040123 0
1549040124 0
1549040125 0
1549040126 0
1549040127 0
1549040128 0
1549040129 0
1549040130 0
1549040131 0
1549040132 0
1549040133 0
1549040134 0
1549040135 0
1549040136 0
1549040137 0
1549040138 0
1549040139 0
1549040140 0
1549040141 0
1549040142 0
1549040143 0
1549040144 0
1549040145 0
1549040146 0
1549040147 0
1549040148 0
1549040149 0
1549040150 0
1549040151 0
1549040152 0
1549040153 0
1549040154 0
1549040155 0
1549040156 0
1549040157 0
1549040158 0
1549040159 0
1549040160 0
1549040161 0
1549040162 0
1549040163 0
1549040164 0
1549040165 0
1549040166 0
1549040167 0
1549040168 0
1549040169 0
1549040170 0
1549040171 0
1549040172 0
1549040173 0
1549040174 0
1549040175 0
1549040176 0
1549040177 0
1549040178 0
1549040179 0
1549040180 0
1549040181 0
1549040182 0
1549040183 0
1549040184 0
1549040185 0
1549040186 0
1549040187 0
1549040188 0
1549040189 0
1549040190 0
1549040191 0
1549040192 0
1549040193 0
1549040194 0
1549040195 0
1549040196 0
1549040197 0
1549040198 0
1549040199 0
1549040200 0
1549040201 0
1549040202 0
1549040203 0
1549040204 0
1549040205 0
1549040206 0
1549040207 0
1549040208 0
1549040209 0
1549040210 0
1549040211 0
1549040212 0
1549040213 0
1549040214 0
1549040215 0
1549040216 0
1549040217 0
1549040218 0
1549040219 0
1549040220 0
1549040221 0
1549040222 0
1549040223 0
1549040224 0
1549040225 0
1549040226 0
1549040227 0
1549040228 0
1549040229 0
1549040230 0
1549040231 0
1549040232 0
1549040233 0
1549040234 0
1549040235 0
1549040236 0
1549040237 0
1549040238 0
1549040239 0
1549040240 0
1549040241 0
1549040242 0
1549040243 0
1549040244 0
1549040245 0
1549040246 0
1549040247 0
1549040248 0
1549040249 0
1549040250 0
1549040251 0
1549040252 0
1549040253 0
1549040254 0
1549040255 0
1549040256 0
1549040257 0
1549040258 0
1549040259 0
1549040260 0
1549040261 0
1549040262 0
1549040263 0
1549040264 0
1549040265 0
1549040266 0
1549040267 0
1549040268 0
1549040269 0
1549040270 0
1549040271 0
1549040272 0
1549040273 0
1549040274 0
1549040275 0
1549040276 0
1549040277 0
1549040278 0
1549040279 0
1549040280 0
1549040281 0
1549040282 0
1549040283 0
1549040284 0
1549040285 0
1549040286 0
1549040287 0
1549040288 0
1549040289 0
1549040290 0
1549040291 0
1549040292 0
1549040293 0
1549040294 0
1549040295 0
1549040296 0
1549040297 0
1549040298 0
1549040299 0
1549040300 0
1549040301 0
1549040302 0
1549040303 0
1549040304 0
1549040305 0
1549040306 0
1549040307 0
1549040308 0
1549040309 0
1549040310 0
1549040311 0
1549040312 0
1549040313 0
1549040314 0
1549040315 0
1549040316 0
1549040317 0
1549040318 0
1549040319 0
1549040320 0
1549040321 0
1549040322 0
1549040323 0
1549040324 0
1549040325 0
1549040326 0
1549040327 0
1549040328 0
1549040329 0
1549040330 0
1549040331 0
1549040332 0
1549040333 0
1549040334 0
1549040335 0
1549040336 0
1549040337 0
1549040338 0
1549040339 0
1549040340 0
1549040341 0
1549040342 0
1549040343 0
1549040344 0
1549040345 0
1549040346 0
1549040347 0
1549040348 0
1549040349 0
1549040350 0
1549040351 0
1549040352 0
1549040353 0
1549040354 0
1549040355 0
1549040356 0
1549040357 0
1549040358 0
1549040359 0
1549040360 0
1549040361 0
1549040362 0
1549040363 0
1549040364 0
1549040365 0
1549040366 0
1549040367 0
1549040368 0
1549040369 0
1549040370 0
1549040371 0
1549040372 0
1549040373 0
1549040374 0
1549040375 0
1549040376 0
1549040377 0
1549040378 0
1549040379 0
1549040380 0
1549040381 0
1549040382 0
1549040383 0
1549040384 0
1549040385 0
1549040386 0
1549040387 0
1549040388 0
1549040389 0
1549040390 0
1549040391 0
1549040392 0
1549040393 0
1549040394 0
1549040395 0
1549040396 0
1549040397 0
1549040398 0
1549040399 0
1549040400 0
1549040401 0
1549040402 0
1549040403 0
1549040404 0
1549040405 0
1549040406 0
1549040407 0
1549040408 0
1549040409 0
1549040410 0
1549040411 0
1549040412 0
1549040413 0
1549040414 0
1549040415 0
1549040416 0
1549040417 0
1549040418 0
1549040419 0
1549040420 0
1549040421 0
1549040422 0
1549040423 0
1549040424 0
1549040425 0
1549040426 0
1549040427 0
1549040428 0
1549040429 0
1549040430 0
1549040431 0
1549040432 0
1549040433 0
1549040434 0
1549040435 0
1549040436 0
1549040437 0
1549040438 0
1549040439 0
1549040440 0
1549040441 0
1549040442 0
1549040443 0
1549040444 0
1549040445 0
1549040446 0
1549040447 0
1549040448 0
1549040449 0
1549040450 0
1549040451 0
1549040452 0
1549040453 0
1549040454 0
1549040455 0
1549040456 0
1549040457 0
1549040458 0
1549040459 0
1549040460 0
1549040461 0
1549040462 0
1549040463 0
1549040464 0
1549040465 0
1549040466 0
1549040467 0
1549040468 0
1549040469 0
1549040470 0
1549040471 0
1549040472 0
1549040473 0
1549040474 0
1549040475 0
1549040476 0
1549040477 0
1549040478 0
1549040479 0
1549040480 0
1549040481 0
1549040482 0
1549040483 0
1549040484 0
1549040485 0
1549040486 0
1549040487 0
1549040488 0
1549040489 0
1549040490 0
1549040491 0
1549040492 0
1549040493 0
1549040494 0
1549040495 0
1549040496 0
1549040497 0
1549040498 0
1549040499 0
1549040500 0
1549040501 0
1549040502 0
1549040503 0
1549040504 0
1549040505 0
1549040506 0
1549040507 0
1549040508 0
1549040509 0
1549040510 0
1549040511 0
1549040512 0
1549040513 0
1549040514 0
1549040515 0
1549040516 0
1549040517 0
1549040518 0
1549040519 0
1549040520 0
1549040521 0
1549040522 0
1549040523 0
1549040524 0
1549040525 0
1549040526 0
1549040527 0
1549040528 0
1549040529 0
1549040530 0
1549040531 0
1549040532 0
1549040533 0
1549040534 0
1549040535 0
1549040536 0
1549040537 0
1549040538 0
1549040539 0
1549040540 0
1549040541 0
1549040542 0
1549040543 0
1549040544 0
1549040545 0
1549040546 0
1549040547 0
1549040548 0
1549040549 0
1549040550 0
1549040551 0
1549040552 0
1549040553 0
1549040554 0
1549040555 0
1549040556 0
1549040557 0
1549040558 0
1549040559 0
1549040560 0
1549040561 0
1549040562 0
1549040563 0
1549040564 0
1549040565 0
1549040566 0
1549040567 0
1549040568 0
1549040569 0
1549040570 0
1549040571 0
1549040572 0
1549040573 0
1549040574 0
1549040575 0
1549040576 0
1549040577 0
1549040578 0
1549040579 0
1549040580 0
1549040581 0
1549040582 0
1549040583 0
1549040584 0
1549040585 0
1549040586 0
1549040587 0
1549040588 0
1549040589 0
1549040590 0
1549040591 0
1549040592 0
1549040593 0
1549040594 0
1549040595 0
1549040596 0
1549040597 0
1549040598 0
1549040599 0
1549040600 0
1549040601 0
1549040602 0
1549040603 0
1549040604 0
1549040605 0
1549040606 0
1549040607 0
1549040608 0
1549040609 0
1549040610 0
1549040611 0
1549040612 0
1549040613 0
1549040614 0
1549040615 0
1549040616 0
1549040617 0
1549040618 0
1549040619 0
1549040620 0
1549040621 0
1549040622 0
1549040623 0
1549040624 0
1549040625 0
1549040626 0
1549040627 0
1549040628 0
1549040629 0
1549040630 0
1549040631 0
1549040632 0
1549040633 0
1549040634 0
1549040635 0
1549040636 0
1549040637 0
1549040638 0
1549040639 0
1549040640 0
1549040641 0
1549040642 0
1549040643 0
1549040644 0
1549040645 0
1549040646 0
1549040647 0
1549040648 0
1549040649 0
1549040650 0
1549040651 0
1549040652 0
1549040653 0
1549040654 0
1549040655 0
1549040656 0
1549040657 0
1549040658 0
1549040659 0
1549040660 0
1549040661 0
1549040662 0
1549040663 0
1549040664 0
1549040665 0
1549040666 0
1549040667 0
1549040668 0
1549040669 0
1549040670 0
1549040671 0
1549040672 0
1549040673 0
1549040674 0
1549040675 0
1549040676 0
1549040677 0
1549040678 0
1549040679 0
1549040680 0
1549040681 0
1549040682 0
1549040683 0
1549040684 0
1549040685 0
1549040686 0
1549040687 0
1549040688 0
1549040689 0
1549040690 0
1549040691 0
1549040692 0
1549040693 0
1549040694 0
1549040695 0
1549040696 0
1549040697 0
1549040698 0
1549040699 0
1549040700 0
1549040701 0
1549040702 0
1549040703 0
1549040704 0
1549040705 0
1549040706 0
1549040707 0
1549040708 0
1549040709 0
1549040710 0
1549040711 0
1549040712 0
1549040713 0
1549040714 0
1549040715 0
1549040716 0
1549040717 0
1549040718 0
1549040719 0
1549040720 0
1549040721 0
1549040722 0
1549040723 0
1549040724 0
1549040725 0
1549040726 0
1549040727 0
1549040728 0
1549040729 0
1549040730 0
1549040731 0
1549040732 0
1549040733 0
1549040734 0
1549040735 0
1549040736 0
1549040737 0
1549040738 0
1549040739 0
1549040740 0
1549040741 0
1549040742 0
1549040743 0
1549040744 0
1549040745 0
1549040746 0
1549040747 0
1549040748 0
1549040749 0
1549040750 0
1549040751 0
1549040752 0
1549040753 0
1549040754 0
1549040755 0
1549040756 0
1549040757 0
1549040758 0
1549040759 0
1549040760 0
1549040761 0
1549040762 0
1549040763 0
1549040764 0
1549040765 0
1549040766 0
1549040767 0
1549040768 0
1549040769 0
1549040770 0
1549040771 0
1549040772 0
1549040773 0
1549040774 0
1549040775 0
1549040776 0
1549040777 0
1549040778 0
1549040779 0
1549040780 0
1549040781 0
1549040782 0
1549040783 0
1549040784 0
1549040785 0
1549040786 0
1549040787 0
1549040788 0
1549040789 0
1549040790 0
1549040791 0
1549040792 0
1549040793 0
1549040794 0
1549040795 0
1549040796 0
1549040797 0
1549040798 0
1549040799 0
1549040800 0
1549040801 0
1549040802 0
1549040803 0
1549040804 0
1549040805 0
1549040806 0
1549040807 0
1549040808 0
1549040809 0
1549040810 0
1549040811 0
1549040812 0
1549040813 0
1549040814 0
1549040815 0
1549040816 0
1549040817 0
1549040818 0
1549040819 0
1549040820 0
1549040821 0
1549040822 0
1549040823 0
1549040824 0
1549040825 0
1549040826 0
1549040827 0
1549040828 0
1549040829 0
1549040830 0
1549040831 0
1549040832 0
1549040833 0
1549040834 0
1549040835 0
1549040836 0
1549040837 0
1549040838 0
1549040839 0
1549040840 0
1549040841 0
1549040842 0
1549040843 0
1549040844 0
1549040845 0
1549040846 0
1549040847 0
1549040848 0
1549040849 0
1549040850 0
1549040851 0
1549040852 0
1549040853 0
1549040854 0
1549040855 0
1549040856 0
1549040857 0
1549040858 0
1549040859 0
1549040860 0
1549040861 0
1549040862 0
1549040863 0
1549040864 0
1549040865 0
1549040866 0
1549040867 0
1549040868 0
1549040869 0
1549040870 0
1549040871 0
1549040872 0
1549040873 0
1549040874 0
1549040875 0
1549040876 0
1549040877 0
1549040878 0
1549040879 0
1549040880 0
1549040881 0
1549040882 0
1549040883 0
1549040884 0
1549040885 0
1549040886 0
1549040887 0
1549040888 0
1549040889 0
1549040890 0
1549040891 0
1549040892 0
1549040893 0
1549040894 0
1549040895 0
1549040896 0
1549040897 0
1549040898 0
1549040899 0
1549040900 0
1549040901 0
1549040902 0
1549040903 0
1549040904 0
1549040905 0
1549040906 0
1549040907 0
1549040908 0
1549040909 0
1549040910 0
1549040911 0
1549040912 0
1549040913 0
1549040914 0
1549040915 0
1549040916 0
1549040917 0
1549040918 0
1549040919 0
1549040920 0
1549040921 0
1549040922 0
1549040923 0
1549040924 0
1549040925 0
1549040926 0
1549040927 0
1549040928 0
1549040929 0
1549040930 0
1549040931 0
1549040932 0
1549040933 0
1549040934 0
1549040935 0
1549040936 0
1549040937 0
1549040938 0
1549040939 0
1549040940 0
1549040941 0
1549040942 0
1549040943 0
1549040944 0
1549040945 0
1549040946 0
1549040947 0
1549040948 0
1549040949 0
1549040950 0
1549040951 0
1549040952 0
1549040953 0
1549040954 0
1549040955 0
1549040956 0
1549040957 0
1549040958 0
1549040959 0
1549040960 0
1549040961 0
1549040962 0
1549040963 0
1549040964 0
1549040965 0
1549040966 0
1549040967 0
1549040968 0
1549040969 0
1549040970 0
1549040971 0
1549040972 0
1549040973 0
1549040974 0
1549040975 0
1549040976 0
1549040977 0
1549040978 0
1549040979 0
1549040980 0
1549040981 0
1549040982 0
1549040983 0
1549040984 0
1549040985 0
1549040986 0
1549040987 0
1549040988 0
1549040989 0
1549040990 0
1549040991 0
1549040992 0
1549040993 0
1549040994 0
1549040995 0
1549040996 0
1549040997 0
1549040998 0
1549040999 0
1549041000 0
1549041001 0
1549041002 0
1549041003 0
1549041004 0
1549041005 0
1549041006 0
1549041007 0
1549041008 0
1549041009 0
1549041010 0
1549041011 0
1549041012 0
1549041013 0
1549041014 0
1549041015 0
1549041016 0
1549041017 0
1549041018 0
1549041019 0
1549041020 0
1549041021 0
1549041022 0
1549041023 0
1549041024 0
1549041025 0
1549041026 0
1549041027 0
1549041028 0
1549041029 0
1549041030 0
1549041031 0
1549041032 0
1549041033 0
1549041034 0
1549041035 0
1549041036 0
1549041037 0
1549041038 0
1549041039 0
1549041040 0
1549041041 0
1549041042 0
1549041043 0
1549041044 0
1549041045 0
1549041046 0
1549041047 0
1549041048 0
1549041049 0
1549041050 0
1549041051 0
1549041052 0
1549041053 0
1549041054 0
1549041055 0
1549041056 0
1549041057 0
1549041058 0
1549041059 0
1549041060 0
1549041061 0
1549041062 0
1549041063 0
1549041064 0
1549041065 0
1549041066 0
1549041067 0
1549041068 0
1549041069 0
1549041070 0
1549041071 0
1549041072 0
1549041073 0
1549041074 0
1549041075 0
1549041076 0
1549041077 0
1549041078 0
1549041079 0
1549041080 0
1549041081 0
1549041082 0
1549041083 0
1549041084 0
1549041085 0
1549041086 0
1549041087 0
1549041088 0
1549041089 0
1549041090 0
1549041091 0
1549041092 0
1549041093 0
1549041094 0
1549041095 0
1549041096 0
1549041097 0
1549041098 0
1549041099 0
1549041100 0
1549041101 0
1549041102 0
1549041103 0
1549041104 0
1549041105 0
1549041106 0
1549041107 0
1549041108 0
1549041109 0
1549041110 0
1549041111 0
1549041112 0
1549041113 0
1549041114 0
1549041115 0
1549041116 0
1549041117 0
1549041118 0
1549041119 0
1549041120 0
1549041121 0
1549041122 0
1549041123 0
1549041124 0
1549041125 0
1549041126 0
1549041127 0
1549041128 0
1549041129 0
1549041130 0
1549041131 0
1549041132 0
1549041133 0
1549041134 0
1549041135 0
1549041136 0
1549041137 0
1549041138 0
1549041139 0
1549041140 0
1549041141 0
1549041142 0
1549041143 0
1549041144 0
1549041145 0
1549041146 0
1549041147 0
1549041148 0
1549041149 0
1549041150 0
1549041151 0
1549041152 0
1549041153 0
1549041154 0
1549041155 0
1549041156 0
1549041157 0
1549041158 0
1549041159 0
1549041160 0
1549041161 0
1549041162 0
1549041163 0
1549041164 0
1549041165 0
1549041166 0
1549041167 0
1549041168 0
1549041169 0
1549041170 0
1549041171 0
1549041172 0
1549041173 0
1549041174 0
1549041175 0
1549041176 0
1549041177 0
1549041178 0
1549041179 0
1549041180 0
1549041181 0
1549041182 0
1549041183 0
1549041184 0
1549041185 0
1549041186 0
1549041187 0
1549041188 0
1549041189 0
1549041190 0
1549041191 0
1549041192 0
1549041193 0
1549041194 0
1549041195 0
1549041196 0
1549041197 0
1549041198 0
1549041199 0
1549041200 0
1549041201 0
1549041202 0
1549041203 0
1549041204 0
1549041205 0
1549041206 0
1549041207 0
1549041208 0
1549041209 0
1549041210 0
1549041211 0
1549041212 0
1549041213 0
1549041214 0
1549041215 0
1549041216 0
1549041217 0
1549041218 0
1549041219 0
1549041220 0
1549041221 0
1549041222 0
1549041223 0
1549041224 0
1549041225 0
1549041226 0
1549041227 0
1549041228 0
1549041229 0
1549041230 0
1549041231 0
1549041232 0
1549041233 0
1549041234 0
1549041235 0
1549041236 0
1549041237 0
1549041238 0
1549041239 0
1549041240 0
1549041241 0
1549041242 0
1549041243 0
1549041244 0
1549041245 0
1549041246 0
1549041247 0
1549041248 0
1549041249 0
1549041250 0
1549041251 0
1549041252 0
1549041253 0
1549041254 0
1549041255 0
1549041256 0
1549041257 0
1549041258 0
1549041259 0
1549041260 0
1549041261 0
1549041262 0
1549041263 0
1549041264 0
1549041265 0
1549041266 0
1549041267 0
1549041268 0
1549041269 0
1549041270 0
1549041271 0
1549041272 0
1549041273 0
1549041274 0
1549041275 0
1549041276 0
1549041277 0
1549041278 0
1549041279 0
1549041280 0
1549041281 0
1549041282 0
1549041283 0
1549041284 0
1549041285 0
1549041286 0
1549041287 0
1549041288 0
1549041289 0
1549041290 0
1549041291 0
1549041292 0
1549041293 0
1549041294 0
1549041295 0
1549041296 0
1549041297 0
1549041298 0
1549041299 0
1549041300 0
1549041301 0
1549041302 0
1549041303 0
1549041304 0
1549041305 0
1549041306 0
1549041307 0
1549041308 0
1549041309 0
1549041310 0
1549041311 0
1549041312 0
1549041313 0
1549041314 0
1549041315 0
1549041316 0
1549041317 0
1549041318 0
1549041319 0
1549041320 0
1549041321 0
1549041322 0
1549041323 0
1549041324 0
1549041325 0
1549041326 0
1549041327 0
1549041328 0
1549041329 0
1549041330 0
1549041331 0
1549041332 0
1549041333 0
1549041334 0
1549041335 0
1549041336 0
1549041337 0
1549041338 0
1549041339 0
1549041340 0
1549041341 0
1549041342 0
1549041343 0
1549041344 0
1549041345 0
1549041346 0
1549041347 0
1549041348 0
1549041349 0
1549041350 0
1549041351 0
1549041352 0
1549041353 0
1549041354 0
1549041355 0
1549041356 0
1549041357 0
1549041358 0
1549041359 0
1549041360 0
1549041361 0
1549041362 0
1549041363 0
1549041364 0
1549041365 0
1549041366 0
1549041367 0
1549041368 0
1549041369 0
1549041370 0
1549041371 0
1549041372 0
1549041373 0
1549041374 0
1549041375 0
1549041376 0
1549041377 0
1549041378 0
1549041379 0
1549041380 0
1549041381 0
1549041382 0
1549041383 0
1549041384 0
1549041385 0
1549041386 0
1549041387 0
1549041388 0
1549041389 0
1549041390 0
1549041391 0
1549041392 0
1549041393 0
1549041394 0
1549041395 0
1549041396 0
1549041397 0
1549041398 0
1549041399 0
1549041400 0
1549041401 0
1549041402 0
1549041403 0
1549041404 0
1549041405 0
1549041406 0
1549041407 0
1549041408 0
1549041409 0
1549041410 0
1549041411 0
1549041412 0
1549041413 0
1549041414 0
1549041415 0
1549041416 0
1549041417 0
1549041418 0
1549041419 0
1549041420 0
1549041421 0
1549041422 0
1549041423 0
1549041424 0
1549041425 0
1549041426 0
1549041427 0
1549041428 0
1549041429 0
1549041430 0
1549041431 0
1549041432 0
1549041433 0
1549041434 0
1549041435 0
1549041436 0
1549041437 0
1549041438 0
1549041439 0
1549041440 0
1549041441 0
1549041442 0
1549041443 0
1549041444 0
1549041445 0
1549041446 0
1549041447 0
1549041448 0
1549041449 0
1549041450 0
1549041451 0
1549041452 0
1549041453 0
1549041454 0
1549041455 0
1549041456 0
1549041457 0
1549041458 0
1549041459 0
1549041460 0
1549041461 0
1549041462 0
1549041463 0
1549041464 0
1549041465 0
1549041466 0
1549041467 0
1549041468 0
1549041469 0
1549041470 0
1549041471 0
1549041472 0
1549041473 0
1549041474 0
1549041475 0
1549041476 0
1549041477 0
1549041478 0
1549041479 0
1549041480 0
1549041481 0
1549041482 0
1549041483 0
1549041484 0
1549041485 0
1549041486 0
1549041487 0
1549041488 0
1549041489 0
1549041490 0
1549041491 0
1549041492 0
1549041493 0
1549041494 0
1549041495 0
1549041496 0
1549041497 0
1549041498 0
1549041499 0
1549041500 0
1549041501 0
1549041502 0
1549041503 0
1549041504 0
1549041505 0
1549041506 0
1549041507 0
1549041508 0
1549041509 0
1549041510 0
1549041511 0
1549041512 0
1549041513 0
1549041514 0
1549041515 0
1549041516 0
1549041517 0
1549041518 0
1549041519 0
1549041520 0
1549041521 0
1549041522 0
1549041523 0
1549041524 0
1549041525 0
1549041526 0
1549041527 0
1549041528 0
1549041529 0
1549041530 0
1549041531 0
1549041532 0
1549041533 0
1549041534 0
1549041535 0
1549041536 0
1549041537 0
1549041538 0
1549041539 0
1549041540 0
1549041541 0
1549041542 0
1549041543 0
1549041544 0
1549041545 0
1549041546 0
1549041547 0
1549041548 0
1549041549 0
1549041550 0
1549041551 0
1549041552 0
1549041553 0
1549041554 0
1549041555 0
1549041556 0
1549041557 0
1549041558 0
1549041559 0
1549041560 0
1549041561 0
1549041562 0
1549041563 0
1549041564 0
1549041565 0
1549041566 0
1549041567 0
1549041568 0
1549041569 0
1549041570 0
1549041571 0
1549041572 0
1549041573 0
1549041574 0
1549041575 0
1549041576 0
1549041577 0
1549041578 0
1549041579 0
1549041580 0
1549041581 0
1549041582 0
1549041583 0
1549041584 0
1549041585 0
1549041586 0
1549041587 0
1549041588 0
1549041589 0
1549041590 0
1549041591 0
1549041592 0
1549041593 0
1549041594 0
1549041595 0
1549041596 0
1549041597 0
1549041598 0
1549041599 0
1549041600 0
1549041601 0
1549041602 0
1549041603 0
1549041604 0
1549041605 0
1549041606 0
1549041607 0
1549041608 0
1549041609 0
1549041610 0
1549041611 0
1549041612 0
1549041613 0
1549041614 0
1549041615 0
1549041616 0
1549041617 0
1549041618 0
1549041619 0
1549041620 0
1549041621 0
1549041622 0
1549041623 0
1549041624 0
1549041625 0
1549041626 0
1549041627 0
1549041628 0
1549041629 0
1549041630 0
1549041631 0
1549041632 0
1549041633 0
1549041634 0
1549041635 0
1549041636 0
1549041637 0
1549041638 0
1549041639 0
1549041640 0
1549041641 0
1549041642 0
1549041643 0
1549041644 0
1549041645 0
1549041646 0
1549041647 0
1549041648 0
1549041649 0
1549041650 0
1549041651 0
1549041652 0
1549041653 0
1549041654 0
1549041655 0
1549041656 0
1549041657 0
1549041658 0
1549041659 0
1549041660 0
1549041661 0
1549041662 0
1549041663 0
1549041664 0
1549041665 0
1549041666 0
1549041667 0
1549041668 0
1549041669 0
1549041670 0
1549041671 0
1549041672 0
1549041673 0
1549041674 0
1549041675 0
1549041676 0
1549041677 0
1549041678 0
1549041679 0
1549041680 0
1549041681 0
1549041682 0
1549041683 0
1549041684 0
1549041685 0
1549041686 0
1549041687 0
1549041688 0
1549041689 0
1549041690 0
1549041691 0
1549041692 0
1549041693 0
1549041694 0
1549041695 0
1549041696 0
1549041697 0
1549041698 0
1549041699 0
1549041700 0
1549041701 0
1549041702 0
1549041703 0
1549041704 0
1549041705 0
1549041706 0
1549041707 0
1549041708 0
1549041709 0
1549041710 0
1549041711 0
1549041712 0
1549041713 0
1549041714 0
1549041715 0
1549041716 0
1549041717 0
1549041718 0
1549041719 0
1549041720 0
1549041721 0
1549041722 0
1549041723 0
1549041724 0
1549041725 0
1549041726 0
1549041727 0
1549041728 0
1549041729 0
1549041730 0
1549041731 0
1549041732 0
1549041733 0
1549041734 0
1549041735 0
1549041736 0
1549041737 0
1549041738 0
1549041739 0
1549041740 0
1549041741 0
1549041742 0
1549041743 0
1549041744 0
1549041745 0
1549041746 0
1549041747 0
1549041748 0
1549041749 0
1549041750 0
1549041751 0
1549041752 0
1549041753 0
1549041754 0
1549041755 0
1549041756 0
1549041757 0
1549041758 0
1549041759 0
1549041760 0
1549041761 0
1549041762 0
1549041763 0
1549041764 0
1549041765 0
1549041766 0
1549041767 0
1549041768 0
1549041769 0
1549041770 0
1549041771 0
1549041772 0
1549041773 0
1549041774 0
1549041775 0
1549041776 0
1549041777 0
1549041778 0
1549041779 0
1549041780 0
1549041781 0
1549041782 0
1549041783 0
1549041784 0
1549041785 0
1549041786 0
1549041787 0
1549041788 0
1549041789 0
1549041790 0
1549041791 0
1549041792 0
1549041793 0
1549041794 0
1549041795 0
1549041796 0
1549041797 0
1549041798 0
1549041799 0
1549041800 0
1549041801 0
1549041802 0
1549041803 0
1549041804 0
1549041805 0
1549041806 0
1549041807 0
1549041808 0
1549041809 0
1549041810 0
1549041811 0
1549041812 0
1549041813 0
1549041814 0
1549041815 0
1549041816 0
1549041817 0
1549041818 0
1549041819 0
1549041820 0
1549041821 0
1549041822 0
1549041823 0
1549041824 0
1549041825 0
1549041826 0
1549041827 0
1549041828 0
1549041829 0
1549041830 0
1549041831 0
1549041832 0
1549041833 0
1549041834 0
1549041835 0
1549041836 0
1549041837 0
1549041838 0
1549041839 0
1549041840 0
1549041841 0
1549041842 0
1549041843 0
1549041844 0
1549041845 0
1549041846 0
1549041847 0
1549041848 0
1549041849 0
1549041850 0
1549041851 0
1549041852 0
1549041853 0
1549041854 0
1549041855 0
1549041856 0
1549041857 0
1549041858 0
1549041859 0
1549041860 0
1549041861 0
1549041862 0
1549041863 0
1549041864 0
1549041865 0
1549041866 0
1549041867 0
1549041868 0
1549041869 0
1549041870 0
1549041871 0
1549041872 0
1549041873 0
1549041874 0
1549041875 0
1549041876 0
1549041877 0
1549041878 0
1549041879 0
1549041880 0
1549041881 0
1549041882 0
1549041883 0
1549041884 0
1549041885 0
1549041886 0
1549041887 0
1549041888 0
1549041889 0
1549041890 0
1549041891 0
1549041892 0
1549041893 0
1549041894 0
1549041895 0
1549041896 0
1549041897 0
1549041898 0
1549041899 0
1549041900 0
1549041901 0
1549041902 0
1549041903 0
1549041904 0
1549041905 0
1549041906 0
1549041907 0
1549041908 0
1549041909 0
1549041910 0
1549041911 0
1549041912 0
1549041913 0
1549041914 0
1549041915 0
1549041916 0
1549041917 0
1549041918 0
1549041919 0
1549041920 0
1549041921 0
1549041922 0
1549041923 0
1549041924 0
1549041925 0
1549041926 0
1549041927 0
1549041928 0
1549041929 0
1549041930 0
1549041931 0
1549041932 0
1549041933 0
1549041934 0
1549041935 0
1549041936 0
1549041937 0
1549041938 0
1549041939 0
1549041940 0
1549041941 0
1549041942 0
1549041943 0
1549041944 0
1549041945 0
1549041946 0
1549041947 0
1549041948 0
1549041949 0
1549041950 0
1549041951 0
1549041952 0
1549041953 0
1549041954 0
1549041955 0
1549041956 0
1549041957 0
1549041958 0
1549041959 0
1549041960 0
1549041961 0
1549041962 0
1549041963 0
1549041964 0
1549041965 0
1549041966 0
1549041967 0
1549041968 0
1549041969 0
1549041970 0
1549041971 0
1549041972 0
1549041973 0
1549041974 0
1549041975 0
1549041976 0
1549041977 0
1549041978 0
1549041979 0
1549041980 0
1549041981 0
1549041982 0
1549041983 0
1549041984 0
1549041985 0
1549041986 0
1549041987 0
1549041988 0
1549041989 0
1549041990 0
1549041991 0
1549041992 0
1549041993 0
1549041994 0
1549041995 0
1549041996 0
1549041997 0
1549041998 0
1549041999 0
1549042000 0
1549042001 0
1549042002 0
1549042003 0
1549042004 0
1549042005 0
1549042006 0
1549042007 0
1549042008 0
1549042009 0
1549042010 0
1549042011 0
1549042012 0
1549042013 0
1549042014 0
1549042015 0
1549042016 0
1549042017 0
1549042018 0
1549042019 0
1549042020 0
1549042021 0
1549042022 0
1549042023 0
1549042024 0
1549042025 0
1549042026 0
1549042027 0
1549042028 0
1549042029 0
1549042030 0
1549042031 0
1549042032 0
1549042033 0
1549042034 0
1549042035 0
1549042036 0
1549042037 0
1549042038 0
1549042039 0
1549042040 0
1549042041 0
1549042042 0
1549042043 0
1549042044 0
1549042045 0
1549042046 0
1549042047 0
1549042048 0
1549042049 0
1549042050 0
1549042051 0
1549042052 0
1549042053 0
1549042054 0
1549042055 0
1549042056 0
1549042057 0
1549042058 0
1549042059 0
1549042060 0
1549042061 0
1549042062 0
1549042063 0
1549042064 0
1549042065 0
1549042066 0
1549042067 0
1549042068 0
1549042069 0
1549042070 0
1549042071 0
1549042072 0
1549042073 0
1549042074 0
1549042075 0
1549042076 0
1549042077 0
1549042078 0
1549042079 0
1549042080 0
1549042081 0
1549042082 0
1549042083 0
1549042084 0
1549042085 0
1549042086 0
1549042087 0
1549042088 0
1549042089 0
1549042090 0
1549042091 0
1549042092 0
1549042093 0
1549042094 0
1549042095 0
1549042096 0
1549042097 0
1549042098 0
1549042099 0
1549042100 0
1549042101 0
1549042102 0
1549042103 0
1549042104 0
1549042105 0
1549042106 0
1549042107 0
1549042108 0
1549042109 0
1549042110 0
1549042111 0
1549042112 0
1549042113 0
1549042114 0
1549042115 0
1549042116 0
1549042117 0
1549042118 0
1549042119 0
1549042120 0
1549042121 0
1549042122 0
1549042123 0
1549042124 0
1549042125 0
1549042126 0
1549042127 0
1549042128 0
1549042129 0
1549042130 0
1549042131 0
1549042132 0
1549042133 0
1549042134 0
1549042135 0
1549042136 0
1549042137 0
1549042138 0
1549042139 0
1549042140 0
1549042141 0
1549042142 0
1549042143 0
1549042144 0
1549042145 0
1549042146 0
1549042147 0
1549042148 0
1549042149 0
1549042150 0
1549042151 0
1549042152 0
1549042153 0
1549042154 0
1549042155 0
1549042156 0
1549042157 0
1549042158 0
1549042159 0
1549042160 0
1549042161 0
1549042162 0
1549042163 0
1549042164 0
1549042165 0
1549042166 0
1549042167 0
1549042168 0
1549042169 0
1549042170 0
1549042171 0
1549042172 0
1549042173 0
1549042174 0
1549042175 0
1549042176 0
1549042177 0
1549042178 0
1549042179 0
1549042180 0
1549042181 0
1549042182 0
1549042183 0
1549042184 0
1549042185 0
1549042186 0
1549042187 0
1549042188 0
1549042189 0
1549042190 0
1549042191 0
1549042192 0
1549042193 0
1549042194 0
1549042195 0
1549042196 0
1549042197 0
1549042198 0
1549042199 0
1549042200 0
1549042201 0
1549042202 0
1549042203 0
1549042204 0
1549042205 0
1549042206 0
1549042207 0
1549042208 0
1549042209 0
1549042210 0
1549042211 0
1549042212 0
1549042213 0
1549042214 0
1549042215 0
1549042216 0
1549042217 0
1549042218 0
1549042219 0
1549042220 0
1549042221 0
1549042222 0
1549042223 0
1549042224 0
1549042225 0
1549042226 0
1549042227 0
1549042228 0
1549042229 0
1549042230 0
1549042231 0
1549042232 0
1549042233 0
1549042234 0
1549042235 0
1549042236 0
1549042237 0
1549042238 0
1549042239 0
1549042240 0
1549042241 0
1549042242 0
1549042243 0
1549042244 0
1549042245 0
1549042246 0
1549042247 0
1549042248 0
1549042249 0
1549042250 0
1549042251 0
1549042252 0
1549042253 0
1549042254 0
1549042255 0
1549042256 0
1549042257 0
1549042258 0
1549042259 0
1549042260 0
1549042261 0
1549042262 0
1549042263 0
1549042264 0
1549042265 0
1549042266 0
1549042267 0
1549042268 0
1549042269 0
1549042270 0
1549042271 0
1549042272 0
1549042273 0
1549042274 0
1549042275 0
1549042276 0
1549042277 0
1549042278 0
1549042279 0
1549042280 0
1549042281 0
1549042282 0
1549042283 0
1549042284 0
1549042285 0
1549042286 0
1549042287 0
1549042288 0
1549042289 0
1549042290 0
1549042291 0
1549042292 0
1549042293 0
1549042294 0
1549042295 0
1549042296 0
1549042297 0
1549042298 0
1549042299 0
1549042300 0
1549042301 0
1549042302 0
1549042303 0
1549042304 0
1549042305 0
1549042306 0
1549042307 0
1549042308 0
1549042309 0
1549042310 0
1549042311 0
1549042312 0
1549042313 0
1549042314 0
1549042315 0
1549042316 0
1549042317 0
1549042318 0
1549042319 0
1549042320 0
1549042321 0
1549042322 0
1549042323 0
1549042324 0
1549042325 0
1549042326 0
1549042327 0
1549042328 0
1549042329 0
1549042330 0
1549042331 0
1549042332 0
1549042333 0
1549042334 0
1549042335 0
1549042336 0
1549042337 0
1549042338 0
1549042339 0
1549042340 0
1549042341 0
1549042342 0
1549042343 0
1549042344 0
1549042345 0
1549042346 0
1549042347 0
1549042348 0
1549042349 0
1549042350 0
1549042351 0
1549042352 0
1549042353 0
1549042354 0
1549042355 0
1549042356 0
1549042357 0
1549042358 0
1549042359 0
1549042360 0
1549042361 0
1549042362 0
1549042363 0
1549042364 0
1549042365 0
1549042366 0
1549042367 0
1549042368 0
1549042369 0
1549042370 0
1549042371 0
1549042372 0
1549042373 0
1549042374 0
1549042375 0
1549042376 0
1549042377 0
1549042378 0
1549042379 0
1549042380 0
1549042381 0
1549042382 0
1549042383 0
1549042384 0
1549042385 0
1549042386 0
1549042387 0
1549042388 0
1549042389 0
1549042390 0
1549042391 0
1549042392 0
1549042393 0
1549042394 0
1549042395 0
1549042396 0
1549042397 0
1549042398 0
1549042399 0
1549042400 0
1549042401 0
1549042402 0
1549042403 0
1549042404 0
1549042405 0
1549042406 0
1549042407 0
1549042408 0
1549042409 0
1549042410 0
1549042411 0
1549042412 0
1549042413 0
1549042414 0
1549042415 0
1549042416 0
1549042417 0
1549042418 0
1549042419 0
1549042420 0
1549042421 0
1549042422 0
1549042423 0
1549042424 0
1549042425 0
1549042426 0
1549042427 0
1549042428 0
1549042429 0
1549042430 0
1549042431 0
1549042432 0
1549042433 0
1549042434 0
1549042435 0
1549042436 0
1549042437 0
1549042438 0
1549042439 0
1549042440 0
1549042441 0
1549042442 0
1549042443 0
1549042444 0
1549042445 0
1549042446 0
1549042447 0
1549042448 0
1549042449 0
1549042450 0
1549042451 0
1549042452 0
1549042453 0
1549042454 0
1549042455 0
1549042456 0
1549042457 0
1549042458 0
1549042459 0
1549042460 0
1549042461 0
1549042462 0
1549042463 0
1549042464 0
1549042465 0
1549042466 0
1549042467 0
1549042468 0
1549042469 0
1549042470 0
1549042471 0
1549042472 0
1549042473 0
1549042474 0
1549042475 0
1549042476 0
1549042477 0
1549042478 0
1549042479 0
1549042480 0
1549042481 0
1549042482 0
1549042483 0
1549042484 0
1549042485 0
1549042486 0
1549042487 0
1549042488 0
1549042489 0
1549042490 0
1549042491 0
1549042492 0
1549042493 0
1549042494 0
1549042495 0
1549042496 0
1549042497 0
1549042498 0
1549042499 0
1549042500 0
1549042501 0
1549042502 0
1549042503 0
1549042504 0
1549042505 0
1549042506 0
1549042507 0
1549042508 0
1549042509 0
1549042510 0
1549042511 0
1549042512 0
1549042513 0
1549042514 0
1549042515 0
1549042516 0
1549042517 0
1549042518 0
1549042519 0
1549042520 0
1549042521 0
1549042522 0
1549042523 0
1549042524 0
1549042525 0
1549042526 0
1549042527 0
1549042528 0
1549042529 0
1549042530 0
1549042531 0
1549042532 0
1549042533 0
1549042534 0
1549042535 0
1549042536 0
1549042537 0
1549042538 0
1549042539 0
1549042540 0
1549042541 0
1549042542 0
1549042543 0
1549042544 0
1549042545 0
1549042546 0
1549042547 0
1549042548 0
1549042549 0
1549042550 0
1549042551 0
1549042552 0
1549042553 0
1549042554 0
1549042555 0
1549042556 0
1549042557 0
1549042558 0
1549042559 0
1549042560 0
1549042561 0
1549042562 0
1549042563 0
1549042564 0
1549042565 0
1549042566 0
1549042567 0
1549042568 0
1549042569 0
1549042570 0
1549042571 0
1549042572 0
1549042573 0
1549042574 0
1549042575 0
1549042576 0
1549042577 0
1549042578 0
1549042579 0
1549042580 0
1549042581 0
1549042582 0
1549042583 0
1549042584 0
1549042585 0
1549042586 0
1549042587 0
1549042588 0
1549042589 0
1549042590 0
1549042591 0
1549042592 0
1549042593 0
1549042594 0
1549042595 0
1549042596 0
1549042597 0
1549042598 0
1549042599 0
1549042600 0
1549042601 0
1549042602 0
1549042603 0
1549042604 0
1549042605 0
1549042606 0
1549042607 0
1549042608 0
1549042609 0
1549042610 0
1549042611 0
1549042612 0
1549042613 0
1549042614 0
1549042615 0
1549042616 0
1549042617 0
1549042618 0
1549042619 0
1549042620 0
1549042621 0
1549042622 0
1549042623 0
1549042624 0
1549042625 0
1549042626 0
1549042627 0
1549042628 0
1549042629 0
1549042630 0
1549042631 0
1549042632 0
1549042633 0
1549042634 0
1549042635 0
1549042636 0
1549042637 0
1549042638 0
1549042639 0
1549042640 0
1549042641 0
1549042642 0
1549042643 0
1549042644 0
1549042645 0
1549042646 0
1549042647 0
1549042648 0
1549042649 0
1549042650 0
1549042651 0
1549042652 0
1549042653 0
1549042654 0
1549042655 0
1549042656 0
1549042657 0
1549042658 0
1549042659 0
1549042660 0
1549042661 0
1549042662 0
1549042663 0
1549042664 0
1549042665 0
1549042666 0
1549042667 0
1549042668 0
1549042669 0
1549042670 0
1549042671 0
1549042672 0
1549042673 0
1549042674 0
1549042675 0
1549042676 0
1549042677 0
1549042678 0
1549042679 0
1549042680 0
1549042681 0
1549042682 0
1549042683 0
1549042684 0
1549042685 0
1549042686 0
1549042687 0
1549042688 0
1549042689 0
1549042690 0
1549042691 0
1549042692 0
1549042693 0
1549042694 0
1549042695 0
1549042696 0
1549042697 0
1549042698 0
1549042699 0
1549042700 0
1549042701 0
1549042702 0
1549042703 0
1549042704 0
1549042705 0
1549042706 0
1549042707 0
1549042708 0
1549042709 0
1549042710 0
1549042711 0
1549042712 0
1549042713 0
1549042714 0
1549042715 0
1549042716 0
1549042717 0
1549042718 0
1549042719 0
1549042720 0
1549042721 0
1549042722 0
1549042723 0
1549042724 0
1549042725 0
1549042726 0
1549042727 0
1549042728 0
1549042729 0
1549042730 0
1549042731 0
1549042732 0
1549042733 0
1549042734 0
1549042735 0
1549042736 0
1549042737 0
1549042738 0
1549042739 0
1549042740 0
1549042741 0
1549042742 0
1549042743 0
1549042744 0
1549042745 0
1549042746 0
1549042747 0
1549042748 0
1549042749 0
1549042750 0
1549042751 0
1549042752 0
1549042753 0
1549042754 0
1549042755 0
1549042756 0
1549042757 0
1549042758 0
1549042759 0
1549042760 0
1549042761 0
1549042762 0
1549042763 0
1549042764 0
1549042765 0
1549042766 0
1549042767 0
1549042768 0
1549042769 0
1549042770 0
1549042771 0
1549042772 0
1549042773 0
1549042774 0
1549042775 0
1549042776 0
1549042777 0
1549042778 0
1549042779 0
1549042780 0
1549042781 0
1549042782 0
1549042783 0
1549042784 0
1549042785 0
1549042786 0
1549042787 0
1549042788 0
1549042789 0
1549042790 0
1549042791 0
1549042792 0
1549042793 0
1549042794 0
1549042795 0
1549042796 0
1549042797 0
1549042798 0
1549042799 0
1549042800 0
1549042801 0
1549042802 0
1549042803 0
1549042804 0
1549042805 0
1549042806 0
1549042807 0
1549042808 0
1549042809 0
1549042810 0
1549042811 0
1549042812 0
1549042813 0
1549042814 0
1549042815 0
1549042816 0
1549042817 0
1549042818 0
1549042819 0
1549042820 0
1549042821 0
1549042822 0
1549042823 0
1549042824 0
1549042825 0
1549042826 0
1549042827 0
1549042828 0
1549042829 0
1549042830 0
1549042831 0
1549042832 0
1549042833 0
1549042834 0
1549042835 0
1549042836 0
1549042837 0
1549042838 0
1549042839 0
1549042840 0
1549042841 0
1549042842 0
1549042843 0
1549042844 0
1549042845 0
1549042846 0
1549042847 0
1549042848 0
1549042849 0
1549042850 0
1549042851 0
1549042852 0
1549042853 0
1549042854 0
1549042855 0
1549042856 0
1549042857 0
1549042858 0
1549042859 0
1549042860 0
1549042861 0
1549042862 0
1549042863 0
1549042864 0
1549042865 0
1549042866 0
1549042867 0
1549042868 0
1549042869 0
1549042870 0
1549042871 0
1549042872 0
1549042873 0
1549042874 0
1549042875 0
1549042876 0
1549042877 0
1549042878 0
1549042879 0
1549042880 0
1549042881 0
1549042882 0
1549042883 0
1549042884 0
1549042885 0
1549042886 0
1549042887 0
1549042888 0
1549042889 0
1549042890 0
1549042891 0
1549042892 0
1549042893 0
1549042894 0
1549042895 0
1549042896 0
1549042897 0
1549042898 0
1549042899 0
1549042900 0
1549042901 0
1549042902 0
1549042903 0
1549042904 0
1549042905 0
1549042906 0
1549042907 0
1549042908 0
1549042909 0
1549042910 0
1549042911 0
1549042912 0
1549042913 0
1549042914 0
1549042915 0
1549042916 0
1549042917 0
1549042918 0
1549042919 0
1549042920 0
1549042921 0
1549042922 0
1549042923 0
1549042924 0
1549042925 0
1549042926 0
1549042927 0
1549042928 0
1549042929 0
1549042930 0
1549042931 0
1549042932 0
1549042933 0
1549042934 0
1549042935 0
1549042936 0
1549042937 0
1549042938 0
1549042939 0
1549042940 0
1549042941 0
1549042942 0
1549042943 0
1549042944 0
1549042945 0
1549042946 0
1549042947 0
1549042948 0
1549042949 0
1549042950 0
1549042951 0
1549042952 0
1549042953 0
1549042954 0
1549042955 0
1549042956 0
1549042957 0
1549042958 0
1549042959 0
1549042960 0
1549042961 0
1549042962 0
1549042963 0
1549042964 0
1549042965 0
1549042966 0
1549042967 0
1549042968 0
1549042969 0
1549042970 0
1549042971 0
1549042972 0
1549042973 0
1549042974 0
1549042975 0
1549042976 0
1549042977 0
1549042978 0
1549042979 0
1549042980 0
1549042981 0
1549042982 0
1549042983 0
1549042984 0
1549042985 0
1549042986 0
1549042987 0
1549042988 0
1549042989 0
1549042990 0
1549042991 0
1549042992 0
1549042993 0
1549042994 0
1549042995 0
1549042996 0
1549042997 0
1549042998 0
1549042999 0
1549043000 0
1549043001 0
1549043002 0
1549043003 0
1549043004 0
1549043005 0
1549043006 0
1549043007 0
1549043008 0
1549043009 0
1549043010 0
1549043011 0
1549043012 0
1549043013 0
1549043014 0
1549043015 0
1549043016 0
1549043017 0
1549043018 0
1549043019 0
1549043020 0
1549043021 0
1549043022 0
1549043023 0
1549043024 0
1549043025 0
1549043026 0
1549043027 0
1549043028 0
1549043029 0
1549043030 0
1549043031 0
1549043032 0
1549043033 0
1549043034 0
1549043035 0
1549043036 0
1549043037 0
1549043038 0
1549043039 0
1549043040 0
1549043041 0
1549043042 0
1549043043 0
1549043044 0
1549043045 0
1549043046 0
1549043047 0
1549043048 0
1549043049 0
1549043050 0
1549043051 0
1549043052 0
1549043053 0
1549043054 0
1549043055 0
1549043056 0
1549043057 0
1549043058 0
1549043059 0
1549043060 0
1549043061 0
1549043062 0
1549043063 0
1549043064 0
1549043065 0
1549043066 0
1549043067 0
1549043068 0
1549043069 0
1549043070 0
1549043071 0
1549043072 0
1549043073 0
1549043074 0
1549043075 0
1549043076 0
1549043077 0
1549043078 0
1549043079 0
1549043080 0
1549043081 0
1549043082 0
1549043083 0
1549043084 0
1549043085 0
1549043086 0
1549043087 0
1549043088 0
1549043089 0
1549043090 0
1549043091 0
1549043092 0
1549043093 0
1549043094 0
1549043095 0
1549043096 0
1549043097 0
1549043098 0
1549043099 0
1549043100 0
1549043101 0
1549043102 0
1549043103 0
1549043104 0
1549043105 0
1549043106 0
1549043107 0
1549043108 0
1549043109 0
1549043110 0
1549043111 0
1549043112 0
1549043113 0
1549043114 0
1549043115 0
1549043116 0
1549043117 0
1549043118 0
1549043119 0
1549043120 0
1549043121 0
1549043122 0
1549043123 0
1549043124 0
1549043125 0
1549043126 0
1549043127 0
1549043128 0
1549043129 0
1549043130 0
1549043131 0
1549043132 0
1549043133 0
1549043134 0
1549043135 0
1549043136 0
1549043137 0
1549043138 0
1549043139 0
1549043140 0
1549043141 0
1549043142 0
1549043143 0
1549043144 0
1549043145 0
1549043146 0
1549043147 0
1549043148 0
1549043149 0
1549043150 0
1549043151 0
1549043152 0
1549043153 0
1549043154 0
1549043155 0
1549043156 0
1549043157 0
1549043158 0
1549043159 0
1549043160 0
1549043161 0
1549043162 0
1549043163 0
1549043164 0
1549043165 0
1549043166 0
1549043167 0
1549043168 0
1549043169 0
1549043170 0
1549043171 0
1549043172 0
1549043173 0
1549043174 0
1549043175 0
1549043176 0
1549043177 0
1549043178 0
1549043179 0
1549043180 0
1549043181 0
1549043182 0
1549043183 0
1549043184 0
1549043185 0
1549043186 0
1549043187 0
1549043188 0
1549043189 0
1549043190 0
1549043191 0
1549043192 0
1549043193 0
1549043194 0
1549043195 0
1549043196 0
1549043197 0
1549043198 0
1549043199 0
1549043200 0
1549043201 0
1549043202 0
1549043203 0
1549043204 0
1549043205 0
1549043206 0
1549043207 0
1549043208 0
1549043209 0
1549043210 0
1549043211 0
1549043212 0
1549043213 0
1549043214 0
1549043215 0
1549043216 0
1549043217 0
1549043218 0
1549043219 0
1549043220 0
1549043221 0
1549043222 0
1549043223 0
1549043224 0
1549043225 0
1549043226 0
1549043227 0
1549043228 0
1549043229 0
1549043230 0
1549043231 0
1549043232 0
1549043233 0
1549043234 0
1549043235 0
1549043236 0
1549043237 0
1549043238 0
1549043239 0
1549043240 0
1549043241 0
1549043242 0
1549043243 0
1549043244 0
1549043245 0
1549043246 0
1549043247 0
1549043248 0
1549043249 0
1549043250 0
1549043251 0
1549043252 0
1549043253 0
1549043254 0
1549043255 0
1549043256 0
1549043257 0
1549043258 0
1549043259 0
1549043260 0
1549043261 0
1549043262 0
1549043263 0
1549043264 0
1549043265 0
1549043266 0
1549043267 0
1549043268 0
1549043269 0
1549043270 0
1549043271 0
1549043272 0
1549043273 0
1549043274 0
1549043275 0
1549043276 0
1549043277 0
1549043278 0
1549043279 0
1549043280 0
1549043281 0
1549043282 0
1549043283 0
1549043284 0
1549043285 0
1549043286 0
1549043287 0
1549043288 0
1549043289 0
1549043290 0
1549043291 0
1549043292 0
1549043293 0
1549043294 0
1549043295 0
1549043296 0
1549043297 0
1549043298 0
1549043299 0
1549043300 0
1549043301 0
1549043302 0
1549043303 0
1549043304 0
1549043305 0
1549043306 0
1549043307 0
1549043308 0
1549043309 0
1549043310 0
1549043311 0
1549043312 0
1549043313 0
1549043314 0
1549043315 0
1549043316 0
1549043317 0
1549043318 0
1549043319 0
1549043320 0
1549043321 0
1549043322 0
1549043323 0
1549043324 0
1549043325 0
1549043326 0
1549043327 0
1549043328 0
1549043329 0
1549043330 0
1549043331 0
1549043332 0
1549043333 0
1549043334 0
1549043335 0
1549043336 0
1549043337 0
1549043338 0
1549043339 0
1549043340 0
1549043341 0
1549043342 0
1549043343 0
1549043344 0
1549043345 0
1549043346 0
1549043347 0
1549043348 0
1549043349 0
1549043350 0
1549043351 0
1549043352 0
1549043353 0
1549043354 0
1549043355 0
1549043356 0
1549043357 0
1549043358 0
1549043359 0
1549043360 0
1549043361 0
1549043362 0
1549043363 0
1549043364 0
1549043365 0
1549043366 0
1549043367 0
1549043368 0
1549043369 0
1549043370 0
1549043371 0
1549043372 0
1549043373 0
1549043374 0
1549043375 0
1549043376 0
1549043377 0
1549043378 0
1549043379 0
1549043380 0
1549043381 0
1549043382 0
1549043383 0
1549043384 0
1549043385 0
1549043386 0
1549043387 0
1549043388 0
1549043389 0
1549043390 0
1549043391 0
1549043392 0
1549043393 0
1549043394 0
1549043395 0
1549043396 0
1549043397 0
1549043398 0
1549043399 0
1549043400 0
1549043401 0
1549043402 0
1549043403 0
1549043404 0
1549043405 0
1549043406 0
1549043407 0
1549043408 0
1549043409 0
1549043410 0
1549043411 0
1549043412 0
1549043413 0
1549043414 0
1549043415 0
1549043416 0
1549043417 0
1549043418 0
1549043419 0
1549043420 0
1549043421 0
1549043422 0
1549043423 0
1549043424 0
1549043425 0
1549043426 0
1549043427 0
1549043428 0
1549043429 0
1549043430 0
1549043431 0
1549043432 0
1549043433 0
1549043434 0
1549043435 0
1549043436 0
1549043437 0
1549043438 0
1549043439 0
1549043440 0
1549043441 0
1549043442 0
1549043443 0
1549043444 0
1549043445 0
1549043446 0
1549043447 0
1549043448 0
1549043449 0
1549043450 0
1549043451 0
1549043452 0
1549043453 0
1549043454 0
1549043455 0
1549043456 0
1549043457 0
1549043458 0
1549043459 0
1549043460 0
1549043461 0
1549043462 0
1549043463 0
1549043464 0
1549043465 0
1549043466 0
1549043467 0
1549043468 0
1549043469 0
1549043470 0
1549043471 0
1549043472 0
1549043473 0
1549043474 0
1549043475 0
1549043476 0
1549043477 0
1549043478 0
1549043479 0
1549043480 0
1549043481 0
1549043482 0
1549043483 0
1549043484 0
1549043485 0
1549043486 0
1549043487 0
1549043488 0
1549043489 0
1549043490 0
1549043491 0
1549043492 0
1549043493 0
1549043494 0
1549043495 0
1549043496 0
1549043497 0
1549043498 0
1549043499 0
1549043500 0
1549043501 0
1549043502 0
1549043503 0
1549043504 0
1549043505 0
1549043506 0
1549043507 0
1549043508 0
1549043509 0
1549043510 0
1549043511 0
1549043512 0
1549043513 0
1549043514 0
1549043515 0
1549043516 0
1549043517 0
1549043518 0
1549043519 0
1549043520 0
1549043521 0
1549043522 0
1549043523 0
1549043524 0
1549043525 0
1549043526 0
1549043527 0
1549043528 0
1549043529 0
1549043530 0
1549043531 0
1549043532 0
1549043533 0
1549043534 0
1549043535 0
1549043536 0
1549043537 0
1549043538 0
1549043539 0
1549043540 0
1549043541 0
1549043542 0
1549043543 0
1549043544 0
1549043545 0
1549043546 0
1549043547 0
1549043548 0
1549043549 0
1549043550 0
1549043551 0
1549043552 0
1549043553 0
1549043554 0
1549043555 0
1549043556 0
1549043557 0
1549043558 0
1549043559 0
1549043560 0
1549043561 0
1549043562 0
1549043563 0
1549043564 0
1549043565 0
1549043566 0
1549043567 0
1549043568 0
1549043569 0
1549043570 0
1549043571 0
1549043572 0
1549043573 0
1549043574 0
1549043575 0
1549043576 0
1549043577 0
1549043578 0
1549043579 0
1549043580 0
1549043581 0
1549043582 0
1549043583 0
1549043584 0
1549043585 0
1549043586 0
1549043587 0
1549043588 0
1549043589 0
1549043590 0
1549043591 0
1549043592 0
1549043593 0
1549043594 0
1549043595 0
1549043596 0
1549043597 0
1549043598 0
1549043599 0
1549043600 0
1549043601 0
1549043602 0
1549043603 0
1549043604 0
1549043605 0
1549043606 0
1549043607 0
1549043608 0
1549043609 0
1549043610 0
1549043611 0
1549043612 0
1549043613 0
1549043614 0
1549043615 0
1549043616 0
1549043617 0
1549043618 0
1549043619 0
1549043620 0
1549043621 0
1549043622 0
1549043623 0
1549043624 0
1549043625 0
1549043626 0
1549043627 0
1549043628 0
1549043629 0
1549043630 0
1549043631 0
1549043632 0
1549043633 0
1549043634 0
1549043635 0
1549043636 0
1549043637 0
1549043638 0
1549043639 0
1549043640 0
1549043641 0
1549043642 0
1549043643 0
1549043644 0
1549043645 0
1549043646 0
1549043647 0
1549043648 0
1549043649 0
1549043650 0
1549043651 0
1549043652 0
1549043653 0
1549043654 0
1549043655 0
1549043656 0
1549043657 0
1549043658 0
1549043659 0
1549043660 0
1549043661 0
1549043662 0
1549043663 0
1549043664 0
1549043665 0
1549043666 0
1549043667 0
1549043668 0
1549043669 0
1549043670 0
1549043671 0
1549043672 0
1549043673 0
1549043674 0
1549043675 0
1549043676 0
1549043677 0
1549043678 0
1549043679 0
1549043680 0
1549043681 0
1549043682 0
1549043683 0
1549043684 0
1549043685 0
1549043686 0
1549043687 0
1549043688 0
1549043689 0
1549043690 0
1549043691 0
1549043692 0
1549043693 0
1549043694 0
1549043695 0
1549043696 0
1549043697 0
1549043698 0
1549043699 0
1549043700 0
1549043701 0
1549043702 0
1549043703 0
1549043704 0
1549043705 0
1549043706 0
1549043707 0
1549043708 0
1549043709 0
1549043710 0
1549043711 0
1549043712 0
1549043713 0
1549043714 0
1549043715 0
1549043716 0
1549043717 0
1549043718 0
1549043719 0
1549043720 0
1549043721 0
1549043722 0
1549043723 0
1549043724 0
1549043725 0
1549043726 0
1549043727 0
1549043728 0
1549043729 0
1549043730 0
1549043731 0
1549043732 0
1549043733 0
1549043734 0
1549043735 0
1549043736 0
1549043737 0
1549043738 0
1549043739 0
1549043740 0
1549043741 0
1549043742 0
1549043743 0
1549043744 0
1549043745 0
1549043746 0
1549043747 0
1549043748 0
1549043749 0
1549043750 0
1549043751 0
1549043752 0
1549043753 0
1549043754 0
1549043755 0
1549043756 0
1549043757 0
1549043758 0
1549043759 0
1549043760 0
1549043761 0
1549043762 0
1549043763 0
1549043764 0
1549043765 0
1549043766 0
1549043767 0
1549043768 0
1549043769 0
1549043770 0
1549043771 0
1549043772 0
1549043773 0
1549043774 0
1549043775 0
1549043776 0
1549043777 0
1549043778 0
1549043779 0
1549043780 0
1549043781 0
1549043782 0
1549043783 0
1549043784 0
1549043785 0
1549043786 0
1549043787 0
1549043788 0
1549043789 0
1549043790 0
1549043791 0
1549043792 0
1549043793 0
1549043794 0
1549043795 0
1549043796 0
1549043797 0
1549043798 0
1549043799 0
1549043800 0
1549043801 0
1549043802 0
1549043803 0
1549043804 0
1549043805 0
1549043806 0
1549043807 0
1549043808 0
1549043809 0
1549043810 0
1549043811 0
1549043812 0
1549043813 0
1549043814 0
1549043815 0
1549043816 0
1549043817 0
1549043818 0
1549043819 0
1549043820 0
1549043821 0
1549043822 0
1549043823 0
1549043824 0
1549043825 0
1549043826 0
1549043827 0
1549043828 0
1549043829 0
1549043830 0
1549043831 0
1549043832 0
1549043833 0
1549043834 0
1549043835 0
1549043836 0
1549043837 0
1549043838 0
1549043839 0
1549043840 0
1549043841 0
1549043842 0
1549043843 0
1549043844 0
1549043845 0
1549043846 0
1549043847 0
1549043848 0
1549043849 0
1549043850 0
1549043851 0
1549043852 0
1549043853 0
1549043854 0
1549043855 0
1549043856 0
1549043857 0
1549043858 0
1549043859 0
1549043860 0
1549043861 0
1549043862 0
1549043863 0
1549043864 0
1549043865 0
1549043866 0
1549043867 0
1549043868 0
1549043869 0
1549043870 0
1549043871 0
1549043872 0
1549043873 0
1549043874 0
1549043875 0
1549043876 0
1549043877 0
1549043878 0
1549043879 0
1549043880 0
1549043881 0
1549043882 0
1549043883 0
1549043884 0
1549043885 0
1549043886 0
1549043887 0
1549043888 0
1549043889 0
1549043890 0
1549043891 0
1549043892 0
1549043893 0
1549043894 0
1549043895 0
1549043896 0
1549043897 0
1549043898 0
1549043899 0
1549043900 0
1549043901 0
1549043902 0
1549043903 0
1549043904 0
1549043905 0
1549043906 0
1549043907 0
1549043908 0
1549043909 0
1549043910 0
1549043911 0
1549043912 0
1549043913 0
1549043914 0
1549043915 0
1549043916 0
1549043917 0
1549043918 0
1549043919 0
1549043920 0
1549043921 0
1549043922 0
1549043923 0
1549043924 0
1549043925 0
1549043926 0
1549043927 0
1549043928 0
1549043929 0
1549043930 0
1549043931 0
1549043932 0
1549043933 0
1549043934 0
1549043935 0
1549043936 0
1549043937 0
1549043938 0
1549043939 0
1549043940 0
1549043941 0
1549043942 0
1549043943 0
1549043944 0
1549043945 0
1549043946 0
1549043947 0
1549043948 0
1549043949 0
1549043950 0
1549043951 0
1549043952 0
1549043953 0
1549043954 0
1549043955 0
1549043956 0
1549043957 0
1549043958 0
1549043959 0
1549043960 0
1549043961 0
1549043962 0
1549043963 0
1549043964 0
1549043965 0
1549043966 0
1549043967 0
1549043968 0
1549043969 0
1549043970 0
1549043971 0
1549043972 0
1549043973 0
1549043974 0
1549043975 0
1549043976 0
1549043977 0
1549043978 0
1549043979 0
1549043980 0
1549043981 0
1549043982 0
1549043983 0
1549043984 0
1549043985 0
1549043986 0
1549043987 0
1549043988 0
1549043989 0
1549043990 0
1549043991 0
1549043992 0
1549043993 0
1549043994 0
1549043995 0
1549043996 0
1549043997 0
1549043998 0
1549043999 0
1549044000 0
1549044001 0
1549044002 0
1549044003 0
1549044004 0
1549044005 0
1549044006 0
1549044007 0
1549044008 0
1549044009 0
1549044010 0
1549044011 0
1549044012 0
1549044013 0
1549044014 0
1549044015 0
1549044016 0
1549044017 0
1549044018 0
1549044019 0
1549044020 0
1549044021 0
1549044022 0
1549044023 0
1549044024 0
1549044025 0
1549044026 0
1549044027 0
1549044028 0
1549044029 0
1549044030 0
1549044031 0
1549044032 0
1549044033 0
1549044034 0
1549044035 0
1549044036 0
1549044037 0
1549044038 0
1549044039 0
1549044040 0
1549044041 0
1549044042 0
1549044043 0
1549044044 0
1549044045 0
1549044046 0
1549044047 0
1549044048 0
1549044049 0
1549044050 0
1549044051 0
1549044052 0
1549044053 0
1549044054 0
1549044055 0
1549044056 0
1549044057 0
1549044058 0
1549044059 0
1549044060 0
1549044061 0
1549044062 0
1549044063 0
1549044064 0
1549044065 0
1549044066 0
1549044067 0
1549044068 0
1549044069 0
1549044070 0
1549044071 0
1549044072 0
1549044073 0
1549044074 0
1549044075 0
1549044076 0
1549044077 0
1549044078 0
1549044079 0
1549044080 0
1549044081 0
1549044082 0
1549044083 0
1549044084 0
1549044085 0
1549044086 0
1549044087 0
1549044088 0
1549044089 0
1549044090 0
1549044091 0
1549044092 0
1549044093 0
1549044094 0
1549044095 0
1549044096 0
1549044097 0
1549044098 0
1549044099 0
1549044100 0
1549044101 0
1549044102 0
1549044103 0
1549044104 0
1549044105 0
1549044106 0
1549044107 0
1549044108 0
1549044109 0
1549044110 0
1549044111 0
1549044112 0
1549044113 0
1549044114 0
1549044115 0
1549044116 0
1549044117 0
1549044118 0
1549044119 0
1549044120 0
1549044121 0
1549044122 0
1549044123 0
1549044124 0
1549044125 0
1549044126 0
1549044127 0
1549044128 0
1549044129 0
1549044130 0
1549044131 0
1549044132 0
1549044133 0
1549044134 0
1549044135 0
1549044136 0
1549044137 0
1549044138 0
1549044139 0
1549044140 0
1549044141 0
1549044142 0
1549044143 0
1549044144 0
1549044145 0
1549044146 0
1549044147 0
1549044148 0
1549044149 0
1549044150 0
1549044151 0
1549044152 0
1549044153 0
1549044154 0
1549044155 0
1549044156 0
1549044157 0
1549044158 0
1549044159 0
1549044160 0
1549044161 0
1549044162 0
1549044163 0
1549044164 0
1549044165 0
1549044166 0
1549044167 0
1549044168 0
1549044169 0
1549044170 0
1549044171 0
1549044172 0
1549044173 0
1549044174 0
1549044175 0
1549044176 0
1549044177 0
1549044178 0
1549044179 0
1549044180 0
1549044181 0
1549044182 0
1549044183 0
1549044184 0
1549044185 0
1549044186 0
1549044187 0
1549044188 0
1549044189 0
1549044190 0
1549044191 0
1549044192 0
1549044193 0
1549044194 0
1549044195 0
1549044196 0
1549044197 0
1549044198 0
1549044199 0
1549044200 0
1549044201 0
1549044202 0
1549044203 0
1549044204 0
1549044205 0
1549044206 0
1549044207 0
1549044208 0
1549044209 0
1549044210 0
1549044211 0
1549044212 0
1549044213 0
1549044214 0
1549044215 0
1549044216 0
1549044217 0
1549044218 0
1549044219 0
1549044220 0
1549044221 0
1549044222 0
1549044223 0
1549044224 0
1549044225 0
1549044226 0
1549044227 0
1549044228 0
1549044229 0
1549044230 0
1549044231 0
1549044232 0
1549044233 0
1549044234 0
1549044235 0
1549044236 0
1549044237 0
1549044238 0
1549044239 0
1549044240 0
1549044241 0
1549044242 0
1549044243 0
1549044244 0
1549044245 0
1549044246 0
1549044247 0
1549044248 0
1549044249 0
1549044250 0
1549044251 0
1549044252 0
1549044253 0
1549044254 0
1549044255 0
1549044256 0
1549044257 0
1549044258 0
1549044259 0
1549044260 0
1549044261 0
1549044262 0
1549044263 0
1549044264 0
1549044265 0
1549044266 0
1549044267 0
1549044268 0
1549044269 0
1549044270 0
1549044271 0
1549044272 0
1549044273 0
1549044274 0
1549044275 0
1549044276 0
1549044277 0
1549044278 0
1549044279 0
1549044280 0
1549044281 0
1549044282 0
1549044283 0
1549044284 0
1549044285 0
1549044286 0
1549044287 0
1549044288 0
1549044289 0
1549044290 0
1549044291 0
1549044292 0
1549044293 0
1549044294 0
1549044295 0
1549044296 0
1549044297 0
1549044298 0
1549044299 0
1549044300 0
1549044301 0
1549044302 0
1549044303 0
1549044304 0
1549044305 0
1549044306 0
1549044307 0
1549044308 0
1549044309 0
1549044310 0
1549044311 0
1549044312 0
1549044313 0
1549044314 0
1549044315 0
1549044316 0
1549044317 0
1549044318 0
1549044319 0
1549044320 0
1549044321 0
1549044322 0
1549044323 0
1549044324 0
1549044325 0
1549044326 0
1549044327 0
1549044328 0
1549044329 0
1549044330 0
1549044331 0
1549044332 0
1549044333 0
1549044334 0
1549044335 0
1549044336 0
1549044337 0
1549044338 0
1549044339 0
1549044340 0
1549044341 0
1549044342 0
1549044343 0
1549044344 0
1549044345 0
1549044346 0
1549044347 0
1549044348 0
1549044349 0
1549044350 0
1549044351 0
1549044352 0
1549044353 0
1549044354 0
1549044355 0
1549044356 0
1549044357 0
1549044358 0
1549044359 0
1549044360 0
1549044361 0
1549044362 0
1549044363 0
1549044364 0
1549044365 0
1549044366 0
1549044367 0
1549044368 0
1549044369 0
1549044370 0
1549044371 0
1549044372 0
1549044373 0
1549044374 0
1549044375 0
1549044376 0
1549044377 0
1549044378 0
1549044379 0
1549044380 0
1549044381 0
1549044382 0
1549044383 0
1549044384 0
1549044385 0
1549044386 0
1549044387 0
1549044388 0
1549044389 0
1549044390 0
1549044391 0
1549044392 0
1549044393 0
1549044394 0
1549044395 0
1549044396 0
1549044397 0
1549044398 0
1549044399 0
1549044400 0
1549044401 0
1549044402 0
1549044403 0
1549044404 0
1549044405 0
1549044406 0
1549044407 0
1549044408 0
1549044409 0
1549044410 0
1549044411 0
1549044412 0
1549044413 0
1549044414 0
1549044415 0
1549044416 0
1549044417 0
1549044418 0
1549044419 0
1549044420 0
1549044421 0
1549044422 0
1549044423 0
1549044424 0
1549044425 0
1549044426 0
1549044427 0
1549044428 0
1549044429 0
1549044430 0
1549044431 0
1549044432 0
1549044433 0
1549044434 0
1549044435 0
1549044436 0
1549044437 0
1549044438 0
1549044439 0
1549044440 0
1549044441 0
1549044442 0
1549044443 0
1549044444 0
1549044445 0
1549044446 0
1549044447 0
1549044448 0
1549044449 0
1549044450 0
1549044451 0
1549044452 0
1549044453 0
1549044454 0
1549044455 0
1549044456 0
1549044457 0
1549044458 0
1549044459 0
1549044460 0
1549044461 0
1549044462 0
1549044463 0
1549044464 0
1549044465 0
1549044466 0
1549044467 0
1549044468 0
1549044469 0
1549044470 0
1549044471 0
1549044472 0
1549044473 0
1549044474 0
1549044475 0
1549044476 0
1549044477 0
1549044478 0
1549044479 0
1549044480 0
1549044481 0
1549044482 0
1549044483 0
1549044484 0
1549044485 0
1549044486 0
1549044487 0
1549044488 0
1549044489 0
1549044490 0
1549044491 0
1549044492 0
1549044493 0
1549044494 0
1549044495 0
1549044496 0
1549044497 0
1549044498 0
1549044499 0
1549044500 0
1549044501 0
1549044502 0
1549044503 0
1549044504 0
1549044505 0
1549044506 0
1549044507 0
1549044508 0
1549044509 0
1549044510 0
1549044511 0
1549044512 0
1549044513 0
1549044514 0
1549044515 0
1549044516 0
1549044517 0
1549044518 0
1549044519 0
1549044520 0
1549044521 0
1549044522 0
1549044523 0
1549044524 0
1549044525 0
1549044526 0
1549044527 0
1549044528 0
1549044529 0
1549044530 0
1549044531 0
1549044532 0
1549044533 0
1549044534 0
1549044535 0
1549044536 0
1549044537 0
1549044538 0
1549044539 0
1549044540 0
1549044541 0
1549044542 0
1549044543 0
1549044544 0
1549044545 0
1549044546 0
1549044547 0
1549044548 0
1549044549 0
1549044550 0
1549044551 0
1549044552 0
1549044553 0
1549044554 0
1549044555 0
1549044556 0
1549044557 0
1549044558 0
1549044559 0
1549044560 0
1549044561 0
1549044562 0
1549044563 0
1549044564 0
1549044565 0
1549044566 0
1549044567 0
1549044568 0
1549044569 0
1549044570 0
1549044571 0
1549044572 0
1549044573 0
1549044574 0
1549044575 0
1549044576 0
1549044577 0
1549044578 0
1549044579 0
1549044580 0
1549044581 0
1549044582 0
1549044583 0
1549044584 0
1549044585 0
1549044586 0
1549044587 0
1549044588 0
1549044589 0
1549044590 0
1549044591 0
1549044592 0
1549044593 0
1549044594 0
1549044595 0
1549044596 0
1549044597 0
1549044598 0
1549044599 0
1549044600 0
1549044601 0
1549044602 0
1549044603 0
1549044604 0
1549044605 0
1549044606 0
1549044607 0
1549044608 0
1549044609 0
1549044610 0
1549044611 0
1549044612 0
1549044613 0
1549044614 0
1549044615 0
1549044616 0
1549044617 0
1549044618 0
1549044619 0
1549044620 0
1549044621 0
1549044622 0
1549044623 0
1549044624 0
1549044625 0
1549044626 0
1549044627 0
1549044628 0
1549044629 0
1549044630 0
1549044631 0
1549044632 0
1549044633 0
1549044634 0
1549044635 0
1549044636 0
1549044637 0
1549044638 0
1549044639 0
1549044640 0
1549044641 0
1549044642 0
1549044643 0
1549044644 0
1549044645 0
1549044646 0
1549044647 0
1549044648 0
1549044649 0
1549044650 0
1549044651 0
1549044652 0
1549044653 0
1549044654 0
1549044655 0
1549044656 0
1549044657 0
1549044658 0
1549044659 0
1549044660 0
1549044661 0
1549044662 0
1549044663 0
1549044664 0
1549044665 0
1549044666 0
1549044667 0
1549044668 0
1549044669 0
1549044670 0
1549044671 0
1549044672 0
1549044673 0
1549044674 0
1549044675 0
1549044676 0
1549044677 0
1549044678 0
1549044679 0
1549044680 0
1549044681 0
1549044682 0
1549044683 0
1549044684 0
1549044685 0
1549044686 0
1549044687 0
1549044688 0
1549044689 0
1549044690 0
1549044691 0
1549044692 0
1549044693 0
1549044694 0
1549044695 0
1549044696 0
1549044697 0
1549044698 0
1549044699 0
1549044700 0
1549044701 0
1549044702 0
1549044703 0
1549044704 0
1549044705 0
1549044706 0
1549044707 0
1549044708 0
1549044709 0
1549044710 0
1549044711 0
1549044712 0
1549044713 0
1549044714 0
1549044715 0
1549044716 0
1549044717 0
1549044718 0
1549044719 0
1549044720 0
1549044721 0
1549044722 0
1549044723 0
1549044724 0
1549044725 0
1549044726 0
1549044727 0
1549044728 0
1549044729 0
1549044730 0
1549044731 0
1549044732 0
1549044733 0
1549044734 0
1549044735 0
1549044736 0
1549044737 0
1549044738 0
1549044739 0
1549044740 0
1549044741 0
1549044742 0
1549044743 0
1549044744 0
1549044745 0
1549044746 0
1549044747 0
1549044748 0
1549044749 0
1549044750 0
1549044751 0
1549044752 0
1549044753 0
1549044754 0
1549044755 0
1549044756 0
1549044757 0
1549044758 0
1549044759 0
1549044760 0
1549044761 0
1549044762 0
1549044763 0
1549044764 0
1549044765 0
1549044766 0
1549044767 0
1549044768 0
1549044769 0
1549044770 0
1549044771 0
1549044772 0
1549044773 0
1549044774 0
1549044775 0
1549044776 0
1549044777 0
1549044778 0
1549044779 0
1549044780 0
1549044781 0
1549044782 0
1549044783 0
1549044784 0
1549044785 0
1549044786 0
1549044787 0
1549044788 0
1549044789 0
1549044790 0
1549044791 0
1549044792 0
1549044793 0
1549044794 0
1549044795 0
1549044796 0
1549044797 0
1549044798 0
1549044799 0
1549044800 0
1549044801 0
1549044802 0
1549044803 0
1549044804 0
1549044805 0
1549044806 0
1549044807 0
1549044808 0
1549044809 0
1549044810 0
1549044811 0
1549044812 0
1549044813 0
1549044814 0
1549044815 0
1549044816 0
1549044817 0
1549044818 0
1549044819 0
1549044820 0
1549044821 0
1549044822 0
1549044823 0
1549044824 0
1549044825 0
1549044826 0
1549044827 0
1549044828 0
1549044829 0
1549044830 0
1549044831 0
1549044832 0
1549044833 0
1549044834 0
1549044835 0
1549044836 0
1549044837 0
1549044838 0
1549044839 0
1549044840 0
1549044841 0
1549044842 0
1549044843 0
1549044844 0
1549044845 0
1549044846 0
1549044847 0
1549044848 0
1549044849 0
1549044850 0
1549044851 0
1549044852 0
1549044853 0
1549044854 0
1549044855 0
1549044856 0
1549044857 0
1549044858 0
1549044859 0
1549044860 0
1549044861 0
1549044862 0
1549044863 0
1549044864 0
1549044865 0
1549044866 0
1549044867 0
1549044868 0
1549044869 0
1549044870 0
1549044871 0
1549044872 0
1549044873 0
1549044874 0
1549044875 0
1549044876 0
1549044877 0
1549044878 0
1549044879 0
1549044880 0
1549044881 0
1549044882 0
1549044883 0
1549044884 0
1549044885 0
1549044886 0
1549044887 0
1549044888 0
1549044889 0
1549044890 0
1549044891 0
1549044892 0
1549044893 0
1549044894 0
1549044895 0
1549044896 0
1549044897 0
1549044898 0
1549044899 0
1549044900 0
1549044901 0
1549044902 0
1549044903 0
1549044904 0
1549044905 0
1549044906 0
1549044907 0
1549044908 0
1549044909 0
1549044910 0
1549044911 0
1549044912 0
1549044913 0
1549044914 0
1549044915 0
1549044916 0
1549044917 0
1549044918 0
1549044919 0
1549044920 0
1549044921 0
1549044922 0
1549044923 0
1549044924 0
1549044925 0
1549044926 0
1549044927 0
1549044928 0
1549044929 0
1549044930 0
1549044931 0
1549044932 0
1549044933 0
1549044934 0
1549044935 0
1549044936 0
1549044937 0
1549044938 0
1549044939 0
1549044940 0
1549044941 0
1549044942 0
1549044943 0
1549044944 0
1549044945 0
1549044946 0
1549044947 0
1549044948 0
1549044949 0
1549044950 0
1549044951 0
1549044952 0
1549044953 0
1549044954 0
1549044955 0
1549044956 0
1549044957 0
1549044958 0
1549044959 0
1549044960 0
1549044961 0
1549044962 0
1549044963 0
1549044964 0
1549044965 0
1549044966 0
1549044967 0
1549044968 0
1549044969 0
1549044970 0
1549044971 0
1549044972 0
1549044973 0
1549044974 0
1549044975 0
1549044976 0
1549044977 0
1549044978 0
1549044979 0
1549044980 0
1549044981 0
1549044982 0
1549044983 0
1549044984 0
1549044985 0
1549044986 0
1549044987 0
1549044988 0
1549044989 0
1549044990 0
1549044991 0
1549044992 0
1549044993 0
1549044994 0
1549044995 0
1549044996 0
1549044997 0
1549044998 0
1549044999 0
1549045000 0
1549045001 0
1549045002 0
1549045003 0
1549045004 0
1549045005 0
1549045006 0
1549045007 0
1549045008 0
1549045009 0
1549045010 0
1549045011 0
1549045012 0
1549045013 0
1549045014 0
1549045015 0
1549045016 0
1549045017 0
1549045018 0
1549045019 0
1549045020 0
1549045021 0
1549045022 0
1549045023 0
1549045024 0
1549045025 0
1549045026 0
1549045027 0
1549045028 0
1549045029 0
1549045030 0
1549045031 0
1549045032 0
1549045033 0
1549045034 0
1549045035 0
1549045036 0
1549045037 0
1549045038 0
1549045039 0
1549045040 0
1549045041 0
1549045042 0
1549045043 0
1549045044 0
1549045045 0
1549045046 0
1549045047 0
1549045048 0
1549045049 0
1549045050 0
1549045051 0
1549045052 0
1549045053 0
1549045054 0
1549045055 0
1549045056 0
1549045057 0
1549045058 0
1549045059 0
1549045060 0
1549045061 0
1549045062 0
1549045063 0
1549045064 0
1549045065 0
1549045066 0
1549045067 0
1549045068 0
1549045069 0
1549045070 0
1549045071 0
1549045072 0
1549045073 0
1549045074 0
1549045075 0
1549045076 0
1549045077 0
1549045078 0
1549045079 0
1549045080 0
1549045081 0
1549045082 0
1549045083 0
1549045084 0
1549045085 0
1549045086 0
1549045087 0
1549045088 0
1549045089 0
1549045090 0
1549045091 0
1549045092 0
1549045093 0
1549045094 0
1549045095 0
1549045096 0
1549045097 0
1549045098 0
1549045099 0
1549045100 0
1549045101 0
1549045102 0
1549045103 0
1549045104 0
1549045105 0
1549045106 0
1549045107 0
1549045108 0
1549045109 0
1549045110 0
1549045111 0
1549045112 0
1549045113 0
1549045114 0
1549045115 0
1549045116 0
1549045117 0
1549045118 0
1549045119 0
1549045120 0
1549045121 0
1549045122 0
1549045123 0
1549045124 0
1549045125 0
1549045126 0
1549045127 0
1549045128 0
1549045129 0
1549045130 0
1549045131 0
1549045132 0
1549045133 0
1549045134 0
1549045135 0
1549045136 0
1549045137 0
1549045138 0
1549045139 0
1549045140 0
1549045141 0
1549045142 0
1549045143 0
1549045144 0
1549045145 0
1549045146 0
1549045147 0
1549045148 0
1549045149 0
1549045150 0
1549045151 0
1549045152 0
1549045153 0
1549045154 0
1549045155 0
1549045156 0
1549045157 0
1549045158 0
1549045159 0
1549045160 0
1549045161 0
1549045162 0
1549045163 0
1549045164 0
1549045165 0
1549045166 0
1549045167 0
1549045168 0
1549045169 0
1549045170 0
1549045171 0
1549045172 0
1549045173 0
1549045174 0
1549045175 0
1549045176 0
1549045177 0
1549045178 0
1549045179 0
1549045180 0
1549045181 0
1549045182 0
1549045183 0
1549045184 0
1549045185 0
1549045186 0
1549045187 0
1549045188 0
1549045189 0
1549045190 0
1549045191 0
1549045192 0
1549045193 0
1549045194 0
1549045195 0
1549045196 0
1549045197 0
1549045198 0
1549045199 0
1549045200 0
1549045201 0
1549045202 0
1549045203 0
1549045204 0
1549045205 0
1549045206 0
1549045207 0
1549045208 0
1549045209 0
1549045210 0
1549045211 0
1549045212 0
1549045213 0
1549045214 0
1549045215 0
1549045216 0
1549045217 0
1549045218 0
1549045219 0
1549045220 0
1549045221 0
1549045222 0
1549045223 0
1549045224 0
1549045225 0
1549045226 0
1549045227 0
1549045228 0
1549045229 0
1549045230 0
1549045231 0
1549045232 0
1549045233 0
1549045234 0
1549045235 0
1549045236 0
1549045237 0
1549045238 0
1549045239 0
1549045240 0
1549045241 0
1549045242 0
1549045243 0
1549045244 0
1549045245 0
1549045246 0
1549045247 0
1549045248 0
1549045249 0
1549045250 0
1549045251 0
1549045252 0
1549045253 0
1549045254 0
1549045255 0
1549045256 0
1549045257 0
1549045258 0
1549045259 0
1549045260 0
1549045261 0
1549045262 0
1549045263 0
1549045264 0
1549045265 0
1549045266 0
1549045267 0
1549045268 0
1549045269 0
1549045270 0
1549045271 0
1549045272 0
1549045273 0
1549045274 0
1549045275 0
1549045276 0
1549045277 0
1549045278 0
1549045279 0
1549045280 0
1549045281 0
1549045282 0
1549045283 0
1549045284 0
1549045285 0
1549045286 0
1549045287 0
1549045288 0
1549045289 0
1549045290 0
1549045291 0
1549045292 0
1549045293 0
1549045294 0
1549045295 0
1549045296 0
1549045297 0
1549045298 0
1549045299 0
1549045300 0
1549045301 0
1549045302 0
1549045303 0
1549045304 0
1549045305 0
1549045306 0
1549045307 0
1549045308 0
1549045309 0
1549045310 0
1549045311 0
1549045312 0
1549045313 0
1549045314 0
1549045315 0
1549045316 0
1549045317 0
1549045318 0
1549045319 0
1549045320 0
1549045321 0
1549045322 0
1549045323 0
1549045324 0
1549045325 0
1549045326 0
1549045327 0
1549045328 0
1549045329 0
1549045330 0
1549045331 0
1549045332 0
1549045333 0
1549045334 0
1549045335 0
1549045336 0
1549045337 0
1549045338 0
1549045339 0
1549045340 0
1549045341 0
1549045342 0
1549045343 0
1549045344 0
1549045345 0
1549045346 0
1549045347 0
1549045348 0
1549045349 0
1549045350 0
1549045351 0
1549045352 0
1549045353 0
1549045354 0
1549045355 0
1549045356 0
1549045357 0
1549045358 0
1549045359 0
1549045360 0
1549045361 0
1549045362 0
1549045363 0
1549045364 0
1549045365 0
1549045366 0
1549045367 0
1549045368 0
1549045369 0
1549045370 0
1549045371 0
1549045372 0
1549045373 0
1549045374 0
1549045375 0
1549045376 0
1549045377 0
1549045378 0
1549045379 0
1549045380 0
1549045381 0
1549045382 0
1549045383 0
1549045384 0
1549045385 0
1549045386 0
1549045387 0
1549045388 0
1549045389 0
1549045390 0
1549045391 0
1549045392 0
1549045393 0
1549045394 0
1549045395 0
1549045396 0
1549045397 0
1549045398 0
1549045399 0
1549045400 0
1549045401 0
1549045402 0
1549045403 0
1549045404 0
1549045405 0
1549045406 0
1549045407 0
1549045408 0
1549045409 0
1549045410 0
1549045411 0
1549045412 0
1549045413 0
1549045414 0
1549045415 0
1549045416 0
1549045417 0
1549045418 0
1549045419 0
1549045420 0
1549045421 0
1549045422 0
1549045423 0
1549045424 0
1549045425 0
1549045426 0
1549045427 0
1549045428 0
1549045429 0
1549045430 0
1549045431 0
1549045432 0
1549045433 0
1549045434 0
1549045435 0
1549045436 0
1549045437 0
1549045438 0
1549045439 0
1549045440 0
1549045441 0
1549045442 0
1549045443 0
1549045444 0
1549045445 0
1549045446 0
1549045447 0
1549045448 0
1549045449 0
1549045450 0
1549045451 0
1549045452 0
1549045453 0
1549045454 0
1549045455 0
1549045456 0
1549045457 0
1549045458 0
1549045459 0
1549045460 0
1549045461 0
1549045462 0
1549045463 0
1549045464 0
1549045465 0
1549045466 0
1549045467 0
1549045468 0
1549045469 0
1549045470 0
1549045471 0
1549045472 0
1549045473 0
1549045474 0
1549045475 0
1549045476 0
1549045477 0
1549045478 0
1549045479 0
1549045480 0
1549045481 0
1549045482 0
1549045483 0
1549045484 0
1549045485 0
1549045486 0
1549045487 0
1549045488 0
1549045489 0
1549045490 0
1549045491 0
1549045492 0
1549045493 0
1549045494 0
1549045495 0
1549045496 0
1549045497 0
1549045498 0
1549045499 0
1549045500 0
1549045501 0
1549045502 0
1549045503 0
1549045504 0
1549045505 0
1549045506 0
1549045507 0
1549045508 0
1549045509 0
1549045510 0
1549045511 0
1549045512 0
1549045513 0
1549045514 0
1549045515 0
1549045516 0
1549045517 0
1549045518 0
1549045519 0
1549045520 0
1549045521 0
1549045522 0
1549045523 0
1549045524 0
1549045525 0
1549045526 0
1549045527 0
1549045528 0
1549045529 0
1549045530 0
1549045531 0
1549045532 0
1549045533 0
1549045534 0
1549045535 0
1549045536 0
1549045537 0
1549045538 0
1549045539 0
1549045540 0
1549045541 0
1549045542 0
1549045543 0
1549045544 0
1549045545 0
1549045546 0
1549045547 0
1549045548 0
1549045549 0
1549045550 0
1549045551 0
1549045552 0
1549045553 0
1549045554 0
1549045555 0
1549045556 0
1549045557 0
1549045558 0
1549045559 0
1549045560 0
1549045561 0
1549045562 0
1549045563 0
1549045564 0
1549045565 0
1549045566 0
1549045567 0
1549045568 0
1549045569 0
1549045570 0
1549045571 0
1549045572 0
1549045573 0
1549045574 0
1549045575 0
1549045576 0
1549045577 0
1549045578 0
1549045579 0
1549045580 0
1549045581 0
1549045582 0
1549045583 0
1549045584 0
1549045585 0
1549045586 0
1549045587 0
1549045588 0
1549045589 0
1549045590 0
1549045591 0
1549045592 0
1549045593 0
1549045594 0
1549045595 0
1549045596 0
1549045597 0
1549045598 0
1549045599 0
1549045600 0
1549045601 0
1549045602 0
1549045603 0
1549045604 0
1549045605 0
1549045606 0
1549045607 0
1549045608 0
1549045609 0
1549045610 0
1549045611 0
1549045612 0
1549045613 0
1549045614 0
1549045615 0
1549045616 0
1549045617 0
1549045618 0
1549045619 0
1549045620 0
1549045621 0
1549045622 0
1549045623 0
1549045624 0
1549045625 0
1549045626 0
1549045627 0
1549045628 0
1549045629 0
1549045630 0
1549045631 0
1549045632 0
1549045633 0
1549045634 0
1549045635 0
1549045636 0
1549045637 0
1549045638 0
1549045639 0
1549045640 0
1549045641 0
1549045642 0
1549045643 0
1549045644 0
1549045645 0
1549045646 0
1549045647 0
1549045648 0
1549045649 0
1549045650 0
1549045651 0
1549045652 0
1549045653 0
1549045654 0
1549045655 0
1549045656 0
1549045657 0
1549045658 0
1549045659 0
1549045660 0
1549045661 0
1549045662 0
1549045663 0
1549045664 0
1549045665 0
1549045666 0
1549045667 0
1549045668 0
1549045669 0
1549045670 0
1549045671 0
1549045672 0
1549045673 0
1549045674 0
1549045675 0
1549045676 0
1549045677 0
1549045678 0
1549045679 0
1549045680 0
1549045681 0
1549045682 0
1549045683 0
1549045684 0
1549045685 0
1549045686 0
1549045687 0
1549045688 0
1549045689 0
1549045690 0
1549045691 0
1549045692 0
1549045693 0
1549045694 0
1549045695 0
1549045696 0
1549045697 0
1549045698 0
1549045699 0
1549045700 0
1549045701 0
1549045702 0
1549045703 0
1549045704 0
1549045705 0
1549045706 0
1549045707 0
1549045708 0
1549045709 0
1549045710 0
1549045711 0
1549045712 0
1549045713 0
1549045714 0
1549045715 0
1549045716 0
1549045717 0
1549045718 0
1549045719 0
1549045720 0
1549045721 0
1549045722 0
1549045723 0
1549045724 0
1549045725 0
1549045726 0
1549045727 0
1549045728 0
1549045729 0
1549045730 0
1549045731 0
1549045732 0
1549045733 0
1549045734 0
1549045735 0
1549045736 0
1549045737 0
1549045738 0
1549045739 0
1549045740 0
1549045741 0
1549045742 0
1549045743 0
1549045744 0
1549045745 0
1549045746 0
1549045747 0
1549045748 0
1549045749 0
1549045750 0
1549045751 0
1549045752 0
1549045753 0
1549045754 0
1549045755 0
1549045756 0
1549045757 0
1549045758 0
1549045759 0
1549045760 0
1549045761 0
1549045762 0
1549045763 0
1549045764 0
1549045765 0
1549045766 0
1549045767 0
1549045768 0
1549045769 0
1549045770 0
1549045771 0
1549045772 0
1549045773 0
1549045774 0
1549045775 0
1549045776 0
1549045777 0
1549045778 0
1549045779 0
1549045780 0
1549045781 0
1549045782 0
1549045783 0
1549045784 0
1549045785 0
1549045786 0
1549045787 0
1549045788 0
1549045789 0
1549045790 0
1549045791 0
1549045792 0
1549045793 0
1549045794 0
1549045795 0
1549045796 0
1549045797 0
1549045798 0
1549045799 0
1549045800 0
1549045801 0
1549045802 0
1549045803 0
1549045804 0
1549045805 0
1549045806 0
1549045807 0
1549045808 0
1549045809 0
1549045810 0
1549045811 0
1549045812 0
1549045813 0
1549045814 0
1549045815 0
1549045816 0
1549045817 0
1549045818 0
1549045819 0
1549045820 0
1549045821 0
1549045822 0
1549045823 0
1549045824 0
1549045825 0
1549045826 0
1549045827 0
1549045828 0
1549045829 0
1549045830 0
1549045831 0
1549045832 0
1549045833 0
1549045834 0
1549045835 0
1549045836 0
1549045837 0
1549045838 0
1549045839 0
1549045840 0
1549045841 0
1549045842 0
1549045843 0
1549045844 0
1549045845 0
1549045846 0
1549045847 0
1549045848 0
1549045849 0
1549045850 0
1549045851 0
1549045852 0
1549045853 0
1549045854 0
1549045855 0
1549045856 0
1549045857 0
1549045858 0
1549045859 0
1549045860 0
1549045861 0
1549045862 0
1549045863 0
1549045864 0
1549045865 0
1549045866 0
1549045867 0
1549045868 0
1549045869 0
1549045870 0
1549045871 0
1549045872 0
1549045873 0
1549045874 0
1549045875 0
1549045876 0
1549045877 0
1549045878 0
1549045879 0
1549045880 0
1549045881 0
1549045882 0
1549045883 0
1549045884 0
1549045885 0
1549045886 0
1549045887 0
1549045888 0
1549045889 0
1549045890 0
1549045891 0
1549045892 0
1549045893 0
1549045894 0
1549045895 0
1549045896 0
1549045897 0
1549045898 0
1549045899 0
1549045900 0
1549045901 0
1549045902 0
1549045903 0
1549045904 0
1549045905 0
1549045906 0
1549045907 0
1549045908 0
1549045909 0
1549045910 0
1549045911 0
1549045912 0
1549045913 0
1549045914 0
1549045915 0
1549045916 0
1549045917 0
1549045918 0
1549045919 0
1549045920 0
1549045921 0
1549045922 0
1549045923 0
1549045924 0
1549045925 0
1549045926 0
1549045927 0
1549045928 0
1549045929 0
1549045930 0
1549045931 0
1549045932 0
1549045933 0
1549045934 0
1549045935 0
1549045936 0
1549045937 0
1549045938 0
1549045939 0
1549045940 0
1549045941 0
1549045942 0
1549045943 0
1549045944 0
1549045945 0
1549045946 0
1549045947 0
1549045948 0
1549045949 0
1549045950 0
1549045951 0
1549045952 0
1549045953 0
1549045954 0
1549045955 0
1549045956 0
1549045957 0
1549045958 0
1549045959 0
1549045960 0
1549045961 0
1549045962 0
1549045963 0
1549045964 0
1549045965 0
1549045966 0
1549045967 0
1549045968 0
1549045969 0
1549045970 0
1549045971 0
1549045972 0
1549045973 0
1549045974 0
1549045975 0
1549045976 0
1549045977 0
1549045978 0
1549045979 0
1549045980 0
1549045981 0
1549045982 0
1549045983 0
1549045984 0
1549045985 0
1549045986 0
1549045987 0
1549045988 0
1549045989 0
1549045990 0
1549045991 0
1549045992 0
1549045993 0
1549045994 0
1549045995 0
1549045996 0
1549045997 0
1549045998 0
1549045999 0
1549046000 0
1549046001 0
1549046002 0
1549046003 0
1549046004 0
1549046005 0
1549046006 0
1549046007 0
1549046008 0
1549046009 0
1549046010 0
1549046011 0
1549046012 0
1549046013 0
1549046014 0
1549046015 0
1549046016 0
1549046017 0
1549046018 0
1549046019 0
1549046020 0
1549046021 0
1549046022 0
1549046023 0
1549046024 0
1549046025 0
1549046026 0
1549046027 0
1549046028 0
1549046029 0
1549046030 0
1549046031 0
1549046032 0
1549046033 0
1549046034 0
1549046035 0
1549046036 0
1549046037 0
1549046038 0
1549046039 0
1549046040 0
1549046041 0
1549046042 0
1549046043 0
1549046044 0
1549046045 0
1549046046 0
1549046047 0
1549046048 0
1549046049 0
1549046050 0
1549046051 0
1549046052 0
1549046053 0
1549046054 0
1549046055 0
1549046056 0
1549046057 0
1549046058 0
1549046059 0
1549046060 0
1549046061 0
1549046062 0
1549046063 0
1549046064 0
1549046065 0
1549046066 0
1549046067 0
1549046068 0
1549046069 0
1549046070 0
1549046071 0
1549046072 0
1549046073 0
1549046074 0
1549046075 0
1549046076 0
1549046077 0
1549046078 0
1549046079 0
1549046080 0
1549046081 0
1549046082 0
1549046083 0
1549046084 0
1549046085 0
1549046086 0
1549046087 0
1549046088 0
1549046089 0
1549046090 0
1549046091 0
1549046092 0
1549046093 0
1549046094 0
1549046095 0
1549046096 0
1549046097 0
1549046098 0
1549046099 0
1549046100 0
1549046101 0
1549046102 0
1549046103 0
1549046104 0
1549046105 0
1549046106 0
1549046107 0
1549046108 0
1549046109 0
1549046110 0
1549046111 0
1549046112 0
1549046113 0
1549046114 0
1549046115 0
1549046116 0
1549046117 0
1549046118 0
1549046119 0
1549046120 0
1549046121 0
1549046122 0
1549046123 0
1549046124 0
1549046125 0
1549046126 0
1549046127 0
1549046128 0
1549046129 0
1549046130 0
1549046131 0
1549046132 0
1549046133 0
1549046134 0
1549046135 0
1549046136 0
1549046137 0
1549046138 0
1549046139 0
1549046140 0
1549046141 0
1549046142 0
1549046143 0
1549046144 0
1549046145 0
1549046146 0
1549046147 0
1549046148 0
1549046149 0
1549046150 0
1549046151 0
1549046152 0
1549046153 0
1549046154 0
1549046155 0
1549046156 0
1549046157 0
1549046158 0
1549046159 0
1549046160 0
1549046161 0
1549046162 0
1549046163 0
1549046164 0
1549046165 0
1549046166 0
1549046167 0
1549046168 0
1549046169 0
1549046170 0
1549046171 0
1549046172 0
1549046173 0
1549046174 0
1549046175 0
1549046176 0
1549046177 0
1549046178 0
1549046179 0
1549046180 0
1549046181 0
1549046182 0
1549046183 0
1549046184 0
1549046185 0
1549046186 0
1549046187 0
1549046188 0
1549046189 0
1549046190 0
1549046191 0
1549046192 0
1549046193 0
1549046194 0
1549046195 0
1549046196 0
1549046197 0
1549046198 0
1549046199 0
1549046200 0
1549046201 0
1549046202 0
1549046203 0
1549046204 0
1549046205 0
1549046206 0
1549046207 0
1549046208 0
1549046209 0
1549046210 0
1549046211 0
1549046212 0
1549046213 0
1549046214 0
1549046215 0
1549046216 0
1549046217 0
1549046218 0
1549046219 0
1549046220 0
1549046221 0
1549046222 0
1549046223 0
1549046224 0
1549046225 0
1549046226 0
1549046227 0
1549046228 0
1549046229 0
1549046230 0
1549046231 0
1549046232 0
1549046233 0
1549046234 0
1549046235 0
1549046236 0
1549046237 0
1549046238 0
1549046239 0
1549046240 0
1549046241 0
1549046242 0
1549046243 0
1549046244 0
1549046245 0
1549046246 0
1549046247 0
1549046248 0
1549046249 0
1549046250 0
1549046251 0
1549046252 0
1549046253 0
1549046254 0
1549046255 0
1549046256 0
1549046257 0
1549046258 0
1549046259 0
1549046260 0
1549046261 0
1549046262 0
1549046263 0
1549046264 0
1549046265 0
1549046266 0
1549046267 0
1549046268 0
1549046269 0
1549046270 0
1549046271 0
1549046272 0
1549046273 0
1549046274 0
1549046275 0
1549046276 0
1549046277 0
1549046278 0
1549046279 0
1549046280 0
1549046281 0
1549046282 0
1549046283 0
1549046284 0
1549046285 0
1549046286 0
1549046287 0
1549046288 0
1549046289 0
1549046290 0
1549046291 0
1549046292 0
1549046293 0
1549046294 0
1549046295 0
1549046296 0
1549046297 0
1549046298 0
1549046299 0
1549046300 0
1549046301 0
1549046302 0
1549046303 0
1549046304 0
1549046305 0
1549046306 0
1549046307 0
1549046308 0
1549046309 0
1549046310 0
1549046311 0
1549046312 0
1549046313 0
1549046314 0
1549046315 0
1549046316 0
1549046317 0
1549046318 0
1549046319 0
1549046320 0
1549046321 0
1549046322 0
1549046323 0
1549046324 0
1549046325 0
1549046326 0
1549046327 0
1549046328 0
1549046329 0
1549046330 0
1549046331 0
1549046332 0
1549046333 0
1549046334 0
1549046335 0
1549046336 0
1549046337 0
1549046338 0
1549046339 0
1549046340 0
1549046341 0
1549046342 0
1549046343 0
1549046344 0
1549046345 0
1549046346 0
1549046347 0
1549046348 0
1549046349 0
1549046350 0
1549046351 0
1549046352 0
1549046353 0
1549046354 0
1549046355 0
1549046356 0
1549046357 0
1549046358 0
1549046359 0
1549046360 0
1549046361 0
1549046362 0
1549046363 0
1549046364 0
1549046365 0
1549046366 0
1549046367 0
1549046368 0
1549046369 0
1549046370 0
1549046371 0
1549046372 0
1549046373 0
1549046374 0
1549046375 0
1549046376 0
1549046377 0
1549046378 0
1549046379 0
1549046380 0
1549046381 0
1549046382 0
1549046383 0
1549046384 0
1549046385 0
1549046386 0
1549046387 0
1549046388 0
1549046389 0
1549046390 0
1549046391 0
1549046392 0
1549046393 0
1549046394 0
1549046395 0
1549046396 0
1549046397 0
1549046398 0
1549046399 0
1549046400 0
1549046401 0
1549046402 0
1549046403 0
1549046404 0
1549046405 0
1549046406 0
1549046407 0
1549046408 0
1549046409 0
1549046410 0
1549046411 0
1549046412 0
1549046413 0
1549046414 0
1549046415 0
1549046416 0
1549046417 0
1549046418 0
1549046419 0
1549046420 0
1549046421 0
1549046422 0
1549046423 0
1549046424 0
1549046425 0
1549046426 0
1549046427 0
1549046428 0
1549046429 0
1549046430 0
1549046431 0
1549046432 0
1549046433 0
1549046434 0
1549046435 0
1549046436 0
1549046437 0
1549046438 0
1549046439 0
1549046440 0
1549046441 0
1549046442 0
1549046443 0
1549046444 0
1549046445 0
1549046446 0
1549046447 0
1549046448 0
1549046449 0
1549046450 0
1549046451 0
1549046452 0
1549046453 0
1549046454 0
1549046455 0
1549046456 0
1549046457 0
1549046458 0
1549046459 0
1549046460 0
1549046461 0
1549046462 0
1549046463 0
1549046464 0
1549046465 0
1549046466 0
1549046467 0
1549046468 0
1549046469 0
1549046470 0
1549046471 0
1549046472 0
1549046473 0
1549046474 0
1549046475 0
1549046476 0
1549046477 0
1549046478 0
1549046479 0
1549046480 0
1549046481 0
1549046482 0
1549046483 0
1549046484 0
1549046485 0
1549046486 0
1549046487 0
1549046488 0
1549046489 0
1549046490 0
1549046491 0
1549046492 0
1549046493 0
1549046494 0
1549046495 0
1549046496 0
1549046497 0
1549046498 0
1549046499 0
1549046500 0
1549046501 0
1549046502 0
1549046503 0
1549046504 0
1549046505 0
1549046506 0
1549046507 0
1549046508 0
1549046509 0
1549046510 0
1549046511 0
1549046512 0
1549046513 0
1549046514 0
1549046515 0
1549046516 0
1549046517 0
1549046518 0
1549046519 0
1549046520 0
1549046521 0
1549046522 0
1549046523 0
1549046524 0
1549046525 0
1549046526 0
1549046527 0
1549046528 0
1549046529 0
1549046530 0
1549046531 0
1549046532 0
1549046533 0
1549046534 0
1549046535 0
1549046536 0
1549046537 0
1549046538 0
1549046539 0
1549046540 0
1549046541 0
1549046542 0
1549046543 0
1549046544 0
1549046545 0
1549046546 0
1549046547 0
1549046548 0
1549046549 0
1549046550 0
1549046551 0
1549046552 0
1549046553 0
1549046554 0
1549046555 0
1549046556 0
1549046557 0
1549046558 0
1549046559 0
1549046560 0
1549046561 0
1549046562 0
1549046563 0
1549046564 0
1549046565 0
1549046566 0
1549046567 0
1549046568 0
1549046569 0
1549046570 0
1549046571 0
1549046572 0
1549046573 0
1549046574 0
1549046575 0
1549046576 0
1549046577 0
1549046578 0
1549046579 0
1549046580 0
1549046581 0
1549046582 0
1549046583 0
1549046584 0
1549046585 0
1549046586 0
1549046587 0
1549046588 0
1549046589 0
1549046590 0
1549046591 0
1549046592 0
1549046593 0
1549046594 0
1549046595 0
1549046596 0
1549046597 0
1549046598 0
1549046599 0
1549046600 0
1549046601 0
1549046602 0
1549046603 0
1549046604 0
1549046605 0
1549046606 0
1549046607 0
1549046608 0
1549046609 0
1549046610 0
1549046611 0
1549046612 0
1549046613 0
1549046614 0
1549046615 0
1549046616 0
1549046617 0
1549046618 0
1549046619 0
1549046620 0
1549046621 0
1549046622 0
1549046623 0
1549046624 0
1549046625 0
1549046626 0
1549046627 0
1549046628 0
1549046629 0
1549046630 0
1549046631 0
1549046632 0
1549046633 0
1549046634 0
1549046635 0
1549046636 0
1549046637 0
1549046638 0
1549046639 0
1549046640 0
1549046641 0
1549046642 0
1549046643 0
1549046644 0
1549046645 0
1549046646 0
1549046647 0
1549046648 0
1549046649 0
1549046650 0
1549046651 0
1549046652 0
1549046653 0
1549046654 0
1549046655 0
1549046656 0
1549046657 0
1549046658 0
1549046659 0
1549046660 0
1549046661 0
1549046662 0
1549046663 0
1549046664 0
1549046665 0
1549046666 0
1549046667 0
1549046668 0
1549046669 0
1549046670 0
1549046671 0
1549046672 0
1549046673 0
1549046674 0
1549046675 0
1549046676 0
1549046677 0
1549046678 0
1549046679 0
1549046680 0
1549046681 0
1549046682 0
1549046683 0
1549046684 0
1549046685 0
1549046686 0
1549046687 0
1549046688 0
1549046689 0
1549046690 0
1549046691 0
1549046692 0
1549046693 0
1549046694 0
1549046695 0
1549046696 0
1549046697 0
1549046698 0
1549046699 0
1549046700 0
1549046701 0
1549046702 0
1549046703 0
1549046704 0
1549046705 0
1549046706 0
1549046707 0
1549046708 0
1549046709 0
1549046710 0
1549046711 0
1549046712 0
1549046713 0
1549046714 0
1549046715 0
1549046716 0
1549046717 0
1549046718 0
1549046719 0
1549046720 0
1549046721 0
1549046722 0
1549046723 0
1549046724 0
1549046725 0
1549046726 0
1549046727 0
1549046728 0
1549046729 0
1549046730 0
1549046731 0
1549046732 0
1549046733 0
1549046734 0
1549046735 0
1549046736 0
1549046737 0
1549046738 0
1549046739 0
1549046740 0
1549046741 0
1549046742 0
1549046743 0
1549046744 0
1549046745 0
1549046746 0
1549046747 0
1549046748 0
1549046749 0
1549046750 0
1549046751 0
1549046752 0
1549046753 0
1549046754 0
1549046755 0
1549046756 0
1549046757 0
1549046758 0
1549046759 0
1549046760 0
1549046761 0
1549046762 0
1549046763 0
1549046764 0
1549046765 0
1549046766 0
1549046767 0
1549046768 0
1549046769 0
1549046770 0
1549046771 0
1549046772 0
1549046773 0
1549046774 0
1549046775 0
1549046776 0
1549046777 0
1549046778 0
1549046779 0
1549046780 0
1549046781 0
1549046782 0
1549046783 0
1549046784 0
1549046785 0
1549046786 0
1549046787 0
1549046788 0
1549046789 0
1549046790 0
1549046791 0
1549046792 0
1549046793 0
1549046794 0
1549046795 0
1549046796 0
1549046797 0
1549046798 0
1549046799 0
1549046800 0
1549046801 0
1549046802 0
1549046803 0
1549046804 0
1549046805 0
1549046806 0
1549046807 0
1549046808 0
1549046809 0
1549046810 0
1549046811 0
1549046812 0
1549046813 0
1549046814 0
1549046815 0
1549046816 0
1549046817 0
1549046818 0
1549046819 0
1549046820 0
1549046821 0
1549046822 0
1549046823 0
1549046824 0
1549046825 0
1549046826 0
1549046827 0
1549046828 0
1549046829 0
1549046830 0
1549046831 0
1549046832 0
1549046833 0
1549046834 0
1549046835 0
1549046836 0
1549046837 0
1549046838 0
1549046839 0
1549046840 0
1549046841 0
1549046842 0
1549046843 0
1549046844 0
1549046845 0
1549046846 0
1549046847 0
1549046848 0
1549046849 0
1549046850 0
1549046851 0
1549046852 0
1549046853 0
1549046854 0
1549046855 0
1549046856 0
1549046857 0
1549046858 0
1549046859 0
1549046860 0
1549046861 0
1549046862 0
1549046863 0
1549046864 0
1549046865 0
1549046866 0
1549046867 0
1549046868 0
1549046869 0
1549046870 0
1549046871 0
1549046872 0
1549046873 0
1549046874 0
1549046875 0
1549046876 0
1549046877 0
1549046878 0
1549046879 0
1549046880 0
1549046881 0
1549046882 0
1549046883 0
1549046884 0
1549046885 0
1549046886 0
1549046887 0
1549046888 0
1549046889 0
1549046890 0
1549046891 0
1549046892 0
1549046893 0
1549046894 0
1549046895 0
1549046896 0
1549046897 0
1549046898 0
1549046899 0
1549046900 0
1549046901 0
1549046902 0
1549046903 0
1549046904 0
1549046905 0
1549046906 0
1549046907 0
1549046908 0
1549046909 0
1549046910 0
1549046911 0
1549046912 0
1549046913 0
1549046914 0
1549046915 0
1549046916 0
1549046917 0
1549046918 0
1549046919 0
1549046920 0
1549046921 0
1549046922 0
1549046923 0
1549046924 0
1549046925 0
1549046926 0
1549046927 0
1549046928 0
1549046929 0
1549046930 0
1549046931 0
1549046932 0
1549046933 0
1549046934 0
1549046935 0
1549046936 0
1549046937 0
1549046938 0
1549046939 0
1549046940 0
1549046941 0
1549046942 0
1549046943 0
1549046944 0
1549046945 0
1549046946 0
1549046947 0
1549046948 0
1549046949 0
1549046950 0
1549046951 0
1549046952 0
1549046953 0
1549046954 0
1549046955 0
1549046956 0
1549046957 0
1549046958 0
1549046959 0
1549046960 0
1549046961 0
1549046962 0
1549046963 0
1549046964 0
1549046965 0
1549046966 0
1549046967 0
1549046968 0
1549046969 0
1549046970 0
1549046971 0
1549046972 0
1549046973 0
1549046974 0
1549046975 0
1549046976 0
1549046977 0
1549046978 0
1549046979 0
1549046980 0
1549046981 0
1549046982 0
1549046983 0
1549046984 0
1549046985 0
1549046986 0
1549046987 0
1549046988 0
1549046989 0
1549046990 0
1549046991 0
1549046992 0
1549046993 0
1549046994 0
1549046995 0
1549046996 0
1549046997 0
1549046998 0
1549046999 0
1549047000 0
1549047001 0
1549047002 0
1549047003 0
1549047004 0
1549047005 0
1549047006 0
1549047007 0
1549047008 0
1549047009 0
1549047010 0
1549047011 0
1549047012 0
1549047013 0
1549047014 0
1549047015 0
1549047016 0
1549047017 0
1549047018 0
1549047019 0
1549047020 0
1549047021 0
1549047022 0
1549047023 0
1549047024 0
1549047025 0
1549047026 0
1549047027 0
1549047028 0
1549047029 0
1549047030 0
1549047031 0
1549047032 0
1549047033 0
1549047034 0
1549047035 0
1549047036 0
1549047037 0
1549047038 0
1549047039 0
1549047040 0
1549047041 0
1549047042 0
1549047043 0
1549047044 0
1549047045 0
1549047046 0
1549047047 0
1549047048 0
1549047049 0
1549047050 0
1549047051 0
1549047052 0
1549047053 0
1549047054 0
1549047055 0
1549047056 0
1549047057 0
1549047058 0
1549047059 0
1549047060 0
1549047061 0
1549047062 0
1549047063 0
1549047064 0
1549047065 0
1549047066 0
1549047067 0
1549047068 0
1549047069 0
1549047070 0
1549047071 0
1549047072 0
1549047073 0
1549047074 0
1549047075 0
1549047076 0
1549047077 0
1549047078 0
1549047079 0
1549047080 0
1549047081 0
1549047082 0
1549047083 0
1549047084 0
1549047085 0
1549047086 0
1549047087 0
1549047088 0
1549047089 0
1549047090 0
1549047091 0
1549047092 0
1549047093 0
1549047094 0
1549047095 0
1549047096 0
1549047097 0
1549047098 0
1549047099 0
1549047100 0
1549047101 0
1549047102 0
1549047103 0
1549047104 0
1549047105 0
1549047106 0
1549047107 0
1549047108 0
1549047109 0
1549047110 0
1549047111 0
1549047112 0
1549047113 0
1549047114 0
1549047115 0
1549047116 0
1549047117 0
1549047118 0
1549047119 0
1549047120 0
1549047121 0
1549047122 0
1549047123 0
1549047124 0
1549047125 0
1549047126 0
1549047127 0
1549047128 0
1549047129 0
1549047130 0
1549047131 0
1549047132 0
1549047133 0
1549047134 0
1549047135 0
1549047136 0
1549047137 0
1549047138 0
1549047139 0
1549047140 0
1549047141 0
1549047142 0
1549047143 0
1549047144 0
1549047145 0
1549047146 0
1549047147 0
1549047148 0
1549047149 0
1549047150 0
1549047151 0
1549047152 0
1549047153 0
1549047154 0
1549047155 0
1549047156 0
1549047157 0
1549047158 0
1549047159 0
1549047160 0
1549047161 0
1549047162 0
1549047163 0
1549047164 0
1549047165 0
1549047166 0
1549047167 0
1549047168 0
1549047169 0
1549047170 0
1549047171 0
1549047172 0
1549047173 0
1549047174 0
1549047175 0
1549047176 0
1549047177 0
1549047178 0
1549047179 0
1549047180 0
1549047181 0
1549047182 0
1549047183 0
1549047184 0
1549047185 0
1549047186 0
1549047187 0
1549047188 0
1549047189 0
1549047190 0
1549047191 0
1549047192 0
1549047193 0
1549047194 0
1549047195 0
1549047196 0
1549047197 0
1549047198 0
1549047199 0
1549047200 0
1549047201 0
1549047202 0
1549047203 0
1549047204 0
1549047205 0
1549047206 0
1549047207 0
1549047208 0
1549047209 0
1549047210 0
1549047211 0
1549047212 0
1549047213 0
1549047214 0
1549047215 0
1549047216 0
1549047217 0
1549047218 0
1549047219 0
1549047220 0
1549047221 0
1549047222 0
1549047223 0
1549047224 0
1549047225 0
1549047226 0
1549047227 0
1549047228 0
1549047229 0
1549047230 0
1549047231 0
1549047232 0
1549047233 0
1549047234 0
1549047235 0
1549047236 0
1549047237 0
1549047238 0
1549047239 0
1549047240 0
1549047241 0
1549047242 0
1549047243 0
1549047244 0
1549047245 0
1549047246 0
1549047247 0
1549047248 0
1549047249 0
1549047250 0
1549047251 0
1549047252 0
1549047253 0
1549047254 0
1549047255 0
1549047256 0
1549047257 0
1549047258 0
1549047259 0
1549047260 0
1549047261 0
1549047262 0
1549047263 0
1549047264 0
1549047265 0
1549047266 0
1549047267 0
1549047268 0
1549047269 0
1549047270 0
1549047271 0
1549047272 0
1549047273 0
1549047274 0
1549047275 0
1549047276 0
1549047277 0
1549047278 0
1549047279 0
1549047280 0
1549047281 0
1549047282 0
1549047283 0
1549047284 0
1549047285 0
1549047286 0
1549047287 0
1549047288 0
1549047289 0
1549047290 0
1549047291 0
1549047292 0
1549047293 0
1549047294 0
1549047295 0
1549047296 0
1549047297 0
1549047298 0
1549047299 0
1549047300 0
1549047301 0
1549047302 0
1549047303 0
1549047304 0
1549047305 0
1549047306 0
1549047307 0
1549047308 0
1549047309 0
1549047310 0
1549047311 0
1549047312 0
1549047313 0
1549047314 0
1549047315 0
1549047316 0
1549047317 0
1549047318 0
1549047319 0
1549047320 0
1549047321 0
1549047322 0
1549047323 0
1549047324 0
1549047325 0
1549047326 0
1549047327 0
1549047328 0
1549047329 0
1549047330 0
1549047331 0
1549047332 0
1549047333 0
1549047334 0
1549047335 0
1549047336 0
1549047337 0
1549047338 0
1549047339 0
1549047340 0
1549047341 0
1549047342 0
1549047343 0
1549047344 0
1549047345 0
1549047346 0
1549047347 0
1549047348 0
1549047349 0
1549047350 0
1549047351 0
1549047352 0
1549047353 0
1549047354 0
1549047355 0
1549047356 0
1549047357 0
1549047358 0
1549047359 0
1549047360 0
1549047361 0
1549047362 0
1549047363 0
1549047364 0
1549047365 0
1549047366 0
1549047367 0
1549047368 0
1549047369 0
1549047370 0
1549047371 0
1549047372 0
1549047373 0
1549047374 0
1549047375 0
1549047376 0
1549047377 0
1549047378 0
1549047379 0
1549047380 0
1549047381 0
1549047382 0
1549047383 0
1549047384 0
1549047385 0
1549047386 0
1549047387 0
1549047388 0
1549047389 0
1549047390 0
1549047391 0
1549047392 0
1549047393 0
1549047394 0
1549047395 0
1549047396 0
1549047397 0
1549047398 0
1549047399 0
1549047400 0
1549047401 0
1549047402 0
1549047403 0
1549047404 0
1549047405 0
1549047406 0
1549047407 0
1549047408 0
1549047409 0
1549047410 0
1549047411 0
1549047412 0
1549047413 0
1549047414 0
1549047415 0
1549047416 0
1549047417 0
1549047418 0
1549047419 0
1549047420 0
1549047421 0
1549047422 0
1549047423 0
1549047424 0
1549047425 0
1549047426 0
1549047427 0
1549047428 0
1549047429 0
1549047430 0
1549047431 0
1549047432 0
1549047433 0
1549047434 0
1549047435 0
1549047436 0
1549047437 0
1549047438 0
1549047439 0
1549047440 0
1549047441 0
1549047442 0
1549047443 0
1549047444 0
1549047445 0
1549047446 0
1549047447 0
1549047448 0
1549047449 0
1549047450 0
1549047451 0
1549047452 0
1549047453 0
1549047454 0
1549047455 0
1549047456 0
1549047457 0
1549047458 0
1549047459 0
1549047460 0
1549047461 0
1549047462 0
1549047463 0
1549047464 0
1549047465 0
1549047466 0
1549047467 0
1549047468 0
1549047469 0
1549047470 0
1549047471 0
1549047472 0
1549047473 0
1549047474 0
1549047475 0
1549047476 0
1549047477 0
1549047478 0
1549047479 0
1549047480 0
1549047481 0
1549047482 0
1549047483 0
1549047484 0
1549047485 0
1549047486 0
1549047487 0
1549047488 0
1549047489 0
1549047490 0
1549047491 0
1549047492 0
1549047493 0
1549047494 0
1549047495 0
1549047496 0
1549047497 0
1549047498 0
1549047499 0
1549047500 0
1549047501 0
1549047502 0
1549047503 0
1549047504 0
1549047505 0
1549047506 0
1549047507 0
1549047508 0
1549047509 0
1549047510 0
1549047511 0
1549047512 0
1549047513 0
1549047514 0
1549047515 0
1549047516 0
1549047517 0
1549047518 0
1549047519 0
1549047520 0
1549047521 0
1549047522 0
1549047523 0
1549047524 0
1549047525 0
1549047526 0
1549047527 0
1549047528 0
1549047529 0
1549047530 0
1549047531 0
1549047532 0
1549047533 0
1549047534 0
1549047535 0
1549047536 0
1549047537 0
1549047538 0
1549047539 0
1549047540 0
1549047541 0
1549047542 0
1549047543 0
1549047544 0
1549047545 0
1549047546 0
1549047547 0
1549047548 0
1549047549 0
1549047550 0
1549047551 0
1549047552 0
1549047553 0
1549047554 0
1549047555 0
1549047556 0
1549047557 0
1549047558 0
1549047559 0
1549047560 0
1549047561 0
1549047562 0
1549047563 0
1549047564 0
1549047565 0
1549047566 0
1549047567 0
1549047568 0
1549047569 0
1549047570 0
1549047571 0
1549047572 0
1549047573 0
1549047574 0
1549047575 0
1549047576 0
1549047577 0
1549047578 0
1549047579 0
1549047580 0
1549047581 0
1549047582 0
1549047583 0
1549047584 0
1549047585 0
1549047586 0
1549047587 0
1549047588 0
1549047589 0
1549047590 0
1549047591 0
1549047592 0
1549047593 0
1549047594 0
1549047595 0
1549047596 0
1549047597 0
1549047598 0
1549047599 0
1549047600 0
1549047601 0
1549047602 0
1549047603 0
1549047604 0
1549047605 0
1549047606 0
1549047607 0
1549047608 0
1549047609 0
1549047610 0
1549047611 0
1549047612 0
1549047613 0
1549047614 0
1549047615 0
1549047616 0
1549047617 0
1549047618 0
1549047619 0
1549047620 0
1549047621 0
1549047622 0
1549047623 0
1549047624 0
1549047625 0
1549047626 0
1549047627 0
1549047628 0
1549047629 0
1549047630 0
1549047631 0
1549047632 0
1549047633 0
1549047634 0
1549047635 0
1549047636 0
1549047637 0
1549047638 0
1549047639 0
1549047640 0
1549047641 0
1549047642 0
1549047643 0
1549047644 0
1549047645 0
1549047646 0
1549047647 0
1549047648 0
1549047649 0
1549047650 0
1549047651 0
1549047652 0
1549047653 0
1549047654 0
1549047655 0
1549047656 0
1549047657 0
1549047658 0
1549047659 0
1549047660 0
1549047661 0
1549047662 0
1549047663 0
1549047664 0
1549047665 0
1549047666 0
1549047667 0
1549047668 0
1549047669 0
1549047670 0
1549047671 0
1549047672 0
1549047673 0
1549047674 0
1549047675 0
1549047676 0
1549047677 0
1549047678 0
1549047679 0
1549047680 0
1549047681 0
1549047682 0
1549047683 0
1549047684 0
1549047685 0
1549047686 0
1549047687 0
1549047688 0
1549047689 0
1549047690 0
1549047691 0
1549047692 0
1549047693 0
1549047694 0
1549047695 0
1549047696 0
1549047697 0
1549047698 0
1549047699 0
1549047700 0
1549047701 0
1549047702 0
1549047703 0
1549047704 0
1549047705 0
1549047706 0
1549047707 0
1549047708 0
1549047709 0
1549047710 0
1549047711 0
1549047712 0
1549047713 0
1549047714 0
1549047715 0
1549047716 0
1549047717 0
1549047718 0
1549047719 0
1549047720 0
1549047721 0
1549047722 0
1549047723 0
1549047724 0
1549047725 0
1549047726 0
1549047727 0
1549047728 0
1549047729 0
1549047730 0
1549047731 0
1549047732 0
1549047733 0
1549047734 0
1549047735 0
1549047736 0
1549047737 0
1549047738 0
1549047739 0
1549047740 0
1549047741 0
1549047742 0
1549047743 0
1549047744 0
1549047745 0
1549047746 0
1549047747 0
1549047748 0
1549047749 0
1549047750 0
1549047751 0
1549047752 0
1549047753 0
1549047754 0
1549047755 0
1549047756 0
1549047757 0
1549047758 0
1549047759 0
1549047760 0
1549047761 0
1549047762 0
1549047763 0
1549047764 0
1549047765 0
1549047766 0
1549047767 0
1549047768 0
1549047769 0
1549047770 0
1549047771 0
1549047772 0
1549047773 0
1549047774 0
1549047775 0
1549047776 0
1549047777 0
1549047778 0
1549047779 0
1549047780 0
1549047781 0
1549047782 0
1549047783 0
1549047784 0
1549047785 0
1549047786 0
1549047787 0
1549047788 0
1549047789 0
1549047790 0
1549047791 0
1549047792 0
1549047793 0
1549047794 0
1549047795 0
1549047796 0
1549047797 0
1549047798 0
1549047799 0
1549047800 0
1549047801 0
1549047802 0
1549047803 0
1549047804 0
1549047805 0
1549047806 0
1549047807 0
1549047808 0
1549047809 0
1549047810 0
1549047811 0
1549047812 0
1549047813 0
1549047814 0
1549047815 0
1549047816 0
1549047817 0
1549047818 0
1549047819 0
1549047820 0
1549047821 0
1549047822 0
1549047823 0
1549047824 0
1549047825 0
1549047826 0
1549047827 0
1549047828 0
1549047829 0
1549047830 0
1549047831 0
1549047832 0
1549047833 0
1549047834 0
1549047835 0
1549047836 0
1549047837 0
1549047838 0
1549047839 0
1549047840 0
1549047841 0
1549047842 0
1549047843 0
1549047844 0
1549047845 0
1549047846 0
1549047847 0
1549047848 0
1549047849 0
1549047850 0
1549047851 0
1549047852 0
1549047853 0
1549047854 0
1549047855 0
1549047856 0
1549047857 0
1549047858 0
1549047859 0
1549047860 0
1549047861 0
1549047862 0
1549047863 0
1549047864 0
1549047865 0
1549047866 0
1549047867 0
1549047868 0
1549047869 0
1549047870 0
1549047871 0
1549047872 0
1549047873 0
1549047874 0
1549047875 0
1549047876 0
1549047877 0
1549047878 0
1549047879 0
1549047880 0
1549047881 0
1549047882 0
1549047883 0
1549047884 0
1549047885 0
1549047886 0
1549047887 0
1549047888 0
1549047889 0
1549047890 0
1549047891 0
1549047892 0
1549047893 0
1549047894 0
1549047895 0
1549047896 0
1549047897 0
1549047898 0
1549047899 0
1549047900 0
1549047901 0
1549047902 0
1549047903 0
1549047904 0
1549047905 0
1549047906 0
1549047907 0
1549047908 0
1549047909 0
1549047910 0
1549047911 0
1549047912 0
1549047913 0
1549047914 0
1549047915 0
1549047916 0
1549047917 0
1549047918 0
1549047919 0
1549047920 0
1549047921 0
1549047922 0
1549047923 0
1549047924 0
1549047925 0
1549047926 0
1549047927 0
1549047928 0
1549047929 0
1549047930 0
1549047931 0
1549047932 0
1549047933 0
1549047934 0
1549047935 0
1549047936 0
1549047937 0
1549047938 0
1549047939 0
1549047940 0
1549047941 0
1549047942 0
1549047943 0
1549047944 0
1549047945 0
1549047946 0
1549047947 0
1549047948 0
1549047949 0
1549047950 0
1549047951 0
1549047952 0
1549047953 0
1549047954 0
1549047955 0
1549047956 0
1549047957 0
1549047958 0
1549047959 0
1549047960 0
1549047961 0
1549047962 0
1549047963 0
1549047964 0
1549047965 0
1549047966 0
1549047967 0
1549047968 0
1549047969 0
1549047970 0
1549047971 0
1549047972 0
1549047973 0
1549047974 0
1549047975 0
1549047976 0
1549047977 0
1549047978 0
1549047979 0
1549047980 0
1549047981 0
1549047982 0
1549047983 0
1549047984 0
1549047985 0
1549047986 0
1549047987 0
1549047988 0
1549047989 0
1549047990 0
1549047991 0
1549047992 0
1549047993 0
1549047994 0
1549047995 0
1549047996 0
1549047997 0
1549047998 0
1549047999 0
1549048000 0
1549048001 0
1549048002 0
1549048003 0
1549048004 0
1549048005 0
1549048006 0
1549048007 0
1549048008 0
1549048009 0
1549048010 0
1549048011 0
1549048012 0
1549048013 0
1549048014 0
1549048015 0
1549048016 0
1549048017 0
1549048018 0
1549048019 0
1549048020 0
1549048021 0
1549048022 0
1549048023 0
1549048024 0
1549048025 0
1549048026 0
1549048027 0
1549048028 0
1549048029 0
1549048030 0
1549048031 0
1549048032 0
1549048033 0
1549048034 0
1549048035 0
1549048036 0
1549048037 0
1549048038 0
1549048039 0
1549048040 0
1549048041 0
1549048042 0
1549048043 0
1549048044 0
1549048045 0
1549048046 0
1549048047 0
1549048048 0
1549048049 0
1549048050 0
1549048051 0
1549048052 0
1549048053 0
1549048054 0
1549048055 0
1549048056 0
1549048057 0
1549048058 0
1549048059 0
1549048060 0
1549048061 0
1549048062 0
1549048063 0
1549048064 0
1549048065 0
1549048066 0
1549048067 0
1549048068 0
1549048069 0
1549048070 0
1549048071 0
1549048072 0
1549048073 0
1549048074 0
1549048075 0
1549048076 0
1549048077 0
1549048078 0
1549048079 0
1549048080 0
1549048081 0
1549048082 0
1549048083 0
1549048084 0
1549048085 0
1549048086 0
1549048087 0
1549048088 0
1549048089 0
1549048090 0
1549048091 0
1549048092 0
1549048093 0
1549048094 0
1549048095 0
1549048096 0
1549048097 0
1549048098 0
1549048099 0
1549048100 0
1549048101 0
1549048102 0
1549048103 0
1549048104 0
1549048105 0
1549048106 0
1549048107 0
1549048108 0
1549048109 0
1549048110 0
1549048111 0
1549048112 0
1549048113 0
1549048114 0
1549048115 0
1549048116 0
1549048117 0
1549048118 0
1549048119 0
1549048120 0
1549048121 0
1549048122 0
1549048123 0
1549048124 0
1549048125 0
1549048126 0
1549048127 0
1549048128 0
1549048129 0
1549048130 0
1549048131 0
1549048132 0
1549048133 0
1549048134 0
1549048135 0
1549048136 0
1549048137 0
1549048138 0
1549048139 0
1549048140 0
1549048141 0
1549048142 0
1549048143 0
1549048144 0
1549048145 0
1549048146 0
1549048147 0
1549048148 0
1549048149 0
1549048150 0
1549048151 0
1549048152 0
1549048153 0
1549048154 0
1549048155 0
1549048156 0
1549048157 0
1549048158 0
1549048159 0
1549048160 0
1549048161 0
1549048162 0
1549048163 0
1549048164 0
1549048165 0
1549048166 0
1549048167 0
1549048168 0
1549048169 0
1549048170 0
1549048171 0
1549048172 0
1549048173 0
1549048174 0
1549048175 0
1549048176 0
1549048177 0
1549048178 0
1549048179 0
1549048180 0
1549048181 0
1549048182 0
1549048183 0
1549048184 0
1549048185 0
1549048186 0
1549048187 0
1549048188 0
1549048189 0
1549048190 0
1549048191 0
1549048192 0
1549048193 0
1549048194 0
1549048195 0
1549048196 0
1549048197 0
1549048198 0
1549048199 0
1549048200 0
1549048201 0
1549048202 0
1549048203 0
1549048204 0
1549048205 0
1549048206 0
1549048207 0
1549048208 0
1549048209 0
1549048210 0
1549048211 0
1549048212 0
1549048213 0
1549048214 0
1549048215 0
1549048216 0
1549048217 0
1549048218 0
1549048219 0
1549048220 0
1549048221 0
1549048222 0
1549048223 0
1549048224 0
1549048225 0
1549048226 0
1549048227 0
1549048228 0
1549048229 0
1549048230 0
1549048231 0
1549048232 0
1549048233 0
1549048234 0
1549048235 0
1549048236 0
1549048237 0
1549048238 0
1549048239 0
1549048240 0
1549048241 0
1549048242 0
1549048243 0
1549048244 0
1549048245 0
1549048246 0
1549048247 0
1549048248 0
1549048249 0
1549048250 0
1549048251 0
1549048252 0
1549048253 0
1549048254 0
1549048255 0
1549048256 0
1549048257 0
1549048258 0
1549048259 0
1549048260 0
1549048261 0
1549048262 0
1549048263 0
1549048264 0
1549048265 0
1549048266 0
1549048267 0
1549048268 0
1549048269 0
1549048270 0
1549048271 0
1549048272 0
1549048273 0
1549048274 0
1549048275 0
1549048276 0
1549048277 0
1549048278 0
1549048279 0
1549048280 0
1549048281 0
1549048282 0
1549048283 0
1549048284 0
1549048285 0
1549048286 0
1549048287 0
1549048288 0
1549048289 0
1549048290 0
1549048291 0
1549048292 0
1549048293 0
1549048294 0
1549048295 0
1549048296 0
1549048297 0
1549048298 0
1549048299 0
1549048300 0
1549048301 0
1549048302 0
1549048303 0
1549048304 0
1549048305 0
1549048306 0
1549048307 0
1549048308 0
1549048309 0
1549048310 0
1549048311 0
1549048312 0
1549048313 0
1549048314 0
1549048315 0
1549048316 0
1549048317 0
1549048318 0
1549048319 0
1549048320 0
1549048321 0
1549048322 0
1549048323 0
1549048324 0
1549048325 0
1549048326 0
1549048327 0
1549048328 0
1549048329 0
1549048330 0
1549048331 0
1549048332 0
1549048333 0
1549048334 0
1549048335 0
1549048336 0
1549048337 0
1549048338 0
1549048339 0
1549048340 0
1549048341 0
1549048342 0
1549048343 0
1549048344 0
1549048345 0
1549048346 0
1549048347 0
1549048348 0
1549048349 0
1549048350 0
1549048351 0
1549048352 0
1549048353 0
1549048354 0
1549048355 0
1549048356 0
1549048357 0
1549048358 0
1549048359 0
1549048360 0
1549048361 0
1549048362 0
1549048363 0
1549048364 0
1549048365 0
1549048366 0
1549048367 0
1549048368 0
1549048369 0
1549048370 0
1549048371 0
1549048372 0
1549048373 0
1549048374 0
1549048375 0
1549048376 0
1549048377 0
1549048378 0
1549048379 0
1549048380 0
1549048381 0
1549048382 0
1549048383 0
1549048384 0
1549048385 0
1549048386 0
1549048387 0
1549048388 0
1549048389 0
1549048390 0
1549048391 0
1549048392 0
1549048393 0
1549048394 0
1549048395 0
1549048396 0
1549048397 0
1549048398 0
1549048399 0
1549048400 0
1549048401 0
1549048402 0
1549048403 0
1549048404 0
1549048405 0
1549048406 0
1549048407 0
1549048408 0
1549048409 0
1549048410 0
1549048411 0
1549048412 0
1549048413 0
1549048414 0
1549048415 0
1549048416 0
1549048417 0
1549048418 0
1549048419 0
1549048420 0
1549048421 0
1549048422 0
1549048423 0
1549048424 0
1549048425 0
1549048426 0
1549048427 0
1549048428 0
1549048429 0
1549048430 0
1549048431 0
1549048432 0
1549048433 0
1549048434 0
1549048435 0
1549048436 0
1549048437 0
1549048438 0
1549048439 0
1549048440 0
1549048441 0
1549048442 0
1549048443 0
1549048444 0
1549048445 0
1549048446 0
1549048447 0
1549048448 0
1549048449 0
1549048450 0
1549048451 0
1549048452 0
1549048453 0
1549048454 0
1549048455 0
1549048456 0
1549048457 0
1549048458 0
1549048459 0
1549048460 0
1549048461 0
1549048462 0
1549048463 0
1549048464 0
1549048465 0
1549048466 0
1549048467 0
1549048468 0
1549048469 0
1549048470 0
1549048471 0
1549048472 0
1549048473 0
1549048474 0
1549048475 0
1549048476 0
1549048477 0
1549048478 0
1549048479 0
1549048480 0
1549048481 0
1549048482 0
1549048483 0
1549048484 0
1549048485 0
1549048486 0
1549048487 0
1549048488 0
1549048489 0
1549048490 0
1549048491 0
1549048492 0
1549048493 0
1549048494 0
1549048495 0
1549048496 0
1549048497 0
1549048498 0
1549048499 0
1549048500 0
1549048501 0
1549048502 0
1549048503 0
1549048504 0
1549048505 0
1549048506 0
1549048507 0
1549048508 0
1549048509 0
1549048510 0
1549048511 0
1549048512 0
1549048513 0
1549048514 0
1549048515 0
1549048516 0
1549048517 0
1549048518 0
1549048519 0
1549048520 0
1549048521 0
1549048522 0
1549048523 0
1549048524 0
1549048525 0
1549048526 0
1549048527 0
1549048528 0
1549048529 0
1549048530 0
1549048531 0
1549048532 0
1549048533 0
1549048534 0
1549048535 0
1549048536 0
1549048537 0
1549048538 0
1549048539 0
1549048540 0
1549048541 0
1549048542 0
1549048543 0
1549048544 0
1549048545 0
1549048546 0
1549048547 0
1549048548 0
1549048549 0
1549048550 0
1549048551 0
1549048552 0
1549048553 0
1549048554 0
1549048555 0
1549048556 0
1549048557 0
1549048558 0
1549048559 0
1549048560 0
1549048561 0
1549048562 0
1549048563 0
1549048564 0
1549048565 0
1549048566 0
1549048567 0
1549048568 0
1549048569 0
1549048570 0
1549048571 0
1549048572 0
1549048573 0
1549048574 0
1549048575 0
1549048576 0
1549048577 0
1549048578 0
1549048579 0
1549048580 0
1549048581 0
1549048582 0
1549048583 0
1549048584 0
1549048585 0
1549048586 0
1549048587 0
1549048588 0
1549048589 0
1549048590 0
1549048591 0
1549048592 0
1549048593 0
1549048594 0
1549048595 0
1549048596 0
1549048597 0
1549048598 0
1549048599 0
1549048600 0
1549048601 0
1549048602 0
1549048603 0
1549048604 0
1549048605 0
1549048606 0
1549048607 0
1549048608 0
1549048609 0
1549048610 0
1549048611 0
1549048612 0
1549048613 0
1549048614 0
1549048615 0
1549048616 0
1549048617 0
1549048618 0
1549048619 0
1549048620 0
1549048621 0
1549048622 0
1549048623 0
1549048624 0
1549048625 0
1549048626 0
1549048627 0
1549048628 0
1549048629 0
1549048630 0
1549048631 0
1549048632 0
1549048633 0
1549048634 0
1549048635 0
1549048636 0
1549048637 0
1549048638 0
1549048639 0
1549048640 0
1549048641 0
1549048642 0
1549048643 0
1549048644 0
1549048645 0
1549048646 0
1549048647 0
1549048648 0
1549048649 0
1549048650 0
1549048651 0
1549048652 0
1549048653 0
1549048654 0
1549048655 0
1549048656 0
1549048657 0
1549048658 0
1549048659 0
1549048660 0
1549048661 0
1549048662 0
1549048663 0
1549048664 0
1549048665 0
1549048666 0
1549048667 0
1549048668 0
1549048669 0
1549048670 0
1549048671 0
1549048672 0
1549048673 0
1549048674 0
1549048675 0
1549048676 0
1549048677 0
1549048678 0
1549048679 0
1549048680 0
1549048681 0
1549048682 0
1549048683 0
1549048684 0
1549048685 0
1549048686 0
1549048687 0
1549048688 0
1549048689 0
1549048690 0
1549048691 0
1549048692 0
1549048693 0
1549048694 0
1549048695 0
1549048696 0
1549048697 0
1549048698 0
1549048699 0
1549048700 0
1549048701 0
1549048702 0
1549048703 0
1549048704 0
1549048705 0
1549048706 0
1549048707 0
1549048708 0
1549048709 0
1549048710 0
1549048711 0
1549048712 0
1549048713 0
1549048714 0
1549048715 0
1549048716 0
1549048717 0
1549048718 0
1549048719 0
1549048720 0
1549048721 0
1549048722 0
1549048723 0
1549048724 0
1549048725 0
1549048726 0
1549048727 0
1549048728 0
1549048729 0
1549048730 0
1549048731 0
1549048732 0
1549048733 0
1549048734 0
1549048735 0
1549048736 0
1549048737 0
1549048738 0
1549048739 0
1549048740 0
1549048741 0
1549048742 0
1549048743 0
1549048744 0
1549048745 0
1549048746 0
1549048747 0
1549048748 0
1549048749 0
1549048750 0
1549048751 0
1549048752 0
1549048753 0
1549048754 0
1549048755 0
1549048756 0
1549048757 0
1549048758 0
1549048759 0
1549048760 0
1549048761 0
1549048762 0
1549048763 0
1549048764 0
1549048765 0
1549048766 0
1549048767 0
1549048768 0
1549048769 0
1549048770 0
1549048771 0
1549048772 0
1549048773 0
1549048774 0
1549048775 0
1549048776 0
1549048777 0
1549048778 0
1549048779 0
1549048780 0
1549048781 0
1549048782 0
1549048783 0
1549048784 0
1549048785 0
1549048786 0
1549048787 0
1549048788 0
1549048789 0
1549048790 0
1549048791 0
1549048792 0
1549048793 0
1549048794 0
1549048795 0
1549048796 0
1549048797 0
1549048798 0
1549048799 0
1549048800 0
1549048801 0
1549048802 0
1549048803 0
1549048804 0
1549048805 0
1549048806 0
1549048807 0
1549048808 0
1549048809 0
1549048810 0
1549048811 0
1549048812 0
1549048813 0
1549048814 0
1549048815 0
1549048816 0
1549048817 0
1549048818 0
1549048819 0
1549048820 0
1549048821 0
1549048822 0
1549048823 0
1549048824 0
1549048825 0
1549048826 0
1549048827 0
1549048828 0
1549048829 0
1549048830 0
1549048831 0
1549048832 0
1549048833 0
1549048834 0
1549048835 0
1549048836 0
1549048837 0
1549048838 0
1549048839 0
1549048840 0
1549048841 0
1549048842 0
1549048843 0
1549048844 0
1549048845 0
1549048846 0
1549048847 0
1549048848 0
1549048849 0
1549048850 0
1549048851 0
1549048852 0
1549048853 0
1549048854 0
1549048855 0
1549048856 0
1549048857 0
1549048858 0
1549048859 0
1549048860 0
1549048861 0
1549048862 0
1549048863 0
1549048864 0
1549048865 0
1549048866 0
1549048867 0
1549048868 0
1549048869 0
1549048870 0
1549048871 0
1549048872 0
1549048873 0
1549048874 0
1549048875 0
1549048876 0
1549048877 0
1549048878 0
1549048879 0
1549048880 0
1549048881 0
1549048882 0
1549048883 0
1549048884 0
1549048885 0
1549048886 0
1549048887 0
1549048888 0
1549048889 0
1549048890 0
1549048891 0
1549048892 0
1549048893 0
1549048894 0
1549048895 0
1549048896 0
1549048897 0
1549048898 0
1549048899 0
1549048900 0
1549048901 0
1549048902 0
1549048903 0
1549048904 0
1549048905 0
1549048906 0
1549048907 0
1549048908 0
1549048909 0
1549048910 0
1549048911 0
1549048912 0
1549048913 0
1549048914 0
1549048915 0
1549048916 0
1549048917 0
1549048918 0
1549048919 0
1549048920 0
1549048921 0
1549048922 0
1549048923 0
1549048924 0
1549048925 0
1549048926 0
1549048927 0
1549048928 0
1549048929 0
1549048930 0
1549048931 0
1549048932 0
1549048933 0
1549048934 0
1549048935 0
1549048936 0
1549048937 0
1549048938 0
1549048939 0
1549048940 0
1549048941 0
1549048942 0
1549048943 0
1549048944 0
1549048945 0
1549048946 0
1549048947 0
1549048948 0
1549048949 0
1549048950 0
1549048951 0
1549048952 0
1549048953 0
1549048954 0
1549048955 0
1549048956 0
1549048957 0
1549048958 0
1549048959 0
1549048960 0
1549048961 0
1549048962 0
1549048963 0
1549048964 0
1549048965 0
1549048966 0
1549048967 0
1549048968 0
1549048969 0
1549048970 0
1549048971 0
1549048972 0
1549048973 0
1549048974 0
1549048975 0
1549048976 0
1549048977 0
1549048978 0
1549048979 0
1549048980 0
1549048981 0
1549048982 0
1549048983 0
1549048984 0
1549048985 0
1549048986 0
1549048987 0
1549048988 0
1549048989 0
1549048990 0
1549048991 0
1549048992 0
1549048993 0
1549048994 0
1549048995 0
1549048996 0
1549048997 0
1549048998 0
1549048999 0
1549049000 0
1549049001 0
1549049002 0
1549049003 0
1549049004 0
1549049005 0
1549049006 0
1549049007 0
1549049008 0
1549049009 0
1549049010 0
1549049011 0
1549049012 0
1549049013 0
1549049014 0
1549049015 0
1549049016 0
1549049017 0
1549049018 0
1549049019 0
1549049020 0
1549049021 0
1549049022 0
1549049023 0
1549049024 0
1549049025 0
1549049026 0
1549049027 0
1549049028 0
1549049029 0
1549049030 0
1549049031 0
1549049032 0
1549049033 0
1549049034 0
1549049035 0
1549049036 0
1549049037 0
1549049038 0
1549049039 0
1549049040 0
1549049041 0
1549049042 0
1549049043 0
1549049044 0
1549049045 0
1549049046 0
1549049047 0
1549049048 0
1549049049 0
1549049050 0
1549049051 0
1549049052 0
1549049053 0
1549049054 0
1549049055 0
1549049056 0
1549049057 0
1549049058 0
1549049059 0
1549049060 0
1549049061 0
1549049062 0
1549049063 0
1549049064 0
1549049065 0
1549049066 0
1549049067 0
1549049068 0
1549049069 0
1549049070 0
1549049071 0
1549049072 0
1549049073 0
1549049074 0
1549049075 0
1549049076 0
1549049077 0
1549049078 0
1549049079 0
1549049080 0
1549049081 0
1549049082 0
1549049083 0
1549049084 0
1549049085 0
1549049086 0
1549049087 0
1549049088 0
1549049089 0
1549049090 0
1549049091 0
1549049092 0
1549049093 0
1549049094 0
1549049095 0
1549049096 0
1549049097 0
1549049098 0
1549049099 0
1549049100 0
1549049101 0
1549049102 0
1549049103 0
1549049104 0
1549049105 0
1549049106 0
1549049107 0
1549049108 0
1549049109 0
1549049110 0
1549049111 0
1549049112 0
1549049113 0
1549049114 0
1549049115 0
1549049116 0
1549049117 0
1549049118 0
1549049119 0
1549049120 0
1549049121 0
1549049122 0
1549049123 0
1549049124 0
1549049125 0
1549049126 0
1549049127 0
1549049128 0
1549049129 0
1549049130 0
1549049131 0
1549049132 0
1549049133 0
1549049134 0
1549049135 0
1549049136 0
1549049137 0
1549049138 0
1549049139 0
1549049140 0
1549049141 0
1549049142 0
1549049143 0
1549049144 0
1549049145 0
1549049146 0
1549049147 0
1549049148 0
1549049149 0
1549049150 0
1549049151 0
1549049152 0
1549049153 0
1549049154 0
1549049155 0
1549049156 0
1549049157 0
1549049158 0
1549049159 0
1549049160 0
1549049161 0
1549049162 0
1549049163 0
1549049164 0
1549049165 0
1549049166 0
1549049167 0
1549049168 0
1549049169 0
1549049170 0
1549049171 0
1549049172 0
1549049173 0
1549049174 0
1549049175 0
1549049176 0
1549049177 0
1549049178 0
1549049179 0
1549049180 0
1549049181 0
1549049182 0
1549049183 0
1549049184 0
1549049185 0
1549049186 0
1549049187 0
1549049188 0
1549049189 0
1549049190 0
1549049191 0
1549049192 0
1549049193 0
1549049194 0
1549049195 0
1549049196 0
1549049197 0
1549049198 0
1549049199 0
1549049200 0
1549049201 0
1549049202 0
1549049203 0
1549049204 0
1549049205 0
1549049206 0
1549049207 0
1549049208 0
1549049209 0
1549049210 0
1549049211 0
1549049212 0
1549049213 0
1549049214 0
1549049215 0
1549049216 0
1549049217 0
1549049218 0
1549049219 0
1549049220 0
1549049221 0
1549049222 0
1549049223 0
1549049224 0
1549049225 0
1549049226 0
1549049227 0
1549049228 0
1549049229 0
1549049230 0
1549049231 0
1549049232 0
1549049233 0
1549049234 0
1549049235 0
1549049236 0
1549049237 0
1549049238 0
1549049239 0
1549049240 0
1549049241 0
1549049242 0
1549049243 0
1549049244 0
1549049245 0
1549049246 0
1549049247 0
1549049248 0
1549049249 0
1549049250 0
1549049251 0
1549049252 0
1549049253 0
1549049254 0
1549049255 0
1549049256 0
1549049257 0
1549049258 0
1549049259 0
1549049260 0
1549049261 0
1549049262 0
1549049263 0
1549049264 0
1549049265 0
1549049266 0
1549049267 0
1549049268 0
1549049269 0
1549049270 0
1549049271 0
1549049272 0
1549049273 0
1549049274 0
1549049275 0
1549049276 0
1549049277 0
1549049278 0
1549049279 0
1549049280 0
1549049281 0
1549049282 0
1549049283 0
1549049284 0
1549049285 0
1549049286 0
1549049287 0
1549049288 0
1549049289 0
1549049290 0
1549049291 0
1549049292 0
1549049293 0
1549049294 0
1549049295 0
1549049296 0
1549049297 0
1549049298 0
1549049299 0
1549049300 0
1549049301 0
1549049302 0
1549049303 0
1549049304 0
1549049305 0
1549049306 0
1549049307 0
1549049308 0
1549049309 0
1549049310 0
1549049311 0
1549049312 0
1549049313 0
1549049314 0
1549049315 0
1549049316 0
1549049317 0
1549049318 0
1549049319 0
1549049320 0
1549049321 0
1549049322 0
1549049323 0
1549049324 0
1549049325 0
1549049326 0
1549049327 0
1549049328 0
1549049329 0
1549049330 0
1549049331 0
1549049332 0
1549049333 0
1549049334 0
1549049335 0
1549049336 0
1549049337 0
1549049338 0
1549049339 0
1549049340 0
1549049341 0
1549049342 0
1549049343 0
1549049344 0
1549049345 0
1549049346 0
1549049347 0
1549049348 0
1549049349 0
1549049350 0
1549049351 0
1549049352 0
1549049353 0
1549049354 0
1549049355 0
1549049356 0
1549049357 0
1549049358 0
1549049359 0
1549049360 0
1549049361 0
1549049362 0
1549049363 0
1549049364 0
1549049365 0
1549049366 0
1549049367 0
1549049368 0
1549049369 0
1549049370 0
1549049371 0
1549049372 0
1549049373 0
1549049374 0
1549049375 0
1549049376 0
1549049377 0
1549049378 0
1549049379 0
1549049380 0
1549049381 0
1549049382 0
1549049383 0
1549049384 0
1549049385 0
1549049386 0
1549049387 0
1549049388 0
1549049389 0
1549049390 0
1549049391 0
1549049392 0
1549049393 0
1549049394 0
1549049395 0
1549049396 0
1549049397 0
1549049398 0
1549049399 0
1549049400 0
1549049401 0
1549049402 0
1549049403 0
1549049404 0
1549049405 0
1549049406 0
1549049407 0
1549049408 0
1549049409 0
1549049410 0
1549049411 0
1549049412 0
1549049413 0
1549049414 0
1549049415 0
1549049416 0
1549049417 0
1549049418 0
1549049419 0
1549049420 0
1549049421 0
1549049422 0
1549049423 0
1549049424 0
1549049425 0
1549049426 0
1549049427 0
1549049428 0
1549049429 0
1549049430 0
1549049431 0
1549049432 0
1549049433 0
1549049434 0
1549049435 0
1549049436 0
1549049437 0
1549049438 0
1549049439 0
1549049440 0
1549049441 0
1549049442 0
1549049443 0
1549049444 0
1549049445 0
1549049446 0
1549049447 0
1549049448 0
1549049449 0
1549049450 0
1549049451 0
1549049452 0
1549049453 0
1549049454 0
1549049455 0
1549049456 0
1549049457 0
1549049458 0
1549049459 0
1549049460 0
1549049461 0
1549049462 0
1549049463 0
1549049464 0
1549049465 0
1549049466 0
1549049467 0
1549049468 0
1549049469 0
1549049470 0
1549049471 0
1549049472 0
1549049473 0
1549049474 0
1549049475 0
1549049476 0
1549049477 0
1549049478 0
1549049479 0
1549049480 0
1549049481 0
1549049482 0
1549049483 0
1549049484 0
1549049485 0
1549049486 0
1549049487 0
1549049488 0
1549049489 0
1549049490 0
1549049491 0
1549049492 0
1549049493 0
1549049494 0
1549049495 0
1549049496 0
1549049497 0
1549049498 0
1549049499 0
1549049500 0
1549049501 0
1549049502 0
1549049503 0
1549049504 0
1549049505 0
1549049506 0
1549049507 0
1549049508 0
1549049509 0
1549049510 0
1549049511 0
1549049512 0
1549049513 0
1549049514 0
1549049515 0
1549049516 0
1549049517 0
1549049518 0
1549049519 0
1549049520 0
1549049521 0
1549049522 0
1549049523 0
1549049524 0
1549049525 0
1549049526 0
1549049527 0
1549049528 0
1549049529 0
1549049530 0
1549049531 0
1549049532 0
1549049533 0
1549049534 0
1549049535 0
1549049536 0
1549049537 0
1549049538 0
1549049539 0
1549049540 0
1549049541 0
1549049542 0
1549049543 0
1549049544 0
1549049545 0
1549049546 0
1549049547 0
1549049548 0
1549049549 0
1549049550 0
1549049551 0
1549049552 0
1549049553 0
1549049554 0
1549049555 0
1549049556 0
1549049557 0
1549049558 0
1549049559 0
1549049560 0
1549049561 0
1549049562 0
1549049563 0
1549049564 0
1549049565 0
1549049566 0
1549049567 0
1549049568 0
1549049569 0
1549049570 0
1549049571 0
1549049572 0
1549049573 0
1549049574 0
1549049575 0
1549049576 0
1549049577 0
1549049578 0
1549049579 0
1549049580 0
1549049581 0
1549049582 0
1549049583 0
1549049584 0
1549049585 0
1549049586 0
1549049587 0
1549049588 0
1549049589 0
1549049590 0
1549049591 0
1549049592 0
1549049593 0
1549049594 0
1549049595 0
1549049596 0
1549049597 0
1549049598 0
1549049599 0
1549049600 0
1549049601 0
1549049602 0
1549049603 0
1549049604 0
1549049605 0
1549049606 0
1549049607 0
1549049608 0
1549049609 0
1549049610 0
1549049611 0
1549049612 0
1549049613 0
1549049614 0
1549049615 0
1549049616 0
1549049617 0
1549049618 0
1549049619 0
1549049620 0
1549049621 0
1549049622 0
1549049623 0
1549049624 0
1549049625 0
1549049626 0
1549049627 0
1549049628 0
1549049629 0
1549049630 0
1549049631 0
1549049632 0
1549049633 0
1549049634 0
1549049635 0
1549049636 0
1549049637 0
1549049638 0
1549049639 0
1549049640 0
1549049641 0
1549049642 0
1549049643 0
1549049644 0
1549049645 0
1549049646 0
1549049647 0
1549049648 0
1549049649 0
1549049650 0
1549049651 0
1549049652 0
1549049653 0
1549049654 0
1549049655 0
1549049656 0
1549049657 0
1549049658 0
1549049659 0
1549049660 0
1549049661 0
1549049662 0
1549049663 0
1549049664 0
1549049665 0
1549049666 0
1549049667 0
1549049668 0
1549049669 0
1549049670 0
1549049671 0
1549049672 0
1549049673 0
1549049674 0
1549049675 0
1549049676 0
1549049677 0
1549049678 0
1549049679 0
1549049680 0
1549049681 0
1549049682 0
1549049683 0
1549049684 0
1549049685 0
1549049686 0
1549049687 0
1549049688 0
1549049689 0
1549049690 0
1549049691 0
1549049692 0
1549049693 0
1549049694 0
1549049695 0
1549049696 0
1549049697 0
1549049698 0
1549049699 0
1549049700 0
1549049701 0
1549049702 0
1549049703 0
1549049704 0
1549049705 0
1549049706 0
1549049707 0
1549049708 0
1549049709 0
1549049710 0
1549049711 0
1549049712 0
1549049713 0
1549049714 0
1549049715 0
1549049716 0
1549049717 0
1549049718 0
1549049719 0
1549049720 0
1549049721 0
1549049722 0
1549049723 0
1549049724 0
1549049725 0
1549049726 0
1549049727 0
1549049728 0
1549049729 0
1549049730 0
1549049731 0
1549049732 0
1549049733 0
1549049734 0
1549049735 0
1549049736 0
1549049737 0
1549049738 0
1549049739 0
1549049740 0
1549049741 0
1549049742 0
1549049743 0
1549049744 0
1549049745 0
1549049746 0
1549049747 0
1549049748 0
1549049749 0
1549049750 0
1549049751 0
1549049752 0
1549049753 0
1549049754 0
1549049755 0
1549049756 0
1549049757 0
1549049758 0
1549049759 0
1549049760 0
1549049761 0
1549049762 0
1549049763 0
1549049764 0
1549049765 0
1549049766 0
1549049767 0
1549049768 0
1549049769 0
1549049770 0
1549049771 0
1549049772 0
1549049773 0
1549049774 0
1549049775 0
1549049776 0
1549049777 0
1549049778 0
1549049779 0
1549049780 0
1549049781 0
1549049782 0
1549049783 0
1549049784 0
1549049785 0
1549049786 0
1549049787 0
1549049788 0
1549049789 0
1549049790 0
1549049791 0
1549049792 0
1549049793 0
1549049794 0
1549049795 0
1549049796 0
1549049797 0
1549049798 0
1549049799 0
1549049800 0
1549049801 0
1549049802 0
1549049803 0
1549049804 0
1549049805 0
1549049806 0
1549049807 0
1549049808 0
1549049809 0
1549049810 0
1549049811 0
1549049812 0
1549049813 0
1549049814 0
1549049815 0
1549049816 0
1549049817 0
1549049818 0
1549049819 0
1549049820 0
1549049821 0
1549049822 0
1549049823 0
1549049824 0
1549049825 0
1549049826 0
1549049827 0
1549049828 0
1549049829 0
1549049830 0
1549049831 0
1549049832 0
1549049833 0
1549049834 0
1549049835 0
1549049836 0
1549049837 0
1549049838 0
1549049839 0
1549049840 0
1549049841 0
1549049842 0
1549049843 0
1549049844 0
1549049845 0
1549049846 0
1549049847 0
1549049848 0
1549049849 0
1549049850 0
1549049851 0
1549049852 0
1549049853 0
1549049854 0
1549049855 0
1549049856 0
1549049857 0
1549049858 0
1549049859 0
1549049860 0
1549049861 0
1549049862 0
1549049863 0
1549049864 0
1549049865 0
1549049866 0
1549049867 0
1549049868 0
1549049869 0
1549049870 0
1549049871 0
1549049872 0
1549049873 0
1549049874 0
1549049875 0
1549049876 0
1549049877 0
1549049878 0
1549049879 0
1549049880 0
1549049881 0
1549049882 0
1549049883 0
1549049884 0
1549049885 0
1549049886 0
1549049887 0
1549049888 0
1549049889 0
1549049890 0
1549049891 0
1549049892 0
1549049893 0
1549049894 0
1549049895 0
1549049896 0
1549049897 0
1549049898 0
1549049899 0
1549049900 0
1549049901 0
1549049902 0
1549049903 0
1549049904 0
1549049905 0
1549049906 0
1549049907 0
1549049908 0
1549049909 0
1549049910 0
1549049911 0
1549049912 0
1549049913 0
1549049914 0
1549049915 0
1549049916 0
1549049917 0
1549049918 0
1549049919 0
1549049920 0
1549049921 0
1549049922 0
1549049923 0
1549049924 0
1549049925 0
1549049926 0
1549049927 0
1549049928 0
1549049929 0
1549049930 0
1549049931 0
1549049932 0
1549049933 0
1549049934 0
1549049935 0
1549049936 0
1549049937 0
1549049938 0
1549049939 0
1549049940 0
1549049941 0
1549049942 0
1549049943 0
1549049944 0
1549049945 0
1549049946 0
1549049947 0
1549049948 0
1549049949 0
1549049950 0
1549049951 0
1549049952 0
1549049953 0
1549049954 0
1549049955 0
1549049956 0
1549049957 0
1549049958 0
1549049959 0
1549049960 0
1549049961 0
1549049962 0
1549049963 0
1549049964 0
1549049965 0
1549049966 0
1549049967 0
1549049968 0
1549049969 0
1549049970 0
1549049971 0
1549049972 0
1549049973 0
1549049974 0
1549049975 0
1549049976 0
1549049977 0
1549049978 0
1549049979 0
1549049980 0
1549049981 0
1549049982 0
1549049983 0
1549049984 0
1549049985 0
1549049986 0
1549049987 0
1549049988 0
1549049989 0
1549049990 0
1549049991 0
1549049992 0
1549049993 0
1549049994 0
1549049995 0
1549049996 0
1549049997 0
1549049998 0
1549049999 0
1549050000 0
1549050001 0
1549050002 0
1549050003 0
1549050004 0
1549050005 0
1549050006 0
1549050007 0
1549050008 0
1549050009 0
1549050010 0
1549050011 0
1549050012 0
1549050013 0
1549050014 0
1549050015 0
1549050016 0
1549050017 0
1549050018 0
1549050019 0
1549050020 0
1549050021 0
1549050022 0
1549050023 0
1549050024 0
1549050025 0
1549050026 0
1549050027 0
1549050028 0
1549050029 0
1549050030 0
1549050031 0
1549050032 0
1549050033 0
1549050034 0
1549050035 0
1549050036 0
1549050037 0
1549050038 0
1549050039 0
1549050040 0
1549050041 0
1549050042 0
1549050043 0
1549050044 0
1549050045 0
1549050046 0
1549050047 0
1549050048 0
1549050049 0
1549050050 0
1549050051 0
1549050052 0
1549050053 0
1549050054 0
1549050055 0
1549050056 0
1549050057 0
1549050058 0
1549050059 0
1549050060 0
1549050061 0
1549050062 0
1549050063 0
1549050064 0
1549050065 0
1549050066 0
1549050067 0
1549050068 0
1549050069 0
1549050070 0
1549050071 0
1549050072 0
1549050073 0
1549050074 0
1549050075 0
1549050076 0
1549050077 0
1549050078 0
1549050079 0
1549050080 0
1549050081 0
1549050082 0
1549050083 0
1549050084 0
1549050085 0
1549050086 0
1549050087 0
1549050088 0
1549050089 0
1549050090 0
1549050091 0
1549050092 0
1549050093 0
1549050094 0
1549050095 0
1549050096 0
1549050097 0
1549050098 0
1549050099 0
1549050100 0
1549050101 0
1549050102 0
1549050103 0
1549050104 0
1549050105 0
1549050106 0
1549050107 0
1549050108 0
1549050109 0
1549050110 0
1549050111 0
1549050112 0
1549050113 0
1549050114 0
1549050115 0
1549050116 0
1549050117 0
1549050118 0
1549050119 0
1549050120 0
1549050121 0
1549050122 0
1549050123 0
1549050124 0
1549050125 0
1549050126 0
1549050127 0
1549050128 0
1549050129 0
1549050130 0
1549050131 0
1549050132 0
1549050133 0
1549050134 0
1549050135 0
1549050136 0
1549050137 0
1549050138 0
1549050139 0
1549050140 0
1549050141 0
1549050142 0
1549050143 0
1549050144 0
1549050145 0
1549050146 0
1549050147 0
1549050148 0
1549050149 0
1549050150 0
1549050151 0
1549050152 0
1549050153 0
1549050154 0
1549050155 0
1549050156 0
1549050157 0
1549050158 0
1549050159 0
1549050160 0
1549050161 0
1549050162 0
1549050163 0
1549050164 0
1549050165 0
1549050166 0
1549050167 0
1549050168 0
1549050169 0
1549050170 0
1549050171 0
1549050172 0
1549050173 0
1549050174 0
1549050175 0
1549050176 0
1549050177 0
1549050178 0
1549050179 0
1549050180 0
1549050181 0
1549050182 0
1549050183 0
1549050184 0
1549050185 0
1549050186 0
1549050187 0
1549050188 0
1549050189 0
1549050190 0
1549050191 0
1549050192 0
1549050193 0
1549050194 0
1549050195 0
1549050196 0
1549050197 0
1549050198 0
1549050199 0
1549050200 0
1549050201 0
1549050202 0
1549050203 0
1549050204 0
1549050205 0
1549050206 0
1549050207 0
1549050208 0
1549050209 0
1549050210 0
1549050211 0
1549050212 0
1549050213 0
1549050214 0
1549050215 0
1549050216 0
1549050217 0
1549050218 0
1549050219 0
1549050220 0
1549050221 0
1549050222 0
1549050223 0
1549050224 0
1549050225 0
1549050226 0
1549050227 0
1549050228 0
1549050229 0
1549050230 0
1549050231 0
1549050232 0
1549050233 0
1549050234 0
1549050235 0
1549050236 0
1549050237 0
1549050238 0
1549050239 0
1549050240 0
1549050241 0
1549050242 0
1549050243 0
1549050244 0
1549050245 0
1549050246 0
1549050247 0
1549050248 0
1549050249 0
1549050250 0
1549050251 0
1549050252 0
1549050253 0
1549050254 0
1549050255 0
1549050256 0
1549050257 0
1549050258 0
1549050259 0
1549050260 0
1549050261 0
1549050262 0
1549050263 0
1549050264 0
1549050265 0
1549050266 0
1549050267 0
1549050268 0
1549050269 0
1549050270 0
1549050271 0
1549050272 0
1549050273 0
1549050274 0
1549050275 0
1549050276 0
1549050277 0
1549050278 0
1549050279 0
1549050280 0
1549050281 0
1549050282 0
1549050283 0
1549050284 0
1549050285 0
1549050286 0
1549050287 0
1549050288 0
1549050289 0
1549050290 0
1549050291 0
1549050292 0
1549050293 0
1549050294 0
1549050295 0
1549050296 0
1549050297 0
1549050298 0
1549050299 0
1549050300 0
1549050301 0
1549050302 0
1549050303 0
1549050304 0
1549050305 0
1549050306 0
1549050307 0
1549050308 0
1549050309 0
1549050310 0
1549050311 0
1549050312 0
1549050313 0
1549050314 0
1549050315 0
1549050316 0
1549050317 0
1549050318 0
1549050319 0
1549050320 0
1549050321 0
1549050322 0
1549050323 0
1549050324 0
1549050325 0
1549050326 0
1549050327 0
1549050328 0
1549050329 0
1549050330 0
1549050331 0
1549050332 0
1549050333 0
1549050334 0
1549050335 0
1549050336 0
1549050337 0
1549050338 0
1549050339 0
1549050340 0
1549050341 0
1549050342 0
1549050343 0
1549050344 0
1549050345 0
1549050346 0
1549050347 0
1549050348 0
1549050349 0
1549050350 0
1549050351 0
1549050352 0
1549050353 0
1549050354 0
1549050355 0
1549050356 0
1549050357 0
1549050358 0
1549050359 0
1549050360 0
1549050361 0
1549050362 0
1549050363 0
1549050364 0
1549050365 0
1549050366 0
1549050367 0
1549050368 0
1549050369 0
1549050370 0
1549050371 0
1549050372 0
1549050373 0
1549050374 0
1549050375 0
1549050376 0
1549050377 0
1549050378 0
1549050379 0
1549050380 0
1549050381 0
1549050382 0
1549050383 0
1549050384 0
1549050385 0
1549050386 0
1549050387 0
1549050388 0
1549050389 0
1549050390 0
1549050391 0
1549050392 0
1549050393 0
1549050394 0
1549050395 0
1549050396 0
1549050397 0
1549050398 0
1549050399 0
1549050400 0
1549050401 0
1549050402 0
1549050403 0
1549050404 0
1549050405 0
1549050406 0
1549050407 0
1549050408 0
1549050409 0
1549050410 0
1549050411 0
1549050412 0
1549050413 0
1549050414 0
1549050415 0
1549050416 0
1549050417 0
1549050418 0
1549050419 0
1549050420 0
1549050421 0
1549050422 0
1549050423 0
1549050424 0
1549050425 0
1549050426 0
1549050427 0
1549050428 0
1549050429 0
1549050430 0
1549050431 0
1549050432 0
1549050433 0
1549050434 0
1549050435 0
1549050436 0
1549050437 0
1549050438 0
1549050439 0
1549050440 0
1549050441 0
1549050442 0
1549050443 0
1549050444 0
1549050445 0
1549050446 0
1549050447 0
1549050448 0
1549050449 0
1549050450 0
1549050451 0
1549050452 0
1549050453 0
1549050454 0
1549050455 0
1549050456 0
1549050457 0
1549050458 0
1549050459 0
1549050460 0
1549050461 0
1549050462 0
1549050463 0
1549050464 0
1549050465 0
1549050466 0
1549050467 0
1549050468 0
1549050469 0
1549050470 0
1549050471 0
1549050472 0
1549050473 0
1549050474 0
1549050475 0
1549050476 0
1549050477 0
1549050478 0
1549050479 0
1549050480 0
1549050481 0
1549050482 0
1549050483 0
1549050484 0
1549050485 0
1549050486 0
1549050487 0
1549050488 0
1549050489 0
1549050490 0
1549050491 0
1549050492 0
1549050493 0
1549050494 0
1549050495 0
1549050496 0
1549050497 0
1549050498 0
1549050499 0
1549050500 0
1549050501 0
1549050502 0
1549050503 0
1549050504 0
1549050505 0
1549050506 0
1549050507 0
1549050508 0
1549050509 0
1549050510 0
1549050511 0
1549050512 0
1549050513 0
1549050514 0
1549050515 0
1549050516 0
1549050517 0
1549050518 0
1549050519 0
1549050520 0
1549050521 0
1549050522 0
1549050523 0
1549050524 0
1549050525 0
1549050526 0
1549050527 0
1549050528 0
1549050529 0
1549050530 0
1549050531 0
1549050532 0
1549050533 0
1549050534 0
1549050535 0
1549050536 0
1549050537 0
1549050538 0
1549050539 0
1549050540 0
1549050541 0
1549050542 0
1549050543 0
1549050544 0
1549050545 0
1549050546 0
1549050547 0
1549050548 0
1549050549 0
1549050550 0
1549050551 0
1549050552 0
1549050553 0
1549050554 0
1549050555 0
1549050556 0
1549050557 0
1549050558 0
1549050559 0
1549050560 0
1549050561 0
1549050562 0
1549050563 0
1549050564 0
1549050565 0
1549050566 0
1549050567 0
1549050568 0
1549050569 0
1549050570 0
1549050571 0
1549050572 0
1549050573 0
1549050574 0
1549050575 0
1549050576 0
1549050577 0
1549050578 0
1549050579 0
1549050580 0
1549050581 0
1549050582 0
1549050583 0
1549050584 0
1549050585 0
1549050586 0
1549050587 0
1549050588 0
1549050589 0
1549050590 0
1549050591 0
1549050592 0
1549050593 0
1549050594 0
1549050595 0
1549050596 0
1549050597 0
1549050598 0
1549050599 0
1549050600 0
1549050601 0
1549050602 0
1549050603 0
1549050604 0
1549050605 0
1549050606 0
1549050607 0
1549050608 0
1549050609 0
1549050610 0
1549050611 0
1549050612 0
1549050613 0
1549050614 0
1549050615 0
1549050616 0
1549050617 0
1549050618 0
1549050619 0
1549050620 0
1549050621 0
1549050622 0
1549050623 0
1549050624 0
1549050625 0
1549050626 0
1549050627 0
1549050628 0
1549050629 0
1549050630 0
1549050631 0
1549050632 0
1549050633 0
1549050634 0
1549050635 0
1549050636 0
1549050637 0
1549050638 0
1549050639 0
1549050640 0
1549050641 0
1549050642 0
1549050643 0
1549050644 0
1549050645 0
1549050646 0
1549050647 0
1549050648 0
1549050649 0
1549050650 0
1549050651 0
1549050652 0
1549050653 0
1549050654 0
1549050655 0
1549050656 0
1549050657 0
1549050658 0
1549050659 0
1549050660 0
1549050661 0
1549050662 0
1549050663 0
1549050664 0
1549050665 0
1549050666 0
1549050667 0
1549050668 0
1549050669 0
1549050670 0
1549050671 0
1549050672 0
1549050673 0
1549050674 0
1549050675 0
1549050676 0
1549050677 0
1549050678 0
1549050679 0
1549050680 0
1549050681 0
1549050682 0
1549050683 0
1549050684 0
1549050685 0
1549050686 0
1549050687 0
1549050688 0
1549050689 0
1549050690 0
1549050691 0
1549050692 0
1549050693 0
1549050694 0
1549050695 0
1549050696 0
1549050697 0
1549050698 0
1549050699 0
1549050700 0
1549050701 0
1549050702 0
1549050703 0
1549050704 0
1549050705 0
1549050706 0
1549050707 0
1549050708 0
1549050709 0
1549050710 0
1549050711 0
1549050712 0
1549050713 0
1549050714 0
1549050715 0
1549050716 0
1549050717 0
1549050718 0
1549050719 0
1549050720 0
1549050721 0
1549050722 0
1549050723 0
1549050724 0
1549050725 0
1549050726 0
1549050727 0
1549050728 0
1549050729 0
1549050730 0
1549050731 0
1549050732 0
1549050733 0
1549050734 0
1549050735 0
1549050736 0
1549050737 0
1549050738 0
1549050739 0
1549050740 0
1549050741 0
1549050742 0
1549050743 0
1549050744 0
1549050745 0
1549050746 0
1549050747 0
1549050748 0
1549050749 0
1549050750 0
1549050751 0
1549050752 0
1549050753 0
1549050754 0
1549050755 0
1549050756 0
1549050757 0
1549050758 0
1549050759 0
1549050760 0
1549050761 0
1549050762 0
1549050763 0
1549050764 0
1549050765 0
1549050766 0
1549050767 0
1549050768 0
1549050769 0
1549050770 0
1549050771 0
1549050772 0
1549050773 0
1549050774 0
1549050775 0
1549050776 0
1549050777 0
1549050778 0
1549050779 0
1549050780 0
1549050781 0
1549050782 0
1549050783 0
1549050784 0
1549050785 0
1549050786 0
1549050787 0
1549050788 0
1549050789 0
1549050790 0
1549050791 0
1549050792 0
1549050793 0
1549050794 0
1549050795 0
1549050796 0
1549050797 0
1549050798 0
1549050799 0
1549050800 0
1549050801 0
1549050802 0
1549050803 0
1549050804 0
1549050805 0
1549050806 0
1549050807 0
1549050808 0
1549050809 0
1549050810 0
1549050811 0
1549050812 0
1549050813 0
1549050814 0
1549050815 0
1549050816 0
1549050817 0
1549050818 0
1549050819 0
1549050820 0
1549050821 0
1549050822 0
1549050823 0
1549050824 0
1549050825 0
1549050826 0
1549050827 0
1549050828 0
1549050829 0
1549050830 0
1549050831 0
1549050832 0
1549050833 0
1549050834 0
1549050835 0
1549050836 0
1549050837 0
1549050838 0
1549050839 0
1549050840 0
1549050841 0
1549050842 0
1549050843 0
1549050844 0
1549050845 0
1549050846 0
1549050847 0
1549050848 0
1549050849 0
1549050850 0
1549050851 0
1549050852 0
1549050853 0
1549050854 0
1549050855 0
1549050856 0
1549050857 0
1549050858 0
1549050859 0
1549050860 0
1549050861 0
1549050862 0
1549050863 0
1549050864 0
1549050865 0
1549050866 0
1549050867 0
1549050868 0
1549050869 0
1549050870 0
1549050871 0
1549050872 0
1549050873 0
1549050874 0
1549050875 0
1549050876 0
1549050877 0
1549050878 0
1549050879 0
1549050880 0
1549050881 0
1549050882 0
1549050883 0
1549050884 0
1549050885 0
1549050886 0
1549050887 0
1549050888 0
1549050889 0
1549050890 0
1549050891 0
1549050892 0
1549050893 0
1549050894 0
1549050895 0
1549050896 0
1549050897 0
1549050898 0
1549050899 0
1549050900 0
1549050901 0
1549050902 0
1549050903 0
1549050904 0
1549050905 0
1549050906 0
1549050907 0
1549050908 0
1549050909 0
1549050910 0
1549050911 0
1549050912 0
1549050913 0
1549050914 0
1549050915 0
1549050916 0
1549050917 0
1549050918 0
1549050919 0
1549050920 0
1549050921 0
1549050922 0
1549050923 0
1549050924 0
1549050925 0
1549050926 0
1549050927 0
1549050928 0
1549050929 0
1549050930 0
1549050931 0
1549050932 0
1549050933 0
1549050934 0
1549050935 0
1549050936 0
1549050937 0
1549050938 0
1549050939 0
1549050940 0
1549050941 0
1549050942 0
1549050943 0
1549050944 0
1549050945 0
1549050946 0
1549050947 0
1549050948 0
1549050949 0
1549050950 0
1549050951 0
1549050952 0
1549050953 0
1549050954 0
1549050955 0
1549050956 0
1549050957 0
1549050958 0
1549050959 0
1549050960 0
1549050961 0
1549050962 0
1549050963 0
1549050964 0
1549050965 0
1549050966 0
1549050967 0
1549050968 0
1549050969 0
1549050970 0
1549050971 0
1549050972 0
1549050973 0
1549050974 0
1549050975 0
1549050976 0
1549050977 0
1549050978 0
1549050979 0
1549050980 0
1549050981 0
1549050982 0
1549050983 0
1549050984 0
1549050985 0
1549050986 0
1549050987 0
1549050988 0
1549050989 0
1549050990 0
1549050991 0
1549050992 0
1549050993 0
1549050994 0
1549050995 0
1549050996 0
1549050997 0
1549050998 0
1549050999 0
1549051000 0
1549051001 0
1549051002 0
1549051003 0
1549051004 0
1549051005 0
1549051006 0
1549051007 0
1549051008 0
1549051009 0
1549051010 0
1549051011 0
1549051012 0
1549051013 0
1549051014 0
1549051015 0
1549051016 0
1549051017 0
1549051018 0
1549051019 0
1549051020 0
1549051021 0
1549051022 0
1549051023 0
1549051024 0
1549051025 0
1549051026 0
1549051027 0
1549051028 0
1549051029 0
1549051030 0
1549051031 0
1549051032 0
1549051033 0
1549051034 0
1549051035 0
1549051036 0
1549051037 0
1549051038 0
1549051039 0
1549051040 0
1549051041 0
1549051042 0
1549051043 0
1549051044 0
1549051045 0
1549051046 0
1549051047 0
1549051048 0
1549051049 0
1549051050 0
1549051051 0
1549051052 0
1549051053 0
1549051054 0
1549051055 0
1549051056 0
1549051057 0
1549051058 0
1549051059 0
1549051060 0
1549051061 0
1549051062 0
1549051063 0
1549051064 0
1549051065 0
1549051066 0
1549051067 0
1549051068 0
1549051069 0
1549051070 0
1549051071 0
1549051072 0
1549051073 0
1549051074 0
1549051075 0
1549051076 0
1549051077 0
1549051078 0
1549051079 0
1549051080 0
1549051081 0
1549051082 0
1549051083 0
1549051084 0
1549051085 0
1549051086 0
1549051087 0
1549051088 0
1549051089 0
1549051090 0
1549051091 0
1549051092 0
1549051093 0
1549051094 0
1549051095 0
1549051096 0
1549051097 0
1549051098 0
1549051099 0
1549051100 0
1549051101 0
1549051102 0
1549051103 0
1549051104 0
1549051105 0
1549051106 0
1549051107 0
1549051108 0
1549051109 0
1549051110 0
1549051111 0
1549051112 0
1549051113 0
1549051114 0
1549051115 0
1549051116 0
1549051117 0
1549051118 0
1549051119 0
1549051120 0
1549051121 0
1549051122 0
1549051123 0
1549051124 0
1549051125 0
1549051126 0
1549051127 0
1549051128 0
1549051129 0
1549051130 0
1549051131 0
1549051132 0
1549051133 0
1549051134 0
1549051135 0
1549051136 0
1549051137 0
1549051138 0
1549051139 0
1549051140 0
1549051141 0
1549051142 0
1549051143 0
1549051144 0
1549051145 0
1549051146 0
1549051147 0
1549051148 0
1549051149 0
1549051150 0
1549051151 0
1549051152 0
1549051153 0
1549051154 0
1549051155 0
1549051156 0
1549051157 0
1549051158 0
1549051159 0
1549051160 0
1549051161 0
1549051162 0
1549051163 0
1549051164 0
1549051165 0
1549051166 0
1549051167 0
1549051168 0
1549051169 0
1549051170 0
1549051171 0
1549051172 0
1549051173 0
1549051174 0
1549051175 0
1549051176 0
1549051177 0
1549051178 0
1549051179 0
1549051180 0
1549051181 0
1549051182 0
1549051183 0
1549051184 0
1549051185 0
1549051186 0
1549051187 0
1549051188 0
1549051189 0
1549051190 0
1549051191 0
1549051192 0
1549051193 0
1549051194 0
1549051195 0
1549051196 0
1549051197 0
1549051198 0
1549051199 0
1549051200 0
1549051201 0
1549051202 0
1549051203 0
1549051204 0
1549051205 0
1549051206 0
1549051207 0
1549051208 0
1549051209 0
1549051210 0
1549051211 0
1549051212 0
1549051213 0
1549051214 0
1549051215 0
1549051216 0
1549051217 0
1549051218 0
1549051219 0
1549051220 0
1549051221 0
1549051222 0
1549051223 0
1549051224 0
1549051225 0
1549051226 0
1549051227 0
1549051228 0
1549051229 0
1549051230 0
1549051231 0
1549051232 0
1549051233 0
1549051234 0
1549051235 0
1549051236 0
1549051237 0
1549051238 0
1549051239 0
1549051240 0
1549051241 0
1549051242 0
1549051243 0
1549051244 0
1549051245 0
1549051246 0
1549051247 0
1549051248 0
1549051249 0
1549051250 0
1549051251 0
1549051252 0
1549051253 0
1549051254 0
1549051255 0
1549051256 0
1549051257 0
1549051258 0
1549051259 0
1549051260 0
1549051261 0
1549051262 0
1549051263 0
1549051264 0
1549051265 0
1549051266 0
1549051267 0
1549051268 0
1549051269 0
1549051270 0
1549051271 0
1549051272 0
1549051273 0
1549051274 0
1549051275 0
1549051276 0
1549051277 0
1549051278 0
1549051279 0
1549051280 0
1549051281 0
1549051282 0
1549051283 0
1549051284 0
1549051285 0
1549051286 0
1549051287 0
1549051288 0
1549051289 0
1549051290 0
1549051291 0
1549051292 0
1549051293 0
1549051294 0
1549051295 0
1549051296 0
1549051297 0
1549051298 0
1549051299 0
1549051300 0
1549051301 0
1549051302 0
1549051303 0
1549051304 0
1549051305 0
1549051306 0
1549051307 0
1549051308 0
1549051309 0
1549051310 0
1549051311 0
1549051312 0
1549051313 0
1549051314 0
1549051315 0
1549051316 0
1549051317 0
1549051318 0
1549051319 0
1549051320 0
1549051321 0
1549051322 0
1549051323 0
1549051324 0
1549051325 0
1549051326 0
1549051327 0
1549051328 0
1549051329 0
1549051330 0
1549051331 0
1549051332 0
1549051333 0
1549051334 0
1549051335 0
1549051336 0
1549051337 0
1549051338 0
1549051339 0
1549051340 0
1549051341 0
1549051342 0
1549051343 0
1549051344 0
1549051345 0
1549051346 0
1549051347 0
1549051348 0
1549051349 0
1549051350 0
1549051351 0
1549051352 0
1549051353 0
1549051354 0
1549051355 0
1549051356 0
1549051357 0
1549051358 0
1549051359 0
1549051360 0
1549051361 0
1549051362 0
1549051363 0
1549051364 0
1549051365 0
1549051366 0
1549051367 0
1549051368 0
1549051369 0
1549051370 0
1549051371 0
1549051372 0
1549051373 0
1549051374 0
1549051375 0
1549051376 0
1549051377 0
1549051378 0
1549051379 0
1549051380 0
1549051381 0
1549051382 0
1549051383 0
1549051384 0
1549051385 0
1549051386 0
1549051387 0
1549051388 0
1549051389 0
1549051390 0
1549051391 0
1549051392 0
1549051393 0
1549051394 0
1549051395 0
1549051396 0
1549051397 0
1549051398 0
1549051399 0
1549051400 0
1549051401 0
1549051402 0
1549051403 0
1549051404 0
1549051405 0
1549051406 0
1549051407 0
1549051408 0
1549051409 0
1549051410 0
1549051411 0
1549051412 0
1549051413 0
1549051414 0
1549051415 0
1549051416 0
1549051417 0
1549051418 0
1549051419 0
1549051420 0
1549051421 0
1549051422 0
1549051423 0
1549051424 0
1549051425 0
1549051426 0
1549051427 0
1549051428 0
1549051429 0
1549051430 0
1549051431 0
1549051432 0
1549051433 0
1549051434 0
1549051435 0
1549051436 0
1549051437 0
1549051438 0
1549051439 0
1549051440 0
1549051441 0
1549051442 0
1549051443 0
1549051444 0
1549051445 0
1549051446 0
1549051447 0
1549051448 0
1549051449 0
1549051450 0
1549051451 0
1549051452 0
1549051453 0
1549051454 0
1549051455 0
1549051456 0
1549051457 0
1549051458 0
1549051459 0
1549051460 0
1549051461 0
1549051462 0
1549051463 0
1549051464 0
1549051465 0
1549051466 0
1549051467 0
1549051468 0
1549051469 0
1549051470 0
1549051471 0
1549051472 0
1549051473 0
1549051474 0
1549051475 0
1549051476 0
1549051477 0
1549051478 0
1549051479 0
1549051480 0
1549051481 0
1549051482 0
1549051483 0
1549051484 0
1549051485 0
1549051486 0
1549051487 0
1549051488 0
1549051489 0
1549051490 0
1549051491 0
1549051492 0
1549051493 0
1549051494 0
1549051495 0
1549051496 0
1549051497 0
1549051498 0
1549051499 0
1549051500 0
1549051501 0
1549051502 0
1549051503 0
1549051504 0
1549051505 0
1549051506 0
1549051507 0
1549051508 0
1549051509 0
1549051510 0
1549051511 0
1549051512 0
1549051513 0
1549051514 0
1549051515 0
1549051516 0
1549051517 0
1549051518 0
1549051519 0
1549051520 0
1549051521 0
1549051522 0
1549051523 0
1549051524 0
1549051525 0
1549051526 0
1549051527 0
1549051528 0
1549051529 0
1549051530 0
1549051531 0
1549051532 0
1549051533 0
1549051534 0
1549051535 0
1549051536 0
1549051537 0
1549051538 0
1549051539 0
1549051540 0
1549051541 0
1549051542 0
1549051543 0
1549051544 0
1549051545 0
1549051546 0
1549051547 0
1549051548 0
1549051549 0
1549051550 0
1549051551 0
1549051552 0
1549051553 0
1549051554 0
1549051555 0
1549051556 0
1549051557 0
1549051558 0
1549051559 0
1549051560 0
1549051561 0
1549051562 0
1549051563 0
1549051564 0
1549051565 0
1549051566 0
1549051567 0
1549051568 0
1549051569 0
1549051570 0
1549051571 0
1549051572 0
1549051573 0
1549051574 0
1549051575 0
1549051576 0
1549051577 0
1549051578 0
1549051579 0
1549051580 0
1549051581 0
1549051582 0
1549051583 0
1549051584 0
1549051585 0
1549051586 0
1549051587 0
1549051588 0
1549051589 0
1549051590 0
1549051591 0
1549051592 0
1549051593 0
1549051594 0
1549051595 0
1549051596 0
1549051597 0
1549051598 0
1549051599 0
1549051600 0
1549051601 0
1549051602 0
1549051603 0
1549051604 0
1549051605 0
1549051606 0
1549051607 0
1549051608 0
1549051609 0
1549051610 0
1549051611 0
1549051612 0
1549051613 0
1549051614 0
1549051615 0
1549051616 0
1549051617 0
1549051618 0
1549051619 0
1549051620 0
1549051621 0
1549051622 0
1549051623 0
1549051624 0
1549051625 0
1549051626 0
1549051627 0
1549051628 0
1549051629 0
1549051630 0
1549051631 0
1549051632 0
1549051633 0
1549051634 0
1549051635 0
1549051636 0
1549051637 0
1549051638 0
1549051639 0
1549051640 0
1549051641 0
1549051642 0
1549051643 0
1549051644 0
1549051645 0
1549051646 0
1549051647 0
1549051648 0
1549051649 0
1549051650 0
1549051651 0
1549051652 0
1549051653 0
1549051654 0
1549051655 0
1549051656 0
1549051657 0
1549051658 0
1549051659 0
1549051660 0
1549051661 0
1549051662 0
1549051663 0
1549051664 0
1549051665 0
1549051666 0
1549051667 0
1549051668 0
1549051669 0
1549051670 0
1549051671 0
1549051672 0
1549051673 0
1549051674 0
1549051675 0
1549051676 0
1549051677 0
1549051678 0
1549051679 0
1549051680 0
1549051681 0
1549051682 0
1549051683 0
1549051684 0
1549051685 0
1549051686 0
1549051687 0
1549051688 0
1549051689 0
1549051690 0
1549051691 0
1549051692 0
1549051693 0
1549051694 0
1549051695 0
1549051696 0
1549051697 0
1549051698 0
1549051699 0
1549051700 0
1549051701 0
1549051702 0
1549051703 0
1549051704 0
1549051705 0
1549051706 0
1549051707 0
1549051708 0
1549051709 0
1549051710 0
1549051711 0
1549051712 0
1549051713 0
1549051714 0
1549051715 0
1549051716 0
1549051717 0
1549051718 0
1549051719 0
1549051720 0
1549051721 0
1549051722 0
1549051723 0
1549051724 0
1549051725 0
1549051726 0
1549051727 0
1549051728 0
1549051729 0
1549051730 0
1549051731 0
1549051732 0
1549051733 0
1549051734 0
1549051735 0
1549051736 0
1549051737 0
1549051738 0
1549051739 0
1549051740 0
1549051741 0
1549051742 0
1549051743 0
1549051744 0
1549051745 0
1549051746 0
1549051747 0
1549051748 0
1549051749 0
1549051750 0
1549051751 0
1549051752 0
1549051753 0
1549051754 0
1549051755 0
1549051756 0
1549051757 0
1549051758 0
1549051759 0
1549051760 0
1549051761 0
1549051762 0
1549051763 0
1549051764 0
1549051765 0
1549051766 0
1549051767 0
1549051768 0
1549051769 0
1549051770 0
1549051771 0
1549051772 0
1549051773 0
1549051774 0
1549051775 0
1549051776 0
1549051777 0
1549051778 0
1549051779 0
1549051780 0
1549051781 0
1549051782 0
1549051783 0
1549051784 0
1549051785 0
1549051786 0
1549051787 0
1549051788 0
1549051789 0
1549051790 0
1549051791 0
1549051792 0
1549051793 0
1549051794 0
1549051795 0
1549051796 0
1549051797 0
1549051798 0
1549051799 0
1549051800 0
1549051801 0
1549051802 0
1549051803 0
1549051804 0
1549051805 0
1549051806 0
1549051807 0
1549051808 0
1549051809 0
1549051810 0
1549051811 0
1549051812 0
1549051813 0
1549051814 0
1549051815 0
1549051816 0
1549051817 0
1549051818 0
1549051819 0
1549051820 0
1549051821 0
1549051822 0
1549051823 0
1549051824 0
1549051825 0
1549051826 0
1549051827 0
1549051828 0
1549051829 0
1549051830 0
1549051831 0
1549051832 0
1549051833 0
1549051834 0
1549051835 0
1549051836 0
1549051837 0
1549051838 0
1549051839 0
1549051840 0
1549051841 0
1549051842 0
1549051843 0
1549051844 0
1549051845 0
1549051846 0
1549051847 0
1549051848 0
1549051849 0
1549051850 0
1549051851 0
1549051852 0
1549051853 0
1549051854 0
1549051855 0
1549051856 0
1549051857 0
1549051858 0
1549051859 0
1549051860 0
1549051861 0
1549051862 0
1549051863 0
1549051864 0
1549051865 0
1549051866 0
1549051867 0
1549051868 0
1549051869 0
1549051870 0
1549051871 0
1549051872 0
1549051873 0
1549051874 0
1549051875 0
1549051876 0
1549051877 0
1549051878 0
1549051879 0
1549051880 0
1549051881 0
1549051882 0
1549051883 0
1549051884 0
1549051885 0
1549051886 0
1549051887 0
1549051888 0
1549051889 0
1549051890 0
1549051891 0
1549051892 0
1549051893 0
1549051894 0
1549051895 0
1549051896 0
1549051897 0
1549051898 0
1549051899 0
1549051900 0
1549051901 0
1549051902 0
1549051903 0
1549051904 0
1549051905 0
1549051906 0
1549051907 0
1549051908 0
1549051909 0
1549051910 0
1549051911 0
1549051912 0
1549051913 0
1549051914 0
1549051915 0
1549051916 0
1549051917 0
1549051918 0
1549051919 0
1549051920 0
1549051921 0
1549051922 0
1549051923 0
1549051924 0
1549051925 0
1549051926 0
1549051927 0
1549051928 0
1549051929 0
1549051930 0
1549051931 0
1549051932 0
1549051933 0
1549051934 0
1549051935 0
1549051936 0
1549051937 0
1549051938 0
1549051939 0
1549051940 0
1549051941 0
1549051942 0
1549051943 0
1549051944 0
1549051945 0
1549051946 0
1549051947 0
1549051948 0
1549051949 0
1549051950 0
1549051951 0
1549051952 0
1549051953 0
1549051954 0
1549051955 0
1549051956 0
1549051957 0
1549051958 0
1549051959 0
1549051960 0
1549051961 0
1549051962 0
1549051963 0
1549051964 0
1549051965 0
1549051966 0
1549051967 0
1549051968 0
1549051969 0
1549051970 0
1549051971 0
1549051972 0
1549051973 0
1549051974 0
1549051975 0
1549051976 0
1549051977 0
1549051978 0
1549051979 0
1549051980 0
1549051981 0
1549051982 0
1549051983 0
1549051984 0
1549051985 0
1549051986 0
1549051987 0
1549051988 0
1549051989 0
1549051990 0
1549051991 0
1549051992 0
1549051993 0
1549051994 0
1549051995 0
1549051996 0
1549051997 0
1549051998 0
1549051999 0
1549052000 0
1549052001 0
1549052002 0
1549052003 0
1549052004 0
1549052005 0
1549052006 0
1549052007 0
1549052008 0
1549052009 0
1549052010 0
1549052011 0
1549052012 0
1549052013 0
1549052014 0
1549052015 0
1549052016 0
1549052017 0
1549052018 0
1549052019 0
1549052020 0
1549052021 0
1549052022 0
1549052023 0
1549052024 0
1549052025 0
1549052026 0
1549052027 0
1549052028 0
1549052029 0
1549052030 0
1549052031 0
1549052032 0
1549052033 0
1549052034 0
1549052035 0
1549052036 0
1549052037 0
1549052038 0
1549052039 0
1549052040 0
1549052041 0
1549052042 0
1549052043 0
1549052044 0
1549052045 0
1549052046 0
1549052047 0
1549052048 0
1549052049 0
1549052050 0
1549052051 0
1549052052 0
1549052053 0
1549052054 0
1549052055 0
1549052056 0
1549052057 0
1549052058 0
1549052059 0
1549052060 0
1549052061 0
1549052062 0
1549052063 0
1549052064 0
1549052065 0
1549052066 0
1549052067 0
1549052068 0
1549052069 0
1549052070 0
1549052071 0
1549052072 0
1549052073 0
1549052074 0
1549052075 0
1549052076 0
1549052077 0
1549052078 0
1549052079 0
1549052080 0
1549052081 0
1549052082 0
1549052083 0
1549052084 0
1549052085 0
1549052086 0
1549052087 0
1549052088 0
1549052089 0
1549052090 0
1549052091 0
1549052092 0
1549052093 0
1549052094 0
1549052095 0
1549052096 0
1549052097 0
1549052098 0
1549052099 0
1549052100 0
1549052101 0
1549052102 0
1549052103 0
1549052104 0
1549052105 0
1549052106 0
1549052107 0
1549052108 0
1549052109 0
1549052110 0
1549052111 0
1549052112 0
1549052113 0
1549052114 0
1549052115 0
1549052116 0
1549052117 0
1549052118 0
1549052119 0
1549052120 0
1549052121 0
1549052122 0
1549052123 0
1549052124 0
1549052125 0
1549052126 0
1549052127 0
1549052128 0
1549052129 0
1549052130 0
1549052131 0
1549052132 0
1549052133 0
1549052134 0
1549052135 0
1549052136 0
1549052137 0
1549052138 0
1549052139 0
1549052140 0
1549052141 0
1549052142 0
1549052143 0
1549052144 0
1549052145 0
1549052146 0
1549052147 0
1549052148 0
1549052149 0
1549052150 0
1549052151 0
1549052152 0
1549052153 0
1549052154 0
1549052155 0
1549052156 0
1549052157 0
1549052158 0
1549052159 0
1549052160 0
1549052161 0
1549052162 0
1549052163 0
1549052164 0
1549052165 0
1549052166 0
1549052167 0
1549052168 0
1549052169 0
1549052170 0
1549052171 0
1549052172 0
1549052173 0
1549052174 0
1549052175 0
1549052176 0
1549052177 0
1549052178 0
1549052179 0
1549052180 0
1549052181 0
1549052182 0
1549052183 0
1549052184 0
1549052185 0
1549052186 0
1549052187 0
1549052188 0
1549052189 0
1549052190 0
1549052191 0
1549052192 0
1549052193 0
1549052194 0
1549052195 0
1549052196 0
1549052197 0
1549052198 0
1549052199 0
1549052200 0
1549052201 0
1549052202 0
1549052203 0
1549052204 0
1549052205 0
1549052206 0
1549052207 0
1549052208 0
1549052209 0
1549052210 0
1549052211 0
1549052212 0
1549052213 0
1549052214 0
1549052215 0
1549052216 0
1549052217 0
1549052218 0
1549052219 0
1549052220 0
1549052221 0
1549052222 0
1549052223 0
1549052224 0
1549052225 0
1549052226 0
1549052227 0
1549052228 0
1549052229 0
1549052230 0
1549052231 0
1549052232 0
1549052233 0
1549052234 0
1549052235 0
1549052236 0
1549052237 0
1549052238 0
1549052239 0
1549052240 0
1549052241 0
1549052242 0
1549052243 0
1549052244 0
1549052245 0
1549052246 0
1549052247 0
1549052248 0
1549052249 0
1549052250 0
1549052251 0
1549052252 0
1549052253 0
1549052254 0
1549052255 0
1549052256 0
1549052257 0
1549052258 0
1549052259 0
1549052260 0
1549052261 0
1549052262 0
1549052263 0
1549052264 0
1549052265 0
1549052266 0
1549052267 0
1549052268 0
1549052269 0
1549052270 0
1549052271 0
1549052272 0
1549052273 0
1549052274 0
1549052275 0
1549052276 0
1549052277 0
1549052278 0
1549052279 0
1549052280 0
1549052281 0
1549052282 0
1549052283 0
1549052284 0
1549052285 0
1549052286 0
1549052287 0
1549052288 0
1549052289 0
1549052290 0
1549052291 0
1549052292 0
1549052293 0
1549052294 0
1549052295 0
1549052296 0
1549052297 0
1549052298 0
1549052299 0
1549052300 0
1549052301 0
1549052302 0
1549052303 0
1549052304 0
1549052305 0
1549052306 0
1549052307 0
1549052308 0
1549052309 0
1549052310 0
1549052311 0
1549052312 0
1549052313 0
1549052314 0
1549052315 0
1549052316 0
1549052317 0
1549052318 0
1549052319 0
1549052320 0
1549052321 0
1549052322 0
1549052323 0
1549052324 0
1549052325 0
1549052326 0
1549052327 0
1549052328 0
1549052329 0
1549052330 0
1549052331 0
1549052332 0
1549052333 0
1549052334 0
1549052335 0
1549052336 0
1549052337 0
1549052338 0
1549052339 0
1549052340 0
1549052341 0
1549052342 0
1549052343 0
1549052344 0
1549052345 0
1549052346 0
1549052347 0
1549052348 0
1549052349 0
1549052350 0
1549052351 0
1549052352 0
1549052353 0
1549052354 0
1549052355 0
1549052356 0
1549052357 0
1549052358 0
1549052359 0
1549052360 0
1549052361 0
1549052362 0
1549052363 0
1549052364 0
1549052365 0
1549052366 0
1549052367 0
1549052368 0
1549052369 0
1549052370 0
1549052371 0
1549052372 0
1549052373 0
1549052374 0
1549052375 0
1549052376 0
1549052377 0
1549052378 0
1549052379 0
1549052380 0
1549052381 0
1549052382 0
1549052383 0
1549052384 0
1549052385 0
1549052386 0
1549052387 0
1549052388 0
1549052389 0
1549052390 0
1549052391 0
1549052392 0
1549052393 0
1549052394 0
1549052395 0
1549052396 0
1549052397 0
1549052398 0
1549052399 0
1549052400 0
1549052401 0
1549052402 0
1549052403 0
1549052404 0
1549052405 0
1549052406 0
1549052407 0
1549052408 0
1549052409 0
1549052410 0
1549052411 0
1549052412 0
1549052413 0
1549052414 0
1549052415 0
1549052416 0
1549052417 0
1549052418 0
1549052419 0
1549052420 0
1549052421 0
1549052422 0
1549052423 0
1549052424 0
1549052425 0
1549052426 0
1549052427 0
1549052428 0
1549052429 0
1549052430 0
1549052431 0
1549052432 0
1549052433 0
1549052434 0
1549052435 0
1549052436 0
1549052437 0
1549052438 0
1549052439 0
1549052440 0
1549052441 0
1549052442 0
1549052443 0
1549052444 0
1549052445 0
1549052446 0
1549052447 0
1549052448 0
1549052449 0
1549052450 0
1549052451 0
1549052452 0
1549052453 0
1549052454 0
1549052455 0
1549052456 0
1549052457 0
1549052458 0
1549052459 0
1549052460 0
1549052461 0
1549052462 0
1549052463 0
1549052464 0
1549052465 0
1549052466 0
1549052467 0
1549052468 0
1549052469 0
1549052470 0
1549052471 0
1549052472 0
1549052473 0
1549052474 0
1549052475 0
1549052476 0
1549052477 0
1549052478 0
1549052479 0
1549052480 0
1549052481 0
1549052482 0
1549052483 0
1549052484 0
1549052485 0
1549052486 0
1549052487 0
1549052488 0
1549052489 0
1549052490 0
1549052491 0
1549052492 0
1549052493 0
1549052494 0
1549052495 0
1549052496 0
1549052497 0
1549052498 0
1549052499 0
1549052500 0
1549052501 0
1549052502 0
1549052503 0
1549052504 0
1549052505 0
1549052506 0
1549052507 0
1549052508 0
1549052509 0
1549052510 0
1549052511 0
1549052512 0
1549052513 0
1549052514 0
1549052515 0
1549052516 0
1549052517 0
1549052518 0
1549052519 0
1549052520 0
1549052521 0
1549052522 0
1549052523 0
1549052524 0
1549052525 0
1549052526 0
1549052527 0
1549052528 0
1549052529 0
1549052530 0
1549052531 0
1549052532 0
1549052533 0
1549052534 0
1549052535 0
1549052536 0
1549052537 0
1549052538 0
1549052539 0
1549052540 0
1549052541 0
1549052542 0
1549052543 0
1549052544 0
1549052545 0
1549052546 0
1549052547 0
1549052548 0
1549052549 0
1549052550 0
1549052551 0
1549052552 0
1549052553 0
1549052554 0
1549052555 0
1549052556 0
1549052557 0
1549052558 0
1549052559 0
1549052560 0
1549052561 0
1549052562 0
1549052563 0
1549052564 0
1549052565 0
1549052566 0
1549052567 0
1549052568 0
1549052569 0
1549052570 0
1549052571 0
1549052572 0
1549052573 0
1549052574 0
1549052575 0
1549052576 0
1549052577 0
1549052578 0
1549052579 0
1549052580 0
1549052581 0
1549052582 0
1549052583 0
1549052584 0
1549052585 0
1549052586 0
1549052587 0
1549052588 0
1549052589 0
1549052590 0
1549052591 0
1549052592 0
1549052593 0
1549052594 0
1549052595 0
1549052596 0
1549052597 0
1549052598 0
1549052599 0
1549052600 0
1549052601 0
1549052602 0
1549052603 0
1549052604 0
1549052605 0
1549052606 0
1549052607 0
1549052608 0
1549052609 0
1549052610 0
1549052611 0
1549052612 0
1549052613 0
1549052614 0
1549052615 0
1549052616 0
1549052617 0
1549052618 0
1549052619 0
1549052620 0
1549052621 0
1549052622 0
1549052623 0
1549052624 0
1549052625 0
1549052626 0
1549052627 0
1549052628 0
1549052629 0
1549052630 0
1549052631 0
1549052632 0
1549052633 0
1549052634 0
1549052635 0
1549052636 0
1549052637 0
1549052638 0
1549052639 0
1549052640 0
1549052641 0
1549052642 0
1549052643 0
1549052644 0
1549052645 0
1549052646 0
1549052647 0
1549052648 0
1549052649 0
1549052650 0
1549052651 0
1549052652 0
1549052653 0
1549052654 0
1549052655 0
1549052656 0
1549052657 0
1549052658 0
1549052659 0
1549052660 0
1549052661 0
1549052662 0
1549052663 0
1549052664 0
1549052665 0
1549052666 0
1549052667 0
1549052668 0
1549052669 0
1549052670 0
1549052671 0
1549052672 0
1549052673 0
1549052674 0
1549052675 0
1549052676 0
1549052677 0
1549052678 0
1549052679 0
1549052680 0
1549052681 0
1549052682 0
1549052683 0
1549052684 0
1549052685 0
1549052686 0
1549052687 0
1549052688 0
1549052689 0
1549052690 0
1549052691 0
1549052692 0
1549052693 0
1549052694 0
1549052695 0
1549052696 0
1549052697 0
1549052698 0
1549052699 0
1549052700 0
1549052701 0
1549052702 0
1549052703 0
1549052704 0
1549052705 0
1549052706 0
1549052707 0
1549052708 0
1549052709 0
1549052710 0
1549052711 0
1549052712 0
1549052713 0
1549052714 0
1549052715 0
1549052716 0
1549052717 0
1549052718 0
1549052719 0
1549052720 0
1549052721 0
1549052722 0
1549052723 0
1549052724 0
1549052725 0
1549052726 0
1549052727 0
1549052728 0
1549052729 0
1549052730 0
1549052731 0
1549052732 0
1549052733 0
1549052734 0
1549052735 0
1549052736 0
1549052737 0
1549052738 0
1549052739 0
1549052740 0
1549052741 0
1549052742 0
1549052743 0
1549052744 0
1549052745 0
1549052746 0
1549052747 0
1549052748 0
1549052749 0
1549052750 0
1549052751 0
1549052752 0
1549052753 0
1549052754 0
1549052755 0
1549052756 0
1549052757 0
1549052758 0
1549052759 0
1549052760 0
1549052761 0
1549052762 0
1549052763 0
1549052764 0
1549052765 0
1549052766 0
1549052767 0
1549052768 0
1549052769 0
1549052770 0
1549052771 0
1549052772 0
1549052773 0
1549052774 0
1549052775 0
1549052776 0
1549052777 0
1549052778 0
1549052779 0
1549052780 0
1549052781 0
1549052782 0
1549052783 0
1549052784 0
1549052785 0
1549052786 0
1549052787 0
1549052788 0
1549052789 0
1549052790 0
1549052791 0
1549052792 0
1549052793 0
1549052794 0
1549052795 0
1549052796 0
1549052797 0
1549052798 0
1549052799 0
1549052800 0
1549052801 0
1549052802 0
1549052803 0
1549052804 0
1549052805 0
1549052806 0
1549052807 0
1549052808 0
1549052809 0
1549052810 0
1549052811 0
1549052812 0
1549052813 0
1549052814 0
1549052815 0
1549052816 0
1549052817 0
1549052818 0
1549052819 0
1549052820 0
1549052821 0
1549052822 0
1549052823 0
1549052824 0
1549052825 0
1549052826 0
1549052827 0
1549052828 0
1549052829 0
1549052830 0
1549052831 0
1549052832 0
1549052833 0
1549052834 0
1549052835 0
1549052836 0
1549052837 0
1549052838 0
1549052839 0
1549052840 0
1549052841 0
1549052842 0
1549052843 0
1549052844 0
1549052845 0
1549052846 0
1549052847 0
1549052848 0
1549052849 0
1549052850 0
1549052851 0
1549052852 0
1549052853 0
1549052854 0
1549052855 0
1549052856 0
1549052857 0
1549052858 0
1549052859 0
1549052860 0
1549052861 0
1549052862 0
1549052863 0
1549052864 0
1549052865 0
1549052866 0
1549052867 0
1549052868 0
1549052869 0
1549052870 0
1549052871 0
1549052872 0
1549052873 0
1549052874 0
1549052875 0
1549052876 0
1549052877 0
1549052878 0
1549052879 0
1549052880 0
1549052881 0
1549052882 0
1549052883 0
1549052884 0
1549052885 0
1549052886 0
1549052887 0
1549052888 0
1549052889 0
1549052890 0
1549052891 0
1549052892 0
1549052893 0
1549052894 0
1549052895 0
1549052896 0
1549052897 0
1549052898 0
1549052899 0
1549052900 0
1549052901 0
1549052902 0
1549052903 0
1549052904 0
1549052905 0
1549052906 0
1549052907 0
1549052908 0
1549052909 0
1549052910 0
1549052911 0
1549052912 0
1549052913 0
1549052914 0
1549052915 0
1549052916 0
1549052917 0
1549052918 0
1549052919 0
1549052920 0
1549052921 0
1549052922 0
1549052923 0
1549052924 0
1549052925 0
1549052926 0
1549052927 0
1549052928 0
1549052929 0
1549052930 0
1549052931 0
1549052932 0
1549052933 0
1549052934 0
1549052935 0
1549052936 0
1549052937 0
1549052938 0
1549052939 0
1549052940 0
1549052941 0
1549052942 0
1549052943 0
1549052944 0
1549052945 0
1549052946 0
1549052947 0
1549052948 0
1549052949 0
1549052950 0
1549052951 0
1549052952 0
1549052953 0
1549052954 0
1549052955 0
1549052956 0
1549052957 0
1549052958 0
1549052959 0
1549052960 0
1549052961 0
1549052962 0
1549052963 0
1549052964 0
1549052965 0
1549052966 0
1549052967 0
1549052968 0
1549052969 0
1549052970 0
1549052971 0
1549052972 0
1549052973 0
1549052974 0
1549052975 0
1549052976 0
1549052977 0
1549052978 0
1549052979 0
1549052980 0
1549052981 0
1549052982 0
1549052983 0
1549052984 0
1549052985 0
1549052986 0
1549052987 0
1549052988 0
1549052989 0
1549052990 0
1549052991 0
1549052992 0
1549052993 0
1549052994 0
1549052995 0
1549052996 0
1549052997 0
1549052998 0
1549052999 0
1549053000 0
1549053001 0
1549053002 0
1549053003 0
1549053004 0
1549053005 0
1549053006 0
1549053007 0
1549053008 0
1549053009 0
1549053010 0
1549053011 0
1549053012 0
1549053013 0
1549053014 0
1549053015 0
1549053016 0
1549053017 0
1549053018 0
1549053019 0
1549053020 0
1549053021 0
1549053022 0
1549053023 0
1549053024 0
1549053025 0
1549053026 0
1549053027 0
1549053028 0
1549053029 0
1549053030 0
1549053031 0
1549053032 0
1549053033 0
1549053034 0
1549053035 0
1549053036 0
1549053037 0
1549053038 0
1549053039 0
1549053040 0
1549053041 0
1549053042 0
1549053043 0
1549053044 0
1549053045 0
1549053046 0
1549053047 0
1549053048 0
1549053049 0
1549053050 0
1549053051 0
1549053052 0
1549053053 0
1549053054 0
1549053055 0
1549053056 0
1549053057 0
1549053058 0
1549053059 0
1549053060 0
1549053061 0
1549053062 0
1549053063 0
1549053064 0
1549053065 0
1549053066 0
1549053067 0
1549053068 0
1549053069 0
1549053070 0
1549053071 0
1549053072 0
1549053073 0
1549053074 0
1549053075 0
1549053076 0
1549053077 0
1549053078 0
1549053079 0
1549053080 0
1549053081 0
1549053082 0
1549053083 0
1549053084 0
1549053085 0
1549053086 0
1549053087 0
1549053088 0
1549053089 0
1549053090 0
1549053091 0
1549053092 0
1549053093 0
1549053094 0
1549053095 0
1549053096 0
1549053097 0
1549053098 0
1549053099 0
1549053100 0
1549053101 0
1549053102 0
1549053103 0
1549053104 0
1549053105 0
1549053106 0
1549053107 0
1549053108 0
1549053109 0
1549053110 0
1549053111 0
1549053112 0
1549053113 0
1549053114 0
1549053115 0
1549053116 0
1549053117 0
1549053118 0
1549053119 0
1549053120 0
1549053121 0
1549053122 0
1549053123 0
1549053124 0
1549053125 0
1549053126 0
1549053127 0
1549053128 0
1549053129 0
1549053130 0
1549053131 0
1549053132 0
1549053133 0
1549053134 0
1549053135 0
1549053136 0
1549053137 0
1549053138 0
1549053139 0
1549053140 0
1549053141 0
1549053142 0
1549053143 0
1549053144 0
1549053145 0
1549053146 0
1549053147 0
1549053148 0
1549053149 0
1549053150 0
1549053151 0
1549053152 0
1549053153 0
1549053154 0
1549053155 0
1549053156 0
1549053157 0
1549053158 0
1549053159 0
1549053160 0
1549053161 0
1549053162 0
1549053163 0
1549053164 0
1549053165 0
1549053166 0
1549053167 0
1549053168 0
1549053169 0
1549053170 0
1549053171 0
1549053172 0
1549053173 0
1549053174 0
1549053175 0
1549053176 0
1549053177 0
1549053178 0
1549053179 0
1549053180 0
1549053181 0
1549053182 0
1549053183 0
1549053184 0
1549053185 0
1549053186 0
1549053187 0
1549053188 0
1549053189 0
1549053190 0
1549053191 0
1549053192 0
1549053193 0
1549053194 0
1549053195 0
1549053196 0
1549053197 0
1549053198 0
1549053199 0
1549053200 0
1549053201 0
1549053202 0
1549053203 0
1549053204 0
1549053205 0
1549053206 0
1549053207 0
1549053208 0
1549053209 0
1549053210 0
1549053211 0
1549053212 0
1549053213 0
1549053214 0
1549053215 0
1549053216 0
1549053217 0
1549053218 0
1549053219 0
1549053220 0
1549053221 0
1549053222 0
1549053223 0
1549053224 0
1549053225 0
1549053226 0
1549053227 0
1549053228 0
1549053229 0
1549053230 0
1549053231 0
1549053232 0
1549053233 0
1549053234 0
1549053235 0
1549053236 0
1549053237 0
1549053238 0
1549053239 0
1549053240 0
1549053241 0
1549053242 0
1549053243 0
1549053244 0
1549053245 0
1549053246 0
1549053247 0
1549053248 0
1549053249 0
1549053250 0
1549053251 0
1549053252 0
1549053253 0
1549053254 0
1549053255 0
1549053256 0
1549053257 0
1549053258 0
1549053259 0
1549053260 0
1549053261 0
1549053262 0
1549053263 0
1549053264 0
1549053265 0
1549053266 0
1549053267 0
1549053268 0
1549053269 0
1549053270 0
1549053271 0
1549053272 0
1549053273 0
1549053274 0
1549053275 0
1549053276 0
1549053277 0
1549053278 0
1549053279 0
1549053280 0
1549053281 0
1549053282 0
1549053283 0
1549053284 0
1549053285 0
1549053286 0
1549053287 0
1549053288 0
1549053289 0
1549053290 0
1549053291 0
1549053292 0
1549053293 0
1549053294 0
1549053295 0
1549053296 0
1549053297 0
1549053298 0
1549053299 0
1549053300 0
1549053301 0
1549053302 0
1549053303 0
1549053304 0
1549053305 0
1549053306 0
1549053307 0
1549053308 0
1549053309 0
1549053310 0
1549053311 0
1549053312 0
1549053313 0
1549053314 0
1549053315 0
1549053316 0
1549053317 0
1549053318 0
1549053319 0
1549053320 0
1549053321 0
1549053322 0
1549053323 0
1549053324 0
1549053325 0
1549053326 0
1549053327 0
1549053328 0
1549053329 0
1549053330 0
1549053331 0
1549053332 0
1549053333 0
1549053334 0
1549053335 0
1549053336 0
1549053337 0
1549053338 0
1549053339 0
1549053340 0
1549053341 0
1549053342 0
1549053343 0
1549053344 0
1549053345 0
1549053346 0
1549053347 0
1549053348 0
1549053349 0
1549053350 0
1549053351 0
1549053352 0
1549053353 0
1549053354 0
1549053355 0
1549053356 0
1549053357 0
1549053358 0
1549053359 0
1549053360 0
1549053361 0
1549053362 0
1549053363 0
1549053364 0
1549053365 0
1549053366 0
1549053367 0
1549053368 0
1549053369 0
1549053370 0
1549053371 0
1549053372 0
1549053373 0
1549053374 0
1549053375 0
1549053376 0
1549053377 0
1549053378 0
1549053379 0
1549053380 0
1549053381 0
1549053382 0
1549053383 0
1549053384 0
1549053385 0
1549053386 0
1549053387 0
1549053388 0
1549053389 0
1549053390 0
1549053391 0
1549053392 0
1549053393 0
1549053394 0
1549053395 0
1549053396 0
1549053397 0
1549053398 0
1549053399 0
1549053400 0
1549053401 0
1549053402 0
1549053403 0
1549053404 0
1549053405 0
1549053406 0
1549053407 0
1549053408 0
1549053409 0
1549053410 0
1549053411 0
1549053412 0
1549053413 0
1549053414 0
1549053415 0
1549053416 0
1549053417 0
1549053418 0
1549053419 0
1549053420 0
1549053421 0
1549053422 0
1549053423 0
1549053424 0
1549053425 0
1549053426 0
1549053427 0
1549053428 0
1549053429 0
1549053430 0
1549053431 0
1549053432 0
1549053433 0
1549053434 0
1549053435 0
1549053436 0
1549053437 0
1549053438 0
1549053439 0
1549053440 0
1549053441 0
1549053442 0
1549053443 0
1549053444 0
1549053445 0
1549053446 0
1549053447 0
1549053448 0
1549053449 0
1549053450 0
1549053451 0
1549053452 0
1549053453 0
1549053454 0
1549053455 0
1549053456 0
1549053457 0
1549053458 0
1549053459 0
1549053460 0
1549053461 0
1549053462 0
1549053463 0
1549053464 0
1549053465 0
1549053466 0
1549053467 0
1549053468 0
1549053469 0
1549053470 0
1549053471 0
1549053472 0
1549053473 0
1549053474 0
1549053475 0
1549053476 0
1549053477 0
1549053478 0
1549053479 0
1549053480 0
1549053481 0
1549053482 0
1549053483 0
1549053484 0
1549053485 0
1549053486 0
1549053487 0
1549053488 0
1549053489 0
1549053490 0
1549053491 0
1549053492 0
1549053493 0
1549053494 0
1549053495 0
1549053496 0
1549053497 0
1549053498 0
1549053499 0
1549053500 0
1549053501 0
1549053502 0
1549053503 0
1549053504 0
1549053505 0
1549053506 0
1549053507 0
1549053508 0
1549053509 0
1549053510 0
1549053511 0
1549053512 0
1549053513 0
1549053514 0
1549053515 0
1549053516 0
1549053517 0
1549053518 0
1549053519 0
1549053520 0
1549053521 0
1549053522 0
1549053523 0
1549053524 0
1549053525 0
1549053526 0
1549053527 0
1549053528 0
1549053529 0
1549053530 0
1549053531 0
1549053532 0
1549053533 0
1549053534 0
1549053535 0
1549053536 0
1549053537 0
1549053538 0
1549053539 0
1549053540 0
1549053541 0
1549053542 0
1549053543 0
1549053544 0
1549053545 0
1549053546 0
1549053547 0
1549053548 0
1549053549 0
1549053550 0
1549053551 0
1549053552 0
1549053553 0
1549053554 0
1549053555 0
1549053556 0
1549053557 0
1549053558 0
1549053559 0
1549053560 0
1549053561 0
1549053562 0
1549053563 0
1549053564 0
1549053565 0
1549053566 0
1549053567 0
1549053568 0
1549053569 0
1549053570 0
1549053571 0
1549053572 0
1549053573 0
1549053574 0
1549053575 0
1549053576 0
1549053577 0
1549053578 0
1549053579 0
1549053580 0
1549053581 0
1549053582 0
1549053583 0
1549053584 0
1549053585 0
1549053586 0
1549053587 0
1549053588 0
1549053589 0
1549053590 0
1549053591 0
1549053592 0
1549053593 0
1549053594 0
1549053595 0
1549053596 0
1549053597 0
1549053598 0
1549053599 0
1549053600 0
1549053601 0
1549053602 0
1549053603 0
1549053604 0
1549053605 0
1549053606 0
1549053607 0
1549053608 0
1549053609 0
1549053610 0
1549053611 0
1549053612 0
1549053613 0
1549053614 0
1549053615 0
1549053616 0
1549053617 0
1549053618 0
1549053619 0
1549053620 0
1549053621 0
1549053622 0
1549053623 0
1549053624 0
1549053625 0
1549053626 0
1549053627 0
1549053628 0
1549053629 0
1549053630 0
1549053631 0
1549053632 0
1549053633 0
1549053634 0
1549053635 0
1549053636 0
1549053637 0
1549053638 0
1549053639 0
1549053640 0
1549053641 0
1549053642 0
1549053643 0
1549053644 0
1549053645 0
1549053646 0
1549053647 0
1549053648 0
1549053649 0
1549053650 0
1549053651 0
1549053652 0
1549053653 0
1549053654 0
1549053655 0
1549053656 0
1549053657 0
1549053658 0
1549053659 0
1549053660 0
1549053661 0
1549053662 0
1549053663 0
1549053664 0
1549053665 0
1549053666 0
1549053667 0
1549053668 0
1549053669 0
1549053670 0
1549053671 0
1549053672 0
1549053673 0
1549053674 0
1549053675 0
1549053676 0
1549053677 0
1549053678 0
1549053679 0
1549053680 0
1549053681 0
1549053682 0
1549053683 0
1549053684 0
1549053685 0
1549053686 0
1549053687 0
1549053688 0
1549053689 0
1549053690 0
1549053691 0
1549053692 0
1549053693 0
1549053694 0
1549053695 0
1549053696 0
1549053697 0
1549053698 0
1549053699 0
1549053700 0
1549053701 0
1549053702 0
1549053703 0
1549053704 0
1549053705 0
1549053706 0
1549053707 0
1549053708 0
1549053709 0
1549053710 0
1549053711 0
1549053712 0
1549053713 0
1549053714 0
1549053715 0
1549053716 0
1549053717 0
1549053718 0
1549053719 0
1549053720 0
1549053721 0
1549053722 0
1549053723 0
1549053724 0
1549053725 0
1549053726 0
1549053727 0
1549053728 0
1549053729 0
1549053730 0
1549053731 0
1549053732 0
1549053733 0
1549053734 0
1549053735 0
1549053736 0
1549053737 0
1549053738 0
1549053739 0
1549053740 0
1549053741 0
1549053742 0
1549053743 0
1549053744 0
1549053745 0
1549053746 0
1549053747 0
1549053748 0
1549053749 0
1549053750 0
1549053751 0
1549053752 0
1549053753 0
1549053754 0
1549053755 0
1549053756 0
1549053757 0
1549053758 0
1549053759 0
1549053760 0
1549053761 0
1549053762 0
1549053763 0
1549053764 0
1549053765 0
1549053766 0
1549053767 0
1549053768 0
1549053769 0
1549053770 0
1549053771 0
1549053772 0
1549053773 0
1549053774 0
1549053775 0
1549053776 0
1549053777 0
1549053778 0
1549053779 0
1549053780 0
1549053781 0
1549053782 0
1549053783 0
1549053784 0
1549053785 0
1549053786 0
1549053787 0
1549053788 0
1549053789 0
1549053790 0
1549053791 0
1549053792 0
1549053793 0
1549053794 0
1549053795 0
1549053796 0
1549053797 0
1549053798 0
1549053799 0
1549053800 0
1549053801 0
1549053802 0
1549053803 0
1549053804 0
1549053805 0
1549053806 0
1549053807 0
1549053808 0
1549053809 0
1549053810 0
1549053811 0
1549053812 0
1549053813 0
1549053814 0
1549053815 0
1549053816 0
1549053817 0
1549053818 0
1549053819 0
1549053820 0
1549053821 0
1549053822 0
1549053823 0
1549053824 0
1549053825 0
1549053826 0
1549053827 0
1549053828 0
1549053829 0
1549053830 0
1549053831 0
1549053832 0
1549053833 0
1549053834 0
1549053835 0
1549053836 0
1549053837 0
1549053838 0
1549053839 0
1549053840 0
1549053841 0
1549053842 0
1549053843 0
1549053844 0
1549053845 0
1549053846 0
1549053847 0
1549053848 0
1549053849 0
1549053850 0
1549053851 0
1549053852 0
1549053853 0
1549053854 0
1549053855 0
1549053856 0
1549053857 0
1549053858 0
1549053859 0
1549053860 0
1549053861 0
1549053862 0
1549053863 0
1549053864 0
1549053865 0
1549053866 0
1549053867 0
1549053868 0
1549053869 0
1549053870 0
1549053871 0
1549053872 0
1549053873 0
1549053874 0
1549053875 0
1549053876 0
1549053877 0
1549053878 0
1549053879 0
1549053880 0
1549053881 0
1549053882 0
1549053883 0
1549053884 0
1549053885 0
1549053886 0
1549053887 0
1549053888 0
1549053889 0
1549053890 0
1549053891 0
1549053892 0
1549053893 0
1549053894 0
1549053895 0
1549053896 0
1549053897 0
1549053898 0
1549053899 0
1549053900 0
1549053901 0
1549053902 0
1549053903 0
1549053904 0
1549053905 0
1549053906 0
1549053907 0
1549053908 0
1549053909 0
1549053910 0
1549053911 0
1549053912 0
1549053913 0
1549053914 0
1549053915 0
1549053916 0
1549053917 0
1549053918 0
1549053919 0
1549053920 0
1549053921 0
1549053922 0
1549053923 0
1549053924 0
1549053925 0
1549053926 0
1549053927 0
1549053928 0
1549053929 0
1549053930 0
1549053931 0
1549053932 0
1549053933 0
1549053934 0
1549053935 0
1549053936 0
1549053937 0
1549053938 0
1549053939 0
1549053940 0
1549053941 0
1549053942 0
1549053943 0
1549053944 0
1549053945 0
1549053946 0
1549053947 0
1549053948 0
1549053949 0
1549053950 0
1549053951 0
1549053952 0
1549053953 0
1549053954 0
1549053955 0
1549053956 0
1549053957 0
1549053958 0
1549053959 0
1549053960 0
1549053961 0
1549053962 0
1549053963 0
1549053964 0
1549053965 0
1549053966 0
1549053967 0
1549053968 0
1549053969 0
1549053970 0
1549053971 0
1549053972 0
1549053973 0
1549053974 0
1549053975 0
1549053976 0
1549053977 0
1549053978 0
1549053979 0
1549053980 0
1549053981 0
1549053982 0
1549053983 0
1549053984 0
1549053985 0
1549053986 0
1549053987 0
1549053988 0
1549053989 0
1549053990 0
1549053991 0
1549053992 0
1549053993 0
1549053994 0
1549053995 0
1549053996 0
1549053997 0
1549053998 0
1549053999 0
1549054000 0
1549054001 0
1549054002 0
1549054003 0
1549054004 0
1549054005 0
1549054006 0
1549054007 0
1549054008 0
1549054009 0
1549054010 0
1549054011 0
1549054012 0
1549054013 0
1549054014 0
1549054015 0
1549054016 0
1549054017 0
1549054018 0
1549054019 0
1549054020 0
1549054021 0
1549054022 0
1549054023 0
1549054024 0
1549054025 0
1549054026 0
1549054027 0
1549054028 0
1549054029 0
1549054030 0
1549054031 0
1549054032 0
1549054033 0
1549054034 0
1549054035 0
1549054036 0
1549054037 0
1549054038 0
1549054039 0
1549054040 0
1549054041 0
1549054042 0
1549054043 0
1549054044 0
1549054045 0
1549054046 0
1549054047 0
1549054048 0
1549054049 0
1549054050 0
1549054051 0
1549054052 0
1549054053 0
1549054054 0
1549054055 0
1549054056 0
1549054057 0
1549054058 0
1549054059 0
1549054060 0
1549054061 0
1549054062 0
1549054063 0
1549054064 0
1549054065 0
1549054066 0
1549054067 0
1549054068 0
1549054069 0
1549054070 0
1549054071 0
1549054072 0
1549054073 0
1549054074 0
1549054075 0
1549054076 0
1549054077 0
1549054078 0
1549054079 0
1549054080 0
1549054081 0
1549054082 0
1549054083 0
1549054084 0
1549054085 0
1549054086 0
1549054087 0
1549054088 0
1549054089 0
1549054090 0
1549054091 0
1549054092 0
1549054093 0
1549054094 0
1549054095 0
1549054096 0
1549054097 0
1549054098 0
1549054099 0
1549054100 0
1549054101 0
1549054102 0
1549054103 0
1549054104 0
1549054105 0
1549054106 0
1549054107 0
1549054108 0
1549054109 0
1549054110 0
1549054111 0
1549054112 0
1549054113 0
1549054114 0
1549054115 0
1549054116 0
1549054117 0
1549054118 0
1549054119 0
1549054120 0
1549054121 0
1549054122 0
1549054123 0
1549054124 0
1549054125 0
1549054126 0
1549054127 0
1549054128 0
1549054129 0
1549054130 0
1549054131 0
1549054132 0
1549054133 0
1549054134 0
1549054135 0
1549054136 0
1549054137 0
1549054138 0
1549054139 0
1549054140 0
1549054141 0
1549054142 0
1549054143 0
1549054144 0
1549054145 0
1549054146 0
1549054147 0
1549054148 0
1549054149 0
1549054150 0
1549054151 0
1549054152 0
1549054153 0
1549054154 0
1549054155 0
1549054156 0
1549054157 0
1549054158 0
1549054159 0
1549054160 0
1549054161 0
1549054162 0
1549054163 0
1549054164 0
1549054165 0
1549054166 0
1549054167 0
1549054168 0
1549054169 0
1549054170 0
1549054171 0
1549054172 0
1549054173 0
1549054174 0
1549054175 0
1549054176 0
1549054177 0
1549054178 0
1549054179 0
1549054180 0
1549054181 0
1549054182 0
1549054183 0
1549054184 0
1549054185 0
1549054186 0
1549054187 0
1549054188 0
1549054189 0
1549054190 0
1549054191 0
1549054192 0
1549054193 0
1549054194 0
1549054195 0
1549054196 0
1549054197 0
1549054198 0
1549054199 0
1549054200 0
1549054201 0
1549054202 0
1549054203 0
1549054204 0
1549054205 0
1549054206 0
1549054207 0
1549054208 0
1549054209 0
1549054210 0
1549054211 0
1549054212 0
1549054213 0
1549054214 0
1549054215 0
1549054216 0
1549054217 0
1549054218 0
1549054219 0
1549054220 0
1549054221 0
1549054222 0
1549054223 0
1549054224 0
1549054225 0
1549054226 0
1549054227 0
1549054228 0
1549054229 0
1549054230 0
1549054231 0
1549054232 0
1549054233 0
1549054234 0
1549054235 0
1549054236 0
1549054237 0
1549054238 0
1549054239 0
1549054240 0
1549054241 0
1549054242 0
1549054243 0
1549054244 0
1549054245 0
1549054246 0
1549054247 0
1549054248 0
1549054249 0
1549054250 0
1549054251 0
1549054252 0
1549054253 0
1549054254 0
1549054255 0
1549054256 0
1549054257 0
1549054258 0
1549054259 0
1549054260 0
1549054261 0
1549054262 0
1549054263 0
1549054264 0
1549054265 0
1549054266 0
1549054267 0
1549054268 0
1549054269 0
1549054270 0
1549054271 0
1549054272 0
1549054273 0
1549054274 0
1549054275 0
1549054276 0
1549054277 0
1549054278 0
1549054279 0
1549054280 0
1549054281 0
1549054282 0
1549054283 0
1549054284 0
1549054285 0
1549054286 0
1549054287 0
1549054288 0
1549054289 0
1549054290 0
1549054291 0
1549054292 0
1549054293 0
1549054294 0
1549054295 0
1549054296 0
1549054297 0
1549054298 0
1549054299 0
1549054300 0
1549054301 0
1549054302 0
1549054303 0
1549054304 0
1549054305 0
1549054306 0
1549054307 0
1549054308 0
1549054309 0
1549054310 0
1549054311 0
1549054312 0
1549054313 0
1549054314 0
1549054315 0
1549054316 0
1549054317 0
1549054318 0
1549054319 0
1549054320 0
1549054321 0
1549054322 0
1549054323 0
1549054324 0
1549054325 0
1549054326 0
1549054327 0
1549054328 0
1549054329 0
1549054330 0
1549054331 0
1549054332 0
1549054333 0
1549054334 0
1549054335 0
1549054336 0
1549054337 0
1549054338 0
1549054339 0
1549054340 0
1549054341 0
1549054342 0
1549054343 0
1549054344 0
1549054345 0
1549054346 0
1549054347 0
1549054348 0
1549054349 0
1549054350 0
1549054351 0
1549054352 0
1549054353 0
1549054354 0
1549054355 0
1549054356 0
1549054357 0
1549054358 0
1549054359 0
1549054360 0
1549054361 0
1549054362 0
1549054363 0
1549054364 0
1549054365 0
1549054366 0
1549054367 0
1549054368 0
1549054369 0
1549054370 0
1549054371 0
1549054372 0
1549054373 0
1549054374 0
1549054375 0
1549054376 0
1549054377 0
1549054378 0
1549054379 0
1549054380 0
1549054381 0
1549054382 0
1549054383 0
1549054384 0
1549054385 0
1549054386 0
1549054387 0
1549054388 0
1549054389 0
1549054390 0
1549054391 0
1549054392 0
1549054393 0
1549054394 0
1549054395 0
1549054396 0
1549054397 0
1549054398 0
1549054399 0
1549054400 0
1549054401 0
1549054402 0
1549054403 0
1549054404 0
1549054405 0
1549054406 0
1549054407 0
1549054408 0
1549054409 0
1549054410 0
1549054411 0
1549054412 0
1549054413 0
1549054414 0
1549054415 0
1549054416 0
1549054417 0
1549054418 0
1549054419 0
1549054420 0
1549054421 0
1549054422 0
1549054423 0
1549054424 0
1549054425 0
1549054426 0
1549054427 0
1549054428 0
1549054429 0
1549054430 0
1549054431 0
1549054432 0
1549054433 0
1549054434 0
1549054435 0
1549054436 0
1549054437 0
1549054438 0
1549054439 0
1549054440 0
1549054441 0
1549054442 0
1549054443 0
1549054444 0
1549054445 0
1549054446 0
1549054447 0
1549054448 0
1549054449 0
1549054450 0
1549054451 0
1549054452 0
1549054453 0
1549054454 0
1549054455 0
1549054456 0
1549054457 0
1549054458 0
1549054459 0
1549054460 0
1549054461 0
1549054462 0
1549054463 0
1549054464 0
1549054465 0
1549054466 0
1549054467 0
1549054468 0
1549054469 0
1549054470 0
1549054471 0
1549054472 0
1549054473 0
1549054474 0
1549054475 0
1549054476 0
1549054477 0
1549054478 0
1549054479 0
1549054480 0
1549054481 0
1549054482 0
1549054483 0
1549054484 0
1549054485 0
1549054486 0
1549054487 0
1549054488 0
1549054489 0
1549054490 0
1549054491 0
1549054492 0
1549054493 0
1549054494 0
1549054495 0
1549054496 0
1549054497 0
1549054498 0
1549054499 0
1549054500 0
1549054501 0
1549054502 0
1549054503 0
1549054504 0
1549054505 0
1549054506 0
1549054507 0
1549054508 0
1549054509 0
1549054510 0
1549054511 0
1549054512 0
1549054513 0
1549054514 0
1549054515 0
1549054516 0
1549054517 0
1549054518 0
1549054519 0
1549054520 0
1549054521 0
1549054522 0
1549054523 0
1549054524 0
1549054525 0
1549054526 0
1549054527 0
1549054528 0
1549054529 0
1549054530 0
1549054531 0
1549054532 0
1549054533 0
1549054534 0
1549054535 0
1549054536 0
1549054537 0
1549054538 0
1549054539 0
1549054540 0
1549054541 0
1549054542 0
1549054543 0
1549054544 0
1549054545 0
1549054546 0
1549054547 0
1549054548 0
1549054549 0
1549054550 0
1549054551 0
1549054552 0
1549054553 0
1549054554 0
1549054555 0
1549054556 0
1549054557 0
1549054558 0
1549054559 0
1549054560 0
1549054561 0
1549054562 0
1549054563 0
1549054564 0
1549054565 0
1549054566 0
1549054567 0
1549054568 0
1549054569 0
1549054570 0
1549054571 0
1549054572 0
1549054573 0
1549054574 0
1549054575 0
1549054576 0
1549054577 0
1549054578 0
1549054579 0
1549054580 0
1549054581 0
1549054582 0
1549054583 0
1549054584 0
1549054585 0
1549054586 0
1549054587 0
1549054588 0
1549054589 0
1549054590 0
1549054591 0
1549054592 0
1549054593 0
1549054594 0
1549054595 0
1549054596 0
1549054597 0
1549054598 0
1549054599 0
1549054600 0
1549054601 0
1549054602 0
1549054603 0
1549054604 0
1549054605 0
1549054606 0
1549054607 0
1549054608 0
1549054609 0
1549054610 0
1549054611 0
1549054612 0
1549054613 0
1549054614 0
1549054615 0
1549054616 0
1549054617 0
1549054618 0
1549054619 0
1549054620 0
1549054621 0
1549054622 0
1549054623 0
1549054624 0
1549054625 0
1549054626 0
1549054627 0
1549054628 0
1549054629 0
1549054630 0
1549054631 0
1549054632 0
1549054633 0
1549054634 0
1549054635 0
1549054636 0
1549054637 0
1549054638 0
1549054639 0
1549054640 0
1549054641 0
1549054642 0
1549054643 0
1549054644 0
1549054645 0
1549054646 0
1549054647 0
1549054648 0
1549054649 0
1549054650 0
1549054651 0
1549054652 0
1549054653 0
1549054654 0
1549054655 0
1549054656 0
1549054657 0
1549054658 0
1549054659 0
1549054660 0
1549054661 0
1549054662 0
1549054663 0
1549054664 0
1549054665 0
1549054666 0
1549054667 1
1549054668 0
1549054669 0
1549054670 0
1549054671 0
1549054672 0
1549054673 0
1549054674 0
1549054675 0
1549054676 0
1549054677 0
1549054678 0
1549054679 0
1549054680 0
1549054681 0
1549054682 0
1549054683 0
1549054684 0
1549054685 0
1549054686 0
1549054687 0
1549054688 0
1549054689 20
1549054690 0
1549054691 0
1549054692 35
1549054693 0
1549054694 0
1549054695 0
1549054696 0
1549054697 0
1549054698 0
1549054699 0
1549054700 0
1549054701 23
1549054702 3
1549054703 0
1549054704 0
1549054705 0
1549054706 0
1549054707 0
1549054708 0
1549054709 40
1549054710 0
1549054711 0
1549054712 0
1549054713 0
1549054714 0
1549054715 0
1549054716 118
1549054717 0
1549054718 0
1549054719 0
1549054720 0
1549054721 0
1549054722 0
1549054723 0
1549054724 0
1549054725 0
1549054726 0
1549054727 0
1549054728 0
1549054729 0
1549054730 0
1549054731 0
1549054732 0
1549054733 0
1549054734 0
1549054735 48
1549054736 0
1549054737 0
1549054738 0
1549054739 0
1549054740 0
1549054741 0
1549054742 0
1549054743 0
1549054744 0
1549054745 0
1549054746 3
1549054747 0
1549054748 0
1549054749 0
1549054750 0
1549054751 0
1549054752 3
1549054753 0
1549054754 0
1549054755 0
1549054756 36
1549054757 0
1549054758 0
1549054759 0
1549054760 0
1549054761 0
1549054762 0
1549054763 0
1549054764 0
1549054765 0
1549054766 0
1549054767 0
1549054768 0
1549054769 0
1549054770 0
1549054771 0
1549054772 17
1549054773 52
1549054774 0
1549054775 0
1549054776 0
1549054777 0
1549054778 0
1549054779 26
1549054780 0
1549054781 0
1549054782 30
1549054783 0
1549054784 0
1549054785 0
1549054786 0
1549054787 0
1549054788 0
1549054789 0
1549054790 0
1549054791 65
1549054792 16
1549054793 4
1549054794 0
1549054795 0
1549054796 0
1549054797 0
1549054798 0
1549054799 0
1549054800 0
1549054801 0
1549054802 0
1549054803 0
1549054804 37
1549054805 0
1549054806 0
1549054807 0
1549054808 0
1549054809 28
1549054810 0
1549054811 0
1549054812 0
1549054813 0
1549054814 0
1549054815 4
1549054816 0
1549054817 0
1549054818 0
1549054819 0
1549054820 0
1549054821 0
1549054822 0
1549054823 0
1549054824 0
1549054825 35
1549054826 0
1549054827 0
1549054828 27
1549054829 0
1549054830 0
1549054831 0
1549054832 0
1549054833 0
1549054834 0
1549054835 0
1549054836 0
1549054837 0
1549054838 0
1549054839 0
1549054840 0
1549054841 0
1549054842 0
1549054843 0
1549054844 0
1549054845 0
1549054846 0
1549054847 0
1549054848 0
1549054849 0
1549054850 0
1549054851 0
1549054852 0
1549054853 4
1549054854 0
1549054855 0
1549054856 0
1549054857 0
1549054858 35
1549054859 0
1549054860 40
1549054861 0
1549054862 0
1549054863 0
1549054864 0
1549054865 0
1549054866 0
1549054867 0
1549054868 0
1549054869 0
1549054870 0
1549054871 0
1549054872 0
1549054873 20
1549054874 0
1549054875 0
1549054876 0
1549054877 0
1549054878 0
1549054879 0
1549054880 0
1549054881 0
1549054882 32
1549054883 0
1549054884 0
1549054885 0
1549054886 0
1549054887 0
1549054888 0
1549054889 0
1549054890 0
1549054891 0
1549054892 0
1549054893 0
1549054894 0
1549054895 0
1549054896 82
1549054897 15
1549054898 0
1549054899 0
1549054900 0
1549054901 0
1549054902 0
1549054903 0
1549054904 0
1549054905 0
1549054906 0
1549054907 0
1549054908 0
1549054909 0
1549054910 0
1549054911 61
1549054912 0
1549054913 0
1549054914 0
1549054915 0
1549054916 10
1549054917 0
1549054918 0
1549054919 0
1549054920 0
1549054921 0
1549054922 0
1549054923 0
1549054924 0
1549054925 12
1549054926 0
1549054927 0
1549054928 0
1549054929 0
1549054930 0
1549054931 0
1549054932 0
1549054933 0
1549054934 0
1549054935 0
1549054936 0
1549054937 0
1549054938 91
1549054939 0
1549054940 0
1549054941 0
1549054942 0
1549054943 0
1549054944 40
1549054945 0
1549054946 0
1549054947 0
1549054948 29
1549054949 0
1549054950 0
1549054951 0
1549054952 0
1549054953 3
1549054954 0
1549054955 0
1549054956 0
1549054957 0
1549054958 19
1549054959 0
1549054960 0
1549054961 0
1549054962 12
1549054963 0
1549054964 13
1549054965 0
1549054966 0
1549054967 0
1549054968 0
1549054969 0
1549054970 5
1549054971 0
1549054972 0
1549054973 0
1549054974 0
1549054975 0
1549054976 0
1549054977 0
1549054978 0
1549054979 0
1549054980 0
1549054981 0
1549054982 0
1549054983 25
1549054984 0
1549054985 0
1549054986 0
1549054987 0
1549054988 0
1549054989 34
1549054990 0
1549054991 0
1549054992 0
1549054993 0
1549054994 0
1549054995 0
1549054996 0
1549054997 0
1549054998 32
1549054999 0
1549055000 0
1549055001 0
1549055002 0
1549055003 0
1549055004 0
1549055005 0
1549055006 0
1549055007 6
1549055008 0
1549055009 0
1549055010 0
1549055011 0
1549055012 0
1549055013 0
1549055014 0
1549055015 0
1549055016 0
1549055017 0
1549055018 10
1549055019 0
1549055020 0
1549055021 0
1549055022 0
1549055023 0
1549055024 36
1549055025 0
1549055026 0
1549055027 0
1549055028 0
1549055029 0
1549055030 0
1549055031 132
1549055032 2
1549055033 0
1549055034 0
1549055035 0
1549055036 0
1549055037 0
1549055038 0
1549055039 0
1549055040 0
1549055041 73
1549055042 0
1549055043 0
1549055044 0
1549055045 0
1549055046 0
1549055047 0
1549055048 0
1549055049 0
1549055050 0
1549055051 0
1549055052 0
1549055053 0
1549055054 0
1549055055 0
1549055056 0
1549055057 12
1549055058 0
1549055059 0
1549055060 0
1549055061 0
1549055062 0
1549055063 0
1549055064 0
1549055065 0
1549055066 0
1549055067 0
1549055068 0
1549055069 0
1549055070 0
1549055071 0
1549055072 0
1549055073 0
1549055074 0
1549055075 0
1549055076 0
1549055077 0
1549055078 0
1549055079 83
1549055080 0
1549055081 0
1549055082 0
1549055083 0
1549055084 0
1549055085 0
1549055086 0
1549055087 0
1549055088 0
1549055089 0
1549055090 0
1549055091 0
1549055092 0
1549055093 0
1549055094 18
1549055095 0
1549055096 0
1549055097 0
1549055098 0
1549055099 0
1549055100 0
1549055101 0
1549055102 17
1549055103 0
1549055104 7
1549055105 0
1549055106 0
1549055107 0
1549055108 40
1549055109 0
1549055110 0
1549055111 0
1549055112 0
1549055113 0
1549055114 0
1549055115 0
1549055116 0
1549055117 0
1549055118 0
1549055119 0
1549055120 0
1549055121 0
1549055122 2
1549055123 0
1549055124 0
1549055125 0
1549055126 0
1549055127 0
1549055128 0
1549055129 0
1549055130 92
1549055131 0
1549055132 26
1549055133 0
1549055134 0
1549055135 0
1549055136 0
1549055137 0
1549055138 0
1549055139 0
1549055140 3
1549055141 0
1549055142 0
1549055143 0
1549055144 0
1549055145 19
1549055146 0
1549055147 0
1549055148 36
1549055149 0
1549055150 17
1549055151 0
1549055152 0
1549055153 0
1549055154 0
1549055155 0
1549055156 0
1549055157 0
1549055158 6
1549055159 0
1549055160 54
1549055161 0
1549055162 0
1549055163 0
1549055164 0
1549055165 0
1549055166 0
1549055167 0
1549055168 0
1549055169 0
1549055170 0
1549055171 3
1549055172 33
1549055173 0
1549055174 0
1549055175 0
1549055176 36
1549055177 0
1549055178 0
1549055179 0
1549055180 2
1549055181 0
1549055182 0
1549055183 0
1549055184 0
1549055185 0
1549055186 0
1549055187 0
1549055188 0
1549055189 0
1549055190 0
1549055191 0
1549055192 0
1549055193 0
1549055194 0
1549055195 0
1549055196 0
1549055197 0
1549055198 0
1549055199 0
1549055200 0
1549055201 53
1549055202 60
1549055203 0
1549055204 0
1549055205 0
1549055206 0
1549055207 0
1549055208 0
1549055209 0
1549055210 0
1549055211 0
1549055212 0
1549055213 70
1549055214 0
1549055215 0
1549055216 0
1549055217 0
1549055218 0
1549055219 13
1549055220 0
1549055221 0
1549055222 0
1549055223 0
1549055224 0
1549055225 0
1549055226 0
1549055227 0
1549055228 47
1549055229 26
1549055230 0
1549055231 0
1549055232 0
1549055233 0
1549055234 0
1549055235 0
1549055236 0
1549055237 0
1549055238 0
1549055239 0
1549055240 0
1549055241 0
1549055242 0
1549055243 0
1549055244 0
1549055245 0
1549055246 0
1549055247 0
1549055248 9
1549055249 0
1549055250 0
1549055251 0
1549055252 4
1549055253 0
1549055254 0
1549055255 34
1549055256 0
1549055257 0
1549055258 0
1549055259 0
1549055260 3
1549055261 0
1549055262 0
1549055263 0
1549055264 0
1549055265 0
1549055266 1
1549055267 0
1549055268 0
1549055269 0
1549055270 0
1549055271 0
1549055272 0
1549055273 0
1549055274 0
1549055275 9
1549055276 0
1549055277 0
1549055278 62
1549055279 0
1549055280 0
1549055281 0
1549055282 0
1549055283 0
1549055284 0
1549055285 17
1549055286 0
1549055287 0
1549055288 0
1549055289 0
1549055290 0
1549055291 0
1549055292 0
1549055293 0
1549055294 0
1549055295 2
1549055296 0
1549055297 0
1549055298 0
1549055299 0
1549055300 0
1549055301 0
1549055302 7
1549055303 0
1549055304 0
1549055305 0
1549055306 0
1549055307 104
1549055308 0
1549055309 0
1549055310 0
1549055311 0
1549055312 0
1549055313 0
1549055314 0
1549055315 0
1549055316 0
1549055317 0
1549055318 0
1549055319 0
1549055320 0
1549055321 0
1549055322 0
1549055323 0
1549055324 0
1549055325 3
1549055326 0
1549055327 0
1549055328 0
1549055329 0
1549055330 0
1549055331 0
1549055332 0
1549055333 55
1549055334 0
1549055335 0
1549055336 0
1549055337 0
1549055338 0
1549055339 0
1549055340 1
1549055341 0
1549055342 0
1549055343 0
1549055344 0
1549055345 0
1549055346 0
1549055347 0
1549055348 0
1549055349 0
1549055350 0
1549055351 0
1549055352 16
1549055353 24
1549055354 0
1549055355 0
1549055356 0
1549055357 0
1549055358 0
1549055359 9
1549055360 0
1549055361 67
1549055362 0
1549055363 21
1549055364 0
1549055365 0
1549055366 0
1549055367 0
1549055368 183
1549055369 0
1549055370 0
1549055371 0
1549055372 0
1549055373 0
1549055374 0
1549055375 0
1549055376 0
1549055377 0
1549055378 0
1549055379 0
1549055380 0
1549055381 0
1549055382 0
1549055383 0
1549055384 0
1549055385 0
1549055386 0
1549055387 0
1549055388 17
1549055389 71
1549055390 0
1549055391 0
1549055392 0
1549055393 0
1549055394 0
1549055395 0
1549055396 0
1549055397 0
1549055398 0
1549055399 0
1549055400 0
1549055401 0
1549055402 0
1549055403 0
1549055404 0
1549055405 0
1549055406 0
1549055407 0
1549055408 0
1549055409 0
1549055410 0
1549055411 0
1549055412 0
1549055413 24
1549055414 0
1549055415 64
1549055416 0
1549055417 0
1549055418 0
1549055419 20
1549055420 0
1549055421 0
1549055422 0
1549055423 49
1549055424 0
1549055425 0
1549055426 0
1549055427 0
1549055428 0
1549055429 0
1549055430 0
1549055431 0
1549055432 0
1549055433 0
1549055434 0
1549055435 0
1549055436 0
1549055437 0
1549055438 0
1549055439 0
1549055440 0
1549055441 0
1549055442 0
1549055443 0
1549055444 0
1549055445 0
1549055446 0
1549055447 0
1549055448 0
1549055449 0
1549055450 0
1549055451 0
1549055452 0
1549055453 0
1549055454 0
1549055455 0
1549055456 0
1549055457 0
1549055458 0
1549055459 0
1549055460 0
1549055461 0
1549055462 0
1549055463 0
1549055464 0
1549055465 0
1549055466 0
1549055467 0
1549055468 0
1549055469 0
1549055470 0
1549055471 0
1549055472 0
1549055473 0
1549055474 0
1549055475 0
1549055476 0
1549055477 0
1549055478 0
1549055479 0
1549055480 0
1549055481 0
1549055482 0
1549055483 0
1549055484 0
1549055485 0
1549055486 0
1549055487 0
1549055488 0
1549055489 0
1549055490 0
1549055491 0
1549055492 0
1549055493 0
1549055494 0
1549055495 0
1549055496 0
1549055497 0
1549055498 0
1549055499 0
1549055500 0
1549055501 0
1549055502 0
1549055503 0
1549055504 0
1549055505 0
1549055506 0
1549055507 0
1549055508 0
1549055509 0
1549055510 0
1549055511 0
1549055512 0
1549055513 0
1549055514 0
1549055515 0
1549055516 0
1549055517 0
1549055518 0
1549055519 0
1549055520 0
1549055521 0
1549055522 0
1549055523 0
1549055524 0
1549055525 0
1549055526 0
1549055527 0
1549055528 0
1549055529 0
1549055530 0
1549055531 0
1549055532 0
1549055533 0
1549055534 0
1549055535 0
1549055536 0
1549055537 0
1549055538 0
1549055539 0
1549055540 0
1549055541 0
1549055542 0
1549055543 0
1549055544 0
1549055545 0
1549055546 0
1549055547 0
1549055548 0
1549055549 0
1549055550 0
1549055551 0
1549055552 0
1549055553 0
1549055554 0
1549055555 0
1549055556 0
1549055557 0
1549055558 0
1549055559 0
1549055560 0
1549055561 0
1549055562 0
1549055563 0
1549055564 0
1549055565 0
1549055566 0
1549055567 0
1549055568 0
1549055569 0
1549055570 0
1549055571 0
1549055572 0
1549055573 0
1549055574 0
1549055575 0
1549055576 0
1549055577 0
1549055578 0
1549055579 0
1549055580 0
1549055581 0
1549055582 0
1549055583 0
1549055584 0
1549055585 0
1549055586 0
1549055587 0
1549055588 0
1549055589 0
1549055590 0
1549055591 0
1549055592 0
1549055593 0
1549055594 0
1549055595 0
1549055596 0
1549055597 0
1549055598 0
1549055599 0
1549055600 0
1549055601 0
1549055602 0
1549055603 0
1549055604 0
1549055605 0
1549055606 0
1549055607 0
1549055608 0
1549055609 0
1549055610 0
1549055611 0
1549055612 0
1549055613 0
1549055614 0
1549055615 0
1549055616 0
1549055617 0
1549055618 0
1549055619 0
1549055620 0
1549055621 0
1549055622 0
1549055623 0
1549055624 0
1549055625 0
1549055626 0
1549055627 0
1549055628 0
1549055629 0
1549055630 0
1549055631 0
1549055632 0
1549055633 0
1549055634 0
1549055635 0
1549055636 0
1549055637 0
1549055638 0
1549055639 0
1549055640 0
1549055641 0
1549055642 0
1549055643 0
1549055644 0
1549055645 0
1549055646 0
1549055647 0
1549055648 0
1549055649 0
1549055650 0
1549055651 0
1549055652 0
1549055653 0
1549055654 0
1549055655 0
1549055656 0
1549055657 0
1549055658 0
1549055659 0
1549055660 0
1549055661 0
1549055662 0
1549055663 0
1549055664 0
1549055665 0
1549055666 0
1549055667 0
1549055668 0
1549055669 0
1549055670 0
1549055671 0
1549055672 0
1549055673 0
1549055674 0
1549055675 0
1549055676 0
1549055677 0
1549055678 0
1549055679 0
1549055680 0
1549055681 0
1549055682 0
1549055683 0
1549055684 0
1549055685 0
1549055686 0
1549055687 0
1549055688 0
1549055689 0
1549055690 0
1549055691 0
1549055692 0
1549055693 0
1549055694 0
1549055695 0
1549055696 0
1549055697 0
1549055698 0
1549055699 0
1549055700 0
1549055701 0
1549055702 0
1549055703 0
1549055704 0
1549055705 0
1549055706 0
1549055707 0
1549055708 0
1549055709 0
1549055710 0
1549055711 0
1549055712 0
1549055713 0
1549055714 0
1549055715 0
1549055716 0
1549055717 0
1549055718 0
1549055719 0
1549055720 0
1549055721 0
1549055722 0
1549055723 0
1549055724 0
1549055725 0
1549055726 0
1549055727 0
1549055728 0
1549055729 0
1549055730 0
1549055731 0
1549055732 0
1549055733 0
1549055734 0
1549055735 0
1549055736 0
1549055737 0
1549055738 0
1549055739 0
1549055740 0
1549055741 0
1549055742 0
1549055743 0
1549055744 0
1549055745 0
1549055746 0
1549055747 0
1549055748 0
1549055749 0
1549055750 0
1549055751 0
1549055752 0
1549055753 0
1549055754 0
1549055755 0
1549055756 0
1549055757 0
1549055758 0
1549055759 0
1549055760 0
1549055761 0
1549055762 0
1549055763 0
1549055764 0
1549055765 0
1549055766 0
1549055767 0
1549055768 0
1549055769 0
1549055770 0
1549055771 0
1549055772 0
1549055773 0
1549055774 0
1549055775 0
1549055776 0
1549055777 0
1549055778 0
1549055779 0
1549055780 0
1549055781 0
1549055782 0
1549055783 0
1549055784 0
1549055785 0
1549055786 0
1549055787 0
1549055788 0
1549055789 0
1549055790 0
1549055791 0
1549055792 0
1549055793 0
1549055794 0
1549055795 0
1549055796 0
1549055797 0
1549055798 0
1549055799 0
1549055800 0
1549055801 0
1549055802 0
1549055803 0
1549055804 0
1549055805 0
1549055806 0
1549055807 0
1549055808 0
1549055809 0
1549055810 0
1549055811 0
1549055812 0
1549055813 0
1549055814 0
1549055815 0
1549055816 0
1549055817 0
1549055818 0
1549055819 0
1549055820 0
1549055821 0
1549055822 0
1549055823 0
1549055824 0
1549055825 0
1549055826 0
1549055827 0
1549055828 0
1549055829 0
1549055830 0
1549055831 0
1549055832 0
1549055833 0
1549055834 0
1549055835 0
1549055836 0
1549055837 0
1549055838 0
1549055839 0
1549055840 0
1549055841 0
1549055842 0
1549055843 0
1549055844 0
1549055845 0
1549055846 0
1549055847 0
1549055848 0
1549055849 0
1549055850 0
1549055851 0
1549055852 0
1549055853 0
1549055854 0
1549055855 0
1549055856 0
1549055857 0
1549055858 0
1549055859 0
1549055860 0
1549055861 0
1549055862 0
1549055863 0
1549055864 0
1549055865 0
1549055866 0
1549055867 0
1549055868 0
1549055869 0
1549055870 0
1549055871 0
1549055872 0
1549055873 0
1549055874 0
1549055875 0
1549055876 0
1549055877 0
1549055878 0
1549055879 0
1549055880 0
1549055881 0
1549055882 0
1549055883 0
1549055884 0
1549055885 0
1549055886 0
1549055887 0
1549055888 0
1549055889 0
1549055890 0
1549055891 0
1549055892 0
1549055893 0
1549055894 0
1549055895 0
1549055896 0
1549055897 0
1549055898 0
1549055899 0
1549055900 0
1549055901 0
1549055902 0
1549055903 0
1549055904 0
1549055905 0
1549055906 0
1549055907 0
1549055908 0
1549055909 0
1549055910 0
1549055911 0
1549055912 0
1549055913 0
1549055914 0
1549055915 0
1549055916 0
1549055917 0
1549055918 0
1549055919 0
1549055920 0
1549055921 0
1549055922 0
1549055923 0
1549055924 0
1549055925 0
1549055926 0
1549055927 0
1549055928 0
1549055929 0
1549055930 0
1549055931 0
1549055932 0
1549055933 0
1549055934 0
1549055935 0
1549055936 0
1549055937 0
1549055938 0
1549055939 0
1549055940 0
1549055941 0
1549055942 0
1549055943 0
1549055944 0
1549055945 0
1549055946 0
1549055947 0
1549055948 0
1549055949 0
1549055950 0
1549055951 0
1549055952 0
1549055953 0
1549055954 0
1549055955 0
1549055956 0
1549055957 0
1549055958 0
1549055959 0
1549055960 0
1549055961 0
1549055962 0
1549055963 0
1549055964 0
1549055965 0
1549055966 0
1549055967 0
1549055968 0
1549055969 0
1549055970 0
1549055971 0
1549055972 0
1549055973 0
1549055974 0
1549055975 0
1549055976 0
1549055977 0
1549055978 0
1549055979 0
1549055980 0
1549055981 0
1549055982 0
1549055983 0
1549055984 0
1549055985 0
1549055986 0
1549055987 0
1549055988 0
1549055989 0
1549055990 0
1549055991 0
1549055992 0
1549055993 0
1549055994 0
1549055995 0
1549055996 0
1549055997 0
1549055998 0
1549055999 0
1549056000 0
1549056001 0
1549056002 0
1549056003 0
1549056004 0
1549056005 0
1549056006 0
1549056007 0
1549056008 0
1549056009 0
1549056010 0
1549056011 0
1549056012 0
1549056013 0
1549056014 0
1549056015 0
1549056016 0
1549056017 0
1549056018 0
1549056019 0
1549056020 0
1549056021 0
1549056022 0
1549056023 0
1549056024 0
1549056025 0
1549056026 0
1549056027 0
1549056028 0
1549056029 0
1549056030 0
1549056031 0
1549056032 0
1549056033 0
1549056034 0
1549056035 0
1549056036 0
1549056037 0
1549056038 0
1549056039 0
1549056040 0
1549056041 0
1549056042 0
1549056043 0
1549056044 0
1549056045 0
1549056046 0
1549056047 0
1549056048 0
1549056049 0
1549056050 0
1549056051 0
1549056052 0
1549056053 0
1549056054 0
1549056055 0
1549056056 0
1549056057 0
1549056058 0
1549056059 0
1549056060 0
1549056061 0
1549056062 0
1549056063 0
1549056064 0
1549056065 0
1549056066 0
1549056067 0
1549056068 0
1549056069 0
1549056070 0
1549056071 0
1549056072 0
1549056073 0
1549056074 0
1549056075 0
1549056076 0
1549056077 0
1549056078 0
1549056079 0
1549056080 0
1549056081 0
1549056082 0
1549056083 0
1549056084 0
1549056085 0
1549056086 0
1549056087 0
1549056088 0
1549056089 0
1549056090 0
1549056091 0
1549056092 0
1549056093 0
1549056094 0
1549056095 0
1549056096 0
1549056097 0
1549056098 0
1549056099 0
1549056100 0
1549056101 0
1549056102 0
1549056103 0
1549056104 0
1549056105 0
1549056106 0
1549056107 0
1549056108 0
1549056109 0
1549056110 0
1549056111 0
1549056112 0
1549056113 0
1549056114 0
1549056115 0
1549056116 0
1549056117 0
1549056118 0
1549056119 0
1549056120 0
1549056121 0
1549056122 0
1549056123 0
1549056124 0
1549056125 0
1549056126 0
1549056127 0
1549056128 0
1549056129 0
1549056130 0
1549056131 0
1549056132 0
1549056133 0
1549056134 0
1549056135 0
1549056136 0
1549056137 0
1549056138 0
1549056139 0
1549056140 0
1549056141 0
1549056142 0
1549056143 0
1549056144 0
1549056145 0
1549056146 0
1549056147 0
1549056148 0
1549056149 0
1549056150 0
1549056151 0
1549056152 0
1549056153 0
1549056154 0
1549056155 0
1549056156 0
1549056157 0
1549056158 0
1549056159 0
1549056160 0
1549056161 0
1549056162 0
1549056163 0
1549056164 0
1549056165 0
1549056166 0
1549056167 0
1549056168 0
1549056169 0
1549056170 0
1549056171 0
1549056172 0
1549056173 0
1549056174 0
1549056175 0
1549056176 0
1549056177 0
1549056178 0
1549056179 0
1549056180 0
1549056181 0
1549056182 0
1549056183 0
1549056184 0
1549056185 0
1549056186 0
1549056187 0
1549056188 0
1549056189 0
1549056190 0
1549056191 0
1549056192 0
1549056193 0
1549056194 0
1549056195 0
1549056196 0
1549056197 0
1549056198 0
1549056199 0
1549056200 0
1549056201 0
1549056202 0
1549056203 0
1549056204 0
1549056205 0
1549056206 0
1549056207 0
1549056208 0
1549056209 0
1549056210 0
1549056211 0
1549056212 0
1549056213 0
1549056214 0
1549056215 0
1549056216 0
1549056217 0
1549056218 0
1549056219 0
1549056220 0
1549056221 0
1549056222 0
1549056223 0
1549056224 0
1549056225 0
1549056226 0
1549056227 0
1549056228 0
1549056229 0
1549056230 0
1549056231 0
1549056232 0
1549056233 0
1549056234 0
1549056235 0
1549056236 0
1549056237 0
1549056238 0
1549056239 0
1549056240 0
1549056241 0
1549056242 0
1549056243 0
1549056244 0
1549056245 0
1549056246 0
1549056247 0
1549056248 0
1549056249 0
1549056250 0
1549056251 0
1549056252 0
1549056253 0
1549056254 0
1549056255 0
1549056256 0
1549056257 0
1549056258 0
1549056259 0
1549056260 0
1549056261 0
1549056262 0
1549056263 0
1549056264 0
1549056265 0
1549056266 0
1549056267 0
1549056268 0
1549056269 0
1549056270 0
1549056271 0
1549056272 0
1549056273 0
1549056274 0
1549056275 0
1549056276 0
1549056277 0
1549056278 0
1549056279 0
1549056280 0
1549056281 0
1549056282 0
1549056283 0
1549056284 0
1549056285 0
1549056286 0
1549056287 0
1549056288 0
1549056289 0
1549056290 0
1549056291 0
1549056292 0
1549056293 0
1549056294 0
1549056295 0
1549056296 0
1549056297 0
1549056298 0
1549056299 0
1549056300 0
1549056301 0
1549056302 0
1549056303 0
1549056304 0
1549056305 0
1549056306 0
1549056307 0
1549056308 0
1549056309 0
1549056310 0
1549056311 0
1549056312 0
1549056313 0
1549056314 0
1549056315 0
1549056316 0
1549056317 0
1549056318 0
1549056319 0
1549056320 0
1549056321 0
1549056322 0
1549056323 0
1549056324 0
1549056325 0
1549056326 0
1549056327 0
1549056328 0
1549056329 0
1549056330 0
1549056331 0
1549056332 0
1549056333 0
1549056334 0
1549056335 0
1549056336 0
1549056337 0
1549056338 0
1549056339 0
1549056340 0
1549056341 0
1549056342 0
1549056343 0
1549056344 0
1549056345 0
1549056346 0
1549056347 0
1549056348 0
1549056349 0
1549056350 0
1549056351 0
1549056352 0
1549056353 0
1549056354 0
1549056355 0
1549056356 0
1549056357 0
1549056358 0
1549056359 0
1549056360 0
1549056361 0
1549056362 0
1549056363 0
1549056364 0
1549056365 0
1549056366 0
1549056367 0
1549056368 0
1549056369 0
1549056370 0
1549056371 0
1549056372 0
1549056373 0
1549056374 0
1549056375 0
1549056376 0
1549056377 0
1549056378 0
1549056379 0
1549056380 0
1549056381 0
1549056382 0
1549056383 0
1549056384 0
1549056385 0
1549056386 0
1549056387 0
1549056388 0
1549056389 0
1549056390 0
1549056391 0
1549056392 0
1549056393 0
1549056394 0
1549056395 0
1549056396 0
1549056397 0
1549056398 0
1549056399 0
1549056400 0
1549056401 0
1549056402 0
1549056403 0
1549056404 0
1549056405 0
1549056406 0
1549056407 0
1549056408 0
1549056409 0
1549056410 0
1549056411 0
1549056412 0
1549056413 0
1549056414 0
1549056415 0
1549056416 0
1549056417 0
1549056418 0
1549056419 0
1549056420 0
1549056421 0
1549056422 0
1549056423 0
1549056424 0
1549056425 0
1549056426 0
1549056427 0
1549056428 0
1549056429 0
1549056430 0
1549056431 0
1549056432 0
1549056433 0
1549056434 0
1549056435 0
1549056436 0
1549056437 0
1549056438 0
1549056439 0
1549056440 0
1549056441 0
1549056442 0
1549056443 0
1549056444 0
1549056445 0
1549056446 0
1549056447 0
1549056448 0
1549056449 0
1549056450 0
1549056451 0
1549056452 0
1549056453 0
1549056454 0
1549056455 0
1549056456 0
1549056457 0
1549056458 0
1549056459 0
1549056460 0
1549056461 0
1549056462 0
1549056463 0
1549056464 0
1549056465 0
1549056466 0
1549056467 0
1549056468 0
1549056469 0
1549056470 0
1549056471 0
1549056472 0
1549056473 0
1549056474 0
1549056475 0
1549056476 0
1549056477 0
1549056478 0
1549056479 0
1549056480 0
1549056481 0
1549056482 0
1549056483 0
1549056484 0
1549056485 0
1549056486 0
1549056487 0
1549056488 0
1549056489 0
1549056490 0
1549056491 0
1549056492 0
1549056493 0
1549056494 0
1549056495 0
1549056496 0
1549056497 0
1549056498 0
1549056499 0
1549056500 0
1549056501 0
1549056502 0
1549056503 0
1549056504 0
1549056505 0
1549056506 0
1549056507 0
1549056508 0
1549056509 0
1549056510 0
1549056511 0
1549056512 0
1549056513 0
1549056514 0
1549056515 0
1549056516 0
1549056517 0
1549056518 0
1549056519 0
1549056520 0
1549056521 0
1549056522 0
1549056523 0
1549056524 0
1549056525 0
1549056526 0
1549056527 0
1549056528 0
1549056529 0
1549056530 0
1549056531 0
1549056532 0
1549056533 0
1549056534 0
1549056535 0
1549056536 0
1549056537 0
1549056538 0
1549056539 0
1549056540 0
1549056541 0
1549056542 0
1549056543 0
1549056544 0
1549056545 0
1549056546 0
1549056547 0
1549056548 0
1549056549 0
1549056550 0
1549056551 0
1549056552 0
1549056553 0
1549056554 0
1549056555 0
1549056556 0
1549056557 0
1549056558 0
1549056559 0
1549056560 0
1549056561 0
1549056562 0
1549056563 0
1549056564 0
1549056565 0
1549056566 0
1549056567 0
1549056568 0
1549056569 0
1549056570 0
1549056571 0
1549056572 0
1549056573 0
1549056574 0
1549056575 0
1549056576 0
1549056577 0
1549056578 0
1549056579 0
1549056580 0
1549056581 0
1549056582 0
1549056583 0
1549056584 0
1549056585 0
1549056586 0
1549056587 0
1549056588 0
1549056589 0
1549056590 0
1549056591 0
1549056592 0
1549056593 0
1549056594 0
1549056595 0
1549056596 0
1549056597 0
1549056598 0
1549056599 0
1549056600 0
1549056601 0
1549056602 0
1549056603 0
1549056604 0
1549056605 0
1549056606 0
1549056607 0
1549056608 0
1549056609 0
1549056610 0
1549056611 0
1549056612 0
1549056613 0
1549056614 0
1549056615 0
1549056616 0
1549056617 0
1549056618 0
1549056619 0
1549056620 0
1549056621 0
1549056622 0
1549056623 0
1549056624 0
1549056625 0
1549056626 0
1549056627 0
1549056628 0
1549056629 0
1549056630 0
1549056631 0
1549056632 0
1549056633 0
1549056634 0
1549056635 0
1549056636 0
1549056637 0
1549056638 0
1549056639 0
1549056640 0
1549056641 0
1549056642 0
1549056643 0
1549056644 0
1549056645 0
1549056646 0
1549056647 0
1549056648 0
1549056649 0
1549056650 0
1549056651 0
1549056652 0
1549056653 0
1549056654 0
1549056655 0
1549056656 0
1549056657 0
1549056658 0
1549056659 0
1549056660 0
1549056661 0
1549056662 0
1549056663 0
1549056664 0
1549056665 0
1549056666 0
1549056667 0
1549056668 0
1549056669 0
1549056670 0
1549056671 0
1549056672 0
1549056673 0
1549056674 0
1549056675 0
1549056676 0
1549056677 0
1549056678 0
1549056679 0
1549056680 0
1549056681 0
1549056682 0
1549056683 0
1549056684 0
1549056685 0
1549056686 0
1549056687 0
1549056688 0
1549056689 0
1549056690 0
1549056691 0
1549056692 0
1549056693 0
1549056694 0
1549056695 0
1549056696 0
1549056697 0
1549056698 0
1549056699 0
1549056700 0
1549056701 0
1549056702 0
1549056703 0
1549056704 0
1549056705 0
1549056706 0
1549056707 0
1549056708 0
1549056709 0
1549056710 0
1549056711 0
1549056712 0
1549056713 0
1549056714 0
1549056715 0
1549056716 0
1549056717 0
1549056718 0
1549056719 0
1549056720 0
1549056721 0
1549056722 0
1549056723 0
1549056724 0
1549056725 0
1549056726 0
1549056727 0
1549056728 0
1549056729 0
1549056730 0
1549056731 0
1549056732 0
1549056733 0
1549056734 0
1549056735 0
1549056736 0
1549056737 0
1549056738 0
1549056739 0
1549056740 0
1549056741 0
1549056742 0
1549056743 0
1549056744 0
1549056745 0
1549056746 0
1549056747 0
1549056748 0
1549056749 0
1549056750 0
1549056751 0
1549056752 0
1549056753 0
1549056754 0
1549056755 0
1549056756 0
1549056757 0
1549056758 0
1549056759 0
1549056760 0
1549056761 0
1549056762 0
1549056763 0
1549056764 0
1549056765 0
1549056766 0
1549056767 0
1549056768 0
1549056769 0
1549056770 0
1549056771 0
1549056772 0
1549056773 0
1549056774 0
1549056775 0
1549056776 0
1549056777 0
1549056778 0
1549056779 0
1549056780 0
1549056781 0
1549056782 0
1549056783 0
1549056784 0
1549056785 0
1549056786 0
1549056787 0
1549056788 0
1549056789 0
1549056790 0
1549056791 0
1549056792 0
1549056793 0
1549056794 0
1549056795 0
1549056796 0
1549056797 0
1549056798 0
1549056799 0
1549056800 0
1549056801 0
1549056802 0
1549056803 0
1549056804 0
1549056805 0
1549056806 0
1549056807 0
1549056808 0
1549056809 0
1549056810 0
1549056811 0
1549056812 0
1549056813 0
1549056814 0
1549056815 0
1549056816 0
1549056817 0
1549056818 0
1549056819 0
1549056820 0
1549056821 0
1549056822 0
1549056823 0
1549056824 0
1549056825 0
1549056826 0
1549056827 0
1549056828 0
1549056829 0
1549056830 0
1549056831 0
1549056832 0
1549056833 0
1549056834 0
1549056835 0
1549056836 0
1549056837 0
1549056838 0
1549056839 0
1549056840 0
1549056841 0
1549056842 0
1549056843 0
1549056844 0
1549056845 0
1549056846 0
1549056847 0
1549056848 0
1549056849 0
1549056850 0
1549056851 0
1549056852 0
1549056853 0
1549056854 0
1549056855 0
1549056856 0
1549056857 0
1549056858 0
1549056859 0
1549056860 0
1549056861 0
1549056862 0
1549056863 0
1549056864 0
1549056865 0
1549056866 0
1549056867 0
1549056868 0
1549056869 0
1549056870 0
1549056871 0
1549056872 0
1549056873 0
1549056874 0
1549056875 0
1549056876 0
1549056877 0
1549056878 0
1549056879 0
1549056880 0
1549056881 0
1549056882 0
1549056883 0
1549056884 0
1549056885 0
1549056886 0
1549056887 0
1549056888 0
1549056889 0
1549056890 0
1549056891 0
1549056892 0
1549056893 0
1549056894 0
1549056895 0
1549056896 0
1549056897 0
1549056898 0
1549056899 0
1549056900 0
1549056901 0
1549056902 0
1549056903 0
1549056904 0
1549056905 0
1549056906 0
1549056907 0
1549056908 0
1549056909 0
1549056910 0
1549056911 0
1549056912 0
1549056913 0
1549056914 0
1549056915 0
1549056916 0
1549056917 0
1549056918 0
1549056919 0
1549056920 0
1549056921 0
1549056922 0
1549056923 0
1549056924 0
1549056925 0
1549056926 0
1549056927 0
1549056928 0
1549056929 0
1549056930 0
1549056931 0
1549056932 0
1549056933 0
1549056934 0
1549056935 0
1549056936 0
1549056937 0
1549056938 0
1549056939 0
1549056940 0
1549056941 0
1549056942 0
1549056943 0
1549056944 0
1549056945 0
1549056946 0
1549056947 0
1549056948 0
1549056949 0
1549056950 0
1549056951 0
1549056952 0
1549056953 0
1549056954 0
1549056955 0
1549056956 0
1549056957 0
1549056958 0
1549056959 0
1549056960 0
1549056961 0
1549056962 0
1549056963 0
1549056964 0
1549056965 0
1549056966 0
1549056967 0
1549056968 0
1549056969 0
1549056970 0
1549056971 0
1549056972 0
1549056973 0
1549056974 0
1549056975 0
1549056976 0
1549056977 0
1549056978 0
1549056979 0
1549056980 0
1549056981 0
1549056982 0
1549056983 0
1549056984 0
1549056985 0
1549056986 0
1549056987 0
1549056988 0
1549056989 0
1549056990 0
1549056991 0
1549056992 0
1549056993 0
1549056994 0
1549056995 0
1549056996 0
1549056997 0
1549056998 0
1549056999 0
1549057000 0
1549057001 0
1549057002 0
1549057003 0
1549057004 0
1549057005 0
1549057006 0
1549057007 0
1549057008 0
1549057009 0
1549057010 0
1549057011 0
1549057012 0
1549057013 0
1549057014 0
1549057015 0
1549057016 0
1549057017 0
1549057018 0
1549057019 0
1549057020 0
1549057021 0
1549057022 0
1549057023 0
1549057024 0
1549057025 0
1549057026 0
1549057027 0
1549057028 0
1549057029 0
1549057030 0
1549057031 0
1549057032 0
1549057033 0
1549057034 0
1549057035 0
1549057036 0
1549057037 0
1549057038 0
1549057039 0
1549057040 0
1549057041 0
1549057042 0
1549057043 0
1549057044 0
1549057045 0
1549057046 0
1549057047 0
1549057048 0
1549057049 0
1549057050 0
1549057051 0
1549057052 0
1549057053 0
1549057054 0
1549057055 0
1549057056 0
1549057057 0
1549057058 0
1549057059 0
1549057060 0
1549057061 0
1549057062 0
1549057063 0
1549057064 0
1549057065 0
1549057066 0
1549057067 0
1549057068 0
1549057069 0
1549057070 0
1549057071 0
1549057072 0
1549057073 0
1549057074 0
1549057075 0
1549057076 0
1549057077 0
1549057078 0
1549057079 0
1549057080 0
1549057081 0
1549057082 0
1549057083 0
1549057084 0
1549057085 0
1549057086 0
1549057087 0
1549057088 0
1549057089 0
1549057090 0
1549057091 0
1549057092 0
1549057093 0
1549057094 0
1549057095 0
1549057096 0
1549057097 0
1549057098 0
1549057099 0
1549057100 0
1549057101 0
1549057102 0
1549057103 0
1549057104 0
1549057105 0
1549057106 0
1549057107 0
1549057108 0
1549057109 0
1549057110 0
1549057111 0
1549057112 0
1549057113 0
1549057114 0
1549057115 0
1549057116 0
1549057117 0
1549057118 0
1549057119 0
1549057120 0
1549057121 0
1549057122 0
1549057123 0
1549057124 0
1549057125 0
1549057126 0
1549057127 0
1549057128 0
1549057129 0
1549057130 0
1549057131 0
1549057132 0
1549057133 0
1549057134 0
1549057135 0
1549057136 0
1549057137 0
1549057138 0
1549057139 0
1549057140 0
1549057141 0
1549057142 0
1549057143 0
1549057144 0
1549057145 0
1549057146 0
1549057147 0
1549057148 0
1549057149 0
1549057150 0
1549057151 0
1549057152 0
1549057153 0
1549057154 0
1549057155 0
1549057156 0
1549057157 0
1549057158 0
1549057159 0
1549057160 0
1549057161 0
1549057162 0
1549057163 0
1549057164 0
1549057165 0
1549057166 0
1549057167 0
1549057168 0
1549057169 0
1549057170 0
1549057171 0
1549057172 0
1549057173 0
1549057174 0
1549057175 0
1549057176 0
1549057177 0
1549057178 0
1549057179 0
1549057180 0
1549057181 0
1549057182 0
1549057183 0
1549057184 0
1549057185 0
1549057186 0
1549057187 0
1549057188 0
1549057189 0
1549057190 0
1549057191 0
1549057192 0
1549057193 0
1549057194 0
1549057195 0
1549057196 0
1549057197 0
1549057198 0
1549057199 0
1549057200 0
1549057201 0
1549057202 0
1549057203 0
1549057204 0
1549057205 0
1549057206 0
1549057207 0
1549057208 0
1549057209 0
1549057210 0
1549057211 0
1549057212 0
1549057213 0
1549057214 0
1549057215 0
1549057216 0
1549057217 0
1549057218 0
1549057219 0
1549057220 0
1549057221 0
1549057222 0
1549057223 0
1549057224 0
1549057225 0
1549057226 0
1549057227 0
1549057228 0
1549057229 0
1549057230 0
1549057231 0
1549057232 0
1549057233 0
1549057234 0
1549057235 0
1549057236 0
1549057237 0
1549057238 0
1549057239 0
1549057240 0
1549057241 0
1549057242 0
1549057243 0
1549057244 0
1549057245 0
1549057246 0
1549057247 0
1549057248 0
1549057249 0
1549057250 0
1549057251 0
1549057252 0
1549057253 0
1549057254 0
1549057255 0
1549057256 0
1549057257 0
1549057258 0
1549057259 0
1549057260 0
1549057261 0
1549057262 0
1549057263 0
1549057264 0
1549057265 0
1549057266 0
1549057267 0
1549057268 0
1549057269 0
1549057270 0
1549057271 0
1549057272 0
1549057273 0
1549057274 0
1549057275 0
1549057276 0
1549057277 0
1549057278 0
1549057279 0
1549057280 0
1549057281 0
1549057282 0
1549057283 0
1549057284 0
1549057285 0
1549057286 0
1549057287 0
1549057288 0
1549057289 0
1549057290 0
1549057291 0
1549057292 0
1549057293 0
1549057294 0
1549057295 0
1549057296 0
1549057297 0
1549057298 0
1549057299 0
1549057300 0
1549057301 0
1549057302 0
1549057303 0
1549057304 0
1549057305 0
1549057306 0
1549057307 0
1549057308 0
1549057309 0
1549057310 0
1549057311 0
1549057312 0
1549057313 0
1549057314 0
1549057315 0
1549057316 0
1549057317 0
1549057318 0
1549057319 0
1549057320 0
1549057321 0
1549057322 0
1549057323 0
1549057324 0
1549057325 0
1549057326 0
1549057327 0
1549057328 0
1549057329 0
1549057330 0
1549057331 0
1549057332 0
1549057333 0
1549057334 0
1549057335 0
1549057336 0
1549057337 0
1549057338 0
1549057339 0
1549057340 0
1549057341 0
1549057342 0
1549057343 0
1549057344 0
1549057345 0
1549057346 0
1549057347 0
1549057348 0
1549057349 0
1549057350 0
1549057351 0
1549057352 0
1549057353 0
1549057354 0
1549057355 0
1549057356 0
1549057357 0
1549057358 0
1549057359 0
1549057360 0
1549057361 0
1549057362 0
1549057363 0
1549057364 0
1549057365 0
1549057366 0
1549057367 0
1549057368 0
1549057369 0
1549057370 0
1549057371 0
1549057372 0
1549057373 0
1549057374 0
1549057375 0
1549057376 0
1549057377 0
1549057378 0
1549057379 0
1549057380 0
1549057381 0
1549057382 0
1549057383 0
1549057384 0
1549057385 0
1549057386 0
1549057387 0
1549057388 0
1549057389 0
1549057390 0
1549057391 0
1549057392 0
1549057393 0
1549057394 0
1549057395 0
1549057396 0
1549057397 0
1549057398 0
1549057399 0
1549057400 0
1549057401 0
1549057402 0
1549057403 0
1549057404 0
1549057405 0
1549057406 0
1549057407 0
1549057408 0
1549057409 0
1549057410 0
1549057411 0
1549057412 0
1549057413 0
1549057414 0
1549057415 0
1549057416 0
1549057417 0
1549057418 0
1549057419 0
1549057420 0
1549057421 0
1549057422 0
1549057423 0
1549057424 0
1549057425 0
1549057426 0
1549057427 0
1549057428 0
1549057429 0
1549057430 0
1549057431 0
1549057432 0
1549057433 0
1549057434 0
1549057435 0
1549057436 0
1549057437 0
1549057438 0
1549057439 0
1549057440 0
1549057441 0
1549057442 0
1549057443 0
1549057444 0
1549057445 0
1549057446 0
1549057447 0
1549057448 0
1549057449 0
1549057450 0
1549057451 0
1549057452 0
1549057453 0
1549057454 0
1549057455 0
1549057456 0
1549057457 0
1549057458 0
1549057459 0
1549057460 0
1549057461 0
1549057462 0
1549057463 0
1549057464 0
1549057465 0
1549057466 0
1549057467 0
1549057468 0
1549057469 0
1549057470 0
1549057471 0
1549057472 0
1549057473 0
1549057474 0
1549057475 0
1549057476 0
1549057477 0
1549057478 0
1549057479 0
1549057480 0
1549057481 0
1549057482 0
1549057483 0
1549057484 0
1549057485 0
1549057486 0
1549057487 0
1549057488 0
1549057489 0
1549057490 0
1549057491 0
1549057492 0
1549057493 0
1549057494 0
1549057495 0
1549057496 0
1549057497 0
1549057498 0
1549057499 0
1549057500 0
1549057501 0
1549057502 0
1549057503 0
1549057504 0
1549057505 0
1549057506 0
1549057507 0
1549057508 0
1549057509 0
1549057510 0
1549057511 0
1549057512 0
1549057513 0
1549057514 0
1549057515 0
1549057516 0
1549057517 0
1549057518 0
1549057519 0
1549057520 0
1549057521 0
1549057522 0
1549057523 0
1549057524 0
1549057525 0
1549057526 0
1549057527 0
1549057528 0
1549057529 0
1549057530 0
1549057531 0
1549057532 0
1549057533 0
1549057534 0
1549057535 0
1549057536 0
1549057537 0
1549057538 0
1549057539 0
1549057540 0
1549057541 0
1549057542 0
1549057543 0
1549057544 0
1549057545 0
1549057546 0
1549057547 0
1549057548 0
1549057549 0
1549057550 0
1549057551 0
1549057552 0
1549057553 0
1549057554 0
1549057555 0
1549057556 0
1549057557 0
1549057558 0
1549057559 0
1549057560 0
1549057561 0
1549057562 0
1549057563 0
1549057564 0
1549057565 0
1549057566 0
1549057567 0
1549057568 0
1549057569 0
1549057570 0
1549057571 0
1549057572 0
1549057573 0
1549057574 0
1549057575 0
1549057576 0
1549057577 0
1549057578 0
1549057579 0
1549057580 0
1549057581 0
1549057582 0
1549057583 0
1549057584 0
1549057585 0
1549057586 0
1549057587 0
1549057588 0
1549057589 0
1549057590 0
1549057591 0
1549057592 0
1549057593 0
1549057594 0
1549057595 0
1549057596 0
1549057597 0
1549057598 0
1549057599 0
1549057600 0
1549057601 0
1549057602 0
1549057603 0
1549057604 0
1549057605 0
1549057606 0
1549057607 0
1549057608 0
1549057609 0
1549057610 0
1549057611 0
1549057612 0
1549057613 0
1549057614 0
1549057615 0
1549057616 0
1549057617 0
1549057618 0
1549057619 0
1549057620 0
1549057621 0
1549057622 0
1549057623 0
1549057624 0
1549057625 0
1549057626 0
1549057627 0
1549057628 0
1549057629 0
1549057630 0
1549057631 0
1549057632 0
1549057633 0
1549057634 0
1549057635 0
1549057636 0
1549057637 0
1549057638 0
1549057639 0
1549057640 0
1549057641 0
1549057642 0
1549057643 0
1549057644 0
1549057645 0
1549057646 0
1549057647 0
1549057648 0
1549057649 0
1549057650 0
1549057651 0
1549057652 0
1549057653 0
1549057654 0
1549057655 0
1549057656 0
1549057657 0
1549057658 0
1549057659 0
1549057660 0
1549057661 0
1549057662 0
1549057663 0
1549057664 0
1549057665 0
1549057666 0
1549057667 0
1549057668 0
1549057669 0
1549057670 0
1549057671 0
1549057672 0
1549057673 0
1549057674 0
1549057675 0
1549057676 0
1549057677 0
1549057678 0
1549057679 0
1549057680 0
1549057681 0
1549057682 0
1549057683 0
1549057684 0
1549057685 0
1549057686 0
1549057687 0
1549057688 0
1549057689 0
1549057690 0
1549057691 0
1549057692 0
1549057693 0
1549057694 0
1549057695 0
1549057696 0
1549057697 0
1549057698 0
1549057699 0
1549057700 0
1549057701 0
1549057702 0
1549057703 0
1549057704 0
1549057705 0
1549057706 0
1549057707 0
1549057708 0
1549057709 0
1549057710 0
1549057711 0
1549057712 0
1549057713 0
1549057714 0
1549057715 0
1549057716 0
1549057717 0
1549057718 0
1549057719 0
1549057720 0
1549057721 0
1549057722 0
1549057723 0
1549057724 0
1549057725 0
1549057726 0
1549057727 0
1549057728 0
1549057729 0
1549057730 0
1549057731 0
1549057732 0
1549057733 0
1549057734 0
1549057735 0
1549057736 0
1549057737 0
1549057738 0
1549057739 0
1549057740 0
1549057741 0
1549057742 0
1549057743 0
1549057744 0
1549057745 0
1549057746 0
1549057747 0
1549057748 0
1549057749 0
1549057750 0
1549057751 0
1549057752 0
1549057753 0
1549057754 0
1549057755 0
1549057756 0
1549057757 0
1549057758 0
1549057759 0
1549057760 0
1549057761 0
1549057762 0
1549057763 0
1549057764 0
1549057765 0
1549057766 0
1549057767 0
1549057768 0
1549057769 0
1549057770 0
1549057771 0
1549057772 0
1549057773 0
1549057774 0
1549057775 0
1549057776 0
1549057777 0
1549057778 0
1549057779 0
1549057780 0
1549057781 0
1549057782 0
1549057783 0
1549057784 0
1549057785 0
1549057786 0
1549057787 0
1549057788 0
1549057789 0
1549057790 0
1549057791 0
1549057792 0
1549057793 0
1549057794 0
1549057795 0
1549057796 0
1549057797 0
1549057798 0
1549057799 0
1549057800 0
1549057801 0
1549057802 0
1549057803 0
1549057804 0
1549057805 0
1549057806 0
1549057807 0
1549057808 0
1549057809 0
1549057810 0
1549057811 0
1549057812 0
1549057813 0
1549057814 0
1549057815 0
1549057816 0
1549057817 0
1549057818 0
1549057819 0
1549057820 0
1549057821 0
1549057822 0
1549057823 0
1549057824 0
1549057825 0
1549057826 0
1549057827 0
1549057828 0
1549057829 0
1549057830 0
1549057831 0
1549057832 0
1549057833 0
1549057834 0
1549057835 0
1549057836 0
1549057837 0
1549057838 0
1549057839 0
1549057840 0
1549057841 0
1549057842 0
1549057843 0
1549057844 0
1549057845 0
1549057846 0
1549057847 0
1549057848 0
1549057849 0
1549057850 0
1549057851 0
1549057852 0
1549057853 0
1549057854 0
1549057855 0
1549057856 0
1549057857 0
1549057858 0
1549057859 0
1549057860 0
1549057861 0
1549057862 0
1549057863 0
1549057864 0
1549057865 0
1549057866 0
1549057867 0
1549057868 0
1549057869 0
1549057870 0
1549057871 0
1549057872 0
1549057873 0
1549057874 0
1549057875 0
1549057876 0
1549057877 0
1549057878 0
1549057879 0
1549057880 0
1549057881 0
1549057882 0
1549057883 0
1549057884 0
1549057885 0
1549057886 0
1549057887 0
1549057888 0
1549057889 0
1549057890 0
1549057891 0
1549057892 0
1549057893 0
1549057894 0
1549057895 0
1549057896 0
1549057897 0
1549057898 0
1549057899 0
1549057900 0
1549057901 0
1549057902 0
1549057903 0
1549057904 0
1549057905 0
1549057906 0
1549057907 0
1549057908 0
1549057909 0
1549057910 0
1549057911 0
1549057912 0
1549057913 0
1549057914 0
1549057915 0
1549057916 0
1549057917 0
1549057918 0
1549057919 0
1549057920 0
1549057921 0
1549057922 0
1549057923 0
1549057924 0
1549057925 0
1549057926 0
1549057927 0
1549057928 0
1549057929 0
1549057930 0
1549057931 0
1549057932 0
1549057933 0
1549057934 0
1549057935 0
1549057936 0
1549057937 0
1549057938 0
1549057939 0
1549057940 0
1549057941 0
1549057942 0
1549057943 0
1549057944 0
1549057945 0
1549057946 0
1549057947 0
1549057948 0
1549057949 0
1549057950 0
1549057951 0
1549057952 0
1549057953 0
1549057954 0
1549057955 0
1549057956 0
1549057957 0
1549057958 0
1549057959 0
1549057960 0
1549057961 0
1549057962 0
1549057963 0
1549057964 0
1549057965 0
1549057966 0
1549057967 0
1549057968 0
1549057969 0
1549057970 0
1549057971 0
1549057972 0
1549057973 0
1549057974 0
1549057975 0
1549057976 0
1549057977 0
1549057978 0
1549057979 0
1549057980 0
1549057981 0
1549057982 0
1549057983 0
1549057984 0
1549057985 0
1549057986 0
1549057987 0
1549057988 0
1549057989 0
1549057990 0
1549057991 0
1549057992 0
1549057993 0
1549057994 0
1549057995 0
1549057996 0
1549057997 0
1549057998 0
1549057999 0
1549058000 0
1549058001 0
1549058002 0
1549058003 0
1549058004 0
1549058005 0
1549058006 0
1549058007 0
1549058008 0
1549058009 0
1549058010 0
1549058011 0
1549058012 0
1549058013 0
1549058014 0
1549058015 0
1549058016 0
1549058017 0
1549058018 0
1549058019 0
1549058020 0
1549058021 0
1549058022 0
1549058023 0
1549058024 0
1549058025 0
1549058026 0
1549058027 0
1549058028 0
1549058029 0
1549058030 0
1549058031 0
1549058032 0
1549058033 0
1549058034 0
1549058035 0
1549058036 0
1549058037 0
1549058038 0
1549058039 0
1549058040 0
1549058041 0
1549058042 0
1549058043 0
1549058044 0
1549058045 0
1549058046 0
1549058047 0
1549058048 0
1549058049 0
1549058050 0
1549058051 0
1549058052 0
1549058053 0
1549058054 0
1549058055 0
1549058056 0
1549058057 0
1549058058 0
1549058059 0
1549058060 0
1549058061 0
1549058062 0
1549058063 0
1549058064 0
1549058065 0
1549058066 0
1549058067 0
1549058068 0
1549058069 0
1549058070 0
1549058071 0
1549058072 0
1549058073 0
1549058074 0
1549058075 0
1549058076 0
1549058077 0
1549058078 0
1549058079 0
1549058080 0
1549058081 0
1549058082 0
1549058083 0
1549058084 0
1549058085 0
1549058086 0
1549058087 0
1549058088 0
1549058089 0
1549058090 0
1549058091 0
1549058092 0
1549058093 0
1549058094 0
1549058095 0
1549058096 0
1549058097 0
1549058098 0
1549058099 0
1549058100 0
1549058101 0
1549058102 0
1549058103 0
1549058104 0
1549058105 0
1549058106 0
1549058107 0
1549058108 0
1549058109 0
1549058110 0
1549058111 0
1549058112 0
1549058113 0
1549058114 0
1549058115 0
1549058116 0
1549058117 0
1549058118 0
1549058119 0
1549058120 0
1549058121 0
1549058122 0
1549058123 0
1549058124 0
1549058125 0
1549058126 0
1549058127 0
1549058128 0
1549058129 0
1549058130 0
1549058131 0
1549058132 0
1549058133 0
1549058134 0
1549058135 0
1549058136 0
1549058137 0
1549058138 0
1549058139 0
1549058140 0
1549058141 0
1549058142 0
1549058143 0
1549058144 0
1549058145 0
1549058146 0
1549058147 0
1549058148 0
1549058149 0
1549058150 0
1549058151 0
1549058152 0
1549058153 0
1549058154 0
1549058155 0
1549058156 0
1549058157 0
1549058158 0
1549058159 0
1549058160 0
1549058161 0
1549058162 0
1549058163 0
1549058164 0
1549058165 0
1549058166 0
1549058167 0
1549058168 0
1549058169 0
1549058170 0
1549058171 0
1549058172 0
1549058173 0
1549058174 0
1549058175 0
1549058176 0
1549058177 0
1549058178 0
1549058179 0
1549058180 0
1549058181 0
1549058182 0
1549058183 0
1549058184 0
1549058185 0
1549058186 0
1549058187 0
1549058188 0
1549058189 0
1549058190 0
1549058191 0
1549058192 0
1549058193 0
1549058194 0
1549058195 0
1549058196 0
1549058197 0
1549058198 0
1549058199 0
1549058200 0
1549058201 0
1549058202 0
1549058203 0
1549058204 0
1549058205 0
1549058206 0
1549058207 0
1549058208 0
1549058209 0
1549058210 0
1549058211 0
1549058212 0
1549058213 0
1549058214 0
1549058215 0
1549058216 0
1549058217 0
1549058218 0
1549058219 0
1549058220 0
1549058221 0
1549058222 0
1549058223 0
1549058224 0
1549058225 0
1549058226 0
1549058227 0
1549058228 0
1549058229 0
1549058230 0
1549058231 0
1549058232 0
1549058233 0
1549058234 0
1549058235 0
1549058236 0
1549058237 0
1549058238 0
1549058239 0
1549058240 0
1549058241 0
1549058242 0
1549058243 0
1549058244 0
1549058245 0
1549058246 0
1549058247 0
1549058248 0
1549058249 0
1549058250 0
1549058251 0
1549058252 0
1549058253 0
1549058254 0
1549058255 0
1549058256 0
1549058257 0
1549058258 0
1549058259 0
1549058260 0
1549058261 0
1549058262 0
1549058263 0
1549058264 0
1549058265 0
1549058266 0
1549058267 0
1549058268 0
1549058269 0
1549058270 0
1549058271 0
1549058272 0
1549058273 0
1549058274 0
1549058275 0
1549058276 0
1549058277 0
1549058278 0
1549058279 0
1549058280 0
1549058281 0
1549058282 0
1549058283 0
1549058284 0
1549058285 0
1549058286 0
1549058287 0
1549058288 0
1549058289 0
1549058290 0
1549058291 0
1549058292 0
1549058293 0
1549058294 0
1549058295 0
1549058296 0
1549058297 0
1549058298 0
1549058299 0
1549058300 0
1549058301 0
1549058302 0
1549058303 0
1549058304 0
1549058305 0
1549058306 0
1549058307 0
1549058308 0
1549058309 0
1549058310 0
1549058311 0
1549058312 0
1549058313 0
1549058314 0
1549058315 0
1549058316 0
1549058317 0
1549058318 0
1549058319 0
1549058320 0
1549058321 0
1549058322 0
1549058323 0
1549058324 0
1549058325 0
1549058326 0
1549058327 0
1549058328 0
1549058329 0
1549058330 0
1549058331 0
1549058332 0
1549058333 0
1549058334 0
1549058335 0
1549058336 0
1549058337 0
1549058338 0
1549058339 0
1549058340 0
1549058341 0
1549058342 0
1549058343 0
1549058344 0
1549058345 0
1549058346 0
1549058347 0
1549058348 0
1549058349 0
1549058350 0
1549058351 0
1549058352 0
1549058353 0
1549058354 0
1549058355 0
1549058356 0
1549058357 0
1549058358 0
1549058359 0
1549058360 0
1549058361 0
1549058362 0
1549058363 0
1549058364 0
1549058365 0
1549058366 0
1549058367 0
1549058368 0
1549058369 0
1549058370 0
1549058371 0
1549058372 0
1549058373 0
1549058374 0
1549058375 0
1549058376 0
1549058377 0
1549058378 0
1549058379 0
1549058380 0
1549058381 0
1549058382 0
1549058383 0
1549058384 0
1549058385 0
1549058386 0
1549058387 0
1549058388 0
1549058389 0
1549058390 0
1549058391 0
1549058392 0
1549058393 0
1549058394 0
1549058395 0
1549058396 0
1549058397 0
1549058398 0
1549058399 0
1549058400 0
1549058401 0
1549058402 0
1549058403 0
1549058404 0
1549058405 0
1549058406 0
1549058407 0
1549058408 0
1549058409 0
1549058410 0
1549058411 0
1549058412 0
1549058413 0
1549058414 0
1549058415 0
1549058416 0
1549058417 0
1549058418 0
1549058419 0
1549058420 0
1549058421 0
1549058422 0
1549058423 0
1549058424 0
1549058425 0
1549058426 0
1549058427 0
1549058428 0
1549058429 0
1549058430 0
1549058431 0
1549058432 0
1549058433 0
1549058434 0
1549058435 0
1549058436 0
1549058437 0
1549058438 0
1549058439 0
1549058440 0
1549058441 0
1549058442 0
1549058443 0
1549058444 0
1549058445 0
1549058446 0
1549058447 0
1549058448 0
1549058449 0
1549058450 0
1549058451 0
1549058452 0
1549058453 0
1549058454 0
1549058455 0
1549058456 0
1549058457 0
1549058458 0
1549058459 0
1549058460 0
1549058461 0
1549058462 0
1549058463 0
1549058464 0
1549058465 0
1549058466 0
1549058467 0
1549058468 0
1549058469 0
1549058470 0
1549058471 0
1549058472 0
1549058473 0
1549058474 0
1549058475 0
1549058476 0
1549058477 0
1549058478 0
1549058479 0
1549058480 0
1549058481 0
1549058482 0
1549058483 0
1549058484 0
1549058485 0
1549058486 0
1549058487 0
1549058488 0
1549058489 0
1549058490 0
1549058491 0
1549058492 0
1549058493 0
1549058494 0
1549058495 0
1549058496 0
1549058497 0
1549058498 0
1549058499 0
1549058500 0
1549058501 0
1549058502 0
1549058503 0
1549058504 0
1549058505 0
1549058506 0
1549058507 0
1549058508 0
1549058509 0
1549058510 0
1549058511 0
1549058512 0
1549058513 0
1549058514 0
1549058515 0
1549058516 0
1549058517 0
1549058518 0
1549058519 0
1549058520 0
1549058521 0
1549058522 0
1549058523 0
1549058524 0
1549058525 0
1549058526 0
1549058527 0
1549058528 0
1549058529 0
1549058530 0
1549058531 0
1549058532 0
1549058533 0
1549058534 0
1549058535 0
1549058536 0
1549058537 0
1549058538 0
1549058539 0
1549058540 0
1549058541 0
1549058542 0
1549058543 0
1549058544 0
1549058545 0
1549058546 0
1549058547 0
1549058548 0
1549058549 0
1549058550 0
1549058551 0
1549058552 0
1549058553 0
1549058554 0
1549058555 0
1549058556 0
1549058557 0
1549058558 0
1549058559 0
1549058560 0
1549058561 0
1549058562 0
1549058563 0
1549058564 0
1549058565 0
1549058566 0
1549058567 0
1549058568 0
1549058569 0
1549058570 0
1549058571 0
1549058572 0
1549058573 0
1549058574 0
1549058575 0
1549058576 0
1549058577 0
1549058578 0
1549058579 0
1549058580 0
1549058581 0
1549058582 0
1549058583 0
1549058584 0
1549058585 0
1549058586 0
1549058587 0
1549058588 0
1549058589 0
1549058590 0
1549058591 0
1549058592 0
1549058593 0
1549058594 0
1549058595 0
1549058596 0
1549058597 0
1549058598 0
1549058599 0
1549058600 0
1549058601 0
1549058602 0
1549058603 0
1549058604 0
1549058605 0
1549058606 0
1549058607 0
1549058608 0
1549058609 0
1549058610 0
1549058611 0
1549058612 0
1549058613 0
1549058614 0
1549058615 0
1549058616 0
1549058617 0
1549058618 0
1549058619 0
1549058620 0
1549058621 0
1549058622 0
1549058623 0
1549058624 0
1549058625 0
1549058626 0
1549058627 0
1549058628 0
1549058629 0
1549058630 0
1549058631 0
1549058632 0
1549058633 0
1549058634 0
1549058635 0
1549058636 0
1549058637 0
1549058638 0
1549058639 0
1549058640 0
1549058641 0
1549058642 0
1549058643 0
1549058644 0
1549058645 0
1549058646 0
1549058647 0
1549058648 0
1549058649 0
1549058650 0
1549058651 0
1549058652 0
1549058653 0
1549058654 0
1549058655 0
1549058656 0
1549058657 0
1549058658 0
1549058659 0
1549058660 0
1549058661 0
1549058662 0
1549058663 0
1549058664 0
1549058665 0
1549058666 0
1549058667 0
1549058668 0
1549058669 0
1549058670 0
1549058671 0
1549058672 0
1549058673 0
1549058674 0
1549058675 0
1549058676 0
1549058677 0
1549058678 0
1549058679 0
1549058680 0
1549058681 0
1549058682 0
1549058683 0
1549058684 0
1549058685 0
1549058686 0
1549058687 0
1549058688 0
1549058689 0
1549058690 0
1549058691 0
1549058692 0
1549058693 0
1549058694 0
1549058695 0
1549058696 0
1549058697 0
1549058698 0
1549058699 0
1549058700 0
1549058701 0
1549058702 0
1549058703 0
1549058704 0
1549058705 0
1549058706 0
1549058707 0
1549058708 0
1549058709 0
1549058710 0
1549058711 0
1549058712 0
1549058713 0
1549058714 0
1549058715 0
1549058716 0
1549058717 0
1549058718 0
1549058719 0
1549058720 0
1549058721 0
1549058722 0
1549058723 0
1549058724 0
1549058725 0
1549058726 0
1549058727 0
1549058728 0
1549058729 0
1549058730 0
1549058731 0
1549058732 0
1549058733 0
1549058734 0
1549058735 0
1549058736 0
1549058737 0
1549058738 0
1549058739 0
1549058740 0
1549058741 0
1549058742 0
1549058743 0
1549058744 0
1549058745 0
1549058746 0
1549058747 0
1549058748 0
1549058749 0
1549058750 0
1549058751 0
1549058752 0
1549058753 0
1549058754 0
1549058755 0
1549058756 0
1549058757 0
1549058758 0
1549058759 0
1549058760 0
1549058761 0
1549058762 0
1549058763 0
1549058764 0
1549058765 0
1549058766 0
1549058767 0
1549058768 0
1549058769 0
1549058770 0
1549058771 0
1549058772 0
1549058773 0
1549058774 0
1549058775 0
1549058776 0
1549058777 0
1549058778 0
1549058779 0
1549058780 0
1549058781 0
1549058782 0
1549058783 0
1549058784 0
1549058785 0
1549058786 0
1549058787 0
1549058788 0
1549058789 0
1549058790 0
1549058791 0
1549058792 0
1549058793 0
1549058794 0
1549058795 0
1549058796 0
1549058797 0
1549058798 0
1549058799 0
1549058800 0
1549058801 0
1549058802 0
1549058803 0
1549058804 0
1549058805 0
1549058806 0
1549058807 0
1549058808 0
1549058809 0
1549058810 0
1549058811 0
1549058812 0
1549058813 0
1549058814 0
1549058815 0
1549058816 0
1549058817 0
1549058818 0
1549058819 0
1549058820 0
1549058821 0
1549058822 0
1549058823 0
1549058824 0
1549058825 0
1549058826 0
1549058827 0
1549058828 0
1549058829 0
1549058830 0
1549058831 0
1549058832 0
1549058833 0
1549058834 0
1549058835 0
1549058836 0
1549058837 0
1549058838 0
1549058839 0
1549058840 0
1549058841 0
1549058842 0
1549058843 0
1549058844 0
1549058845 0
1549058846 0
1549058847 0
1549058848 0
1549058849 0
1549058850 0
1549058851 0
1549058852 0
1549058853 0
1549058854 0
1549058855 0
1549058856 0
1549058857 0
1549058858 0
1549058859 0
1549058860 0
1549058861 0
1549058862 0
1549058863 0
1549058864 0
1549058865 0
1549058866 0
1549058867 0
1549058868 0
1549058869 0
1549058870 0
1549058871 0
1549058872 0
1549058873 0
1549058874 0
1549058875 0
1549058876 0
1549058877 0
1549058878 0
1549058879 0
1549058880 0
1549058881 0
1549058882 0
1549058883 0
1549058884 0
1549058885 0
1549058886 0
1549058887 0
1549058888 0
1549058889 0
1549058890 0
1549058891 0
1549058892 0
1549058893 0
1549058894 0
1549058895 0
1549058896 0
1549058897 0
1549058898 0
1549058899 0
1549058900 0
1549058901 0
1549058902 0
1549058903 0
1549058904 0
1549058905 0
1549058906 0
1549058907 0
1549058908 0
1549058909 0
1549058910 0
1549058911 0
1549058912 0
1549058913 0
1549058914 0
1549058915 0
1549058916 0
1549058917 0
1549058918 0
1549058919 0
1549058920 0
1549058921 0
1549058922 0
1549058923 0
1549058924 0
1549058925 0
1549058926 0
1549058927 0
1549058928 0
1549058929 0
1549058930 0
1549058931 0
1549058932 0
1549058933 0
1549058934 0
1549058935 0
1549058936 0
1549058937 0
1549058938 0
1549058939 0
1549058940 0
1549058941 0
1549058942 0
1549058943 0
1549058944 0
1549058945 0
1549058946 0
1549058947 0
1549058948 0
1549058949 0
1549058950 0
1549058951 0
1549058952 0
1549058953 0
1549058954 0
1549058955 0
1549058956 0
1549058957 0
1549058958 0
1549058959 0
1549058960 0
1549058961 0
1549058962 0
1549058963 0
1549058964 0
1549058965 0
1549058966 0
1549058967 0
1549058968 0
1549058969 0
1549058970 0
1549058971 0
1549058972 0
1549058973 0
1549058974 0
1549058975 0
1549058976 0
1549058977 0
1549058978 0
1549058979 0
1549058980 0
1549058981 0
1549058982 0
1549058983 0
1549058984 0
1549058985 0
1549058986 0
1549058987 0
1549058988 0
1549058989 0
1549058990 0
1549058991 0
1549058992 0
1549058993 0
1549058994 0
1549058995 0
1549058996 0
1549058997 0
1549058998 0
1549058999 0
1549059000 0
1549059001 0
1549059002 0
1549059003 0
1549059004 0
1549059005 0
1549059006 0
1549059007 0
1549059008 0
1549059009 0
1549059010 0
1549059011 0
1549059012 0
1549059013 0
1549059014 0
1549059015 0
1549059016 0
1549059017 0
1549059018 0
1549059019 0
1549059020 0
1549059021 0
1549059022 0
1549059023 0
1549059024 0
1549059025 0
1549059026 0
1549059027 0
1549059028 0
1549059029 0
1549059030 0
1549059031 0
1549059032 0
1549059033 0
1549059034 0
1549059035 0
1549059036 0
1549059037 0
1549059038 0
1549059039 0
1549059040 0
1549059041 0
1549059042 0
1549059043 0
1549059044 0
1549059045 0
1549059046 0
1549059047 0
1549059048 0
1549059049 0
1549059050 0
1549059051 0
1549059052 0
1549059053 0
1549059054 0
1549059055 0
1549059056 0
1549059057 0
1549059058 0
1549059059 0
1549059060 0
1549059061 0
1549059062 0
1549059063 0
1549059064 0
1549059065 0
1549059066 0
1549059067 0
1549059068 0
1549059069 0
1549059070 0
1549059071 0
1549059072 0
1549059073 0
1549059074 0
1549059075 0
1549059076 0
1549059077 0
1549059078 0
1549059079 0
1549059080 0
1549059081 0
1549059082 0
1549059083 0
1549059084 0
1549059085 0
1549059086 0
1549059087 0
1549059088 0
1549059089 0
1549059090 0
1549059091 0
1549059092 0
1549059093 0
1549059094 0
1549059095 0
1549059096 0
1549059097 0
1549059098 0
1549059099 0
1549059100 0
1549059101 0
1549059102 0
1549059103 0
1549059104 0
1549059105 0
1549059106 0
1549059107 0
1549059108 0
1549059109 0
1549059110 0
1549059111 0
1549059112 0
1549059113 0
1549059114 0
1549059115 0
1549059116 0
1549059117 0
1549059118 0
1549059119 0
1549059120 0
1549059121 0
1549059122 0
1549059123 0
1549059124 0
1549059125 0
1549059126 0
1549059127 0
1549059128 0
1549059129 0
1549059130 0
1549059131 0
1549059132 0
1549059133 0
1549059134 0
1549059135 0
1549059136 0
1549059137 0
1549059138 0
1549059139 0
1549059140 0
1549059141 0
1549059142 0
1549059143 0
1549059144 0
1549059145 0
1549059146 0
1549059147 0
1549059148 0
1549059149 0
1549059150 0
1549059151 0
1549059152 0
1549059153 0
1549059154 0
1549059155 0
1549059156 0
1549059157 0
1549059158 0
1549059159 0
1549059160 0
1549059161 0
1549059162 0
1549059163 0
1549059164 0
1549059165 0
1549059166 0
1549059167 0
1549059168 0
1549059169 0
1549059170 0
1549059171 0
1549059172 0
1549059173 0
1549059174 0
1549059175 0
1549059176 0
1549059177 0
1549059178 0
1549059179 0
1549059180 0
1549059181 0
1549059182 0
1549059183 0
1549059184 0
1549059185 0
1549059186 0
1549059187 0
1549059188 0
1549059189 0
1549059190 0
1549059191 0
1549059192 0
1549059193 0
1549059194 0
1549059195 0
1549059196 0
1549059197 0
1549059198 0
1549059199 0
1549059200 0
1549059201 0
1549059202 0
1549059203 0
1549059204 0
1549059205 0
1549059206 0
1549059207 0
1549059208 0
1549059209 0
1549059210 0
1549059211 0
1549059212 0
1549059213 0
1549059214 0
1549059215 0
1549059216 0
1549059217 0
1549059218 0
1549059219 0
1549059220 0
1549059221 0
1549059222 0
1549059223 0
1549059224 0
1549059225 0
1549059226 0
1549059227 0
1549059228 0
1549059229 0
1549059230 0
1549059231 0
1549059232 0
1549059233 0
1549059234 0
1549059235 0
1549059236 0
1549059237 0
1549059238 0
1549059239 0
1549059240 0
1549059241 0
1549059242 0
1549059243 0
1549059244 0
1549059245 0
1549059246 0
1549059247 0
1549059248 0
1549059249 0
1549059250 0
1549059251 0
1549059252 0
1549059253 0
1549059254 0
1549059255 0
1549059256 0
1549059257 0
1549059258 0
1549059259 0
1549059260 0
1549059261 0
1549059262 0
1549059263 0
1549059264 0
1549059265 0
1549059266 0
1549059267 0
1549059268 0
1549059269 0
1549059270 0
1549059271 0
1549059272 0
1549059273 0
1549059274 0
1549059275 0
1549059276 0
1549059277 0
1549059278 0
1549059279 0
1549059280 0
1549059281 0
1549059282 0
1549059283 0
1549059284 0
1549059285 0
1549059286 0
1549059287 0
1549059288 0
1549059289 0
1549059290 0
1549059291 0
1549059292 0
1549059293 0
1549059294 0
1549059295 0
1549059296 0
1549059297 0
1549059298 0
1549059299 0
1549059300 0
1549059301 0
1549059302 0
1549059303 0
1549059304 0
1549059305 0
1549059306 0
1549059307 0
1549059308 0
1549059309 0
1549059310 0
1549059311 0
1549059312 0
1549059313 0
1549059314 0
1549059315 0
1549059316 0
1549059317 0
1549059318 0
1549059319 0
1549059320 0
1549059321 0
1549059322 0
1549059323 0
1549059324 0
1549059325 0
1549059326 0
1549059327 0
1549059328 0
1549059329 0
1549059330 0
1549059331 0
1549059332 0
1549059333 0
1549059334 0
1549059335 0
1549059336 0
1549059337 0
1549059338 0
1549059339 0
1549059340 0
1549059341 0
1549059342 0
1549059343 0
1549059344 0
1549059345 0
1549059346 0
1549059347 0
1549059348 0
1549059349 0
1549059350 0
1549059351 0
1549059352 0
1549059353 0
1549059354 0
1549059355 0
1549059356 0
1549059357 0
1549059358 0
1549059359 0
1549059360 0
1549059361 0
1549059362 0
1549059363 0
1549059364 0
1549059365 0
1549059366 0
1549059367 0
1549059368 0
1549059369 0
1549059370 0
1549059371 0
1549059372 0
1549059373 0
1549059374 0
1549059375 0
1549059376 0
1549059377 0
1549059378 0
1549059379 0
1549059380 0
1549059381 0
1549059382 0
1549059383 0
1549059384 0
1549059385 0
1549059386 0
1549059387 0
1549059388 0
1549059389 0
1549059390 0
1549059391 0
1549059392 0
1549059393 0
1549059394 0
1549059395 0
1549059396 0
1549059397 0
1549059398 0
1549059399 0
1549059400 0
1549059401 0
1549059402 0
1549059403 0
1549059404 0
1549059405 0
1549059406 0
1549059407 0
1549059408 0
1549059409 0
1549059410 0
1549059411 0
1549059412 0
1549059413 0
1549059414 0
1549059415 0
1549059416 0
1549059417 0
1549059418 0
1549059419 0
1549059420 0
1549059421 0
1549059422 0
1549059423 0
1549059424 0
1549059425 0
1549059426 0
1549059427 0
1549059428 0
1549059429 0
1549059430 0
1549059431 0
1549059432 0
1549059433 0
1549059434 0
1549059435 0
1549059436 0
1549059437 0
1549059438 0
1549059439 0
1549059440 0
1549059441 0
1549059442 0
1549059443 0
1549059444 0
1549059445 0
1549059446 0
1549059447 0
1549059448 0
1549059449 0
1549059450 0
1549059451 0
1549059452 0
1549059453 0
1549059454 0
1549059455 0
1549059456 0
1549059457 0
1549059458 0
1549059459 0
1549059460 0
1549059461 0
1549059462 0
1549059463 0
1549059464 0
1549059465 0
1549059466 0
1549059467 0
1549059468 0
1549059469 0
1549059470 0
1549059471 0
1549059472 0
1549059473 0
1549059474 0
1549059475 0
1549059476 0
1549059477 0
1549059478 0
1549059479 0
1549059480 0
1549059481 0
1549059482 0
1549059483 0
1549059484 0
1549059485 0
1549059486 0
1549059487 0
1549059488 0
1549059489 0
1549059490 0
1549059491 0
1549059492 0
1549059493 0
1549059494 0
1549059495 0
1549059496 0
1549059497 0
1549059498 0
1549059499 0
1549059500 0
1549059501 0
1549059502 0
1549059503 0
1549059504 0
1549059505 0
1549059506 0
1549059507 0
1549059508 0
1549059509 0
1549059510 0
1549059511 0
1549059512 0
1549059513 0
1549059514 0
1549059515 0
1549059516 0
1549059517 0
1549059518 0
1549059519 0
1549059520 0
1549059521 0
1549059522 0
1549059523 0
1549059524 0
1549059525 0
1549059526 0
1549059527 0
1549059528 0
1549059529 0
1549059530 0
1549059531 0
1549059532 0
1549059533 0
1549059534 0
1549059535 0
1549059536 0
1549059537 0
1549059538 0
1549059539 0
1549059540 0
1549059541 0
1549059542 0
1549059543 0
1549059544 0
1549059545 0
1549059546 0
1549059547 0
1549059548 0
1549059549 0
1549059550 0
1549059551 0
1549059552 0
1549059553 0
1549059554 0
1549059555 0
1549059556 0
1549059557 0
1549059558 0
1549059559 0
1549059560 0
1549059561 0
1549059562 0
1549059563 0
1549059564 0
1549059565 0
1549059566 0
1549059567 0
1549059568 0
1549059569 0
1549059570 0
1549059571 0
1549059572 0
1549059573 0
1549059574 0
1549059575 0
1549059576 0
1549059577 0
1549059578 0
1549059579 0
1549059580 0
1549059581 0
1549059582 0
1549059583 0
1549059584 0
1549059585 0
1549059586 0
1549059587 0
1549059588 0
1549059589 0
1549059590 0
1549059591 0
1549059592 0
1549059593 0
1549059594 0
1549059595 0
1549059596 0
1549059597 0
1549059598 0
1549059599 0
1549059600 0
1549059601 0
1549059602 0
1549059603 0
1549059604 0
1549059605 0
1549059606 0
1549059607 0
1549059608 0
1549059609 0
1549059610 0
1549059611 0
1549059612 0
1549059613 0
1549059614 0
1549059615 0
1549059616 0
1549059617 0
1549059618 0
1549059619 0
1549059620 0
1549059621 0
1549059622 0
1549059623 0
1549059624 0
1549059625 0
1549059626 0
1549059627 0
1549059628 0
1549059629 0
1549059630 0
1549059631 0
1549059632 0
1549059633 0
1549059634 0
1549059635 0
1549059636 0
1549059637 0
1549059638 0
1549059639 0
1549059640 0
1549059641 0
1549059642 0
1549059643 0
1549059644 0
1549059645 0
1549059646 0
1549059647 0
1549059648 0
1549059649 0
1549059650 0
1549059651 0
1549059652 0
1549059653 0
1549059654 0
1549059655 0
1549059656 0
1549059657 0
1549059658 0
1549059659 0
1549059660 0
1549059661 0
1549059662 0
1549059663 0
1549059664 0
1549059665 0
1549059666 0
1549059667 0
1549059668 0
1549059669 0
1549059670 0
1549059671 0
1549059672 0
1549059673 0
1549059674 0
1549059675 0
1549059676 0
1549059677 0
1549059678 0
1549059679 0
1549059680 0
1549059681 0
1549059682 0
1549059683 0
1549059684 0
1549059685 0
1549059686 0
1549059687 0
1549059688 0
1549059689 0
1549059690 0
1549059691 0
1549059692 0
1549059693 0
1549059694 0
1549059695 0
1549059696 0
1549059697 0
1549059698 0
1549059699 0
1549059700 0
1549059701 0
1549059702 0
1549059703 0
1549059704 0
1549059705 0
1549059706 0
1549059707 0
1549059708 0
1549059709 0
1549059710 0
1549059711 0
1549059712 0
1549059713 0
1549059714 0
1549059715 0
1549059716 0
1549059717 0
1549059718 0
1549059719 0
1549059720 0
1549059721 0
1549059722 0
1549059723 0
1549059724 0
1549059725 0
1549059726 0
1549059727 0
1549059728 0
1549059729 0
1549059730 0
1549059731 0
1549059732 0
1549059733 0
1549059734 0
1549059735 0
1549059736 0
1549059737 0
1549059738 0
1549059739 0
1549059740 0
1549059741 0
1549059742 0
1549059743 0
1549059744 0
1549059745 0
1549059746 0
1549059747 0
1549059748 0
1549059749 0
1549059750 0
1549059751 0
1549059752 0
1549059753 0
1549059754 0
1549059755 0
1549059756 0
1549059757 0
1549059758 0
1549059759 0
1549059760 0
1549059761 0
1549059762 0
1549059763 0
1549059764 0
1549059765 0
1549059766 0
1549059767 0
1549059768 0
1549059769 0
1549059770 0
1549059771 0
1549059772 0
1549059773 0
1549059774 0
1549059775 0
1549059776 0
1549059777 0
1549059778 0
1549059779 0
1549059780 0
1549059781 0
1549059782 0
1549059783 0
1549059784 0
1549059785 0
1549059786 0
1549059787 0
1549059788 0
1549059789 0
1549059790 0
1549059791 0
1549059792 0
1549059793 0
1549059794 0
1549059795 0
1549059796 0
1549059797 0
1549059798 0
1549059799 0
1549059800 0
1549059801 0
1549059802 0
1549059803 0
1549059804 0
1549059805 0
1549059806 0
1549059807 0
1549059808 0
1549059809 0
1549059810 0
1549059811 0
1549059812 0
1549059813 0
1549059814 0
1549059815 0
1549059816 0
1549059817 0
1549059818 0
1549059819 0
1549059820 0
1549059821 0
1549059822 0
1549059823 0
1549059824 0
1549059825 0
1549059826 0
1549059827 0
1549059828 0
1549059829 0
1549059830 0
1549059831 0
1549059832 0
1549059833 0
1549059834 0
1549059835 0
1549059836 0
1549059837 0
1549059838 0
1549059839 0
1549059840 0
1549059841 0
1549059842 0
1549059843 0
1549059844 0
1549059845 0
1549059846 0
1549059847 0
1549059848 0
1549059849 0
1549059850 0
1549059851 0
1549059852 0
1549059853 0
1549059854 0
1549059855 0
1549059856 0
1549059857 0
1549059858 0
1549059859 0
1549059860 0
1549059861 0
1549059862 0
1549059863 0
1549059864 0
1549059865 0
1549059866 0
1549059867 0
1549059868 0
1549059869 0
1549059870 0
1549059871 0
1549059872 0
1549059873 0
1549059874 0
1549059875 0
1549059876 0
1549059877 0
1549059878 0
1549059879 0
1549059880 0
1549059881 0
1549059882 0
1549059883 0
1549059884 0
1549059885 0
1549059886 0
1549059887 0
1549059888 0
1549059889 0
1549059890 0
1549059891 0
1549059892 0
1549059893 0
1549059894 0
1549059895 0
1549059896 0
1549059897 0
1549059898 0
1549059899 0
1549059900 0
1549059901 0
1549059902 0
1549059903 0
1549059904 0
1549059905 0
1549059906 0
1549059907 0
1549059908 0
1549059909 0
1549059910 0
1549059911 0
1549059912 0
1549059913 0
1549059914 0
1549059915 0
1549059916 0
1549059917 0
1549059918 0
1549059919 0
1549059920 0
1549059921 0
1549059922 0
1549059923 0
1549059924 0
1549059925 0
1549059926 0
1549059927 0
1549059928 0
1549059929 0
1549059930 0
1549059931 0
1549059932 0
1549059933 0
1549059934 0
1549059935 0
1549059936 0
1549059937 0
1549059938 0
1549059939 0
1549059940 0
1549059941 0
1549059942 0
1549059943 0
1549059944 0
1549059945 0
1549059946 0
1549059947 0
1549059948 0
1549059949 0
1549059950 0
1549059951 0
1549059952 0
1549059953 0
1549059954 0
1549059955 0
1549059956 0
1549059957 0
1549059958 0
1549059959 0
1549059960 0
1549059961 0
1549059962 0
1549059963 0
1549059964 0
1549059965 0
1549059966 0
1549059967 0
1549059968 0
1549059969 0
1549059970 0
1549059971 0
1549059972 0
1549059973 0
1549059974 0
1549059975 0
1549059976 0
1549059977 0
1549059978 0
1549059979 0
1549059980 0
1549059981 0
1549059982 0
1549059983 0
1549059984 0
1549059985 0
1549059986 0
1549059987 0
1549059988 0
1549059989 0
1549059990 0
1549059991 0
1549059992 0
1549059993 0
1549059994 0
1549059995 0
1549059996 0
1549059997 0
1549059998 0
1549059999 0
1549060000 0
1549060001 0
1549060002 0
1549060003 0
1549060004 0
1549060005 0
1549060006 0
1549060007 0
1549060008 0
1549060009 0
1549060010 0
1549060011 0
1549060012 0
1549060013 0
1549060014 0
1549060015 0
1549060016 0
1549060017 0
1549060018 0
1549060019 0
1549060020 0
1549060021 0
1549060022 0
1549060023 0
1549060024 0
1549060025 0
1549060026 0
1549060027 0
1549060028 0
1549060029 0
1549060030 0
1549060031 0
1549060032 0
1549060033 0
1549060034 0
1549060035 0
1549060036 0
1549060037 0
1549060038 0
1549060039 0
1549060040 0
1549060041 0
1549060042 0
1549060043 0
1549060044 0
1549060045 0
1549060046 0
1549060047 0
1549060048 0
1549060049 0
1549060050 0
1549060051 0
1549060052 0
1549060053 0
1549060054 0
1549060055 0
1549060056 0
1549060057 0
1549060058 0
1549060059 0
1549060060 0
1549060061 0
1549060062 0
1549060063 0
1549060064 0
1549060065 0
1549060066 0
1549060067 0
1549060068 0
1549060069 0
1549060070 0
1549060071 0
1549060072 0
1549060073 0
1549060074 0
1549060075 0
1549060076 0
1549060077 0
1549060078 0
1549060079 0
1549060080 0
1549060081 0
1549060082 0
1549060083 0
1549060084 0
1549060085 0
1549060086 0
1549060087 0
1549060088 0
1549060089 0
1549060090 0
1549060091 0
1549060092 0
1549060093 0
1549060094 0
1549060095 0
1549060096 0
1549060097 0
1549060098 0
1549060099 0
1549060100 0
1549060101 0
1549060102 0
1549060103 0
1549060104 0
1549060105 0
1549060106 0
1549060107 0
1549060108 0
1549060109 0
1549060110 0
1549060111 0
1549060112 0
1549060113 0
1549060114 0
1549060115 0
1549060116 0
1549060117 0
1549060118 0
1549060119 0
1549060120 0
1549060121 0
1549060122 0
1549060123 0
1549060124 0
1549060125 0
1549060126 0
1549060127 0
1549060128 0
1549060129 0
1549060130 0
1549060131 0
1549060132 0
1549060133 0
1549060134 0
1549060135 0
1549060136 0
1549060137 0
1549060138 0
1549060139 0
1549060140 0
1549060141 0
1549060142 0
1549060143 0
1549060144 0
1549060145 0
1549060146 0
1549060147 0
1549060148 0
1549060149 0
1549060150 0
1549060151 0
1549060152 0
1549060153 0
1549060154 0
1549060155 0
1549060156 0
1549060157 0
1549060158 0
1549060159 0
1549060160 0
1549060161 0
1549060162 0
1549060163 0
1549060164 0
1549060165 0
1549060166 0
1549060167 0
1549060168 0
1549060169 0
1549060170 0
1549060171 0
1549060172 0
1549060173 0
1549060174 0
1549060175 0
1549060176 0
1549060177 0
1549060178 0
1549060179 0
1549060180 0
1549060181 0
1549060182 0
1549060183 0
1549060184 0
1549060185 0
1549060186 0
1549060187 0
1549060188 0
1549060189 0
1549060190 0
1549060191 0
1549060192 0
1549060193 0
1549060194 0
1549060195 0
1549060196 0
1549060197 0
1549060198 0
1549060199 0
1549060200 0
1549060201 0
1549060202 0
1549060203 0
1549060204 0
1549060205 0
1549060206 0
1549060207 0
1549060208 0
1549060209 0
1549060210 0
1549060211 0
1549060212 0
1549060213 0
1549060214 0
1549060215 0
1549060216 0
1549060217 0
1549060218 0
1549060219 0
1549060220 0
1549060221 0
1549060222 0
1549060223 0
1549060224 0
1549060225 0
1549060226 0
1549060227 0
1549060228 0
1549060229 0
1549060230 0
1549060231 0
1549060232 0
1549060233 0
1549060234 0
1549060235 0
1549060236 0
1549060237 0
1549060238 0
1549060239 0
1549060240 0
1549060241 0
1549060242 0
1549060243 0
1549060244 0
1549060245 0
1549060246 0
1549060247 0
1549060248 0
1549060249 0
1549060250 0
1549060251 0
1549060252 0
1549060253 0
1549060254 0
1549060255 0
1549060256 0
1549060257 0
1549060258 0
1549060259 0
1549060260 0
1549060261 0
1549060262 0
1549060263 0
1549060264 0
1549060265 0
1549060266 0
1549060267 0
1549060268 0
1549060269 0
1549060270 0
1549060271 0
1549060272 0
1549060273 0
1549060274 0
1549060275 0
1549060276 0
1549060277 0
1549060278 0
1549060279 0
1549060280 0
1549060281 0
1549060282 0
1549060283 0
1549060284 0
1549060285 0
1549060286 0
1549060287 0
1549060288 0
1549060289 0
1549060290 0
1549060291 0
1549060292 0
1549060293 0
1549060294 0
1549060295 0
1549060296 0
1549060297 0
1549060298 0
1549060299 0
1549060300 0
1549060301 0
1549060302 0
1549060303 0
1549060304 0
1549060305 0
1549060306 0
1549060307 0
1549060308 0
1549060309 0
1549060310 0
1549060311 0
1549060312 0
1549060313 0
1549060314 0
1549060315 0
1549060316 0
1549060317 0
1549060318 0
1549060319 0
1549060320 0
1549060321 0
1549060322 0
1549060323 0
1549060324 0
1549060325 0
1549060326 0
1549060327 0
1549060328 0
1549060329 0
1549060330 0
1549060331 0
1549060332 0
1549060333 0
1549060334 0
1549060335 0
1549060336 0
1549060337 0
1549060338 0
1549060339 0
1549060340 0
1549060341 0
1549060342 0
1549060343 0
1549060344 0
1549060345 0
1549060346 0
1549060347 0
1549060348 0
1549060349 0
1549060350 0
1549060351 0
1549060352 0
1549060353 0
1549060354 0
1549060355 0
1549060356 0
1549060357 0
1549060358 0
1549060359 0
1549060360 0
1549060361 0
1549060362 0
1549060363 0
1549060364 0
1549060365 0
1549060366 0
1549060367 0
1549060368 0
1549060369 0
1549060370 0
1549060371 0
1549060372 0
1549060373 0
1549060374 0
1549060375 0
1549060376 0
1549060377 0
1549060378 0
1549060379 0
1549060380 0
1549060381 0
1549060382 0
1549060383 0
1549060384 0
1549060385 0
1549060386 0
1549060387 0
1549060388 0
1549060389 0
1549060390 0
1549060391 0
1549060392 0
1549060393 0
1549060394 0
1549060395 0
1549060396 0
1549060397 0
1549060398 0
1549060399 0
1549060400 0
1549060401 0
1549060402 0
1549060403 0
1549060404 0
1549060405 0
1549060406 0
1549060407 0
1549060408 0
1549060409 0
1549060410 0
1549060411 0
1549060412 0
1549060413 0
1549060414 0
1549060415 0
1549060416 0
1549060417 0
1549060418 0
1549060419 0
1549060420 0
1549060421 0
1549060422 0
1549060423 0
1549060424 0
1549060425 0
1549060426 0
1549060427 0
1549060428 0
1549060429 0
1549060430 0
1549060431 0
1549060432 0
1549060433 0
1549060434 0
1549060435 0
1549060436 0
1549060437 0
1549060438 0
1549060439 0
1549060440 0
1549060441 0
1549060442 0
1549060443 0
1549060444 0
1549060445 0
1549060446 0
1549060447 0
1549060448 0
1549060449 0
1549060450 0
1549060451 0
1549060452 0
1549060453 0
1549060454 0
1549060455 0
1549060456 0
1549060457 0
1549060458 0
1549060459 0
1549060460 0
1549060461 0
1549060462 0
1549060463 0
1549060464 0
1549060465 0
1549060466 0
1549060467 0
1549060468 0
1549060469 0
1549060470 0
1549060471 0
1549060472 0
1549060473 0
1549060474 0
1549060475 0
1549060476 0
1549060477 0
1549060478 0
1549060479 0
1549060480 0
1549060481 0
1549060482 0
1549060483 0
1549060484 0
1549060485 0
1549060486 0
1549060487 0
1549060488 0
1549060489 0
1549060490 0
1549060491 0
1549060492 0
1549060493 0
1549060494 0
1549060495 0
1549060496 0
1549060497 0
1549060498 0
1549060499 0
1549060500 0
1549060501 0
1549060502 0
1549060503 0
1549060504 0
1549060505 0
1549060506 0
1549060507 0
1549060508 0
1549060509 0
1549060510 0
1549060511 0
1549060512 0
1549060513 0
1549060514 0
1549060515 0
1549060516 0
1549060517 0
1549060518 0
1549060519 0
1549060520 0
1549060521 0
1549060522 0
1549060523 0
1549060524 0
1549060525 0
1549060526 0
1549060527 0
1549060528 0
1549060529 0
1549060530 0
1549060531 0
1549060532 0
1549060533 0
1549060534 0
1549060535 0
1549060536 0
1549060537 0
1549060538 0
1549060539 0
1549060540 0
1549060541 0
1549060542 0
1549060543 0
1549060544 0
1549060545 0
1549060546 0
1549060547 0
1549060548 0
1549060549 0
1549060550 0
1549060551 0
1549060552 0
1549060553 0
1549060554 0
1549060555 0
1549060556 0
1549060557 0
1549060558 0
1549060559 0
1549060560 0
1549060561 0
1549060562 0
1549060563 0
1549060564 0
1549060565 0
1549060566 0
1549060567 0
1549060568 0
1549060569 0
1549060570 0
1549060571 0
1549060572 0
1549060573 0
1549060574 0
1549060575 0
1549060576 0
1549060577 0
1549060578 0
1549060579 0
1549060580 0
1549060581 0
1549060582 0
1549060583 0
1549060584 0
1549060585 0
1549060586 0
1549060587 0
1549060588 0
1549060589 0
1549060590 0
1549060591 0
1549060592 0
1549060593 0
1549060594 0
1549060595 0
1549060596 0
1549060597 0
1549060598 0
1549060599 0
1549060600 0
1549060601 0
1549060602 0
1549060603 0
1549060604 0
1549060605 0
1549060606 0
1549060607 0
1549060608 0
1549060609 0
1549060610 0
1549060611 0
1549060612 0
1549060613 0
1549060614 0
1549060615 0
1549060616 0
1549060617 0
1549060618 0
1549060619 0
1549060620 0
1549060621 0
1549060622 0
1549060623 0
1549060624 0
1549060625 0
1549060626 0
1549060627 0
1549060628 0
1549060629 0
1549060630 0
1549060631 0
1549060632 0
1549060633 0
1549060634 0
1549060635 0
1549060636 0
1549060637 0
1549060638 0
1549060639 0
1549060640 0
1549060641 0
1549060642 0
1549060643 0
1549060644 0
1549060645 0
1549060646 0
1549060647 0
1549060648 0
1549060649 0
1549060650 0
1549060651 0
1549060652 0
1549060653 0
1549060654 0
1549060655 0
1549060656 0
1549060657 0
1549060658 0
1549060659 0
1549060660 0
1549060661 0
1549060662 0
1549060663 0
1549060664 0
1549060665 0
1549060666 0
1549060667 0
1549060668 0
1549060669 0
1549060670 0
1549060671 0
1549060672 0
1549060673 0
1549060674 0
1549060675 0
1549060676 0
1549060677 0
1549060678 0
1549060679 0
1549060680 0
1549060681 0
1549060682 0
1549060683 0
1549060684 0
1549060685 0
1549060686 0
1549060687 0
1549060688 0
1549060689 0
1549060690 0
1549060691 0
1549060692 0
1549060693 0
1549060694 0
1549060695 0
1549060696 0
1549060697 0
1549060698 0
1549060699 0
1549060700 0
1549060701 0
1549060702 0
1549060703 0
1549060704 0
1549060705 0
1549060706 0
1549060707 0
1549060708 0
1549060709 0
1549060710 0
1549060711 0
1549060712 0
1549060713 0
1549060714 0
1549060715 0
1549060716 0
1549060717 0
1549060718 0
1549060719 0
1549060720 0
1549060721 0
1549060722 0
1549060723 0
1549060724 0
1549060725 0
1549060726 0
1549060727 0
1549060728 0
1549060729 0
1549060730 0
1549060731 0
1549060732 0
1549060733 0
1549060734 0
1549060735 0
1549060736 0
1549060737 0
1549060738 0
1549060739 0
1549060740 0
1549060741 0
1549060742 0
1549060743 0
1549060744 0
1549060745 0
1549060746 0
1549060747 0
1549060748 0
1549060749 0
1549060750 0
1549060751 0
1549060752 0
1549060753 0
1549060754 0
1549060755 0
1549060756 0
1549060757 0
1549060758 0
1549060759 0
1549060760 0
1549060761 0
1549060762 0
1549060763 0
1549060764 0
1549060765 0
1549060766 0
1549060767 0
1549060768 0
1549060769 0
1549060770 0
1549060771 0
1549060772 0
1549060773 0
1549060774 0
1549060775 0
1549060776 0
1549060777 0
1549060778 0
1549060779 0
1549060780 0
1549060781 0
1549060782 0
1549060783 0
1549060784 0
1549060785 0
1549060786 0
1549060787 0
1549060788 0
1549060789 0
1549060790 0
1549060791 0
1549060792 0
1549060793 0
1549060794 0
1549060795 0
1549060796 0
1549060797 0
1549060798 0
1549060799 0
1549060800 0
1549060801 0
1549060802 0
1549060803 0
1549060804 0
1549060805 0
1549060806 0
1549060807 0
1549060808 0
1549060809 0
1549060810 0
1549060811 0
1549060812 0
1549060813 0
1549060814 0
1549060815 0
1549060816 0
1549060817 0
1549060818 0
1549060819 0
1549060820 0
1549060821 0
1549060822 0
1549060823 0
1549060824 0
1549060825 0
1549060826 0
1549060827 0
1549060828 0
1549060829 0
1549060830 0
1549060831 0
1549060832 0
1549060833 0
1549060834 0
1549060835 0
1549060836 0
1549060837 0
1549060838 0
1549060839 0
1549060840 0
1549060841 0
1549060842 0
1549060843 0
1549060844 0
1549060845 0
1549060846 0
1549060847 0
1549060848 0
1549060849 0
1549060850 0
1549060851 0
1549060852 0
1549060853 0
1549060854 0
1549060855 0
1549060856 0
1549060857 0
1549060858 0
1549060859 0
1549060860 0
1549060861 0
1549060862 0
1549060863 0
1549060864 0
1549060865 0
1549060866 0
1549060867 0
1549060868 0
1549060869 0
1549060870 0
1549060871 0
1549060872 0
1549060873 0
1549060874 0
1549060875 0
1549060876 0
1549060877 0
1549060878 0
1549060879 0
1549060880 0
1549060881 0
1549060882 0
1549060883 0
1549060884 0
1549060885 0
1549060886 0
1549060887 0
1549060888 0
1549060889 0
1549060890 0
1549060891 0
1549060892 0
1549060893 0
1549060894 0
1549060895 0
1549060896 0
1549060897 0
1549060898 0
1549060899 0
1549060900 0
1549060901 0
1549060902 0
1549060903 0
1549060904 0
1549060905 0
1549060906 0
1549060907 0
1549060908 0
1549060909 0
1549060910 0
1549060911 0
1549060912 0
1549060913 0
1549060914 0
1549060915 0
1549060916 0
1549060917 0
1549060918 0
1549060919 0
1549060920 0
1549060921 0
1549060922 0
1549060923 0
1549060924 0
1549060925 0
1549060926 0
1549060927 0
1549060928 0
1549060929 0
1549060930 0
1549060931 0
1549060932 0
1549060933 0
1549060934 0
1549060935 0
1549060936 0
1549060937 0
1549060938 0
1549060939 0
1549060940 0
1549060941 0
1549060942 0
1549060943 0
1549060944 0
1549060945 0
1549060946 0
1549060947 0
1549060948 0
1549060949 0
1549060950 0
1549060951 0
1549060952 0
1549060953 0
1549060954 0
1549060955 0
1549060956 0
1549060957 0
1549060958 0
1549060959 0
1549060960 0
1549060961 0
1549060962 0
1549060963 0
1549060964 0
1549060965 0
1549060966 0
1549060967 0
1549060968 0
1549060969 0
1549060970 0
1549060971 0
1549060972 0
1549060973 0
1549060974 0
1549060975 0
1549060976 0
1549060977 0
1549060978 0
1549060979 0
1549060980 0
1549060981 0
1549060982 0
1549060983 0
1549060984 0
1549060985 0
1549060986 0
1549060987 0
1549060988 0
1549060989 0
1549060990 0
1549060991 0
1549060992 0
1549060993 0
1549060994 0
1549060995 0
1549060996 0
1549060997 0
1549060998 0
1549060999 0
1549061000 0
1549061001 0
1549061002 0
1549061003 0
1549061004 0
1549061005 0
1549061006 0
1549061007 0
1549061008 0
1549061009 0
1549061010 0
1549061011 0
1549061012 0
1549061013 0
1549061014 0
1549061015 0
1549061016 0
1549061017 0
1549061018 0
1549061019 0
1549061020 0
1549061021 0
1549061022 0
1549061023 0
1549061024 0
1549061025 0
1549061026 0
1549061027 0
1549061028 0
1549061029 0
1549061030 0
1549061031 0
1549061032 0
1549061033 0
1549061034 0
1549061035 0
1549061036 0
1549061037 0
1549061038 0
1549061039 0
1549061040 0
1549061041 0
1549061042 0
1549061043 0
1549061044 0
1549061045 0
1549061046 0
1549061047 0
1549061048 0
1549061049 0
1549061050 0
1549061051 0
1549061052 0
1549061053 0
1549061054 0
1549061055 0
1549061056 0
1549061057 0
1549061058 0
1549061059 0
1549061060 0
1549061061 0
1549061062 0
1549061063 0
1549061064 0
1549061065 0
1549061066 0
1549061067 0
1549061068 0
1549061069 0
1549061070 0
1549061071 0
1549061072 0
1549061073 0
1549061074 0
1549061075 0
1549061076 0
1549061077 0
1549061078 0
1549061079 0
1549061080 0
1549061081 0
1549061082 0
1549061083 0
1549061084 0
1549061085 0
1549061086 0
1549061087 0
1549061088 0
1549061089 0
1549061090 0
1549061091 0
1549061092 0
1549061093 0
1549061094 0
1549061095 0
1549061096 0
1549061097 0
1549061098 0
1549061099 0
1549061100 0
1549061101 0
1549061102 0
1549061103 0
1549061104 0
1549061105 0
1549061106 0
1549061107 0
1549061108 0
1549061109 0
1549061110 0
1549061111 0
1549061112 0
1549061113 0
1549061114 0
1549061115 0
1549061116 0
1549061117 0
1549061118 0
1549061119 0
1549061120 0
1549061121 0
1549061122 0
1549061123 0
1549061124 0
1549061125 0
1549061126 0
1549061127 0
1549061128 0
1549061129 0
1549061130 0
1549061131 0
1549061132 0
1549061133 0
1549061134 0
1549061135 0
1549061136 0
1549061137 0
1549061138 0
1549061139 0
1549061140 0
1549061141 0
1549061142 0
1549061143 0
1549061144 0
1549061145 0
1549061146 0
1549061147 0
1549061148 0
1549061149 0
1549061150 0
1549061151 0
1549061152 0
1549061153 0
1549061154 0
1549061155 0
1549061156 0
1549061157 0
1549061158 0
1549061159 0
1549061160 0
1549061161 0
1549061162 0
1549061163 0
1549061164 0
1549061165 0
1549061166 0
1549061167 0
1549061168 0
1549061169 0
1549061170 0
1549061171 0
1549061172 0
1549061173 0
1549061174 0
1549061175 0
1549061176 0
1549061177 0
1549061178 0
1549061179 0
1549061180 0
1549061181 0
1549061182 0
1549061183 0
1549061184 0
1549061185 0
1549061186 0
1549061187 0
1549061188 0
1549061189 0
1549061190 0
1549061191 0
1549061192 0
1549061193 0
1549061194 0
1549061195 0
1549061196 0
1549061197 0
1549061198 0
1549061199 0
1549061200 0
1549061201 0
1549061202 0
1549061203 0
1549061204 0
1549061205 0
1549061206 0
1549061207 0
1549061208 0
1549061209 0
1549061210 0
1549061211 0
1549061212 0
1549061213 0
1549061214 0
1549061215 0
1549061216 0
1549061217 0
1549061218 0
1549061219 0
1549061220 0
1549061221 0
1549061222 0
1549061223 0
1549061224 0
1549061225 0
1549061226 0
1549061227 0
1549061228 0
1549061229 0
1549061230 0
1549061231 0
1549061232 0
1549061233 0
1549061234 0
1549061235 0
1549061236 0
1549061237 0
1549061238 0
1549061239 0
1549061240 0
1549061241 0
1549061242 0
1549061243 0
1549061244 0
1549061245 0
1549061246 0
1549061247 0
1549061248 0
1549061249 0
1549061250 0
1549061251 0
1549061252 0
1549061253 0
1549061254 0
1549061255 0
1549061256 0
1549061257 0
1549061258 0
1549061259 0
1549061260 0
1549061261 0
1549061262 0
1549061263 0
1549061264 0
1549061265 0
1549061266 0
1549061267 0
1549061268 0
1549061269 0
1549061270 0
1549061271 0
1549061272 0
1549061273 0
1549061274 0
1549061275 0
1549061276 0
1549061277 0
1549061278 0
1549061279 0
1549061280 0
1549061281 0
1549061282 0
1549061283 0
1549061284 0
1549061285 0
1549061286 0
1549061287 0
1549061288 0
1549061289 0
1549061290 0
1549061291 0
1549061292 0
1549061293 0
1549061294 0
1549061295 0
1549061296 0
1549061297 0
1549061298 0
1549061299 0
1549061300 0
1549061301 0
1549061302 0
1549061303 0
1549061304 0
1549061305 0
1549061306 0
1549061307 0
1549061308 0
1549061309 0
1549061310 0
1549061311 0
1549061312 0
1549061313 0
1549061314 0
1549061315 0
1549061316 0
1549061317 0
1549061318 0
1549061319 0
1549061320 0
1549061321 0
1549061322 0
1549061323 0
1549061324 0
1549061325 0
1549061326 0
1549061327 0
1549061328 0
1549061329 0
1549061330 0
1549061331 0
1549061332 0
1549061333 0
1549061334 0
1549061335 0
1549061336 0
1549061337 0
1549061338 0
1549061339 0
1549061340 0
1549061341 0
1549061342 0
1549061343 0
1549061344 0
1549061345 0
1549061346 0
1549061347 0
1549061348 0
1549061349 0
1549061350 0
1549061351 0
1549061352 0
1549061353 0
1549061354 0
1549061355 0
1549061356 0
1549061357 0
1549061358 0
1549061359 0
1549061360 0
1549061361 0
1549061362 0
1549061363 0
1549061364 0
1549061365 0
1549061366 0
1549061367 0
1549061368 0
1549061369 0
1549061370 0
1549061371 0
1549061372 0
1549061373 0
1549061374 0
1549061375 0
1549061376 0
1549061377 0
1549061378 0
1549061379 0
1549061380 0
1549061381 0
1549061382 0
1549061383 0
1549061384 0
1549061385 0
1549061386 0
1549061387 0
1549061388 0
1549061389 0
1549061390 0
1549061391 0
1549061392 0
1549061393 0
1549061394 0
1549061395 0
1549061396 0
1549061397 0
1549061398 0
1549061399 0
1549061400 0
1549061401 0
1549061402 0
1549061403 0
1549061404 0
1549061405 0
1549061406 0
1549061407 0
1549061408 0
1549061409 0
1549061410 0
1549061411 0
1549061412 0
1549061413 0
1549061414 0
1549061415 0
1549061416 0
1549061417 0
1549061418 0
1549061419 0
1549061420 0
1549061421 0
1549061422 0
1549061423 0
1549061424 0
1549061425 0
1549061426 0
1549061427 0
1549061428 0
1549061429 0
1549061430 0
1549061431 0
1549061432 0
1549061433 0
1549061434 0
1549061435 0
1549061436 0
1549061437 0
1549061438 0
1549061439 0
1549061440 0
1549061441 0
1549061442 0
1549061443 0
1549061444 0
1549061445 0
1549061446 0
1549061447 0
1549061448 0
1549061449 0
1549061450 0
1549061451 0
1549061452 0
1549061453 0
1549061454 0
1549061455 0
1549061456 0
1549061457 0
1549061458 0
1549061459 0
1549061460 0
1549061461 0
1549061462 0
1549061463 0
1549061464 0
1549061465 0
1549061466 0
1549061467 0
1549061468 0
1549061469 0
1549061470 0
1549061471 0
1549061472 0
1549061473 0
1549061474 0
1549061475 0
1549061476 0
1549061477 0
1549061478 0
1549061479 0
1549061480 0
1549061481 0
1549061482 0
1549061483 0
1549061484 0
1549061485 0
1549061486 0
1549061487 0
1549061488 0
1549061489 0
1549061490 0
1549061491 0
1549061492 0
1549061493 0
1549061494 0
1549061495 0
1549061496 0
1549061497 0
1549061498 0
1549061499 0
1549061500 0
1549061501 0
1549061502 0
1549061503 0
1549061504 0
1549061505 0
1549061506 0
1549061507 0
1549061508 0
1549061509 0
1549061510 0
1549061511 0
1549061512 0
1549061513 0
1549061514 0
1549061515 0
1549061516 0
1549061517 0
1549061518 0
1549061519 0
1549061520 0
1549061521 0
1549061522 0
1549061523 0
1549061524 0
1549061525 0
1549061526 0
1549061527 0
1549061528 0
1549061529 0
1549061530 0
1549061531 0
1549061532 0
1549061533 0
1549061534 0
1549061535 0
1549061536 0
1549061537 0
1549061538 0
1549061539 0
1549061540 0
1549061541 0
1549061542 0
1549061543 0
1549061544 0
1549061545 0
1549061546 0
1549061547 0
1549061548 0
1549061549 0
1549061550 0
1549061551 0
1549061552 0
1549061553 0
1549061554 0
1549061555 0
1549061556 0
1549061557 0
1549061558 0
1549061559 0
1549061560 0
1549061561 0
1549061562 0
1549061563 0
1549061564 0
1549061565 0
1549061566 0
1549061567 0
1549061568 0
1549061569 0
1549061570 0
1549061571 0
1549061572 0
1549061573 0
1549061574 0
1549061575 0
1549061576 0
1549061577 0
1549061578 0
1549061579 0
1549061580 0
1549061581 0
1549061582 0
1549061583 0
1549061584 0
1549061585 0
1549061586 0
1549061587 0
1549061588 0
1549061589 0
1549061590 0
1549061591 0
1549061592 0
1549061593 0
1549061594 0
1549061595 0
1549061596 0
1549061597 0
1549061598 0
1549061599 0
1549061600 0
1549061601 0
1549061602 0
1549061603 0
1549061604 0
1549061605 0
1549061606 0
1549061607 0
1549061608 0
1549061609 0
1549061610 0
1549061611 0
1549061612 0
1549061613 0
1549061614 0
1549061615 0
1549061616 0
1549061617 0
1549061618 0
1549061619 0
1549061620 0
1549061621 0
1549061622 0
1549061623 0
1549061624 0
1549061625 0
1549061626 0
1549061627 0
1549061628 0
1549061629 0
1549061630 0
1549061631 0
1549061632 0
1549061633 0
1549061634 0
1549061635 0
1549061636 0
1549061637 0
1549061638 0
1549061639 0
1549061640 0
1549061641 0
1549061642 0
1549061643 0
1549061644 0
1549061645 0
1549061646 0
1549061647 0
1549061648 0
1549061649 0
1549061650 0
1549061651 0
1549061652 0
1549061653 0
1549061654 0
1549061655 0
1549061656 0
1549061657 0
1549061658 0
1549061659 0
1549061660 0
1549061661 0
1549061662 0
1549061663 0
1549061664 0
1549061665 0
1549061666 0
1549061667 0
1549061668 0
1549061669 0
1549061670 0
1549061671 0
1549061672 0
1549061673 0
1549061674 0
1549061675 0
1549061676 0
1549061677 0
1549061678 0
1549061679 0
1549061680 0
1549061681 0
1549061682 0
1549061683 0
1549061684 0
1549061685 0
1549061686 0
1549061687 0
1549061688 0
1549061689 0
1549061690 0
1549061691 0
1549061692 0
1549061693 0
1549061694 0
1549061695 0
1549061696 0
1549061697 0
1549061698 0
1549061699 0
1549061700 0
1549061701 0
1549061702 0
1549061703 0
1549061704 0
1549061705 0
1549061706 0
1549061707 0
1549061708 0
1549061709 0
1549061710 0
1549061711 0
1549061712 0
1549061713 0
1549061714 0
1549061715 0
1549061716 0
1549061717 0
1549061718 0
1549061719 0
1549061720 0
1549061721 0
1549061722 0
1549061723 0
1549061724 0
1549061725 0
1549061726 0
1549061727 0
1549061728 0
1549061729 0
1549061730 0
1549061731 0
1549061732 0
1549061733 0
1549061734 0
1549061735 0
1549061736 0
1549061737 0
1549061738 0
1549061739 0
1549061740 0
1549061741 0
1549061742 0
1549061743 0
1549061744 0
1549061745 0
1549061746 0
1549061747 0
1549061748 0
1549061749 0
1549061750 0
1549061751 0
1549061752 0
1549061753 0
1549061754 0
1549061755 0
1549061756 0
1549061757 0
1549061758 0
1549061759 0
1549061760 0
1549061761 0
1549061762 0
1549061763 0
1549061764 0
1549061765 0
1549061766 0
1549061767 0
1549061768 0
1549061769 0
1549061770 0
1549061771 0
1549061772 0
1549061773 0
1549061774 0
1549061775 0
1549061776 0
1549061777 0
1549061778 0
1549061779 0
1549061780 0
1549061781 0
1549061782 0
1549061783 0
1549061784 0
1549061785 0
1549061786 0
1549061787 0
1549061788 0
1549061789 0
1549061790 0
1549061791 0
1549061792 0
1549061793 0
1549061794 0
1549061795 0
1549061796 0
1549061797 0
1549061798 0
1549061799 0
1549061800 0
1549061801 0
1549061802 0
1549061803 0
1549061804 0
1549061805 0
1549061806 0
1549061807 0
1549061808 0
1549061809 0
1549061810 0
1549061811 0
1549061812 0
1549061813 0
1549061814 0
1549061815 0
1549061816 0
1549061817 0
1549061818 0
1549061819 0
1549061820 0
1549061821 0
1549061822 0
1549061823 0
1549061824 0
1549061825 0
1549061826 0
1549061827 0
1549061828 0
1549061829 0
1549061830 0
1549061831 0
1549061832 0
1549061833 0
1549061834 0
1549061835 0
1549061836 0
1549061837 0
1549061838 0
1549061839 0
1549061840 0
1549061841 0
1549061842 0
1549061843 0
1549061844 0
1549061845 0
1549061846 0
1549061847 0
1549061848 0
1549061849 0
1549061850 0
1549061851 0
1549061852 0
1549061853 0
1549061854 0
1549061855 0
1549061856 0
1549061857 0
1549061858 0
1549061859 0
1549061860 0
1549061861 0
1549061862 0
1549061863 0
1549061864 0
1549061865 0
1549061866 0
1549061867 0
1549061868 0
1549061869 0
1549061870 0
1549061871 0
1549061872 0
1549061873 0
1549061874 0
1549061875 0
1549061876 0
1549061877 0
1549061878 0
1549061879 0
1549061880 0
1549061881 0
1549061882 0
1549061883 0
1549061884 0
1549061885 0
1549061886 0
1549061887 0
1549061888 0
1549061889 0
1549061890 0
1549061891 0
1549061892 0
1549061893 0
1549061894 0
1549061895 0
1549061896 0
1549061897 0
1549061898 0
1549061899 0
1549061900 0
1549061901 0
1549061902 0
1549061903 0
1549061904 0
1549061905 0
1549061906 0
1549061907 0
1549061908 0
1549061909 0
1549061910 0
1549061911 0
1549061912 0
1549061913 0
1549061914 0
1549061915 0
1549061916 0
1549061917 0
1549061918 0
1549061919 0
1549061920 0
1549061921 0
1549061922 0
1549061923 0
1549061924 0
1549061925 0
1549061926 0
1549061927 0
1549061928 0
1549061929 0
1549061930 0
1549061931 0
1549061932 0
1549061933 0
1549061934 0
1549061935 0
1549061936 0
1549061937 0
1549061938 0
1549061939 0
1549061940 0
1549061941 0
1549061942 0
1549061943 0
1549061944 0
1549061945 0
1549061946 0
1549061947 0
1549061948 0
1549061949 0
1549061950 0
1549061951 0
1549061952 0
1549061953 0
1549061954 0
1549061955 0
1549061956 0
1549061957 0
1549061958 0
1549061959 0
1549061960 0
1549061961 0
1549061962 0
1549061963 0
1549061964 0
1549061965 0
1549061966 0
1549061967 0
1549061968 0
1549061969 0
1549061970 0
1549061971 0
1549061972 0
1549061973 0
1549061974 0
1549061975 0
1549061976 0
1549061977 0
1549061978 0
1549061979 0
1549061980 0
1549061981 0
1549061982 0
1549061983 0
1549061984 0
1549061985 0
1549061986 0
1549061987 0
1549061988 0
1549061989 0
1549061990 0
1549061991 0
1549061992 0
1549061993 0
1549061994 0
1549061995 0
1549061996 0
1549061997 0
1549061998 0
1549061999 0
1549062000 0
1549062001 0
1549062002 0
1549062003 0
1549062004 0
1549062005 0
1549062006 0
1549062007 0
1549062008 0
1549062009 0
1549062010 0
1549062011 0
1549062012 0
1549062013 0
1549062014 0
1549062015 0
1549062016 0
1549062017 0
1549062018 0
1549062019 0
1549062020 0
1549062021 0
1549062022 0
1549062023 0
1549062024 0
1549062025 0
1549062026 0
1549062027 0
1549062028 0
1549062029 0
1549062030 0
1549062031 0
1549062032 0
1549062033 0
1549062034 0
1549062035 0
1549062036 0
1549062037 0
1549062038 0
1549062039 0
1549062040 0
1549062041 0
1549062042 0
1549062043 0
1549062044 0
1549062045 0
1549062046 0
1549062047 0
1549062048 0
1549062049 0
1549062050 0
1549062051 0
1549062052 0
1549062053 0
1549062054 0
1549062055 0
1549062056 0
1549062057 0
1549062058 0
1549062059 0
1549062060 0
1549062061 0
1549062062 0
1549062063 0
1549062064 0
1549062065 0
1549062066 0
1549062067 0
1549062068 0
1549062069 0
1549062070 0
1549062071 0
1549062072 0
1549062073 0
1549062074 0
1549062075 0
1549062076 0
1549062077 0
1549062078 0
1549062079 0
1549062080 0
1549062081 0
1549062082 0
1549062083 0
1549062084 0
1549062085 0
1549062086 0
1549062087 0
1549062088 0
1549062089 0
1549062090 0
1549062091 0
1549062092 0
1549062093 0
1549062094 0
1549062095 0
1549062096 0
1549062097 0
1549062098 0
1549062099 0
1549062100 0
1549062101 0
1549062102 0
1549062103 0
1549062104 0
1549062105 0
1549062106 0
1549062107 0
1549062108 0
1549062109 0
1549062110 0
1549062111 0
1549062112 0
1549062113 0
1549062114 0
1549062115 0
1549062116 0
1549062117 0
1549062118 0
1549062119 0
1549062120 0
1549062121 0
1549062122 0
1549062123 0
1549062124 0
1549062125 0
1549062126 0
1549062127 0
1549062128 0
1549062129 0
1549062130 0
1549062131 0
1549062132 0
1549062133 0
1549062134 0
1549062135 0
1549062136 0
1549062137 0
1549062138 0
1549062139 0
1549062140 0
1549062141 0
1549062142 0
1549062143 0
1549062144 0
1549062145 0
1549062146 0
1549062147 0
1549062148 0
1549062149 0
1549062150 0
1549062151 0
1549062152 0
1549062153 0
1549062154 0
1549062155 0
1549062156 0
1549062157 0
1549062158 0
1549062159 0
1549062160 0
1549062161 0
1549062162 0
1549062163 0
1549062164 0
1549062165 0
1549062166 0
1549062167 0
1549062168 0
1549062169 0
1549062170 0
1549062171 0
1549062172 0
1549062173 0
1549062174 0
1549062175 0
1549062176 0
1549062177 0
1549062178 0
1549062179 0
1549062180 0
1549062181 0
1549062182 0
1549062183 0
1549062184 0
1549062185 0
1549062186 0
1549062187 0
1549062188 0
1549062189 0
1549062190 0
1549062191 0
1549062192 0
1549062193 0
1549062194 0
1549062195 0
1549062196 0
1549062197 0
1549062198 0
1549062199 0
1549062200 0
1549062201 0
1549062202 0
1549062203 0
1549062204 0
1549062205 0
1549062206 0
1549062207 0
1549062208 0
1549062209 0
1549062210 0
1549062211 0
1549062212 0
1549062213 0
1549062214 0
1549062215 0
1549062216 0
1549062217 0
1549062218 0
1549062219 0
1549062220 0
1549062221 0
1549062222 0
1549062223 0
1549062224 0
1549062225 0
1549062226 0
1549062227 0
1549062228 0
1549062229 0
1549062230 0
1549062231 0
1549062232 0
1549062233 0
1549062234 0
1549062235 0
1549062236 0
1549062237 0
1549062238 0
1549062239 0
1549062240 0
1549062241 0
1549062242 0
1549062243 0
1549062244 0
1549062245 0
1549062246 0
1549062247 0
1549062248 0
1549062249 0
1549062250 0
1549062251 0
1549062252 0
1549062253 0
1549062254 0
1549062255 0
1549062256 0
1549062257 0
1549062258 0
1549062259 0
1549062260 0
1549062261 0
1549062262 0
1549062263 0
1549062264 0
1549062265 0
1549062266 0
1549062267 0
1549062268 0
1549062269 0
1549062270 0
1549062271 0
1549062272 0
1549062273 0
1549062274 0
1549062275 0
1549062276 0
1549062277 0
1549062278 0
1549062279 0
1549062280 0
1549062281 0
1549062282 0
1549062283 0
1549062284 0
1549062285 0
1549062286 0
1549062287 0
1549062288 0
1549062289 0
1549062290 0
1549062291 0
1549062292 0
1549062293 0
1549062294 0
1549062295 0
1549062296 0
1549062297 0
1549062298 0
1549062299 0
1549062300 0
1549062301 0
1549062302 0
1549062303 0
1549062304 0
1549062305 0
1549062306 0
1549062307 0
1549062308 0
1549062309 0
1549062310 0
1549062311 0
1549062312 0
1549062313 0
1549062314 0
1549062315 0
1549062316 0
1549062317 0
1549062318 0
1549062319 0
1549062320 0
1549062321 0
1549062322 0
1549062323 0
1549062324 0
1549062325 0
1549062326 0
1549062327 0
1549062328 0
1549062329 0
1549062330 0
1549062331 0
1549062332 0
1549062333 0
1549062334 0
1549062335 0
1549062336 0
1549062337 0
1549062338 0
1549062339 0
1549062340 0
1549062341 0
1549062342 0
1549062343 0
1549062344 0
1549062345 0
1549062346 0
1549062347 0
1549062348 0
1549062349 0
1549062350 0
1549062351 0
1549062352 0
1549062353 0
1549062354 0
1549062355 0
1549062356 0
1549062357 0
1549062358 0
1549062359 0
1549062360 0
1549062361 0
1549062362 0
1549062363 0
1549062364 0
1549062365 0
1549062366 0
1549062367 0
1549062368 0
1549062369 0
1549062370 0
1549062371 0
1549062372 0
1549062373 0
1549062374 0
1549062375 0
1549062376 0
1549062377 0
1549062378 0
1549062379 0
1549062380 0
1549062381 0
1549062382 0
1549062383 0
1549062384 0
1549062385 0
1549062386 0
1549062387 0
1549062388 0
1549062389 0
1549062390 0
1549062391 0
1549062392 0
1549062393 0
1549062394 0
1549062395 0
1549062396 0
1549062397 0
1549062398 0
1549062399 0
1549062400 0
1549062401 0
1549062402 0
1549062403 0
1549062404 0
1549062405 0
1549062406 0
1549062407 0
1549062408 0
1549062409 0
1549062410 0
1549062411 0
1549062412 0
1549062413 0
1549062414 0
1549062415 0
1549062416 0
1549062417 0
1549062418 0
1549062419 0
1549062420 0
1549062421 0
1549062422 0
1549062423 0
1549062424 0
1549062425 0
1549062426 0
1549062427 0
1549062428 0
1549062429 0
1549062430 0
1549062431 0
1549062432 0
1549062433 0
1549062434 0
1549062435 0
1549062436 0
1549062437 0
1549062438 0
1549062439 0
1549062440 0
1549062441 0
1549062442 0
1549062443 0
1549062444 0
1549062445 0
1549062446 0
1549062447 0
1549062448 0
1549062449 0
1549062450 0
1549062451 0
1549062452 0
1549062453 0
1549062454 0
1549062455 0
1549062456 0
1549062457 0
1549062458 0
1549062459 0
1549062460 0
1549062461 0
1549062462 0
1549062463 0
1549062464 0
1549062465 0
1549062466 0
1549062467 0
1549062468 0
1549062469 0
1549062470 0
1549062471 0
1549062472 0
1549062473 0
1549062474 0
1549062475 0
1549062476 0
1549062477 0
1549062478 0
1549062479 0
1549062480 0
1549062481 0
1549062482 0
1549062483 0
1549062484 0
1549062485 0
1549062486 0
1549062487 0
1549062488 0
1549062489 0
1549062490 0
1549062491 0
1549062492 0
1549062493 0
1549062494 0
1549062495 0
1549062496 0
1549062497 0
1549062498 0
1549062499 0
1549062500 0
1549062501 0
1549062502 0
1549062503 0
1549062504 0
1549062505 0
1549062506 0
1549062507 0
1549062508 0
1549062509 0
1549062510 0
1549062511 0
1549062512 0
1549062513 0
1549062514 0
1549062515 0
1549062516 0
1549062517 0
1549062518 0
1549062519 0
1549062520 0
1549062521 0
1549062522 0
1549062523 0
1549062524 0
1549062525 0
1549062526 0
1549062527 0
1549062528 0
1549062529 0
1549062530 0
1549062531 0
1549062532 0
1549062533 0
1549062534 0
1549062535 0
1549062536 0
1549062537 0
1549062538 0
1549062539 0
1549062540 0
1549062541 0
1549062542 0
1549062543 0
1549062544 0
1549062545 0
1549062546 0
1549062547 0
1549062548 0
1549062549 0
1549062550 0
1549062551 0
1549062552 0
1549062553 0
1549062554 0
1549062555 0
1549062556 0
1549062557 0
1549062558 0
1549062559 0
1549062560 0
1549062561 0
1549062562 0
1549062563 0
1549062564 0
1549062565 0
1549062566 0
1549062567 0
1549062568 0
1549062569 0
1549062570 0
1549062571 0
1549062572 0
1549062573 0
1549062574 0
1549062575 0
1549062576 0
1549062577 0
1549062578 0
1549062579 0
1549062580 0
1549062581 0
1549062582 0
1549062583 0
1549062584 0
1549062585 0
1549062586 0
1549062587 0
1549062588 0
1549062589 0
1549062590 0
1549062591 0
1549062592 0
1549062593 0
1549062594 0
1549062595 0
1549062596 0
1549062597 0
1549062598 0
1549062599 0
1549062600 0
1549062601 0
1549062602 0
1549062603 0
1549062604 0
1549062605 0
1549062606 0
1549062607 0
1549062608 0
1549062609 0
1549062610 0
1549062611 0
1549062612 0
1549062613 0
1549062614 0
1549062615 0
1549062616 0
1549062617 0
1549062618 0
1549062619 0
1549062620 0
1549062621 0
1549062622 0
1549062623 0
1549062624 0
1549062625 0
1549062626 0
1549062627 0
1549062628 0
1549062629 0
1549062630 0
1549062631 0
1549062632 0
1549062633 0
1549062634 0
1549062635 0
1549062636 0
1549062637 0
1549062638 0
1549062639 0
1549062640 0
1549062641 0
1549062642 0
1549062643 0
1549062644 0
1549062645 0
1549062646 0
1549062647 0
1549062648 0
1549062649 0
1549062650 0
1549062651 0
1549062652 0
1549062653 0
1549062654 0
1549062655 0
1549062656 0
1549062657 0
1549062658 0
1549062659 0
1549062660 0
1549062661 0
1549062662 0
1549062663 0
1549062664 0
1549062665 0
1549062666 0
1549062667 0
1549062668 0
1549062669 0
1549062670 0
1549062671 0
1549062672 0
1549062673 0
1549062674 0
1549062675 0
1549062676 0
1549062677 0
1549062678 0
1549062679 0
1549062680 0
1549062681 0
1549062682 0
1549062683 0
1549062684 0
1549062685 0
1549062686 0
1549062687 0
1549062688 0
1549062689 0
1549062690 0
1549062691 0
1549062692 0
1549062693 0
1549062694 0
1549062695 0
1549062696 0
1549062697 0
1549062698 0
1549062699 0
1549062700 0
1549062701 0
1549062702 0
1549062703 0
1549062704 0
1549062705 0
1549062706 0
1549062707 0
1549062708 0
1549062709 0
1549062710 0
1549062711 0
1549062712 0
1549062713 0
1549062714 0
1549062715 0
1549062716 0
1549062717 0
1549062718 0
1549062719 0
1549062720 0
1549062721 0
1549062722 0
1549062723 0
1549062724 0
1549062725 0
1549062726 0
1549062727 0
1549062728 0
1549062729 0
1549062730 0
1549062731 0
1549062732 0
1549062733 0
1549062734 0
1549062735 0
1549062736 0
1549062737 0
1549062738 0
1549062739 0
1549062740 0
1549062741 0
1549062742 0
1549062743 0
1549062744 0
1549062745 0
1549062746 0
1549062747 0
1549062748 0
1549062749 0
1549062750 0
1549062751 0
1549062752 0
1549062753 0
1549062754 0
1549062755 0
1549062756 0
1549062757 0
1549062758 0
1549062759 0
1549062760 0
1549062761 0
1549062762 0
1549062763 0
1549062764 0
1549062765 0
1549062766 0
1549062767 0
1549062768 0
1549062769 0
1549062770 0
1549062771 0
1549062772 0
1549062773 0
1549062774 0
1549062775 0
1549062776 0
1549062777 0
1549062778 0
1549062779 0
1549062780 0
1549062781 0
1549062782 0
1549062783 0
1549062784 0
1549062785 0
1549062786 0
1549062787 0
1549062788 0
1549062789 0
1549062790 0
1549062791 0
1549062792 0
1549062793 0
1549062794 0
1549062795 0
1549062796 0
1549062797 0
1549062798 0
1549062799 0
1549062800 0
1549062801 0
1549062802 0
1549062803 0
1549062804 0
1549062805 0
1549062806 0
1549062807 0
1549062808 0
1549062809 0
1549062810 0
1549062811 0
1549062812 0
1549062813 0
1549062814 0
1549062815 0
1549062816 0
1549062817 0
1549062818 0
1549062819 0
1549062820 0
1549062821 0
1549062822 0
1549062823 0
1549062824 0
1549062825 0
1549062826 0
1549062827 0
1549062828 0
1549062829 0
1549062830 0
1549062831 0
1549062832 0
1549062833 0
1549062834 0
1549062835 0
1549062836 0
1549062837 0
1549062838 0
1549062839 0
1549062840 0
1549062841 0
1549062842 0
1549062843 0
1549062844 0
1549062845 0
1549062846 0
1549062847 0
1549062848 0
1549062849 0
1549062850 0
1549062851 0
1549062852 0
1549062853 0
1549062854 0
1549062855 0
1549062856 0
1549062857 0
1549062858 0
1549062859 0
1549062860 0
1549062861 0
1549062862 0
1549062863 0
1549062864 0
1549062865 0
1549062866 0
1549062867 0
1549062868 0
1549062869 0
1549062870 0
1549062871 0
1549062872 0
1549062873 0
1549062874 0
1549062875 0
1549062876 0
1549062877 0
1549062878 0
1549062879 0
1549062880 0
1549062881 0
1549062882 0
1549062883 0
1549062884 0
1549062885 0
1549062886 0
1549062887 0
1549062888 0
1549062889 0
1549062890 0
1549062891 0
1549062892 0
1549062893 0
1549062894 0
1549062895 0
1549062896 0
1549062897 0
1549062898 0
1549062899 0
1549062900 0
1549062901 0
1549062902 0
1549062903 0
1549062904 0
1549062905 0
1549062906 0
1549062907 0
1549062908 0
1549062909 0
1549062910 0
1549062911 0
1549062912 0
1549062913 0
1549062914 0
1549062915 0
1549062916 0
1549062917 0
1549062918 0
1549062919 0
1549062920 0
1549062921 0
1549062922 0
1549062923 0
1549062924 0
1549062925 0
1549062926 0
1549062927 0
1549062928 0
1549062929 0
1549062930 0
1549062931 0
1549062932 0
1549062933 0
1549062934 0
1549062935 0
1549062936 0
1549062937 0
1549062938 0
1549062939 0
1549062940 0
1549062941 0
1549062942 0
1549062943 0
1549062944 0
1549062945 0
1549062946 0
1549062947 0
1549062948 0
1549062949 0
1549062950 0
1549062951 0
1549062952 0
1549062953 0
1549062954 0
1549062955 0
1549062956 0
1549062957 0
1549062958 0
1549062959 0
1549062960 0
1549062961 0
1549062962 0
1549062963 0
1549062964 0
1549062965 0
1549062966 0
1549062967 0
1549062968 0
1549062969 0
1549062970 0
1549062971 0
1549062972 0
1549062973 0
1549062974 0
1549062975 0
1549062976 0
1549062977 0
1549062978 0
1549062979 0
1549062980 0
1549062981 0
1549062982 0
1549062983 0
1549062984 0
1549062985 0
1549062986 0
1549062987 0
1549062988 0
1549062989 0
1549062990 0
1549062991 0
1549062992 0
1549062993 0
1549062994 0
1549062995 0
1549062996 0
1549062997 0
1549062998 0
1549062999 0
1549063000 0
1549063001 0
1549063002 0
1549063003 0
1549063004 0
1549063005 0
1549063006 0
1549063007 0
1549063008 0
1549063009 0
1549063010 0
1549063011 0
1549063012 0
1549063013 0
1549063014 0
1549063015 0
1549063016 0
1549063017 0
1549063018 0
1549063019 0
1549063020 0
1549063021 0
1549063022 0
1549063023 0
1549063024 0
1549063025 0
1549063026 0
1549063027 0
1549063028 0
1549063029 0
1549063030 0
1549063031 0
1549063032 0
1549063033 0
1549063034 0
1549063035 0
1549063036 0
1549063037 0
1549063038 0
1549063039 0
1549063040 0
1549063041 0
1549063042 0
1549063043 0
1549063044 0
1549063045 0
1549063046 0
1549063047 0
1549063048 0
1549063049 0
1549063050 0
1549063051 0
1549063052 0
1549063053 0
1549063054 0
1549063055 0
1549063056 0
1549063057 0
1549063058 0
1549063059 0
1549063060 0
1549063061 0
1549063062 0
1549063063 0
1549063064 0
1549063065 0
1549063066 0
1549063067 0
1549063068 0
1549063069 0
1549063070 0
1549063071 0
1549063072 0
1549063073 0
1549063074 0
1549063075 0
1549063076 0
1549063077 0
1549063078 0
1549063079 0
1549063080 0
1549063081 0
1549063082 0
1549063083 0
1549063084 0
1549063085 0
1549063086 0
1549063087 0
1549063088 0
1549063089 0
1549063090 0
1549063091 0
1549063092 0
1549063093 0
1549063094 0
1549063095 0
1549063096 0
1549063097 0
1549063098 0
1549063099 0
1549063100 0
1549063101 0
1549063102 0
1549063103 0
1549063104 0
1549063105 0
1549063106 0
1549063107 0
1549063108 0
1549063109 0
1549063110 0
1549063111 0
1549063112 0
1549063113 0
1549063114 0
1549063115 0
1549063116 0
1549063117 0
1549063118 0
1549063119 0
1549063120 0
1549063121 0
1549063122 0
1549063123 0
1549063124 0
1549063125 0
1549063126 0
1549063127 0
1549063128 0
1549063129 0
1549063130 0
1549063131 0
1549063132 0
1549063133 0
1549063134 0
1549063135 0
1549063136 0
1549063137 0
1549063138 0
1549063139 0
1549063140 0
1549063141 0
1549063142 0
1549063143 0
1549063144 0
1549063145 0
1549063146 0
1549063147 0
1549063148 0
1549063149 0
1549063150 0
1549063151 0
1549063152 0
1549063153 0
1549063154 0
1549063155 0
1549063156 0
1549063157 0
1549063158 0
1549063159 0
1549063160 0
1549063161 0
1549063162 0
1549063163 0
1549063164 0
1549063165 0
1549063166 0
1549063167 0
1549063168 0
1549063169 0
1549063170 0
1549063171 0
1549063172 0
1549063173 0
1549063174 0
1549063175 0
1549063176 0
1549063177 0
1549063178 0
1549063179 0
1549063180 0
1549063181 0
1549063182 0
1549063183 0
1549063184 0
1549063185 0
1549063186 0
1549063187 0
1549063188 0
1549063189 0
1549063190 0
1549063191 0
1549063192 0
1549063193 0
1549063194 0
1549063195 0
1549063196 0
1549063197 0
1549063198 0
1549063199 0
1549063200 0
1549063201 0
1549063202 0
1549063203 0
1549063204 0
1549063205 0
1549063206 0
1549063207 0
1549063208 0
1549063209 0
1549063210 0
1549063211 0
1549063212 0
1549063213 0
1549063214 0
1549063215 0
1549063216 0
1549063217 0
1549063218 0
1549063219 0
1549063220 0
1549063221 0
1549063222 0
1549063223 0
1549063224 0
1549063225 0
1549063226 0
1549063227 0
1549063228 0
1549063229 0
1549063230 0
1549063231 0
1549063232 0
1549063233 0
1549063234 0
1549063235 0
1549063236 0
1549063237 0
1549063238 0
1549063239 0
1549063240 0
1549063241 0
1549063242 0
1549063243 0
1549063244 0
1549063245 0
1549063246 0
1549063247 0
1549063248 0
1549063249 0
1549063250 0
1549063251 0
1549063252 0
1549063253 0
1549063254 0
1549063255 0
1549063256 0
1549063257 0
1549063258 0
1549063259 0
1549063260 0
1549063261 0
1549063262 0
1549063263 0
1549063264 0
1549063265 0
1549063266 0
1549063267 0
1549063268 0
1549063269 0
1549063270 0
1549063271 0
1549063272 0
1549063273 0
1549063274 0
1549063275 0
1549063276 0
1549063277 0
1549063278 0
1549063279 0
1549063280 0
1549063281 0
1549063282 0
1549063283 0
1549063284 0
1549063285 0
1549063286 0
1549063287 0
1549063288 0
1549063289 0
1549063290 0
1549063291 0
1549063292 0
1549063293 0
1549063294 0
1549063295 0
1549063296 0
1549063297 0
1549063298 0
1549063299 0
1549063300 0
1549063301 0
1549063302 0
1549063303 0
1549063304 0
1549063305 0
1549063306 0
1549063307 0
1549063308 0
1549063309 0
1549063310 0
1549063311 0
1549063312 0
1549063313 0
1549063314 0
1549063315 0
1549063316 0
1549063317 0
1549063318 0
1549063319 0
1549063320 0
1549063321 0
1549063322 0
1549063323 0
1549063324 0
1549063325 0
1549063326 0
1549063327 0
1549063328 0
1549063329 0
1549063330 0
1549063331 0
1549063332 0
1549063333 0
1549063334 0
1549063335 0
1549063336 0
1549063337 0
1549063338 0
1549063339 0
1549063340 0
1549063341 0
1549063342 0
1549063343 0
1549063344 0
1549063345 0
1549063346 0
1549063347 0
1549063348 0
1549063349 0
1549063350 0
1549063351 0
1549063352 0
1549063353 0
1549063354 0
1549063355 0
1549063356 0
1549063357 0
1549063358 0
1549063359 0
1549063360 0
1549063361 0
1549063362 0
1549063363 0
1549063364 0
1549063365 0
1549063366 0
1549063367 0
1549063368 0
1549063369 0
1549063370 0
1549063371 0
1549063372 0
1549063373 0
1549063374 0
1549063375 0
1549063376 0
1549063377 0
1549063378 0
1549063379 0
1549063380 0
1549063381 0
1549063382 0
1549063383 0
1549063384 0
1549063385 0
1549063386 0
1549063387 0
1549063388 0
1549063389 0
1549063390 0
1549063391 0
1549063392 0
1549063393 0
1549063394 0
1549063395 0
1549063396 0
1549063397 0
1549063398 0
1549063399 0
1549063400 0
1549063401 0
1549063402 0
1549063403 0
1549063404 0
1549063405 0
1549063406 0
1549063407 0
1549063408 0
1549063409 0
1549063410 0
1549063411 0
1549063412 0
1549063413 0
1549063414 0
1549063415 0
1549063416 0
1549063417 0
1549063418 0
1549063419 0
1549063420 0
1549063421 0
1549063422 0
1549063423 0
1549063424 0
1549063425 0
1549063426 0
1549063427 0
1549063428 0
1549063429 0
1549063430 0
1549063431 0
1549063432 0
1549063433 0
1549063434 0
1549063435 0
1549063436 0
1549063437 0
1549063438 0
1549063439 0
1549063440 0
1549063441 0
1549063442 0
1549063443 0
1549063444 0
1549063445 0
1549063446 0
1549063447 0
1549063448 0
1549063449 0
1549063450 0
1549063451 0
1549063452 0
1549063453 0
1549063454 0
1549063455 0
1549063456 0
1549063457 0
1549063458 0
1549063459 0
1549063460 0
1549063461 0
1549063462 0
1549063463 0
1549063464 0
1549063465 0
1549063466 0
1549063467 0
1549063468 0
1549063469 0
1549063470 0
1549063471 0
1549063472 0
1549063473 0
1549063474 0
1549063475 0
1549063476 0
1549063477 0
1549063478 0
1549063479 0
1549063480 0
1549063481 0
1549063482 0
1549063483 0
1549063484 0
1549063485 0
1549063486 0
1549063487 0
1549063488 0
1549063489 0
1549063490 0
1549063491 0
1549063492 0
1549063493 0
1549063494 0
1549063495 0
1549063496 0
1549063497 0
1549063498 0
1549063499 0
1549063500 0
1549063501 0
1549063502 0
1549063503 0
1549063504 0
1549063505 0
1549063506 0
1549063507 0
1549063508 0
1549063509 0
1549063510 0
1549063511 0
1549063512 0
1549063513 0
1549063514 0
1549063515 0
1549063516 0
1549063517 0
1549063518 0
1549063519 0
1549063520 0
1549063521 0
1549063522 0
1549063523 0
1549063524 0
1549063525 0
1549063526 0
1549063527 0
1549063528 0
1549063529 0
1549063530 0
1549063531 0
1549063532 0
1549063533 0
1549063534 0
1549063535 0
1549063536 0
1549063537 0
1549063538 0
1549063539 0
1549063540 0
1549063541 0
1549063542 0
1549063543 0
1549063544 0
1549063545 0
1549063546 0
1549063547 0
1549063548 0
1549063549 0
1549063550 0
1549063551 0
1549063552 0
1549063553 0
1549063554 0
1549063555 0
1549063556 0
1549063557 0
1549063558 0
1549063559 0
1549063560 0
1549063561 0
1549063562 0
1549063563 0
1549063564 0
1549063565 0
1549063566 0
1549063567 0
1549063568 0
1549063569 0
1549063570 0
1549063571 0
1549063572 0
1549063573 0
1549063574 0
1549063575 0
1549063576 0
1549063577 0
1549063578 0
1549063579 0
1549063580 0
1549063581 0
1549063582 0
1549063583 0
1549063584 0
1549063585 0
1549063586 0
1549063587 0
1549063588 0
1549063589 0
1549063590 0
1549063591 0
1549063592 0
1549063593 0
1549063594 0
1549063595 0
1549063596 0
1549063597 0
1549063598 0
1549063599 0
1549063600 0
1549063601 0
1549063602 0
1549063603 0
1549063604 0
1549063605 0
1549063606 0
1549063607 0
1549063608 0
1549063609 0
1549063610 0
1549063611 0
1549063612 0
1549063613 0
1549063614 0
1549063615 0
1549063616 0
1549063617 0
1549063618 0
1549063619 0
1549063620 0
1549063621 0
1549063622 0
1549063623 0
1549063624 0
1549063625 0
1549063626 0
1549063627 0
1549063628 0
1549063629 0
1549063630 0
1549063631 0
1549063632 0
1549063633 0
1549063634 0
1549063635 0
1549063636 0
1549063637 0
1549063638 0
1549063639 0
1549063640 0
1549063641 0
1549063642 0
1549063643 0
1549063644 0
1549063645 0
1549063646 0
1549063647 0
1549063648 0
1549063649 0
1549063650 0
1549063651 0
1549063652 0
1549063653 0
1549063654 0
1549063655 0
1549063656 0
1549063657 0
1549063658 0
1549063659 0
1549063660 0
1549063661 0
1549063662 0
1549063663 0
1549063664 0
1549063665 0
1549063666 0
1549063667 0
1549063668 0
1549063669 0
1549063670 0
1549063671 0
1549063672 0
1549063673 0
1549063674 0
1549063675 0
1549063676 0
1549063677 0
1549063678 0
1549063679 0
1549063680 0
1549063681 0
1549063682 0
1549063683 0
1549063684 0
1549063685 0
1549063686 0
1549063687 0
1549063688 0
1549063689 0
1549063690 0
1549063691 0
1549063692 0
1549063693 0
1549063694 0
1549063695 0
1549063696 0
1549063697 0
1549063698 0
1549063699 0
1549063700 0
1549063701 0
1549063702 0
1549063703 0
1549063704 0
1549063705 0
1549063706 0
1549063707 0
1549063708 0
1549063709 0
1549063710 0
1549063711 0
1549063712 0
1549063713 0
1549063714 0
1549063715 0
1549063716 0
1549063717 0
1549063718 0
1549063719 0
1549063720 0
1549063721 0
1549063722 0
1549063723 0
1549063724 0
1549063725 0
1549063726 0
1549063727 0
1549063728 0
1549063729 0
1549063730 0
1549063731 0
1549063732 0
1549063733 0
1549063734 0
1549063735 0
1549063736 0
1549063737 0
1549063738 0
1549063739 0
1549063740 0
1549063741 0
1549063742 0
1549063743 0
1549063744 0
1549063745 0
1549063746 0
1549063747 0
1549063748 0
1549063749 0
1549063750 0
1549063751 0
1549063752 0
1549063753 0
1549063754 0
1549063755 0
1549063756 0
1549063757 0
1549063758 0
1549063759 0
1549063760 0
1549063761 0
1549063762 0
1549063763 0
1549063764 0
1549063765 0
1549063766 0
1549063767 0
1549063768 0
1549063769 0
1549063770 0
1549063771 0
1549063772 0
1549063773 0
1549063774 0
1549063775 0
1549063776 0
1549063777 0
1549063778 0
1549063779 0
1549063780 0
1549063781 0
1549063782 0
1549063783 0
1549063784 0
1549063785 0
1549063786 0
1549063787 0
1549063788 0
1549063789 0
1549063790 0
1549063791 0
1549063792 0
1549063793 0
1549063794 0
1549063795 0
1549063796 0
1549063797 0
1549063798 0
1549063799 0
1549063800 0
1549063801 0
1549063802 0
1549063803 0
1549063804 0
1549063805 0
1549063806 0
1549063807 0
1549063808 0
1549063809 0
1549063810 0
1549063811 0
1549063812 0
1549063813 0
1549063814 0
1549063815 0
1549063816 0
1549063817 0
1549063818 0
1549063819 0
1549063820 0
1549063821 0
1549063822 0
1549063823 0
1549063824 0
1549063825 0
1549063826 0
1549063827 0
1549063828 0
1549063829 0
1549063830 0
1549063831 0
1549063832 0
1549063833 0
1549063834 0
1549063835 0
1549063836 0
1549063837 0
1549063838 0
1549063839 0
1549063840 0
1549063841 0
1549063842 0
1549063843 0
1549063844 0
1549063845 0
1549063846 0
1549063847 0
1549063848 0
1549063849 0
1549063850 0
1549063851 0
1549063852 0
1549063853 0
1549063854 0
1549063855 0
1549063856 0
1549063857 0
1549063858 0
1549063859 0
1549063860 0
1549063861 0
1549063862 0
1549063863 0
1549063864 0
1549063865 0
1549063866 0
1549063867 0
1549063868 0
1549063869 0
1549063870 0
1549063871 0
1549063872 0
1549063873 0
1549063874 0
1549063875 0
1549063876 0
1549063877 0
1549063878 0
1549063879 0
1549063880 0
1549063881 0
1549063882 0
1549063883 0
1549063884 0
1549063885 0
1549063886 0
1549063887 0
1549063888 0
1549063889 0
1549063890 0
1549063891 0
1549063892 0
1549063893 0
1549063894 0
1549063895 0
1549063896 0
1549063897 0
1549063898 0
1549063899 0
1549063900 0
1549063901 0
1549063902 0
1549063903 0
1549063904 0
1549063905 0
1549063906 0
1549063907 0
1549063908 0
1549063909 0
1549063910 0
1549063911 0
1549063912 0
1549063913 0
1549063914 0
1549063915 2
1549063916 0
1549063917 0
1549063918 0
1549063919 0
1549063920 0
1549063921 0
1549063922 0
1549063923 0
1549063924 0
1549063925 0
1549063926 0
1549063927 0
1549063928 0
1549063929 0
1549063930 0
1549063931 0
1549063932 0
1549063933 0
1549063934 0
1549063935 0
1549063936 0
1549063937 0
1549063938 0
1549063939 0
1549063940 0
1549063941 0
1549063942 0
1549063943 0
1549063944 0
1549063945 0
1549063946 0
1549063947 0
1549063948 0
1549063949 0
1549063950 0
1549063951 0
1549063952 0
1549063953 0
1549063954 0
1549063955 0
1549063956 0
1549063957 0
1549063958 0
1549063959 0
1549063960 0
1549063961 0
1549063962 0
1549063963 0
1549063964 0
1549063965 0
1549063966 0
1549063967 0
1549063968 0
1549063969 0
1549063970 0
1549063971 0
1549063972 0
1549063973 0
1549063974 0
1549063975 0
1549063976 0
1549063977 0
1549063978 0
1549063979 0
1549063980 0
1549063981 0
1549063982 0
1549063983 0
1549063984 0
1549063985 0
1549063986 0
1549063987 0
1549063988 0
1549063989 0
1549063990 0
1549063991 0
1549063992 0
1549063993 0
1549063994 0
1549063995 0
1549063996 0
1549063997 0
1549063998 0
1549063999 0
1549064000 0
1549064001 0
1549064002 0
1549064003 0
1549064004 0
1549064005 0
1549064006 0
1549064007 0
1549064008 0
1549064009 0
1549064010 0
1549064011 0
1549064012 0
1549064013 0
1549064014 0
1549064015 0
1549064016 0
1549064017 0
1549064018 2
1549064019 0
1549064020 0
1549064021 0
1549064022 0
1549064023 0
1549064024 0
1549064025 0
1549064026 0
1549064027 0
1549064028 0
1549064029 0
1549064030 0
1549064031 0
1549064032 0
1549064033 0
1549064034 0
1549064035 0
1549064036 0
1549064037 0
1549064038 0
1549064039 2
1549064040 0
1549064041 0
1549064042 0
1549064043 0
1549064044 0
1549064045 0
1549064046 0
1549064047 0
1549064048 0
1549064049 0
1549064050 0
1549064051 0
1549064052 0
1549064053 0
1549064054 0
1549064055 0
1549064056 0
1549064057 0
1549064058 0
1549064059 0
1549064060 0
1549064061 0
1549064062 0
1549064063 0
1549064064 0
1549064065 0
1549064066 0
1549064067 0
1549064068 0
1549064069 0
1549064070 0
1549064071 0
1549064072 0
1549064073 0
1549064074 0
1549064075 0
1549064076 0
1549064077 0
1549064078 0
1549064079 0
1549064080 0
1549064081 0
1549064082 0
1549064083 0
1549064084 0
1549064085 0
1549064086 0
1549064087 0
1549064088 0
1549064089 2
1549064090 0
1549064091 0
1549064092 0
1549064093 0
1549064094 0
1549064095 0
1549064096 0
1549064097 0
1549064098 0
1549064099 0
1549064100 0
1549064101 0
1549064102 0
1549064103 0
1549064104 0
1549064105 0
1549064106 0
1549064107 0
1549064108 0
1549064109 0
1549064110 0
1549064111 0
1549064112 0
1549064113 0
1549064114 0
1549064115 0
1549064116 0
1549064117 0
1549064118 0
1549064119 0
1549064120 0
1549064121 0
1549064122 0
1549064123 1
1549064124 0
1549064125 0
1549064126 0
1549064127 0
1549064128 0
1549064129 0
1549064130 0
1549064131 6
1549064132 0
1549064133 0
1549064134 0
1549064135 0
1549064136 0
1549064137 0
1549064138 0
1549064139 0
1549064140 0
1549064141 0
1549064142 0
1549064143 0
1549064144 0
1549064145 0
1549064146 0
1549064147 0
1549064148 0
1549064149 0
1549064150 0
1549064151 0
1549064152 0
1549064153 0
1549064154 0
1549064155 0
1549064156 0
1549064157 0
1549064158 0
1549064159 0
1549064160 0
1549064161 0
1549064162 0
1549064163 0
1549064164 0
1549064165 0
1549064166 0
1549064167 0
1549064168 0
1549064169 0
1549064170 0
1549064171 0
1549064172 0
1549064173 0
1549064174 0
1549064175 0
1549064176 0
1549064177 0
1549064178 0
1549064179 0
1549064180 0
1549064181 0
1549064182 0
1549064183 0
1549064184 0
1549064185 0
1549064186 0
1549064187 0
1549064188 0
1549064189 0
1549064190 0
1549064191 0
1549064192 0
1549064193 0
1549064194 0
1549064195 0
1549064196 0
1549064197 0
1549064198 0
1549064199 0
1549064200 0
1549064201 0
1549064202 0
1549064203 0
1549064204 0
1549064205 0
1549064206 0
1549064207 0
1549064208 0
1549064209 0
1549064210 1
1549064211 0
1549064212 0
1549064213 0
1549064214 0
1549064215 0
1549064216 0
1549064217 0
1549064218 0
1549064219 0
1549064220 0
1549064221 0
1549064222 0
1549064223 0
1549064224 0
1549064225 0
1549064226 0
1549064227 0
1549064228 0
1549064229 0
1549064230 0
1549064231 0
1549064232 0
1549064233 0
1549064234 0
1549064235 0
1549064236 0
1549064237 0
1549064238 0
1549064239 0
1549064240 0
1549064241 0
1549064242 0
1549064243 0
1549064244 4
1549064245 0
1549064246 0
1549064247 0
1549064248 0
1549064249 0
1549064250 0
1549064251 0
1549064252 0
1549064253 0
1549064254 0
1549064255 0
1549064256 0
1549064257 0
1549064258 0
1549064259 0
1549064260 2
1549064261 2
1549064262 0
1549064263 0
1549064264 0
1549064265 0
1549064266 0
1549064267 0
1549064268 0
1549064269 0
1549064270 0
1549064271 0
1549064272 0
1549064273 2
1549064274 0
1549064275 0
1549064276 0
1549064277 0
1549064278 0
1549064279 0
1549064280 0
1549064281 0
1549064282 0
1549064283 0
1549064284 0
1549064285 0
1549064286 0
1549064287 0
1549064288 0
1549064289 0
1549064290 0
1549064291 0
1549064292 0
1549064293 0
1549064294 0
1549064295 0
1549064296 0
1549064297 0
1549064298 0
1549064299 0
1549064300 0
1549064301 0
1549064302 0
1549064303 0
1549064304 2
1549064305 0
1549064306 0
1549064307 0
1549064308 0
1549064309 0
1549064310 0
1549064311 0
1549064312 0
1549064313 0
1549064314 0
1549064315 0
1549064316 0
1549064317 0
1549064318 1
1549064319 0
1549064320 0
1549064321 0
1549064322 0
1549064323 0
1549064324 0
1549064325 0
1549064326 0
1549064327 4
1549064328 0
1549064329 0
1549064330 0
1549064331 0
1549064332 0
1549064333 0
1549064334 0
1549064335 0
1549064336 0
1549064337 0
1549064338 0
1549064339 0
1549064340 0
1549064341 0
1549064342 0
1549064343 0
1549064344 0
1549064345 0
1549064346 0
1549064347 0
1549064348 0
1549064349 0
1549064350 0
1549064351 0
1549064352 0
1549064353 0
1549064354 0
1549064355 0
1549064356 0
1549064357 0
1549064358 0
1549064359 0
1549064360 0
1549064361 0
1549064362 0
1549064363 0
1549064364 0
1549064365 0
1549064366 0
1549064367 0
1549064368 0
1549064369 0
1549064370 0
1549064371 0
1549064372 0
1549064373 4
1549064374 0
1549064375 0
1549064376 0
1549064377 0
1549064378 0
1549064379 0
1549064380 0
1549064381 0
1549064382 1
1549064383 0
1549064384 0
1549064385 0
1549064386 2
1549064387 0
1549064388 0
1549064389 0
1549064390 0
1549064391 0
1549064392 0
1549064393 0
1549064394 0
1549064395 0
1549064396 0
1549064397 2
1549064398 0
1549064399 0
1549064400 0
1549064401 0
1549064402 0
1549064403 0
1549064404 0
1549064405 0
1549064406 0
1549064407 0
1549064408 0
1549064409 0
1549064410 0
1549064411 0
1549064412 0
1549064413 0
1549064414 0
1549064415 0
1549064416 0
1549064417 0
1549064418 0
1549064419 0
1549064420 0
1549064421 0
1549064422 0
1549064423 0
1549064424 0
1549064425 0
1549064426 1
1549064427 0
1549064428 0
1549064429 0
1549064430 0
1549064431 0
1549064432 0
1549064433 0
1549064434 0
1549064435 0
1549064436 0
1549064437 0
1549064438 0
1549064439 0
1549064440 0
1549064441 0
1549064442 0
1549064443 0
1549064444 0
1549064445 0
1549064446 0
1549064447 0
1549064448 0
1549064449 0
1549064450 0
1549064451 0
1549064452 0
1549064453 0
1549064454 0
1549064455 0
1549064456 0
1549064457 0
1549064458 0
1549064459 0
1549064460 0
1549064461 0
1549064462 0
1549064463 0
1549064464 0
1549064465 0
1549064466 0
1549064467 0
1549064468 0
1549064469 2
1549064470 0
1549064471 0
1549064472 0
1549064473 0
1549064474 0
1549064475 0
1549064476 0
1549064477 0
1549064478 0
1549064479 0
1549064480 0
1549064481 0
1549064482 0
1549064483 0
1549064484 0
1549064485 0
1549064486 0
1549064487 0
1549064488 0
1549064489 0
1549064490 0
1549064491 0
1549064492 0
1549064493 0
1549064494 0
1549064495 0
1549064496 0
1549064497 0
1549064498 0
1549064499 0
1549064500 0
1549064501 0
1549064502 0
1549064503 0
1549064504 0
1549064505 0
1549064506 0
1549064507 0
1549064508 0
1549064509 0
1549064510 0
1549064511 0
1549064512 0
1549064513 0
1549064514 0
1549064515 0
1549064516 0
1549064517 0
1549064518 0
1549064519 0
1549064520 0
1549064521 0
1549064522 0
1549064523 0
1549064524 0
1549064525 7
1549064526 0
1549064527 0
1549064528 0
1549064529 0
1549064530 0
1549064531 0
1549064532 0
1549064533 0
1549064534 0
1549064535 0
1549064536 0
1549064537 0
1549064538 0
1549064539 0
1549064540 0
1549064541 0
1549064542 0
1549064543 0
1549064544 0
1549064545 0
1549064546 0
1549064547 0
1549064548 0
1549064549 0
1549064550 0
1549064551 0
1549064552 0
1549064553 0
1549064554 0
1549064555 0
1549064556 0
1549064557 0
1549064558 0
1549064559 1
1549064560 0
1549064561 0
1549064562 0
1549064563 0
1549064564 0
1549064565 0
1549064566 0
1549064567 0
1549064568 0
1549064569 0
1549064570 0
1549064571 0
1549064572 0
1549064573 0
1549064574 0
1549064575 0
1549064576 0
1549064577 0
1549064578 0
1549064579 0
1549064580 0
1549064581 0
1549064582 0
1549064583 0
1549064584 0
1549064585 0
1549064586 0
1549064587 0
1549064588 0
1549064589 0
1549064590 0
1549064591 0
1549064592 0
1549064593 0
1549064594 0
1549064595 0
1549064596 0
1549064597 0
1549064598 0
1549064599 0
1549064600 0
1549064601 0
1549064602 0
1549064603 0
1549064604 0
1549064605 0
1549064606 0
1549064607 0
1549064608 0
1549064609 0
1549064610 0
1549064611 0
1549064612 0
1549064613 0
1549064614 0
1549064615 0
1549064616 0
1549064617 0
1549064618 0
1549064619 0
1549064620 0
1549064621 0
1549064622 0
1549064623 0
1549064624 0
1549064625 0
1549064626 0
1549064627 0
1549064628 0
1549064629 0
1549064630 0
1549064631 0
1549064632 0
1549064633 0
1549064634 0
1549064635 0
1549064636 0
1549064637 0
1549064638 0
1549064639 0
1549064640 0
1549064641 0
1549064642 0
1549064643 0
1549064644 0
1549064645 0
1549064646 0
1549064647 0
1549064648 0
1549064649 0
1549064650 0
1549064651 0
1549064652 0
1549064653 0
1549064654 0
1549064655 0
1549064656 0
1549064657 0
1549064658 0
1549064659 0
1549064660 0
1549064661 0
1549064662 0
1549064663 0
1549064664 0
1549064665 0
1549064666 0
1549064667 0
1549064668 0
1549064669 0
1549064670 0
1549064671 0
1549064672 0
1549064673 0
1549064674 0
1549064675 0
1549064676 0
1549064677 0
1549064678 0
1549064679 0
1549064680 0
1549064681 0
1549064682 0
1549064683 0
1549064684 0
1549064685 0
1549064686 0
1549064687 0
1549064688 0
1549064689 0
1549064690 0
1549064691 0
1549064692 0
1549064693 0
1549064694 0
1549064695 0
1549064696 0
1549064697 0
1549064698 0
1549064699 0
1549064700 0
1549064701 0
1549064702 0
1549064703 0
1549064704 0
1549064705 0
1549064706 0
1549064707 0
1549064708 0
1549064709 0
1549064710 0
1549064711 0
1549064712 0
1549064713 0
1549064714 0
1549064715 0
1549064716 0
1549064717 0
1549064718 0
1549064719 0
1549064720 0
1549064721 0
1549064722 0
1549064723 0
1549064724 0
1549064725 0
1549064726 0
1549064727 0
1549064728 0
1549064729 0
1549064730 0
1549064731 0
1549064732 0
1549064733 0
1549064734 0
1549064735 0
1549064736 0
1549064737 0
1549064738 0
1549064739 0
1549064740 0
1549064741 0
1549064742 0
1549064743 0
1549064744 0
1549064745 0
1549064746 0
1549064747 0
1549064748 0
1549064749 0
1549064750 0
1549064751 0
1549064752 0
1549064753 0
1549064754 0
1549064755 0
1549064756 0
1549064757 0
1549064758 0
1549064759 0
1549064760 0
1549064761 0
1549064762 0
1549064763 0
1549064764 0
1549064765 0
1549064766 0
1549064767 0
1549064768 0
1549064769 0
1549064770 0
1549064771 0
1549064772 0
1549064773 0
1549064774 0
1549064775 0
1549064776 0
1549064777 0
1549064778 0
1549064779 0
1549064780 0
1549064781 0
1549064782 0
1549064783 0
1549064784 0
1549064785 0
1549064786 0
1549064787 0
1549064788 0
1549064789 0
1549064790 0
1549064791 0
1549064792 0
1549064793 0
1549064794 0
1549064795 0
1549064796 0
1549064797 0
1549064798 0
1549064799 0
1549064800 0
1549064801 0
1549064802 0
1549064803 0
1549064804 0
1549064805 0
1549064806 0
1549064807 0
1549064808 0
1549064809 0
1549064810 0
1549064811 0
1549064812 0
1549064813 0
1549064814 0
1549064815 0
1549064816 0
1549064817 0
1549064818 0
1549064819 0
1549064820 0
1549064821 0
1549064822 0
1549064823 0
1549064824 0
1549064825 0
1549064826 0
1549064827 0
1549064828 0
1549064829 0
1549064830 0
1549064831 0
1549064832 0
1549064833 0
1549064834 0
1549064835 0
1549064836 0
1549064837 0
1549064838 0
1549064839 0
1549064840 0
1549064841 0
1549064842 0
1549064843 0
1549064844 0
1549064845 0
1549064846 0
1549064847 0
1549064848 0
1549064849 0
1549064850 0
1549064851 0
1549064852 0
1549064853 0
1549064854 0
1549064855 0
1549064856 0
1549064857 0
1549064858 0
1549064859 0
1549064860 0
1549064861 0
1549064862 0
1549064863 0
1549064864 0
1549064865 0
1549064866 0
1549064867 0
1549064868 0
1549064869 0
1549064870 0
1549064871 0
1549064872 0
1549064873 0
1549064874 0
1549064875 0
1549064876 0
1549064877 0
1549064878 0
1549064879 0
1549064880 0
1549064881 0
1549064882 0
1549064883 0
1549064884 0
1549064885 0
1549064886 0
1549064887 0
1549064888 0
1549064889 0
1549064890 0
1549064891 0
1549064892 0
1549064893 0
1549064894 0
1549064895 0
1549064896 0
1549064897 0
1549064898 0
1549064899 0
1549064900 0
1549064901 0
1549064902 0
1549064903 0
1549064904 0
1549064905 0
1549064906 0
1549064907 0
1549064908 0
1549064909 0
1549064910 0
1549064911 0
1549064912 0
1549064913 0
1549064914 0
1549064915 0
1549064916 0
1549064917 0
1549064918 0
1549064919 0
1549064920 0
1549064921 0
1549064922 0
1549064923 0
1549064924 0
1549064925 0
1549064926 0
1549064927 0
1549064928 0
1549064929 0
1549064930 0
1549064931 0
1549064932 0
1549064933 0
1549064934 0
1549064935 0
1549064936 0
1549064937 0
1549064938 0
1549064939 0
1549064940 0
1549064941 0
1549064942 0
1549064943 0
1549064944 0
1549064945 0
1549064946 0
1549064947 0
1549064948 0
1549064949 0
1549064950 0
1549064951 0
1549064952 0
1549064953 0
1549064954 0
1549064955 0
1549064956 0
1549064957 0
1549064958 0
1549064959 0
1549064960 0
1549064961 0
1549064962 0
1549064963 0
1549064964 0
1549064965 0
1549064966 0
1549064967 0
1549064968 0
1549064969 0
1549064970 0
1549064971 0
1549064972 0
1549064973 0
1549064974 0
1549064975 0
1549064976 0
1549064977 0
1549064978 0
1549064979 0
1549064980 0
1549064981 0
1549064982 0
1549064983 0
1549064984 0
1549064985 0
1549064986 0
1549064987 0
1549064988 0
1549064989 0
1549064990 0
1549064991 0
1549064992 0
1549064993 0
1549064994 0
1549064995 0
1549064996 0
1549064997 0
1549064998 0
1549064999 0
1549065000 0
1549065001 0
1549065002 0
1549065003 0
1549065004 0
1549065005 0
1549065006 0
1549065007 0
1549065008 0
1549065009 0
1549065010 0
1549065011 0
1549065012 0
1549065013 0
1549065014 0
1549065015 0
1549065016 0
1549065017 0
1549065018 0
1549065019 0
1549065020 0
1549065021 0
1549065022 0
1549065023 0
1549065024 0
1549065025 0
1549065026 0
1549065027 0
1549065028 0
1549065029 0
1549065030 0
1549065031 0
1549065032 0
1549065033 0
1549065034 0
1549065035 0
1549065036 0
1549065037 0
1549065038 0
1549065039 0
1549065040 0
1549065041 0
1549065042 0
1549065043 0
1549065044 0
1549065045 0
1549065046 0
1549065047 0
1549065048 0
1549065049 0
1549065050 0
1549065051 0
1549065052 0
1549065053 0
1549065054 0
1549065055 0
1549065056 0
1549065057 0
1549065058 0
1549065059 0
1549065060 0
1549065061 0
1549065062 0
1549065063 0
1549065064 0
1549065065 0
1549065066 0
1549065067 0
1549065068 0
1549065069 0
1549065070 0
1549065071 0
1549065072 0
1549065073 0
1549065074 0
1549065075 0
1549065076 0
1549065077 0
1549065078 0
1549065079 0
1549065080 0
1549065081 0
1549065082 0
1549065083 0
1549065084 0
1549065085 0
1549065086 0
1549065087 0
1549065088 0
1549065089 0
1549065090 0
1549065091 0
1549065092 0
1549065093 0
1549065094 0
1549065095 0
1549065096 0
1549065097 0
1549065098 0
1549065099 0
1549065100 0
1549065101 0
1549065102 0
1549065103 0
1549065104 0
1549065105 0
1549065106 0
1549065107 0
1549065108 0
1549065109 0
1549065110 0
1549065111 0
1549065112 0
1549065113 0
1549065114 0
1549065115 0
1549065116 0
1549065117 0
1549065118 0
1549065119 0
1549065120 0
1549065121 0
1549065122 0
1549065123 0
1549065124 0
1549065125 0
1549065126 0
1549065127 0
1549065128 0
1549065129 0
1549065130 0
1549065131 0
1549065132 0
1549065133 0
1549065134 0
1549065135 0
1549065136 0
1549065137 0
1549065138 0
1549065139 0
1549065140 0
1549065141 0
1549065142 0
1549065143 0
1549065144 0
1549065145 0
1549065146 0
1549065147 0
1549065148 0
1549065149 0
1549065150 0
1549065151 0
1549065152 0
1549065153 0
1549065154 0
1549065155 0
1549065156 0
1549065157 0
1549065158 0
1549065159 0
1549065160 0
1549065161 0
1549065162 0
1549065163 0
1549065164 0
1549065165 0
1549065166 0
1549065167 0
1549065168 0
1549065169 0
1549065170 0
1549065171 0
1549065172 0
1549065173 0
1549065174 0
1549065175 0
1549065176 0
1549065177 0
1549065178 0
1549065179 0
1549065180 0
1549065181 0
1549065182 0
1549065183 0
1549065184 0
1549065185 0
1549065186 0
1549065187 0
1549065188 0
1549065189 0
1549065190 0
1549065191 0
1549065192 0
1549065193 0
1549065194 0
1549065195 0
1549065196 0
1549065197 0
1549065198 0
1549065199 0
1549065200 0
1549065201 0
1549065202 0
1549065203 0
1549065204 0
1549065205 0
1549065206 0
1549065207 0
1549065208 0
1549065209 0
1549065210 0
1549065211 0
1549065212 0
1549065213 0
1549065214 0
1549065215 0
1549065216 0
1549065217 0
1549065218 0
1549065219 0
1549065220 0
1549065221 0
1549065222 0
1549065223 0
1549065224 0
1549065225 0
1549065226 0
1549065227 0
1549065228 0
1549065229 0
1549065230 0
1549065231 0
1549065232 0
1549065233 0
1549065234 0
1549065235 0
1549065236 0
1549065237 0
1549065238 0
1549065239 0
1549065240 0
1549065241 0
1549065242 0
1549065243 0
1549065244 0
1549065245 0
1549065246 0
1549065247 0
1549065248 0
1549065249 0
1549065250 0
1549065251 0
1549065252 0
1549065253 0
1549065254 0
1549065255 0
1549065256 0
1549065257 0
1549065258 0
1549065259 0
1549065260 0
1549065261 0
1549065262 0
1549065263 0
1549065264 0
1549065265 0
1549065266 0
1549065267 0
1549065268 0
1549065269 0
1549065270 0
1549065271 0
1549065272 0
1549065273 0
1549065274 0
1549065275 0
1549065276 0
1549065277 0
1549065278 0
1549065279 0
1549065280 0
1549065281 0
1549065282 0
1549065283 0
1549065284 0
1549065285 0
1549065286 0
1549065287 0
1549065288 0
1549065289 0
1549065290 0
1549065291 0
1549065292 0
1549065293 0
1549065294 0
1549065295 0
1549065296 0
1549065297 0
1549065298 0
1549065299 0
1549065300 0
1549065301 0
1549065302 0
1549065303 0
1549065304 0
1549065305 0
1549065306 0
1549065307 0
1549065308 0
1549065309 0
1549065310 0
1549065311 0
1549065312 0
1549065313 0
1549065314 0
1549065315 0
1549065316 0
1549065317 0
1549065318 0
1549065319 0
1549065320 0
1549065321 0
1549065322 0
1549065323 0
1549065324 0
1549065325 0
1549065326 0
1549065327 0
1549065328 0
1549065329 0
1549065330 0
1549065331 0
1549065332 0
1549065333 0
1549065334 0
1549065335 0
1549065336 0
1549065337 0
1549065338 0
1549065339 0
1549065340 0
1549065341 0
1549065342 0
1549065343 0
1549065344 0
1549065345 0
1549065346 0
1549065347 0
1549065348 0
1549065349 0
1549065350 0
1549065351 0
1549065352 0
1549065353 0
1549065354 0
1549065355 0
1549065356 0
1549065357 0
1549065358 0
1549065359 0
1549065360 0
1549065361 0
1549065362 0
1549065363 0
1549065364 0
1549065365 0
1549065366 0
1549065367 0
1549065368 0
1549065369 0
1549065370 0
1549065371 0
1549065372 0
1549065373 0
1549065374 0
1549065375 0
1549065376 0
1549065377 0
1549065378 0
1549065379 0
1549065380 0
1549065381 0
1549065382 0
1549065383 0
1549065384 0
1549065385 0
1549065386 0
1549065387 0
1549065388 0
1549065389 0
1549065390 0
1549065391 0
1549065392 0
1549065393 0
1549065394 0
1549065395 0
1549065396 0
1549065397 0
1549065398 0
1549065399 0
1549065400 0
1549065401 0
1549065402 0
1549065403 0
1549065404 0
1549065405 0
1549065406 0
1549065407 0
1549065408 0
1549065409 0
1549065410 0
1549065411 0
1549065412 0
1549065413 0
1549065414 0
1549065415 0
1549065416 0
1549065417 0
1549065418 0
1549065419 0
1549065420 0
1549065421 0
1549065422 0
1549065423 0
1549065424 0
1549065425 0
1549065426 0
1549065427 0
1549065428 0
1549065429 0
1549065430 0
1549065431 0
1549065432 0
1549065433 0
1549065434 0
1549065435 0
1549065436 0
1549065437 0
1549065438 0
1549065439 0
1549065440 0
1549065441 0
1549065442 0
1549065443 0
1549065444 0
1549065445 0
1549065446 0
1549065447 0
1549065448 0
1549065449 0
1549065450 0
1549065451 0
1549065452 0
1549065453 0
1549065454 0
1549065455 0
1549065456 0
1549065457 0
1549065458 0
1549065459 0
1549065460 0
1549065461 0
1549065462 0
1549065463 0
1549065464 0
1549065465 0
1549065466 0
1549065467 0
1549065468 0
1549065469 0
1549065470 0
1549065471 0
1549065472 0
1549065473 0
1549065474 0
1549065475 0
1549065476 0
1549065477 0
1549065478 0
1549065479 0
1549065480 0
1549065481 0
1549065482 0
1549065483 0
1549065484 0
1549065485 0
1549065486 0
1549065487 0
1549065488 0
1549065489 0
1549065490 0
1549065491 0
1549065492 0
1549065493 0
1549065494 0
1549065495 0
1549065496 0
1549065497 0
1549065498 0
1549065499 0
1549065500 0
1549065501 0
1549065502 0
1549065503 0
1549065504 0
1549065505 0
1549065506 0
1549065507 0
1549065508 0
1549065509 0
1549065510 0
1549065511 0
1549065512 0
1549065513 0
1549065514 0
1549065515 0
1549065516 0
1549065517 0
1549065518 0
1549065519 0
1549065520 0
1549065521 0
1549065522 0
1549065523 0
1549065524 0
1549065525 0
1549065526 0
1549065527 0
1549065528 0
1549065529 0
1549065530 0
1549065531 0
1549065532 0
1549065533 0
1549065534 0
1549065535 0
1549065536 0
1549065537 0
1549065538 0
1549065539 0
1549065540 0
1549065541 0
1549065542 0
1549065543 0
1549065544 0
1549065545 0
1549065546 0
1549065547 0
1549065548 0
1549065549 0
1549065550 0
1549065551 0
1549065552 0
1549065553 0
1549065554 0
1549065555 0
1549065556 0
1549065557 0
1549065558 0
1549065559 0
1549065560 0
1549065561 0
1549065562 0
1549065563 0
1549065564 0
1549065565 0
1549065566 0
1549065567 0
1549065568 0
1549065569 0
1549065570 0
1549065571 0
1549065572 0
1549065573 0
1549065574 0
1549065575 0
1549065576 0
1549065577 0
1549065578 0
1549065579 0
1549065580 0
1549065581 0
1549065582 0
1549065583 0
1549065584 0
1549065585 0
1549065586 0
1549065587 0
1549065588 0
1549065589 0
1549065590 0
1549065591 0
1549065592 0
1549065593 0
1549065594 0
1549065595 0
1549065596 0
1549065597 0
1549065598 0
1549065599 0
